timestamp,activeOrders, sells,buys, digest

Thu Nov 06 12:19:37 EST 2014 , 4 , 2 , 2 , 130306 : { BUY 2843.78@0.80470892} 130305 : { BUY 2843.78@0.80470892} 130304 : { SELL 22059.81@0.8079342} 130303 : { SELL 22059.81@0.8079342} 
Thu Nov 06 12:22:39 EST 2014 , 4 , 2 , 2 , 130306 : { BUY 2843.78@0.80470892} 130305 : { BUY 2843.78@0.80470892} 130304 : { SELL 22059.81@0.8079342} 130303 : { SELL 22059.81@0.8079342} 
Thu Nov 06 12:25:40 EST 2014 , 4 , 2 , 2 , 130306 : { BUY 2843.78@0.80470892} 130305 : { BUY 2843.78@0.80470892} 130304 : { SELL 22059.81@0.8079342} 130303 : { SELL 22059.81@0.8079342} 
Thu Nov 06 12:28:41 EST 2014 , 4 , 2 , 2 , 130306 : { BUY 2843.78@0.80470892} 130305 : { BUY 2843.78@0.80470892} 130304 : { SELL 22059.81@0.8079342} 130303 : { SELL 22059.81@0.8079342} 
Thu Nov 06 12:31:41 EST 2014 , 4 , 2 , 2 , 130306 : { BUY 2843.78@0.80470892} 130305 : { BUY 2843.78@0.80470892} 130304 : { SELL 22059.81@0.8079342} 130303 : { SELL 22059.81@0.8079342} 
Thu Nov 06 12:34:43 EST 2014 , 4 , 2 , 2 , 130306 : { BUY 2843.78@0.80470892} 130305 : { BUY 2843.78@0.80470892} 130304 : { SELL 22059.81@0.8079342} 130303 : { SELL 22059.81@0.8079342} 
Thu Nov 06 12:37:44 EST 2014 , 4 , 2 , 2 , 130306 : { BUY 2843.78@0.80470892} 130305 : { BUY 2843.78@0.80470892} 130304 : { SELL 22059.81@0.8079342} 130303 : { SELL 22059.81@0.8079342} 
Thu Nov 06 12:40:45 EST 2014 , 4 , 2 , 2 , 130306 : { BUY 2843.78@0.80470892} 130305 : { BUY 2843.78@0.80470892} 130304 : { SELL 22059.81@0.8079342} 130303 : { SELL 22059.81@0.8079342} 
Thu Nov 06 12:43:45 EST 2014 , 4 , 2 , 2 , 130306 : { BUY 2843.78@0.80470892} 130305 : { BUY 2843.78@0.80470892} 130304 : { SELL 22059.81@0.8079342} 130303 : { SELL 22059.81@0.8079342} 
Thu Nov 06 12:46:46 EST 2014 , 4 , 2 , 2 , 130306 : { BUY 2843.78@0.80470892} 130305 : { BUY 2843.78@0.80470892} 130304 : { SELL 22059.81@0.8079342} 130303 : { SELL 22059.81@0.8079342} 
Thu Nov 06 12:49:47 EST 2014 , 4 , 2 , 2 , 130306 : { BUY 2843.78@0.80470892} 130305 : { BUY 2843.78@0.80470892} 130304 : { SELL 22059.81@0.8079342} 130303 : { SELL 22059.81@0.8079342} 
Thu Nov 06 12:52:48 EST 2014 , 4 , 2 , 2 , 130306 : { BUY 2843.78@0.80470892} 130305 : { BUY 2843.78@0.80470892} 130304 : { SELL 22059.81@0.8079342} 130303 : { SELL 22059.81@0.8079342} 
Thu Nov 06 12:55:50 EST 2014 , 4 , 2 , 2 , 130306 : { BUY 2843.78@0.80470892} 130305 : { BUY 2843.78@0.80470892} 130304 : { SELL 22059.81@0.8079342} 130303 : { SELL 22059.81@0.8079342} 
Thu Nov 06 12:58:51 EST 2014 , 4 , 2 , 2 , 130306 : { BUY 2843.78@0.80470892} 130305 : { BUY 2843.78@0.80470892} 130304 : { SELL 22059.81@0.8079342} 130303 : { SELL 22059.81@0.8079342} 
Thu Nov 06 13:01:52 EST 2014 , 4 , 2 , 2 , 130306 : { BUY 2843.78@0.80470892} 130305 : { BUY 2843.78@0.80470892} 130304 : { SELL 22059.81@0.8079342} 130303 : { SELL 22059.81@0.8079342} 
Thu Nov 06 13:04:52 EST 2014 , 4 , 2 , 2 , 130306 : { BUY 2843.78@0.80470892} 130305 : { BUY 2843.78@0.80470892} 130304 : { SELL 22059.81@0.8079342} 130303 : { SELL 22059.81@0.8079342} 
Thu Nov 06 13:07:53 EST 2014 , 4 , 2 , 2 , 130306 : { BUY 2843.78@0.80470892} 130305 : { BUY 2843.78@0.80470892} 130304 : { SELL 22059.81@0.8079342} 130303 : { SELL 22059.81@0.8079342} 
Thu Nov 06 13:10:55 EST 2014 , 4 , 2 , 2 , 130306 : { BUY 2843.78@0.80470892} 130305 : { BUY 2843.78@0.80470892} 130304 : { SELL 22059.81@0.8079342} 130303 : { SELL 22059.81@0.8079342} 
Thu Nov 06 13:13:56 EST 2014 , 4 , 2 , 2 , 130306 : { BUY 2843.78@0.80470892} 130305 : { BUY 2843.78@0.80470892} 130304 : { SELL 22059.81@0.8079342} 130303 : { SELL 22059.81@0.8079342} 
Thu Nov 06 13:16:56 EST 2014 , 4 , 2 , 2 , 130306 : { BUY 2843.78@0.80470892} 130305 : { BUY 2843.78@0.80470892} 130304 : { SELL 22059.81@0.8079342} 130303 : { SELL 22059.81@0.8079342} 
Thu Nov 06 13:19:57 EST 2014 , 4 , 2 , 2 , 130306 : { BUY 2843.78@0.80470892} 130305 : { BUY 2843.78@0.80470892} 130304 : { SELL 22059.81@0.8079342} 130303 : { SELL 22059.81@0.8079342} 
Thu Nov 06 13:22:59 EST 2014 , 4 , 2 , 2 , 130306 : { BUY 2843.78@0.80470892} 130305 : { BUY 2843.78@0.80470892} 130304 : { SELL 22059.81@0.8079342} 130303 : { SELL 22059.81@0.8079342} 
Thu Nov 06 13:26:00 EST 2014 , 4 , 2 , 2 , 130306 : { BUY 2843.78@0.80470892} 130305 : { BUY 2843.78@0.80470892} 130304 : { SELL 22059.81@0.8079342} 130303 : { SELL 22059.81@0.8079342} 
Thu Nov 06 13:29:00 EST 2014 , 4 , 2 , 2 , 130306 : { BUY 2843.78@0.80470892} 130305 : { BUY 2843.78@0.80470892} 130304 : { SELL 22059.81@0.8079342} 130303 : { SELL 22059.81@0.8079342} 
Thu Nov 06 13:32:02 EST 2014 , 4 , 2 , 2 , 130306 : { BUY 2843.78@0.80470892} 130305 : { BUY 2843.78@0.80470892} 130304 : { SELL 22059.81@0.8079342} 130303 : { SELL 22059.81@0.8079342} 
Thu Nov 06 13:35:02 EST 2014 , 4 , 2 , 2 , 130306 : { BUY 2843.78@0.80470892} 130305 : { BUY 2843.78@0.80470892} 130304 : { SELL 22059.81@0.8079342} 130303 : { SELL 22059.81@0.8079342} 
Thu Nov 06 13:38:04 EST 2014 , 4 , 2 , 2 , 130306 : { BUY 2843.78@0.80470892} 130305 : { BUY 2843.78@0.80470892} 130304 : { SELL 22059.81@0.8079342} 130303 : { SELL 22059.81@0.8079342} 
Thu Nov 06 13:41:04 EST 2014 , 4 , 2 , 2 , 130306 : { BUY 2843.78@0.80470892} 130305 : { BUY 2843.78@0.80470892} 130304 : { SELL 22059.81@0.8079342} 130303 : { SELL 22059.81@0.8079342} 
Thu Nov 06 13:44:05 EST 2014 , 4 , 2 , 2 , 130306 : { BUY 2843.78@0.80470892} 130305 : { BUY 2843.78@0.80470892} 130304 : { SELL 22059.81@0.8079342} 130303 : { SELL 22059.81@0.8079342} 
Thu Nov 06 13:47:07 EST 2014 , 4 , 2 , 2 , 130306 : { BUY 2843.78@0.80470892} 130305 : { BUY 2843.78@0.80470892} 130304 : { SELL 22059.81@0.8079342} 130303 : { SELL 22059.81@0.8079342} 
Thu Nov 06 13:50:07 EST 2014 , 4 , 2 , 2 , 130306 : { BUY 2843.78@0.80470892} 130305 : { BUY 2843.78@0.80470892} 130304 : { SELL 22059.81@0.8079342} 130303 : { SELL 22059.81@0.8079342} 
Thu Nov 06 13:53:08 EST 2014 , 4 , 2 , 2 , 130306 : { BUY 2843.78@0.80470892} 130305 : { BUY 2843.78@0.80470892} 130304 : { SELL 22059.81@0.8079342} 130303 : { SELL 22059.81@0.8079342} 
Thu Nov 06 13:56:09 EST 2014 , 4 , 2 , 2 , 130306 : { BUY 2843.78@0.80470892} 130305 : { BUY 2843.78@0.80470892} 130304 : { SELL 22059.81@0.8079342} 130303 : { SELL 22059.81@0.8079342} 
Thu Nov 06 13:59:11 EST 2014 , 4 , 2 , 2 , 130306 : { BUY 2843.78@0.80470892} 130305 : { BUY 2843.78@0.80470892} 130304 : { SELL 22059.81@0.8079342} 130303 : { SELL 22059.81@0.8079342} 
Thu Nov 06 14:02:12 EST 2014 , 4 , 2 , 2 , 130306 : { BUY 2843.78@0.80470892} 130305 : { BUY 2843.78@0.80470892} 130304 : { SELL 22059.81@0.8079342} 130303 : { SELL 22059.81@0.8079342} 
Thu Nov 06 14:05:13 EST 2014 , 4 , 2 , 2 , 130306 : { BUY 2843.78@0.80470892} 130305 : { BUY 2843.78@0.80470892} 130304 : { SELL 22059.81@0.8079342} 130303 : { SELL 22059.81@0.8079342} 
Thu Nov 06 14:08:13 EST 2014 , 4 , 2 , 2 , 130306 : { BUY 2843.78@0.80470892} 130305 : { BUY 2843.78@0.80470892} 130304 : { SELL 22059.81@0.8079342} 130303 : { SELL 22059.81@0.8079342} 
Thu Nov 06 14:11:14 EST 2014 , 4 , 2 , 2 , 130306 : { BUY 2843.78@0.80470892} 130305 : { BUY 2843.78@0.80470892} 130304 : { SELL 22059.81@0.8079342} 130303 : { SELL 22059.81@0.8079342} 
Thu Nov 06 14:14:16 EST 2014 , 4 , 2 , 2 , 130306 : { BUY 2843.78@0.80470892} 130305 : { BUY 2843.78@0.80470892} 130304 : { SELL 22059.81@0.8079342} 130303 : { SELL 22059.81@0.8079342} 
Thu Nov 06 14:17:17 EST 2014 , 4 , 2 , 2 , 130306 : { BUY 2843.78@0.80470892} 130305 : { BUY 2843.78@0.80470892} 130304 : { SELL 22059.81@0.8079342} 130303 : { SELL 22059.81@0.8079342} 
Thu Nov 06 14:20:18 EST 2014 , 4 , 2 , 2 , 130306 : { BUY 2843.78@0.80470892} 130305 : { BUY 2843.78@0.80470892} 130304 : { SELL 22059.81@0.8079342} 130303 : { SELL 22059.81@0.8079342} 
Thu Nov 06 14:23:19 EST 2014 , 4 , 2 , 2 , 130306 : { BUY 2843.78@0.80470892} 130305 : { BUY 2843.78@0.80470892} 130304 : { SELL 22059.81@0.8079342} 130303 : { SELL 22059.81@0.8079342} 
Thu Nov 06 14:26:20 EST 2014 , 4 , 2 , 2 , 130306 : { BUY 2843.78@0.80470892} 130305 : { BUY 2843.78@0.80470892} 130304 : { SELL 22059.81@0.8079342} 130303 : { SELL 22059.81@0.8079342} 
Thu Nov 06 14:29:21 EST 2014 , 4 , 2 , 2 , 130306 : { BUY 2843.78@0.80470892} 130305 : { BUY 2843.78@0.80470892} 130304 : { SELL 22059.81@0.8079342} 130303 : { SELL 22059.81@0.8079342} 
Thu Nov 06 14:32:22 EST 2014 , 4 , 2 , 2 , 130306 : { BUY 2843.78@0.80470892} 130305 : { BUY 2843.78@0.80470892} 130304 : { SELL 22059.81@0.8079342} 130303 : { SELL 22059.81@0.8079342} 
Thu Nov 06 14:35:23 EST 2014 , 4 , 2 , 2 , 130306 : { BUY 2843.78@0.80470892} 130305 : { BUY 2843.78@0.80470892} 130304 : { SELL 22059.81@0.8079342} 130303 : { SELL 22059.81@0.8079342} 
Thu Nov 06 14:38:24 EST 2014 , 4 , 2 , 2 , 130306 : { BUY 2843.78@0.80470892} 130305 : { BUY 2843.78@0.80470892} 130304 : { SELL 22059.81@0.8079342} 130303 : { SELL 22059.81@0.8079342} 
Thu Nov 06 14:41:25 EST 2014 , 4 , 2 , 2 , 130306 : { BUY 2843.78@0.80470892} 130305 : { BUY 2843.78@0.80470892} 130304 : { SELL 22059.81@0.8079342} 130303 : { SELL 22059.81@0.8079342} 
Thu Nov 06 14:44:26 EST 2014 , 4 , 2 , 2 , 130306 : { BUY 2843.78@0.80470892} 130305 : { BUY 2843.78@0.80470892} 130304 : { SELL 22059.81@0.8079342} 130303 : { SELL 22059.81@0.8079342} 
Thu Nov 06 14:47:27 EST 2014 , 4 , 2 , 2 , 130306 : { BUY 2843.78@0.80470892} 130305 : { BUY 2843.78@0.80470892} 130304 : { SELL 22059.81@0.8079342} 130303 : { SELL 22059.81@0.8079342} 
Thu Nov 06 14:50:28 EST 2014 , 4 , 2 , 2 , 130306 : { BUY 2843.78@0.80470892} 130305 : { BUY 2843.78@0.80470892} 130304 : { SELL 22059.81@0.8079342} 130303 : { SELL 22059.81@0.8079342} 
Thu Nov 06 14:53:29 EST 2014 , 4 , 2 , 2 , 130306 : { BUY 2843.78@0.80470892} 130305 : { BUY 2843.78@0.80470892} 130304 : { SELL 22059.81@0.8079342} 130303 : { SELL 22059.81@0.8079342} 
Thu Nov 06 14:56:30 EST 2014 , 4 , 2 , 2 , 130306 : { BUY 2843.78@0.80470892} 130305 : { BUY 2843.78@0.80470892} 130304 : { SELL 22059.81@0.8079342} 130303 : { SELL 22059.81@0.8079342} 
Thu Nov 06 14:59:31 EST 2014 , 4 , 2 , 2 , 130306 : { BUY 2843.78@0.80470892} 130305 : { BUY 2843.78@0.80470892} 130304 : { SELL 22059.81@0.8079342} 130303 : { SELL 22059.81@0.8079342} 
Thu Nov 06 15:02:32 EST 2014 , 4 , 2 , 2 , 130306 : { BUY 2843.78@0.80470892} 130305 : { BUY 2843.78@0.80470892} 130304 : { SELL 22059.81@0.8079342} 130303 : { SELL 22059.81@0.8079342} 
Thu Nov 06 15:05:33 EST 2014 , 4 , 2 , 2 , 130306 : { BUY 2843.78@0.80470892} 130305 : { BUY 2843.78@0.80470892} 130304 : { SELL 22059.81@0.8079342} 130303 : { SELL 22059.81@0.8079342} 
Thu Nov 06 15:08:33 EST 2014 , 4 , 2 , 2 , 130306 : { BUY 2843.78@0.80470892} 130305 : { BUY 2843.78@0.80470892} 130304 : { SELL 22059.81@0.8079342} 130303 : { SELL 22059.81@0.8079342} 
Thu Nov 06 15:11:35 EST 2014 , 4 , 2 , 2 , 130306 : { BUY 2843.78@0.80470892} 130305 : { BUY 2843.78@0.80470892} 130304 : { SELL 22059.81@0.8079342} 130303 : { SELL 22059.81@0.8079342} 
Thu Nov 06 15:14:36 EST 2014 , 4 , 2 , 2 , 130306 : { BUY 2843.78@0.80470892} 130305 : { BUY 2843.78@0.80470892} 130304 : { SELL 22059.81@0.8079342} 130303 : { SELL 22059.81@0.8079342} 
Thu Nov 06 15:17:37 EST 2014 , 4 , 2 , 2 , 130306 : { BUY 2843.78@0.80470892} 130305 : { BUY 2843.78@0.80470892} 130304 : { SELL 22059.81@0.8079342} 130303 : { SELL 22059.81@0.8079342} 
Thu Nov 06 15:20:38 EST 2014 , 4 , 2 , 2 , 130306 : { BUY 2843.78@0.80470892} 130305 : { BUY 2843.78@0.80470892} 130304 : { SELL 22059.81@0.8079342} 130303 : { SELL 22059.81@0.8079342} 
Thu Nov 06 15:23:39 EST 2014 , 4 , 2 , 2 , 130306 : { BUY 2843.78@0.80470892} 130305 : { BUY 2843.78@0.80470892} 130304 : { SELL 22059.81@0.8079342} 130303 : { SELL 22059.81@0.8079342} 
Thu Nov 06 15:26:40 EST 2014 , 4 , 2 , 2 , 130306 : { BUY 2843.78@0.80470892} 130305 : { BUY 2843.78@0.80470892} 130304 : { SELL 22059.81@0.8079342} 130303 : { SELL 22059.81@0.8079342} 
Thu Nov 06 15:29:41 EST 2014 , 4 , 2 , 2 , 130306 : { BUY 2843.78@0.80470892} 130305 : { BUY 2843.78@0.80470892} 130304 : { SELL 22059.81@0.8079342} 130303 : { SELL 22059.81@0.8079342} 
Thu Nov 06 15:32:41 EST 2014 , 4 , 2 , 2 , 130306 : { BUY 2843.78@0.80470892} 130305 : { BUY 2843.78@0.80470892} 130304 : { SELL 22059.81@0.8079342} 130303 : { SELL 22059.81@0.8079342} 
Thu Nov 06 15:35:43 EST 2014 , 4 , 2 , 2 , 130306 : { BUY 2843.78@0.80470892} 130305 : { BUY 2843.78@0.80470892} 130304 : { SELL 22059.81@0.8079342} 130303 : { SELL 22059.81@0.8079342} 
Thu Nov 06 15:38:44 EST 2014 , 4 , 2 , 2 , 130306 : { BUY 2843.78@0.80470892} 130305 : { BUY 2843.78@0.80470892} 130304 : { SELL 22059.81@0.8079342} 130303 : { SELL 22059.81@0.8079342} 
Thu Nov 06 15:41:45 EST 2014 , 4 , 2 , 2 , 130306 : { BUY 2843.78@0.80470892} 130305 : { BUY 2843.78@0.80470892} 130304 : { SELL 22059.81@0.8079342} 130303 : { SELL 22059.81@0.8079342} 
Thu Nov 06 15:44:45 EST 2014 , 4 , 2 , 2 , 130306 : { BUY 2843.78@0.80470892} 130305 : { BUY 2843.78@0.80470892} 130304 : { SELL 22059.81@0.8079342} 130303 : { SELL 22059.81@0.8079342} 
Thu Nov 06 15:47:47 EST 2014 , 4 , 2 , 2 , 130306 : { BUY 2843.78@0.80470892} 130305 : { BUY 2843.78@0.80470892} 130304 : { SELL 22059.81@0.8079342} 130303 : { SELL 22059.81@0.8079342} 
Thu Nov 06 15:50:48 EST 2014 , 4 , 2 , 2 , 130306 : { BUY 2843.78@0.80470892} 130305 : { BUY 2843.78@0.80470892} 130304 : { SELL 22059.81@0.8079342} 130303 : { SELL 22059.81@0.8079342} 
Thu Nov 06 15:53:49 EST 2014 , 4 , 2 , 2 , 130306 : { BUY 2843.78@0.80470892} 130305 : { BUY 2843.78@0.80470892} 130304 : { SELL 22059.81@0.8079342} 130303 : { SELL 22059.81@0.8079342} 
Thu Nov 06 15:56:50 EST 2014 , 4 , 2 , 2 , 130306 : { BUY 2843.78@0.80470892} 130305 : { BUY 2843.78@0.80470892} 130304 : { SELL 22059.81@0.8079342} 130303 : { SELL 22059.81@0.8079342} 
Thu Nov 06 15:59:51 EST 2014 , 4 , 2 , 2 , 130306 : { BUY 2843.78@0.80470892} 130305 : { BUY 2843.78@0.80470892} 130304 : { SELL 22059.81@0.8079342} 130303 : { SELL 22059.81@0.8079342} 
Thu Nov 06 16:02:52 EST 2014 , 4 , 2 , 2 , 130306 : { BUY 2843.78@0.80470892} 130305 : { BUY 2843.78@0.80470892} 130304 : { SELL 22059.81@0.8079342} 130303 : { SELL 22059.81@0.8079342} 
Thu Nov 06 16:05:53 EST 2014 , 4 , 2 , 2 , 130306 : { BUY 2843.78@0.80470892} 130305 : { BUY 2843.78@0.80470892} 130304 : { SELL 22059.81@0.8079342} 130303 : { SELL 22059.81@0.8079342} 
Thu Nov 06 16:08:54 EST 2014 , 4 , 2 , 2 , 130306 : { BUY 2843.78@0.80470892} 130305 : { BUY 2843.78@0.80470892} 130304 : { SELL 22059.81@0.8079342} 130303 : { SELL 22059.81@0.8079342} 
Thu Nov 06 16:11:55 EST 2014 , 4 , 2 , 2 , 130306 : { BUY 2843.78@0.80470892} 130305 : { BUY 2843.78@0.80470892} 130304 : { SELL 22059.81@0.8079342} 130303 : { SELL 22059.81@0.8079342} 
Thu Nov 06 16:14:56 EST 2014 , 4 , 2 , 2 , 130306 : { BUY 2843.78@0.80470892} 130305 : { BUY 2843.78@0.80470892} 130304 : { SELL 22059.81@0.8079342} 130303 : { SELL 22059.81@0.8079342} 
Thu Nov 06 16:17:57 EST 2014 , 4 , 2 , 2 , 130306 : { BUY 2843.78@0.80470892} 130305 : { BUY 2843.78@0.80470892} 130304 : { SELL 22059.81@0.8079342} 130303 : { SELL 22059.81@0.8079342} 
Thu Nov 06 16:20:58 EST 2014 , 4 , 2 , 2 , 130306 : { BUY 2843.78@0.80470892} 130305 : { BUY 2843.78@0.80470892} 130304 : { SELL 22059.81@0.8079342} 130303 : { SELL 22059.81@0.8079342} 
Thu Nov 06 16:23:59 EST 2014 , 4 , 2 , 2 , 130306 : { BUY 2843.78@0.80470892} 130305 : { BUY 2843.78@0.80470892} 130304 : { SELL 22059.81@0.8079342} 130303 : { SELL 22059.81@0.8079342} 
Thu Nov 06 16:27:00 EST 2014 , 4 , 2 , 2 , 130306 : { BUY 2843.78@0.80470892} 130305 : { BUY 2843.78@0.80470892} 130304 : { SELL 22059.81@0.8079342} 130303 : { SELL 22059.81@0.8079342} 
Thu Nov 06 16:30:01 EST 2014 , 4 , 2 , 2 , 130306 : { BUY 2843.78@0.80470892} 130305 : { BUY 2843.78@0.80470892} 130304 : { SELL 22059.81@0.8079342} 130303 : { SELL 22059.81@0.8079342} 
Thu Nov 06 16:33:02 EST 2014 , 4 , 2 , 2 , 130306 : { BUY 2843.78@0.80470892} 130305 : { BUY 2843.78@0.80470892} 130304 : { SELL 22059.81@0.8079342} 130303 : { SELL 22059.81@0.8079342} 
Thu Nov 06 16:36:03 EST 2014 , 4 , 2 , 2 , 130306 : { BUY 2843.78@0.80470892} 130305 : { BUY 2843.78@0.80470892} 130304 : { SELL 22059.81@0.8079342} 130303 : { SELL 22059.81@0.8079342} 
Thu Nov 06 16:39:04 EST 2014 , 4 , 2 , 2 , 130306 : { BUY 2843.78@0.80470892} 130305 : { BUY 2843.78@0.80470892} 130304 : { SELL 22059.81@0.8079342} 130303 : { SELL 22059.81@0.8079342} 
Thu Nov 06 16:42:05 EST 2014 , 4 , 2 , 2 , 130306 : { BUY 2843.78@0.80470892} 130305 : { BUY 2843.78@0.80470892} 130304 : { SELL 22059.81@0.8079342} 130303 : { SELL 22059.81@0.8079342} 
Thu Nov 06 16:45:06 EST 2014 , 4 , 2 , 2 , 130306 : { BUY 2843.78@0.80470892} 130305 : { BUY 2843.78@0.80470892} 130304 : { SELL 22059.81@0.8079342} 130303 : { SELL 22059.81@0.8079342} 
Thu Nov 06 16:48:07 EST 2014 , 4 , 2 , 2 , 130306 : { BUY 2843.78@0.80470892} 130305 : { BUY 2843.78@0.80470892} 130304 : { SELL 22059.81@0.8079342} 130303 : { SELL 22059.81@0.8079342} 
Thu Nov 06 16:51:08 EST 2014 , 4 , 2 , 2 , 130306 : { BUY 2843.78@0.80470892} 130305 : { BUY 2843.78@0.80470892} 130304 : { SELL 22059.81@0.8079342} 130303 : { SELL 22059.81@0.8079342} 
Thu Nov 06 16:54:09 EST 2014 , 4 , 2 , 2 , 130306 : { BUY 2843.78@0.80470892} 130305 : { BUY 2843.78@0.80470892} 130304 : { SELL 22059.81@0.8079342} 130303 : { SELL 22059.81@0.8079342} 
Thu Nov 06 16:57:10 EST 2014 , 4 , 2 , 2 , 130306 : { BUY 2843.78@0.80470892} 130305 : { BUY 2843.78@0.80470892} 130304 : { SELL 22059.81@0.8079342} 130303 : { SELL 22059.81@0.8079342} 
Thu Nov 06 17:00:11 EST 2014 , 4 , 2 , 2 , 130306 : { BUY 2843.78@0.80470892} 130305 : { BUY 2843.78@0.80470892} 130304 : { SELL 22059.81@0.8079342} 130303 : { SELL 22059.81@0.8079342} 
Thu Nov 06 17:03:12 EST 2014 , 4 , 2 , 2 , 130306 : { BUY 2843.78@0.80470892} 130305 : { BUY 2843.78@0.80470892} 130304 : { SELL 22059.81@0.8079342} 130303 : { SELL 22059.81@0.8079342} 
Thu Nov 06 17:06:13 EST 2014 , 4 , 2 , 2 , 130306 : { BUY 2843.78@0.80470892} 130305 : { BUY 2843.78@0.80470892} 130304 : { SELL 22059.81@0.8079342} 130303 : { SELL 22059.81@0.8079342} 
Thu Nov 06 17:09:14 EST 2014 , 4 , 2 , 2 , 130306 : { BUY 2843.78@0.80470892} 130305 : { BUY 2843.78@0.80470892} 130304 : { SELL 22059.81@0.8079342} 130303 : { SELL 22059.81@0.8079342} 
Thu Nov 06 17:12:15 EST 2014 , 4 , 2 , 2 , 130306 : { BUY 2843.78@0.80470892} 130305 : { BUY 2843.78@0.80470892} 130304 : { SELL 22059.81@0.8079342} 130303 : { SELL 22059.81@0.8079342} 
Thu Nov 06 17:15:16 EST 2014 , 4 , 2 , 2 , 130306 : { BUY 2843.78@0.80470892} 130305 : { BUY 2843.78@0.80470892} 130304 : { SELL 22059.81@0.8079342} 130303 : { SELL 22059.81@0.8079342} 
Thu Nov 06 17:18:17 EST 2014 , 4 , 2 , 2 , 130306 : { BUY 2843.78@0.80470892} 130305 : { BUY 2843.78@0.80470892} 130304 : { SELL 22059.81@0.8079342} 130303 : { SELL 22059.81@0.8079342} 
Thu Nov 06 17:21:18 EST 2014 , 4 , 2 , 2 , 130306 : { BUY 2843.78@0.80470892} 130305 : { BUY 2843.78@0.80470892} 130304 : { SELL 22059.81@0.8079342} 130303 : { SELL 22059.81@0.8079342} 
Thu Nov 06 17:24:19 EST 2014 , 4 , 2 , 2 , 130306 : { BUY 2843.78@0.80470892} 130305 : { BUY 2843.78@0.80470892} 130304 : { SELL 22059.81@0.8079342} 130303 : { SELL 22059.81@0.8079342} 
Thu Nov 06 17:27:20 EST 2014 , 4 , 2 , 2 , 130306 : { BUY 2843.78@0.80470892} 130305 : { BUY 2843.78@0.80470892} 130304 : { SELL 22059.81@0.8079342} 130303 : { SELL 22059.81@0.8079342} 
Thu Nov 06 17:30:21 EST 2014 , 4 , 2 , 2 , 130306 : { BUY 2843.78@0.80470892} 130305 : { BUY 2843.78@0.80470892} 130304 : { SELL 22059.81@0.8079342} 130303 : { SELL 22059.81@0.8079342} 
Thu Nov 06 17:33:22 EST 2014 , 4 , 2 , 2 , 130306 : { BUY 2843.78@0.80470892} 130305 : { BUY 2843.78@0.80470892} 130304 : { SELL 22059.81@0.8079342} 130303 : { SELL 22059.81@0.8079342} 
Thu Nov 06 17:36:23 EST 2014 , 4 , 2 , 2 , 130306 : { BUY 2843.78@0.80470892} 130305 : { BUY 2843.78@0.80470892} 130304 : { SELL 22059.81@0.8079342} 130303 : { SELL 22059.81@0.8079342} 
Thu Nov 06 17:39:24 EST 2014 , 4 , 2 , 2 , 130306 : { BUY 2843.78@0.80470892} 130305 : { BUY 2843.78@0.80470892} 130304 : { SELL 22059.81@0.8079342} 130303 : { SELL 22059.81@0.8079342} 
Thu Nov 06 17:42:25 EST 2014 , 4 , 2 , 2 , 130306 : { BUY 2843.78@0.80470892} 130305 : { BUY 2843.78@0.80470892} 130304 : { SELL 22059.81@0.8079342} 130303 : { SELL 22059.81@0.8079342} 
Thu Nov 06 17:45:26 EST 2014 , 4 , 2 , 2 , 130306 : { BUY 2843.78@0.80470892} 130305 : { BUY 2843.78@0.80470892} 130304 : { SELL 22059.81@0.8079342} 130303 : { SELL 22059.81@0.8079342} 
Thu Nov 06 17:48:27 EST 2014 , 4 , 2 , 2 , 130306 : { BUY 2843.78@0.80470892} 130305 : { BUY 2843.78@0.80470892} 130304 : { SELL 22059.81@0.8079342} 130303 : { SELL 22059.81@0.8079342} 
Thu Nov 06 17:51:28 EST 2014 , 4 , 2 , 2 , 130306 : { BUY 2843.78@0.80470892} 130305 : { BUY 2843.78@0.80470892} 130304 : { SELL 22059.81@0.8079342} 130303 : { SELL 22059.81@0.8079342} 
Thu Nov 06 17:54:29 EST 2014 , 4 , 2 , 2 , 130306 : { BUY 2843.78@0.80470892} 130305 : { BUY 2843.78@0.80470892} 130304 : { SELL 22059.81@0.8079342} 130303 : { SELL 22059.81@0.8079342} 
Thu Nov 06 17:57:30 EST 2014 , 4 , 2 , 2 , 130306 : { BUY 2843.78@0.80470892} 130305 : { BUY 2843.78@0.80470892} 130304 : { SELL 22059.81@0.8079342} 130303 : { SELL 22059.81@0.8079342} 
Thu Nov 06 18:00:31 EST 2014 , 4 , 2 , 2 , 130306 : { BUY 2843.78@0.80470892} 130305 : { BUY 2843.78@0.80470892} 130304 : { SELL 22059.81@0.8079342} 130303 : { SELL 22059.81@0.8079342} 
Thu Nov 06 18:03:32 EST 2014 , 4 , 2 , 2 , 130306 : { BUY 2843.78@0.80470892} 130305 : { BUY 2843.78@0.80470892} 130304 : { SELL 22059.81@0.8079342} 130303 : { SELL 22059.81@0.8079342} 
Thu Nov 06 18:06:33 EST 2014 , 4 , 2 , 2 , 130306 : { BUY 2843.78@0.80470892} 130305 : { BUY 2843.78@0.80470892} 130304 : { SELL 22059.81@0.8079342} 130303 : { SELL 22059.81@0.8079342} 
Thu Nov 06 18:09:34 EST 2014 , 4 , 2 , 2 , 130306 : { BUY 2843.78@0.80470892} 130305 : { BUY 2843.78@0.80470892} 130304 : { SELL 22059.81@0.8079342} 130303 : { SELL 22059.81@0.8079342} 
Thu Nov 06 18:12:35 EST 2014 , 4 , 2 , 2 , 130306 : { BUY 2843.78@0.80470892} 130305 : { BUY 2843.78@0.80470892} 130304 : { SELL 22059.81@0.8079342} 130303 : { SELL 22059.81@0.8079342} 
Thu Nov 06 18:15:36 EST 2014 , 4 , 2 , 2 , 130306 : { BUY 2843.78@0.80470892} 130305 : { BUY 2843.78@0.80470892} 130304 : { SELL 22059.81@0.8079342} 130303 : { SELL 22059.81@0.8079342} 
Thu Nov 06 18:18:37 EST 2014 , 4 , 2 , 2 , 130306 : { BUY 2843.78@0.80470892} 130305 : { BUY 2843.78@0.80470892} 130304 : { SELL 22059.81@0.8079342} 130303 : { SELL 22059.81@0.8079342} 
Thu Nov 06 18:21:38 EST 2014 , 4 , 2 , 2 , 130306 : { BUY 2843.78@0.80470892} 130305 : { BUY 2843.78@0.80470892} 130304 : { SELL 22059.81@0.8079342} 130303 : { SELL 22059.81@0.8079342} 
Thu Nov 06 18:24:39 EST 2014 , 4 , 2 , 2 , 130306 : { BUY 2843.78@0.80470892} 130305 : { BUY 2843.78@0.80470892} 130304 : { SELL 22059.81@0.8079342} 130303 : { SELL 22059.81@0.8079342} 
Thu Nov 06 18:27:40 EST 2014 , 4 , 2 , 2 , 130306 : { BUY 2843.78@0.80470892} 130305 : { BUY 2843.78@0.80470892} 130304 : { SELL 22059.81@0.8079342} 130303 : { SELL 22059.81@0.8079342} 
Thu Nov 06 18:30:41 EST 2014 , 4 , 2 , 2 , 130306 : { BUY 2843.78@0.80470892} 130305 : { BUY 2843.78@0.80470892} 130304 : { SELL 22059.81@0.8079342} 130303 : { SELL 22059.81@0.8079342} 
Thu Nov 06 18:33:42 EST 2014 , 4 , 2 , 2 , 130306 : { BUY 2843.78@0.80470892} 130305 : { BUY 2843.78@0.80470892} 130304 : { SELL 22059.81@0.8079342} 130303 : { SELL 22059.81@0.8079342} 
Thu Nov 06 18:36:43 EST 2014 , 4 , 2 , 2 , 130306 : { BUY 2843.78@0.80470892} 130305 : { BUY 2843.78@0.80470892} 130304 : { SELL 22059.81@0.8079342} 130303 : { SELL 22059.81@0.8079342} 
Thu Nov 06 18:39:44 EST 2014 , 4 , 2 , 2 , 130306 : { BUY 2843.78@0.80470892} 130305 : { BUY 2843.78@0.80470892} 130304 : { SELL 22059.81@0.8079342} 130303 : { SELL 22059.81@0.8079342} 
Thu Nov 06 18:42:45 EST 2014 , 4 , 2 , 2 , 130306 : { BUY 2843.78@0.80470892} 130305 : { BUY 2843.78@0.80470892} 130304 : { SELL 22059.81@0.8079342} 130303 : { SELL 22059.81@0.8079342} 
Thu Nov 06 18:45:46 EST 2014 , 4 , 2 , 2 , 130306 : { BUY 2843.78@0.80470892} 130305 : { BUY 2843.78@0.80470892} 130304 : { SELL 22059.81@0.8079342} 130303 : { SELL 22059.81@0.8079342} 
Thu Nov 06 18:48:47 EST 2014 , 4 , 2 , 2 , 130306 : { BUY 2843.78@0.80470892} 130305 : { BUY 2843.78@0.80470892} 130304 : { SELL 22059.81@0.8079342} 130303 : { SELL 22059.81@0.8079342} 
Thu Nov 06 18:51:48 EST 2014 , 4 , 2 , 2 , 130306 : { BUY 2843.78@0.80470892} 130305 : { BUY 2843.78@0.80470892} 130304 : { SELL 22059.81@0.8079342} 130303 : { SELL 22059.81@0.8079342} 
Thu Nov 06 18:54:49 EST 2014 , 4 , 2 , 2 , 130306 : { BUY 2843.78@0.80470892} 130305 : { BUY 2843.78@0.80470892} 130304 : { SELL 22059.81@0.8079342} 130303 : { SELL 22059.81@0.8079342} 
Thu Nov 06 18:57:50 EST 2014 , 4 , 2 , 2 , 130306 : { BUY 2843.78@0.80470892} 130305 : { BUY 2843.78@0.80470892} 130304 : { SELL 22059.81@0.8079342} 130303 : { SELL 22059.81@0.8079342} 
Thu Nov 06 19:00:51 EST 2014 , 4 , 2 , 2 , 130306 : { BUY 2843.78@0.80470892} 130305 : { BUY 2843.78@0.80470892} 130304 : { SELL 22059.81@0.8079342} 130303 : { SELL 22059.81@0.8079342} 
Thu Nov 06 19:03:52 EST 2014 , 4 , 2 , 2 , 130306 : { BUY 2843.78@0.80470892} 130305 : { BUY 2843.78@0.80470892} 130304 : { SELL 22059.81@0.8079342} 130303 : { SELL 22059.81@0.8079342} 
Thu Nov 06 19:06:53 EST 2014 , 4 , 2 , 2 , 130306 : { BUY 2843.78@0.80470892} 130305 : { BUY 2843.78@0.80470892} 130304 : { SELL 22059.81@0.8079342} 130303 : { SELL 22059.81@0.8079342} 
Thu Nov 06 19:09:54 EST 2014 , 4 , 2 , 2 , 130306 : { BUY 2843.78@0.80470892} 130305 : { BUY 2843.78@0.80470892} 130304 : { SELL 22059.81@0.8079342} 130303 : { SELL 22059.81@0.8079342} 
Thu Nov 06 19:12:55 EST 2014 , 4 , 2 , 2 , 130306 : { BUY 2843.78@0.80470892} 130305 : { BUY 2843.78@0.80470892} 130304 : { SELL 22059.81@0.8079342} 130303 : { SELL 22059.81@0.8079342} 
Thu Nov 06 19:15:56 EST 2014 , 4 , 2 , 2 , 130306 : { BUY 2843.78@0.80470892} 130305 : { BUY 2843.78@0.80470892} 130304 : { SELL 22059.81@0.8079342} 130303 : { SELL 22059.81@0.8079342} 
Thu Nov 06 19:18:57 EST 2014 , 4 , 2 , 2 , 130306 : { BUY 2843.78@0.80470892} 130305 : { BUY 2843.78@0.80470892} 130304 : { SELL 22059.81@0.8079342} 130303 : { SELL 22059.81@0.8079342} 
Thu Nov 06 19:21:58 EST 2014 , 4 , 2 , 2 , 130306 : { BUY 2843.78@0.80470892} 130305 : { BUY 2843.78@0.80470892} 130304 : { SELL 22059.81@0.8079342} 130303 : { SELL 22059.81@0.8079342} 
Thu Nov 06 19:24:59 EST 2014 , 4 , 2 , 2 , 130306 : { BUY 2843.78@0.80470892} 130305 : { BUY 2843.78@0.80470892} 130304 : { SELL 22059.81@0.8079342} 130303 : { SELL 22059.81@0.8079342} 
Thu Nov 06 19:28:00 EST 2014 , 4 , 2 , 2 , 130306 : { BUY 2843.78@0.80470892} 130305 : { BUY 2843.78@0.80470892} 130304 : { SELL 22059.81@0.8079342} 130303 : { SELL 22059.81@0.8079342} 
Thu Nov 06 19:31:01 EST 2014 , 4 , 2 , 2 , 130306 : { BUY 2843.78@0.80470892} 130305 : { BUY 2843.78@0.80470892} 130304 : { SELL 22059.81@0.8079342} 130303 : { SELL 22059.81@0.8079342} 
Thu Nov 06 19:34:02 EST 2014 , 4 , 2 , 2 , 130306 : { BUY 2843.78@0.80470892} 130305 : { BUY 2843.78@0.80470892} 130304 : { SELL 22059.81@0.8079342} 130303 : { SELL 22059.81@0.8079342} 
Thu Nov 06 19:37:03 EST 2014 , 4 , 2 , 2 , 130306 : { BUY 2843.78@0.80470892} 130305 : { BUY 2843.78@0.80470892} 130304 : { SELL 22059.81@0.8079342} 130303 : { SELL 22059.81@0.8079342} 
Thu Nov 06 19:40:04 EST 2014 , 4 , 2 , 2 , 130306 : { BUY 2843.78@0.80470892} 130305 : { BUY 2843.78@0.80470892} 130304 : { SELL 22059.81@0.8079342} 130303 : { SELL 22059.81@0.8079342} 
Thu Nov 06 19:43:05 EST 2014 , 4 , 2 , 2 , 130306 : { BUY 2843.78@0.80470892} 130305 : { BUY 2843.78@0.80470892} 130304 : { SELL 22059.81@0.8079342} 130303 : { SELL 22059.81@0.8079342} 
Thu Nov 06 19:46:06 EST 2014 , 4 , 2 , 2 , 130306 : { BUY 2843.78@0.80470892} 130305 : { BUY 2843.78@0.80470892} 130304 : { SELL 22059.81@0.8079342} 130303 : { SELL 22059.81@0.8079342} 
Thu Nov 06 19:49:07 EST 2014 , 4 , 2 , 2 , 130306 : { BUY 2843.78@0.80470892} 130305 : { BUY 2843.78@0.80470892} 130304 : { SELL 22059.81@0.8079342} 130303 : { SELL 22059.81@0.8079342} 
Thu Nov 06 19:52:08 EST 2014 , 4 , 2 , 2 , 130306 : { BUY 2843.78@0.80470892} 130305 : { BUY 2843.78@0.80470892} 130304 : { SELL 22059.81@0.8079342} 130303 : { SELL 22059.81@0.8079342} 
Thu Nov 06 19:55:09 EST 2014 , 4 , 2 , 2 , 130306 : { BUY 2843.78@0.80470892} 130305 : { BUY 2843.78@0.80470892} 130304 : { SELL 22059.81@0.8079342} 130303 : { SELL 22059.81@0.8079342} 
Thu Nov 06 19:58:10 EST 2014 , 4 , 2 , 2 , 130306 : { BUY 2843.78@0.80470892} 130305 : { BUY 2843.78@0.80470892} 130304 : { SELL 22059.81@0.8079342} 130303 : { SELL 22059.81@0.8079342} 
Thu Nov 06 20:01:11 EST 2014 , 4 , 2 , 2 , 130306 : { BUY 2843.78@0.80470892} 130305 : { BUY 2843.78@0.80470892} 130304 : { SELL 22059.81@0.8079342} 130303 : { SELL 22059.81@0.8079342} 
Thu Nov 06 20:04:12 EST 2014 , 4 , 2 , 2 , 130306 : { BUY 2843.78@0.80470892} 130305 : { BUY 2843.78@0.80470892} 130304 : { SELL 22059.81@0.8079342} 130303 : { SELL 22059.81@0.8079342} 
Thu Nov 06 20:07:13 EST 2014 , 4 , 2 , 2 , 130306 : { BUY 2843.78@0.80470892} 130305 : { BUY 2843.78@0.80470892} 130304 : { SELL 22059.81@0.8079342} 130303 : { SELL 22059.81@0.8079342} 
Thu Nov 06 20:10:14 EST 2014 , 4 , 2 , 2 , 130306 : { BUY 2843.78@0.80470892} 130305 : { BUY 2843.78@0.80470892} 130304 : { SELL 22059.81@0.8079342} 130303 : { SELL 22059.81@0.8079342} 
Thu Nov 06 20:13:15 EST 2014 , 4 , 2 , 2 , 130306 : { BUY 2843.78@0.80470892} 130305 : { BUY 2843.78@0.80470892} 130304 : { SELL 22059.81@0.8079342} 130303 : { SELL 22059.81@0.8079342} 
Thu Nov 06 20:16:16 EST 2014 , 4 , 2 , 2 , 130306 : { BUY 2843.78@0.80470892} 130305 : { BUY 2843.78@0.80470892} 130304 : { SELL 22059.81@0.8079342} 130303 : { SELL 22059.81@0.8079342} 
Thu Nov 06 20:19:17 EST 2014 , 4 , 2 , 2 , 130306 : { BUY 2843.78@0.80470892} 130305 : { BUY 2843.78@0.80470892} 130304 : { SELL 22059.81@0.8079342} 130303 : { SELL 22059.81@0.8079342} 
Thu Nov 06 20:22:18 EST 2014 , 4 , 2 , 2 , 130306 : { BUY 2843.78@0.80470892} 130305 : { BUY 2843.78@0.80470892} 130304 : { SELL 22059.81@0.8079342} 130303 : { SELL 22059.81@0.8079342} 
Thu Nov 06 20:25:19 EST 2014 , 4 , 2 , 2 , 130306 : { BUY 2843.78@0.80470892} 130305 : { BUY 2843.78@0.80470892} 130304 : { SELL 22059.81@0.8079342} 130303 : { SELL 22059.81@0.8079342} 
Thu Nov 06 20:28:20 EST 2014 , 4 , 2 , 2 , 130306 : { BUY 2843.78@0.80470892} 130305 : { BUY 2843.78@0.80470892} 130304 : { SELL 22059.81@0.8079342} 130303 : { SELL 22059.81@0.8079342} 
Thu Nov 06 20:31:21 EST 2014 , 4 , 2 , 2 , 130306 : { BUY 2843.78@0.80470892} 130305 : { BUY 2843.78@0.80470892} 130304 : { SELL 22059.81@0.8079342} 130303 : { SELL 22059.81@0.8079342} 
Thu Nov 06 20:34:22 EST 2014 , 4 , 2 , 2 , 130306 : { BUY 2843.78@0.80470892} 130305 : { BUY 2843.78@0.80470892} 130304 : { SELL 22059.81@0.8079342} 130303 : { SELL 22059.81@0.8079342} 
Thu Nov 06 20:37:23 EST 2014 , 4 , 2 , 2 , 130306 : { BUY 2843.78@0.80470892} 130305 : { BUY 2843.78@0.80470892} 130304 : { SELL 22059.81@0.8079342} 130303 : { SELL 22059.81@0.8079342} 
Thu Nov 06 20:40:24 EST 2014 , 4 , 2 , 2 , 130306 : { BUY 2843.78@0.80470892} 130305 : { BUY 2843.78@0.80470892} 130304 : { SELL 22059.81@0.8079342} 130303 : { SELL 22059.81@0.8079342} 
Thu Nov 06 20:43:25 EST 2014 , 4 , 2 , 2 , 130306 : { BUY 2843.78@0.80470892} 130305 : { BUY 2843.78@0.80470892} 130304 : { SELL 22059.81@0.8079342} 130303 : { SELL 22059.81@0.8079342} 
Thu Nov 06 20:46:26 EST 2014 , 4 , 2 , 2 , 130306 : { BUY 2843.78@0.80470892} 130305 : { BUY 2843.78@0.80470892} 130304 : { SELL 22059.81@0.8079342} 130303 : { SELL 22059.81@0.8079342} 
Thu Nov 06 20:49:27 EST 2014 , 4 , 2 , 2 , 130306 : { BUY 2843.78@0.80470892} 130305 : { BUY 2843.78@0.80470892} 130304 : { SELL 22059.81@0.8079342} 130303 : { SELL 22059.81@0.8079342} 
Thu Nov 06 20:52:28 EST 2014 , 4 , 2 , 2 , 130306 : { BUY 2843.78@0.80470892} 130305 : { BUY 2843.78@0.80470892} 130304 : { SELL 22059.81@0.8079342} 130303 : { SELL 22059.81@0.8079342} 
Thu Nov 06 20:55:29 EST 2014 , 4 , 2 , 2 , 130306 : { BUY 2843.78@0.80470892} 130305 : { BUY 2843.78@0.80470892} 130304 : { SELL 22059.81@0.8079342} 130303 : { SELL 22059.81@0.8079342} 
Thu Nov 06 20:58:30 EST 2014 , 4 , 2 , 2 , 130306 : { BUY 2843.78@0.80470892} 130305 : { BUY 2843.78@0.80470892} 130304 : { SELL 22059.81@0.8079342} 130303 : { SELL 22059.81@0.8079342} 
Thu Nov 06 21:01:31 EST 2014 , 4 , 2 , 2 , 130306 : { BUY 2843.78@0.80470892} 130305 : { BUY 2843.78@0.80470892} 130304 : { SELL 22059.81@0.8079342} 130303 : { SELL 22059.81@0.8079342} 
Thu Nov 06 21:04:32 EST 2014 , 4 , 2 , 2 , 130306 : { BUY 2843.78@0.80470892} 130305 : { BUY 2843.78@0.80470892} 130304 : { SELL 22059.81@0.8079342} 130303 : { SELL 22059.81@0.8079342} 
Thu Nov 06 21:07:33 EST 2014 , 4 , 2 , 2 , 130306 : { BUY 2843.78@0.80470892} 130305 : { BUY 2843.78@0.80470892} 130304 : { SELL 22059.81@0.8079342} 130303 : { SELL 22059.81@0.8079342} 
Thu Nov 06 21:10:34 EST 2014 , 4 , 2 , 2 , 130306 : { BUY 2843.78@0.80470892} 130305 : { BUY 2843.78@0.80470892} 130304 : { SELL 22059.81@0.8079342} 130303 : { SELL 22059.81@0.8079342} 
Thu Nov 06 21:13:35 EST 2014 , 4 , 2 , 2 , 130306 : { BUY 2843.78@0.80470892} 130305 : { BUY 2843.78@0.80470892} 130304 : { SELL 22059.81@0.8079342} 130303 : { SELL 22059.81@0.8079342} 
Thu Nov 06 21:16:36 EST 2014 , 4 , 2 , 2 , 130306 : { BUY 2843.78@0.80470892} 130305 : { BUY 2843.78@0.80470892} 130304 : { SELL 22059.81@0.8079342} 130303 : { SELL 22059.81@0.8079342} 
Thu Nov 06 21:19:37 EST 2014 , 4 , 2 , 2 , 130306 : { BUY 2843.78@0.80470892} 130305 : { BUY 2843.78@0.80470892} 130304 : { SELL 22059.81@0.8079342} 130303 : { SELL 22059.81@0.8079342} 
Thu Nov 06 21:22:38 EST 2014 , 4 , 2 , 2 , 130306 : { BUY 2843.78@0.80470892} 130305 : { BUY 2843.78@0.80470892} 130304 : { SELL 22059.81@0.8079342} 130303 : { SELL 22059.81@0.8079342} 
Thu Nov 06 21:25:39 EST 2014 , 4 , 2 , 2 , 130306 : { BUY 2843.78@0.80470892} 130305 : { BUY 2843.78@0.80470892} 130304 : { SELL 22059.81@0.8079342} 130303 : { SELL 22059.81@0.8079342} 
Thu Nov 06 21:28:40 EST 2014 , 4 , 2 , 2 , 130306 : { BUY 2843.78@0.80470892} 130305 : { BUY 2843.78@0.80470892} 130304 : { SELL 22059.81@0.8079342} 130303 : { SELL 22059.81@0.8079342} 
Thu Nov 06 21:31:41 EST 2014 , 4 , 2 , 2 , 130306 : { BUY 2843.78@0.80470892} 130305 : { BUY 2843.78@0.80470892} 130304 : { SELL 22059.81@0.8079342} 130303 : { SELL 22059.81@0.8079342} 
Thu Nov 06 21:34:42 EST 2014 , 4 , 2 , 2 , 130306 : { BUY 2843.78@0.80470892} 130305 : { BUY 2843.78@0.80470892} 130304 : { SELL 22059.81@0.8079342} 130303 : { SELL 22059.81@0.8079342} 
Thu Nov 06 21:37:43 EST 2014 , 4 , 2 , 2 , 130306 : { BUY 2843.78@0.80470892} 130305 : { BUY 2843.78@0.80470892} 130304 : { SELL 22059.81@0.8079342} 130303 : { SELL 22059.81@0.8079342} 
Thu Nov 06 21:40:44 EST 2014 , 4 , 2 , 2 , 130306 : { BUY 2843.78@0.80470892} 130305 : { BUY 2843.78@0.80470892} 130304 : { SELL 22059.81@0.8079342} 130303 : { SELL 22059.81@0.8079342} 
Thu Nov 06 21:43:45 EST 2014 , 4 , 2 , 2 , 130306 : { BUY 2843.78@0.80470892} 130305 : { BUY 2843.78@0.80470892} 130304 : { SELL 22059.81@0.8079342} 130303 : { SELL 22059.81@0.8079342} 
Thu Nov 06 21:46:46 EST 2014 , 4 , 2 , 2 , 130306 : { BUY 2843.78@0.80470892} 130305 : { BUY 2843.78@0.80470892} 130304 : { SELL 22059.81@0.8079342} 130303 : { SELL 22059.81@0.8079342} 
Thu Nov 06 21:49:47 EST 2014 , 4 , 2 , 2 , 130306 : { BUY 2843.78@0.80470892} 130305 : { BUY 2843.78@0.80470892} 130304 : { SELL 22059.81@0.8079342} 130303 : { SELL 22059.81@0.8079342} 
Thu Nov 06 21:52:48 EST 2014 , 4 , 2 , 2 , 130306 : { BUY 2843.78@0.80470892} 130305 : { BUY 2843.78@0.80470892} 130304 : { SELL 22059.81@0.8079342} 130303 : { SELL 22059.81@0.8079342} 
Thu Nov 06 21:55:49 EST 2014 , 4 , 2 , 2 , 130306 : { BUY 2843.78@0.80470892} 130305 : { BUY 2843.78@0.80470892} 130304 : { SELL 22059.81@0.8079342} 130303 : { SELL 22059.81@0.8079342} 
Thu Nov 06 21:58:50 EST 2014 , 4 , 2 , 2 , 130306 : { BUY 2843.78@0.80470892} 130305 : { BUY 2843.78@0.80470892} 130304 : { SELL 22059.81@0.8079342} 130303 : { SELL 22059.81@0.8079342} 
Thu Nov 06 22:01:53 EST 2014 , 4 , 2 , 2 , 130306 : { BUY 2843.78@0.80470892} 130305 : { BUY 2843.78@0.80470892} 130304 : { SELL 22059.81@0.8079342} 130303 : { SELL 22059.81@0.8079342} 
Thu Nov 06 22:04:52 EST 2014 , 4 , 2 , 2 , 130306 : { BUY 2843.78@0.80470892} 130305 : { BUY 2843.78@0.80470892} 130304 : { SELL 22059.81@0.8079342} 130303 : { SELL 22059.81@0.8079342} 
Thu Nov 06 22:07:53 EST 2014 , 4 , 2 , 2 , 130306 : { BUY 2843.78@0.80470892} 130305 : { BUY 2843.78@0.80470892} 130304 : { SELL 22059.81@0.8079342} 130303 : { SELL 22059.81@0.8079342} 
Thu Nov 06 22:10:54 EST 2014 , 4 , 2 , 2 , 130306 : { BUY 2843.78@0.80470892} 130305 : { BUY 2843.78@0.80470892} 130304 : { SELL 22059.81@0.8079342} 130303 : { SELL 22059.81@0.8079342} 
Thu Nov 06 22:13:55 EST 2014 , 4 , 2 , 2 , 130306 : { BUY 2843.78@0.80470892} 130305 : { BUY 2843.78@0.80470892} 130304 : { SELL 22059.81@0.8079342} 130303 : { SELL 22059.81@0.8079342} 
Thu Nov 06 22:16:56 EST 2014 , 4 , 2 , 2 , 130306 : { BUY 2843.78@0.80470892} 130305 : { BUY 2843.78@0.80470892} 130304 : { SELL 22059.81@0.8079342} 130303 : { SELL 22059.81@0.8079342} 
Thu Nov 06 22:19:57 EST 2014 , 4 , 2 , 2 , 130306 : { BUY 2843.78@0.80470892} 130305 : { BUY 2843.78@0.80470892} 130304 : { SELL 22059.81@0.8079342} 130303 : { SELL 22059.81@0.8079342} 
Thu Nov 06 22:22:58 EST 2014 , 4 , 2 , 2 , 130306 : { BUY 2843.78@0.80470892} 130305 : { BUY 2843.78@0.80470892} 130304 : { SELL 22059.81@0.8079342} 130303 : { SELL 22059.81@0.8079342} 
Thu Nov 06 22:25:59 EST 2014 , 4 , 2 , 2 , 130306 : { BUY 2843.78@0.80470892} 130305 : { BUY 2843.78@0.80470892} 130304 : { SELL 22059.81@0.8079342} 130303 : { SELL 22059.81@0.8079342} 
Thu Nov 06 22:29:00 EST 2014 , 4 , 2 , 2 , 130306 : { BUY 2843.78@0.80470892} 130305 : { BUY 2843.78@0.80470892} 130304 : { SELL 22059.81@0.8079342} 130303 : { SELL 22059.81@0.8079342} 
Thu Nov 06 22:32:01 EST 2014 , 4 , 2 , 2 , 130306 : { BUY 2843.78@0.80470892} 130305 : { BUY 2843.78@0.80470892} 130304 : { SELL 22059.81@0.8079342} 130303 : { SELL 22059.81@0.8079342} 
Thu Nov 06 22:35:02 EST 2014 , 4 , 2 , 2 , 130306 : { BUY 2843.78@0.80470892} 130305 : { BUY 2843.78@0.80470892} 130304 : { SELL 22059.81@0.8079342} 130303 : { SELL 22059.81@0.8079342} 
Thu Nov 06 22:38:03 EST 2014 , 4 , 2 , 2 , 130306 : { BUY 2843.78@0.80470892} 130305 : { BUY 2843.78@0.80470892} 130304 : { SELL 22059.81@0.8079342} 130303 : { SELL 22059.81@0.8079342} 
Thu Nov 06 22:41:04 EST 2014 , 4 , 2 , 2 , 130306 : { BUY 2843.78@0.80470892} 130305 : { BUY 2843.78@0.80470892} 130304 : { SELL 22059.81@0.8079342} 130303 : { SELL 22059.81@0.8079342} 
Thu Nov 06 22:44:05 EST 2014 , 4 , 2 , 2 , 130306 : { BUY 2843.78@0.80470892} 130305 : { BUY 2843.78@0.80470892} 130304 : { SELL 22059.81@0.8079342} 130303 : { SELL 22059.81@0.8079342} 
Thu Nov 06 22:47:06 EST 2014 , 4 , 2 , 2 , 130306 : { BUY 2843.78@0.80470892} 130305 : { BUY 2843.78@0.80470892} 130304 : { SELL 22059.81@0.8079342} 130303 : { SELL 22059.81@0.8079342} 
Thu Nov 06 22:50:07 EST 2014 , 4 , 2 , 2 , 130306 : { BUY 2843.78@0.80470892} 130305 : { BUY 2843.78@0.80470892} 130304 : { SELL 22059.81@0.8079342} 130303 : { SELL 22059.81@0.8079342} 
Thu Nov 06 22:53:08 EST 2014 , 4 , 2 , 2 , 130306 : { BUY 2843.78@0.80470892} 130305 : { BUY 2843.78@0.80470892} 130304 : { SELL 22059.81@0.8079342} 130303 : { SELL 22059.81@0.8079342} 
Thu Nov 06 22:56:09 EST 2014 , 4 , 2 , 2 , 130306 : { BUY 2843.78@0.80470892} 130305 : { BUY 2843.78@0.80470892} 130304 : { SELL 22059.81@0.8079342} 130303 : { SELL 22059.81@0.8079342} 
Thu Nov 06 22:59:10 EST 2014 , 4 , 2 , 2 , 130306 : { BUY 2843.78@0.80470892} 130305 : { BUY 2843.78@0.80470892} 130304 : { SELL 22059.81@0.8079342} 130303 : { SELL 22059.81@0.8079342} 
Thu Nov 06 23:02:11 EST 2014 , 4 , 2 , 2 , 130306 : { BUY 2843.78@0.80470892} 130305 : { BUY 2843.78@0.80470892} 130304 : { SELL 22059.81@0.8079342} 130303 : { SELL 22059.81@0.8079342} 
Thu Nov 06 23:05:12 EST 2014 , 4 , 2 , 2 , 130306 : { BUY 2843.78@0.80470892} 130305 : { BUY 2843.78@0.80470892} 130304 : { SELL 22059.81@0.8079342} 130303 : { SELL 22059.81@0.8079342} 
Thu Nov 06 23:08:13 EST 2014 , 4 , 2 , 2 , 130306 : { BUY 2843.78@0.80470892} 130305 : { BUY 2843.78@0.80470892} 130304 : { SELL 22059.81@0.8079342} 130303 : { SELL 22059.81@0.8079342} 
Thu Nov 06 23:11:14 EST 2014 , 4 , 2 , 2 , 130306 : { BUY 2843.78@0.80470892} 130305 : { BUY 2843.78@0.80470892} 130304 : { SELL 22059.81@0.8079342} 130303 : { SELL 22059.81@0.8079342} 
Thu Nov 06 23:14:15 EST 2014 , 4 , 2 , 2 , 130306 : { BUY 2843.78@0.80470892} 130305 : { BUY 2843.78@0.80470892} 130304 : { SELL 22059.81@0.8079342} 130303 : { SELL 22059.81@0.8079342} 
Thu Nov 06 23:17:16 EST 2014 , 4 , 2 , 2 , 130306 : { BUY 2843.78@0.80470892} 130305 : { BUY 2843.78@0.80470892} 130304 : { SELL 22059.81@0.8079342} 130303 : { SELL 22059.81@0.8079342} 
Thu Nov 06 23:20:17 EST 2014 , 4 , 2 , 2 , 130306 : { BUY 2843.78@0.80470892} 130305 : { BUY 2843.78@0.80470892} 130304 : { SELL 22059.81@0.8079342} 130303 : { SELL 22059.81@0.8079342} 
Thu Nov 06 23:23:18 EST 2014 , 4 , 2 , 2 , 130306 : { BUY 2843.78@0.80470892} 130305 : { BUY 2843.78@0.80470892} 130304 : { SELL 22059.81@0.8079342} 130303 : { SELL 22059.81@0.8079342} 
Thu Nov 06 23:26:19 EST 2014 , 4 , 2 , 2 , 130306 : { BUY 2843.78@0.80470892} 130305 : { BUY 2843.78@0.80470892} 130304 : { SELL 22059.81@0.8079342} 130303 : { SELL 22059.81@0.8079342} 
Thu Nov 06 23:29:20 EST 2014 , 4 , 2 , 2 , 130306 : { BUY 2843.78@0.80470892} 130305 : { BUY 2843.78@0.80470892} 130304 : { SELL 22059.81@0.8079342} 130303 : { SELL 22059.81@0.8079342} 
Thu Nov 06 23:32:21 EST 2014 , 4 , 2 , 2 , 130306 : { BUY 2843.78@0.80470892} 130305 : { BUY 2843.78@0.80470892} 130304 : { SELL 22059.81@0.8079342} 130303 : { SELL 22059.81@0.8079342} 
Thu Nov 06 23:35:22 EST 2014 , 4 , 2 , 2 , 130306 : { BUY 2843.78@0.80470892} 130305 : { BUY 2843.78@0.80470892} 130304 : { SELL 22059.81@0.8079342} 130303 : { SELL 22059.81@0.8079342} 
Thu Nov 06 23:38:23 EST 2014 , 4 , 2 , 2 , 130306 : { BUY 2843.78@0.80470892} 130305 : { BUY 2843.78@0.80470892} 130304 : { SELL 22059.81@0.8079342} 130303 : { SELL 22059.81@0.8079342} 
Thu Nov 06 23:41:24 EST 2014 , 4 , 2 , 2 , 130306 : { BUY 2843.78@0.80470892} 130305 : { BUY 2843.78@0.80470892} 130304 : { SELL 22059.81@0.8079342} 130303 : { SELL 22059.81@0.8079342} 
Thu Nov 06 23:44:25 EST 2014 , 4 , 2 , 2 , 130306 : { BUY 2843.78@0.80470892} 130305 : { BUY 2843.78@0.80470892} 130304 : { SELL 22059.81@0.8079342} 130303 : { SELL 22059.81@0.8079342} 
Thu Nov 06 23:47:26 EST 2014 , 4 , 2 , 2 , 130306 : { BUY 2843.78@0.80470892} 130305 : { BUY 2843.78@0.80470892} 130304 : { SELL 22059.81@0.8079342} 130303 : { SELL 22059.81@0.8079342} 
Thu Nov 06 23:50:27 EST 2014 , 4 , 2 , 2 , 130306 : { BUY 2843.78@0.80470892} 130305 : { BUY 2843.78@0.80470892} 130304 : { SELL 22059.81@0.8079342} 130303 : { SELL 22059.81@0.8079342} 
Thu Nov 06 23:53:28 EST 2014 , 4 , 2 , 2 , 130306 : { BUY 2843.78@0.80470892} 130305 : { BUY 2843.78@0.80470892} 130304 : { SELL 22059.81@0.8079342} 130303 : { SELL 22059.81@0.8079342} 
Thu Nov 06 23:56:29 EST 2014 , 4 , 2 , 2 , 130306 : { BUY 2843.78@0.80470892} 130305 : { BUY 2843.78@0.80470892} 130304 : { SELL 22059.81@0.8079342} 130303 : { SELL 22059.81@0.8079342} 
Thu Nov 06 23:59:30 EST 2014 , 4 , 2 , 2 , 130306 : { BUY 2843.78@0.80470892} 130305 : { BUY 2843.78@0.80470892} 130304 : { SELL 22059.81@0.8079342} 130303 : { SELL 22059.81@0.8079342} 
Fri Nov 07 00:02:31 EST 2014 , 4 , 2 , 2 , 130306 : { BUY 2843.78@0.80470892} 130305 : { BUY 2843.78@0.80470892} 130304 : { SELL 22059.81@0.8079342} 130303 : { SELL 22059.81@0.8079342} 
Fri Nov 07 00:05:32 EST 2014 , 4 , 2 , 2 , 130306 : { BUY 2843.78@0.80470892} 130305 : { BUY 2843.78@0.80470892} 130304 : { SELL 22059.81@0.8079342} 130303 : { SELL 22059.81@0.8079342} 
Fri Nov 07 00:08:33 EST 2014 , 4 , 2 , 2 , 130306 : { BUY 2843.78@0.80470892} 130305 : { BUY 2843.78@0.80470892} 130304 : { SELL 22059.81@0.8079342} 130303 : { SELL 22059.81@0.8079342} 
Fri Nov 07 00:11:34 EST 2014 , 4 , 2 , 2 , 130306 : { BUY 2843.78@0.80470892} 130305 : { BUY 2843.78@0.80470892} 130304 : { SELL 22059.81@0.8079342} 130303 : { SELL 22059.81@0.8079342} 
Fri Nov 07 00:14:35 EST 2014 , 4 , 2 , 2 , 130306 : { BUY 2843.78@0.80470892} 130305 : { BUY 2843.78@0.80470892} 130304 : { SELL 22059.81@0.8079342} 130303 : { SELL 22059.81@0.8079342} 
Fri Nov 07 00:17:36 EST 2014 , 4 , 2 , 2 , 130306 : { BUY 2843.78@0.80470892} 130305 : { BUY 2843.78@0.80470892} 130304 : { SELL 22059.81@0.8079342} 130303 : { SELL 22059.81@0.8079342} 
Fri Nov 07 00:20:37 EST 2014 , 4 , 2 , 2 , 130306 : { BUY 2843.78@0.80470892} 130305 : { BUY 2843.78@0.80470892} 130304 : { SELL 22059.81@0.8079342} 130303 : { SELL 22059.81@0.8079342} 
Fri Nov 07 00:23:38 EST 2014 , 4 , 2 , 2 , 130306 : { BUY 2843.78@0.80470892} 130305 : { BUY 2843.78@0.80470892} 130304 : { SELL 22059.81@0.8079342} 130303 : { SELL 22059.81@0.8079342} 
Fri Nov 07 00:26:39 EST 2014 , 4 , 2 , 2 , 130306 : { BUY 2843.78@0.80470892} 130305 : { BUY 2843.78@0.80470892} 130304 : { SELL 22059.81@0.8079342} 130303 : { SELL 22059.81@0.8079342} 
Fri Nov 07 00:29:40 EST 2014 , 4 , 2 , 2 , 130306 : { BUY 2843.78@0.80470892} 130305 : { BUY 2843.78@0.80470892} 130304 : { SELL 22059.81@0.8079342} 130303 : { SELL 22059.81@0.8079342} 
Fri Nov 07 00:32:41 EST 2014 , 4 , 2 , 2 , 130306 : { BUY 2843.78@0.80470892} 130305 : { BUY 2843.78@0.80470892} 130304 : { SELL 22059.81@0.8079342} 130303 : { SELL 22059.81@0.8079342} 
Fri Nov 07 00:35:42 EST 2014 , 4 , 2 , 2 , 130306 : { BUY 2843.78@0.80470892} 130305 : { BUY 2843.78@0.80470892} 130304 : { SELL 22059.81@0.8079342} 130303 : { SELL 22059.81@0.8079342} 
Fri Nov 07 00:38:43 EST 2014 , 4 , 2 , 2 , 130306 : { BUY 2843.78@0.80470892} 130305 : { BUY 2843.78@0.80470892} 130304 : { SELL 22059.81@0.8079342} 130303 : { SELL 22059.81@0.8079342} 
Fri Nov 07 00:41:44 EST 2014 , 4 , 2 , 2 , 130306 : { BUY 2843.78@0.80470892} 130305 : { BUY 2843.78@0.80470892} 130304 : { SELL 22059.81@0.8079342} 130303 : { SELL 22059.81@0.8079342} 
Fri Nov 07 00:44:45 EST 2014 , 4 , 2 , 2 , 130306 : { BUY 2843.78@0.80470892} 130305 : { BUY 2843.78@0.80470892} 130304 : { SELL 22059.81@0.8079342} 130303 : { SELL 22059.81@0.8079342} 
Fri Nov 07 00:47:46 EST 2014 , 4 , 2 , 2 , 130306 : { BUY 2843.78@0.80470892} 130305 : { BUY 2843.78@0.80470892} 130304 : { SELL 22059.81@0.8079342} 130303 : { SELL 22059.81@0.8079342} 
Fri Nov 07 00:50:47 EST 2014 , 4 , 2 , 2 , 130306 : { BUY 2843.78@0.80470892} 130305 : { BUY 2843.78@0.80470892} 130304 : { SELL 22059.81@0.8079342} 130303 : { SELL 22059.81@0.8079342} 
Fri Nov 07 00:53:48 EST 2014 , 4 , 2 , 2 , 130306 : { BUY 2843.78@0.80470892} 130305 : { BUY 2843.78@0.80470892} 130304 : { SELL 22059.81@0.8079342} 130303 : { SELL 22059.81@0.8079342} 
Fri Nov 07 00:56:49 EST 2014 , 4 , 2 , 2 , 130306 : { BUY 2843.78@0.80470892} 130305 : { BUY 2843.78@0.80470892} 130304 : { SELL 22059.81@0.8079342} 130303 : { SELL 22059.81@0.8079342} 
Fri Nov 07 00:59:50 EST 2014 , 4 , 2 , 2 , 130306 : { BUY 2843.78@0.80470892} 130305 : { BUY 2843.78@0.80470892} 130304 : { SELL 22059.81@0.8079342} 130303 : { SELL 22059.81@0.8079342} 
Fri Nov 07 01:02:51 EST 2014 , 4 , 2 , 2 , 130306 : { BUY 2843.78@0.80470892} 130305 : { BUY 2843.78@0.80470892} 130304 : { SELL 22059.81@0.8079342} 130303 : { SELL 22059.81@0.8079342} 
Fri Nov 07 01:05:52 EST 2014 , 4 , 2 , 2 , 130306 : { BUY 2843.78@0.80470892} 130305 : { BUY 2843.78@0.80470892} 130304 : { SELL 22059.81@0.8079342} 130303 : { SELL 22059.81@0.8079342} 
Fri Nov 07 01:08:53 EST 2014 , 4 , 2 , 2 , 130306 : { BUY 2843.78@0.80470892} 130305 : { BUY 2843.78@0.80470892} 130304 : { SELL 22059.81@0.8079342} 130303 : { SELL 22059.81@0.8079342} 
Fri Nov 07 01:11:54 EST 2014 , 4 , 2 , 2 , 130306 : { BUY 2843.78@0.80470892} 130305 : { BUY 2843.78@0.80470892} 130304 : { SELL 22059.81@0.8079342} 130303 : { SELL 22059.81@0.8079342} 
Fri Nov 07 01:14:55 EST 2014 , 4 , 2 , 2 , 130306 : { BUY 2843.78@0.80470892} 130305 : { BUY 2843.78@0.80470892} 130304 : { SELL 22059.81@0.8079342} 130303 : { SELL 22059.81@0.8079342} 
Fri Nov 07 01:17:56 EST 2014 , 4 , 2 , 2 , 130306 : { BUY 2843.78@0.80470892} 130305 : { BUY 2843.78@0.80470892} 130304 : { SELL 22059.81@0.8079342} 130303 : { SELL 22059.81@0.8079342} 
Fri Nov 07 01:20:57 EST 2014 , 4 , 2 , 2 , 130306 : { BUY 2843.78@0.80470892} 130305 : { BUY 2843.78@0.80470892} 130304 : { SELL 22059.81@0.8079342} 130303 : { SELL 22059.81@0.8079342} 
Fri Nov 07 01:23:58 EST 2014 , 4 , 2 , 2 , 130306 : { BUY 2843.78@0.80470892} 130305 : { BUY 2843.78@0.80470892} 130304 : { SELL 22059.81@0.8079342} 130303 : { SELL 22059.81@0.8079342} 
Fri Nov 07 01:26:59 EST 2014 , 4 , 2 , 2 , 130306 : { BUY 2843.78@0.80470892} 130305 : { BUY 2843.78@0.80470892} 130304 : { SELL 22059.81@0.8079342} 130303 : { SELL 22059.81@0.8079342} 
Fri Nov 07 01:30:00 EST 2014 , 4 , 2 , 2 , 130306 : { BUY 2843.78@0.80470892} 130305 : { BUY 2843.78@0.80470892} 130304 : { SELL 22059.81@0.8079342} 130303 : { SELL 22059.81@0.8079342} 
Fri Nov 07 01:33:01 EST 2014 , 4 , 2 , 2 , 130306 : { BUY 2843.78@0.80470892} 130305 : { BUY 2843.78@0.80470892} 130304 : { SELL 22059.81@0.8079342} 130303 : { SELL 22059.81@0.8079342} 
Fri Nov 07 01:36:02 EST 2014 , 4 , 2 , 2 , 130306 : { BUY 2843.78@0.80470892} 130305 : { BUY 2843.78@0.80470892} 130304 : { SELL 22059.81@0.8079342} 130303 : { SELL 22059.81@0.8079342} 
Fri Nov 07 01:39:03 EST 2014 , 4 , 2 , 2 , 130306 : { BUY 2843.78@0.80470892} 130305 : { BUY 2843.78@0.80470892} 130304 : { SELL 22059.81@0.8079342} 130303 : { SELL 22059.81@0.8079342} 
Fri Nov 07 01:42:04 EST 2014 , 4 , 2 , 2 , 130306 : { BUY 2843.78@0.80470892} 130305 : { BUY 2843.78@0.80470892} 130304 : { SELL 22059.81@0.8079342} 130303 : { SELL 22059.81@0.8079342} 
Fri Nov 07 01:45:05 EST 2014 , 4 , 2 , 2 , 130306 : { BUY 2843.78@0.80470892} 130305 : { BUY 2843.78@0.80470892} 130304 : { SELL 22059.81@0.8079342} 130303 : { SELL 22059.81@0.8079342} 
Fri Nov 07 01:48:06 EST 2014 , 4 , 2 , 2 , 130306 : { BUY 2843.78@0.80470892} 130305 : { BUY 2843.78@0.80470892} 130304 : { SELL 22059.81@0.8079342} 130303 : { SELL 22059.81@0.8079342} 
Fri Nov 07 01:51:07 EST 2014 , 4 , 2 , 2 , 130306 : { BUY 2843.78@0.80470892} 130305 : { BUY 2843.78@0.80470892} 130304 : { SELL 22059.81@0.8079342} 130303 : { SELL 22059.81@0.8079342} 
Fri Nov 07 01:54:08 EST 2014 , 4 , 2 , 2 , 130306 : { BUY 2843.78@0.80470892} 130305 : { BUY 2843.78@0.80470892} 130304 : { SELL 22059.81@0.8079342} 130303 : { SELL 22059.81@0.8079342} 
Fri Nov 07 01:57:09 EST 2014 , 4 , 2 , 2 , 130306 : { BUY 2843.78@0.80470892} 130305 : { BUY 2843.78@0.80470892} 130304 : { SELL 22059.81@0.8079342} 130303 : { SELL 22059.81@0.8079342} 
Fri Nov 07 02:00:10 EST 2014 , 4 , 2 , 2 , 130306 : { BUY 2843.78@0.80470892} 130305 : { BUY 2843.78@0.80470892} 130304 : { SELL 22059.81@0.8079342} 130303 : { SELL 22059.81@0.8079342} 
Fri Nov 07 02:03:11 EST 2014 , 4 , 2 , 2 , 130306 : { BUY 2843.78@0.80470892} 130305 : { BUY 2843.78@0.80470892} 130304 : { SELL 22059.81@0.8079342} 130303 : { SELL 22059.81@0.8079342} 
Fri Nov 07 02:06:12 EST 2014 , 4 , 2 , 2 , 130306 : { BUY 2843.78@0.80470892} 130305 : { BUY 2843.78@0.80470892} 130304 : { SELL 22059.81@0.8079342} 130303 : { SELL 22059.81@0.8079342} 
Fri Nov 07 02:09:13 EST 2014 , 4 , 2 , 2 , 130306 : { BUY 2843.78@0.80470892} 130305 : { BUY 2843.78@0.80470892} 130304 : { SELL 22059.81@0.8079342} 130303 : { SELL 22059.81@0.8079342} 
Fri Nov 07 02:12:14 EST 2014 , 4 , 2 , 2 , 130306 : { BUY 2843.78@0.80470892} 130305 : { BUY 2843.78@0.80470892} 130304 : { SELL 22059.81@0.8079342} 130303 : { SELL 22059.81@0.8079342} 
Fri Nov 07 02:15:15 EST 2014 , 4 , 2 , 2 , 130306 : { BUY 2843.78@0.80470892} 130305 : { BUY 2843.78@0.80470892} 130304 : { SELL 22059.81@0.8079342} 130303 : { SELL 22059.81@0.8079342} 
Fri Nov 07 02:18:16 EST 2014 , 4 , 2 , 2 , 130306 : { BUY 2843.78@0.80470892} 130305 : { BUY 2843.78@0.80470892} 130304 : { SELL 22059.81@0.8079342} 130303 : { SELL 22059.81@0.8079342} 
Fri Nov 07 02:21:17 EST 2014 , 4 , 2 , 2 , 130306 : { BUY 2843.78@0.80470892} 130305 : { BUY 2843.78@0.80470892} 130304 : { SELL 22059.81@0.8079342} 130303 : { SELL 22059.81@0.8079342} 
Fri Nov 07 02:24:18 EST 2014 , 4 , 2 , 2 , 130306 : { BUY 2843.78@0.80470892} 130305 : { BUY 2843.78@0.80470892} 130304 : { SELL 22059.81@0.8079342} 130303 : { SELL 22059.81@0.8079342} 
Fri Nov 07 02:27:19 EST 2014 , 4 , 2 , 2 , 130306 : { BUY 2843.78@0.80470892} 130305 : { BUY 2843.78@0.80470892} 130304 : { SELL 22059.81@0.8079342} 130303 : { SELL 22059.81@0.8079342} 
Fri Nov 07 02:30:20 EST 2014 , 4 , 2 , 2 , 130306 : { BUY 2843.78@0.80470892} 130305 : { BUY 2843.78@0.80470892} 130304 : { SELL 22059.81@0.8079342} 130303 : { SELL 22059.81@0.8079342} 
Fri Nov 07 02:33:21 EST 2014 , 4 , 2 , 2 , 130306 : { BUY 2843.78@0.80470892} 130305 : { BUY 2843.78@0.80470892} 130304 : { SELL 22059.81@0.8079342} 130303 : { SELL 22059.81@0.8079342} 
Fri Nov 07 02:36:22 EST 2014 , 4 , 2 , 2 , 130306 : { BUY 2843.78@0.80470892} 130305 : { BUY 2843.78@0.80470892} 130304 : { SELL 22059.81@0.8079342} 130303 : { SELL 22059.81@0.8079342} 
Fri Nov 07 02:39:23 EST 2014 , 4 , 2 , 2 , 130306 : { BUY 2843.78@0.80470892} 130305 : { BUY 2843.78@0.80470892} 130304 : { SELL 22059.81@0.8079342} 130303 : { SELL 22059.81@0.8079342} 
Fri Nov 07 02:42:24 EST 2014 , 4 , 2 , 2 , 130306 : { BUY 2843.78@0.80470892} 130305 : { BUY 2843.78@0.80470892} 130304 : { SELL 22059.81@0.8079342} 130303 : { SELL 22059.81@0.8079342} 
Fri Nov 07 02:45:25 EST 2014 , 4 , 2 , 2 , 130306 : { BUY 2843.78@0.80470892} 130305 : { BUY 2843.78@0.80470892} 130304 : { SELL 22059.81@0.8079342} 130303 : { SELL 22059.81@0.8079342} 
Fri Nov 07 02:48:26 EST 2014 , 4 , 2 , 2 , 130306 : { BUY 2843.78@0.80470892} 130305 : { BUY 2843.78@0.80470892} 130304 : { SELL 22059.81@0.8079342} 130303 : { SELL 22059.81@0.8079342} 
Fri Nov 07 02:51:27 EST 2014 , 4 , 2 , 2 , 130306 : { BUY 2843.78@0.80470892} 130305 : { BUY 2843.78@0.80470892} 130304 : { SELL 22059.81@0.8079342} 130303 : { SELL 22059.81@0.8079342} 
Fri Nov 07 02:54:28 EST 2014 , 4 , 2 , 2 , 130306 : { BUY 2843.78@0.80470892} 130305 : { BUY 2843.78@0.80470892} 130304 : { SELL 22059.81@0.8079342} 130303 : { SELL 22059.81@0.8079342} 
Fri Nov 07 02:57:29 EST 2014 , 4 , 2 , 2 , 130306 : { BUY 2843.78@0.80470892} 130305 : { BUY 2843.78@0.80470892} 130304 : { SELL 22059.81@0.8079342} 130303 : { SELL 22059.81@0.8079342} 
Fri Nov 07 03:00:30 EST 2014 , 4 , 2 , 2 , 130306 : { BUY 2843.78@0.80470892} 130305 : { BUY 2843.78@0.80470892} 130304 : { SELL 22059.81@0.8079342} 130303 : { SELL 22059.81@0.8079342} 
Fri Nov 07 03:03:31 EST 2014 , 4 , 2 , 2 , 130306 : { BUY 2843.78@0.80470892} 130305 : { BUY 2843.78@0.80470892} 130304 : { SELL 22059.81@0.8079342} 130303 : { SELL 22059.81@0.8079342} 
Fri Nov 07 03:06:32 EST 2014 , 4 , 2 , 2 , 130306 : { BUY 2843.78@0.80470892} 130305 : { BUY 2843.78@0.80470892} 130304 : { SELL 22059.81@0.8079342} 130303 : { SELL 22059.81@0.8079342} 
Fri Nov 07 03:09:33 EST 2014 , 4 , 2 , 2 , 130306 : { BUY 2843.78@0.80470892} 130305 : { BUY 2843.78@0.80470892} 130304 : { SELL 22059.81@0.8079342} 130303 : { SELL 22059.81@0.8079342} 
Fri Nov 07 03:12:34 EST 2014 , 4 , 2 , 2 , 130306 : { BUY 2843.78@0.80470892} 130305 : { BUY 2843.78@0.80470892} 130304 : { SELL 22059.81@0.8079342} 130303 : { SELL 22059.81@0.8079342} 
Fri Nov 07 03:15:35 EST 2014 , 4 , 2 , 2 , 130306 : { BUY 2843.78@0.80470892} 130305 : { BUY 2843.78@0.80470892} 130304 : { SELL 22059.81@0.8079342} 130303 : { SELL 22059.81@0.8079342} 
Fri Nov 07 03:18:36 EST 2014 , 4 , 2 , 2 , 130306 : { BUY 2843.78@0.80470892} 130305 : { BUY 2843.78@0.80470892} 130304 : { SELL 22059.81@0.8079342} 130303 : { SELL 22059.81@0.8079342} 
Fri Nov 07 03:21:37 EST 2014 , 4 , 2 , 2 , 130306 : { BUY 2843.78@0.80470892} 130305 : { BUY 2843.78@0.80470892} 130304 : { SELL 22059.81@0.8079342} 130303 : { SELL 22059.81@0.8079342} 
Fri Nov 07 03:24:38 EST 2014 , 4 , 2 , 2 , 130306 : { BUY 2843.78@0.80470892} 130305 : { BUY 2843.78@0.80470892} 130304 : { SELL 22059.81@0.8079342} 130303 : { SELL 22059.81@0.8079342} 
Fri Nov 07 03:27:39 EST 2014 , 4 , 2 , 2 , 130306 : { BUY 2843.78@0.80470892} 130305 : { BUY 2843.78@0.80470892} 130304 : { SELL 22059.81@0.8079342} 130303 : { SELL 22059.81@0.8079342} 
Fri Nov 07 03:30:40 EST 2014 , 4 , 2 , 2 , 130306 : { BUY 2843.78@0.80470892} 130305 : { BUY 2843.78@0.80470892} 130304 : { SELL 22059.81@0.8079342} 130303 : { SELL 22059.81@0.8079342} 
Fri Nov 07 03:33:41 EST 2014 , 4 , 2 , 2 , 130306 : { BUY 2843.78@0.80470892} 130305 : { BUY 2843.78@0.80470892} 130304 : { SELL 22059.81@0.8079342} 130303 : { SELL 22059.81@0.8079342} 
Fri Nov 07 03:36:42 EST 2014 , 4 , 2 , 2 , 130306 : { BUY 2843.78@0.80470892} 130305 : { BUY 2843.78@0.80470892} 130304 : { SELL 22059.81@0.8079342} 130303 : { SELL 22059.81@0.8079342} 
Fri Nov 07 03:39:43 EST 2014 , 4 , 2 , 2 , 130306 : { BUY 2843.78@0.80470892} 130305 : { BUY 2843.78@0.80470892} 130304 : { SELL 22059.81@0.8079342} 130303 : { SELL 22059.81@0.8079342} 
Fri Nov 07 03:42:44 EST 2014 , 4 , 2 , 2 , 130306 : { BUY 2843.78@0.80470892} 130305 : { BUY 2843.78@0.80470892} 130304 : { SELL 22059.81@0.8079342} 130303 : { SELL 22059.81@0.8079342} 
Fri Nov 07 03:45:45 EST 2014 , 4 , 2 , 2 , 130306 : { BUY 2843.78@0.80470892} 130305 : { BUY 2843.78@0.80470892} 130304 : { SELL 22059.81@0.8079342} 130303 : { SELL 22059.81@0.8079342} 
Fri Nov 07 03:48:46 EST 2014 , 4 , 2 , 2 , 130306 : { BUY 2843.78@0.80470892} 130305 : { BUY 2843.78@0.80470892} 130304 : { SELL 22059.81@0.8079342} 130303 : { SELL 22059.81@0.8079342} 
Fri Nov 07 03:51:47 EST 2014 , 4 , 2 , 2 , 130306 : { BUY 2843.78@0.80470892} 130305 : { BUY 2843.78@0.80470892} 130304 : { SELL 22059.81@0.8079342} 130303 : { SELL 22059.81@0.8079342} 
Fri Nov 07 03:54:48 EST 2014 , 4 , 2 , 2 , 130306 : { BUY 2843.78@0.80470892} 130305 : { BUY 2843.78@0.80470892} 130304 : { SELL 22059.81@0.8079342} 130303 : { SELL 22059.81@0.8079342} 
Fri Nov 07 03:57:49 EST 2014 , 4 , 2 , 2 , 130306 : { BUY 2843.78@0.80470892} 130305 : { BUY 2843.78@0.80470892} 130304 : { SELL 22059.81@0.8079342} 130303 : { SELL 22059.81@0.8079342} 
Fri Nov 07 04:00:50 EST 2014 , 4 , 2 , 2 , 130306 : { BUY 2843.78@0.80470892} 130305 : { BUY 2843.78@0.80470892} 130304 : { SELL 22059.81@0.8079342} 130303 : { SELL 22059.81@0.8079342} 
Fri Nov 07 04:03:51 EST 2014 , 4 , 2 , 2 , 130306 : { BUY 2843.78@0.80470892} 130305 : { BUY 2843.78@0.80470892} 130304 : { SELL 22059.81@0.8079342} 130303 : { SELL 22059.81@0.8079342} 
Fri Nov 07 04:06:52 EST 2014 , 4 , 2 , 2 , 130306 : { BUY 2843.78@0.80470892} 130305 : { BUY 2843.78@0.80470892} 130304 : { SELL 22059.81@0.8079342} 130303 : { SELL 22059.81@0.8079342} 
Fri Nov 07 04:09:53 EST 2014 , 4 , 2 , 2 , 130306 : { BUY 2843.78@0.80470892} 130305 : { BUY 2843.78@0.80470892} 130304 : { SELL 22059.81@0.8079342} 130303 : { SELL 22059.81@0.8079342} 
Fri Nov 07 04:12:54 EST 2014 , 4 , 2 , 2 , 130306 : { BUY 2843.78@0.80470892} 130305 : { BUY 2843.78@0.80470892} 130304 : { SELL 22059.81@0.8079342} 130303 : { SELL 22059.81@0.8079342} 
Fri Nov 07 04:15:55 EST 2014 , 4 , 2 , 2 , 130306 : { BUY 2843.78@0.80470892} 130305 : { BUY 2843.78@0.80470892} 130304 : { SELL 22059.81@0.8079342} 130303 : { SELL 22059.81@0.8079342} 
Fri Nov 07 04:18:56 EST 2014 , 4 , 2 , 2 , 130306 : { BUY 2843.78@0.80470892} 130305 : { BUY 2843.78@0.80470892} 130304 : { SELL 22059.81@0.8079342} 130303 : { SELL 22059.81@0.8079342} 
Fri Nov 07 04:21:57 EST 2014 , 4 , 2 , 2 , 130306 : { BUY 2843.78@0.80470892} 130305 : { BUY 2843.78@0.80470892} 130304 : { SELL 22059.81@0.8079342} 130303 : { SELL 22059.81@0.8079342} 
Fri Nov 07 04:24:58 EST 2014 , 4 , 2 , 2 , 130306 : { BUY 2843.78@0.80470892} 130305 : { BUY 2843.78@0.80470892} 130304 : { SELL 22059.81@0.8079342} 130303 : { SELL 22059.81@0.8079342} 
Fri Nov 07 04:27:59 EST 2014 , 4 , 2 , 2 , 130306 : { BUY 2843.78@0.80470892} 130305 : { BUY 2843.78@0.80470892} 130304 : { SELL 22059.81@0.8079342} 130303 : { SELL 22059.81@0.8079342} 
Fri Nov 07 04:31:00 EST 2014 , 4 , 2 , 2 , 130306 : { BUY 2843.78@0.80470892} 130305 : { BUY 2843.78@0.80470892} 130304 : { SELL 22059.81@0.8079342} 130303 : { SELL 22059.81@0.8079342} 
Fri Nov 07 04:34:01 EST 2014 , 4 , 2 , 2 , 130306 : { BUY 2843.78@0.80470892} 130305 : { BUY 2843.78@0.80470892} 130304 : { SELL 22059.81@0.8079342} 130303 : { SELL 22059.81@0.8079342} 
Fri Nov 07 04:37:02 EST 2014 , 4 , 2 , 2 , 130306 : { BUY 2843.78@0.80470892} 130305 : { BUY 2843.78@0.80470892} 130304 : { SELL 22059.81@0.8079342} 130303 : { SELL 22059.81@0.8079342} 
Fri Nov 07 04:40:03 EST 2014 , 4 , 2 , 2 , 130306 : { BUY 2843.78@0.80470892} 130305 : { BUY 2843.78@0.80470892} 130304 : { SELL 22059.81@0.8079342} 130303 : { SELL 22059.81@0.8079342} 
Fri Nov 07 04:43:04 EST 2014 , 4 , 2 , 2 , 130306 : { BUY 2843.78@0.80470892} 130305 : { BUY 2843.78@0.80470892} 130304 : { SELL 22059.81@0.8079342} 130303 : { SELL 22059.81@0.8079342} 
Fri Nov 07 04:46:05 EST 2014 , 4 , 2 , 2 , 130306 : { BUY 2843.78@0.80470892} 130305 : { BUY 2843.78@0.80470892} 130304 : { SELL 22059.81@0.8079342} 130303 : { SELL 22059.81@0.8079342} 
Fri Nov 07 04:49:06 EST 2014 , 4 , 2 , 2 , 130306 : { BUY 2843.78@0.80470892} 130305 : { BUY 2843.78@0.80470892} 130304 : { SELL 22059.81@0.8079342} 130303 : { SELL 22059.81@0.8079342} 
Fri Nov 07 04:52:07 EST 2014 , 4 , 2 , 2 , 130306 : { BUY 2843.78@0.80470892} 130305 : { BUY 2843.78@0.80470892} 130304 : { SELL 22059.81@0.8079342} 130303 : { SELL 22059.81@0.8079342} 
Fri Nov 07 04:55:08 EST 2014 , 4 , 2 , 2 , 130306 : { BUY 2843.78@0.80470892} 130305 : { BUY 2843.78@0.80470892} 130304 : { SELL 22059.81@0.8079342} 130303 : { SELL 22059.81@0.8079342} 
Fri Nov 07 04:58:09 EST 2014 , 4 , 2 , 2 , 130306 : { BUY 2843.78@0.80470892} 130305 : { BUY 2843.78@0.80470892} 130304 : { SELL 22059.81@0.8079342} 130303 : { SELL 22059.81@0.8079342} 
Fri Nov 07 05:01:10 EST 2014 , 4 , 2 , 2 , 130306 : { BUY 2843.78@0.80470892} 130305 : { BUY 2843.78@0.80470892} 130304 : { SELL 22059.81@0.8079342} 130303 : { SELL 22059.81@0.8079342} 
Fri Nov 07 05:04:11 EST 2014 , 4 , 2 , 2 , 130306 : { BUY 2843.78@0.80470892} 130305 : { BUY 2843.78@0.80470892} 130304 : { SELL 22059.81@0.8079342} 130303 : { SELL 22059.81@0.8079342} 
Fri Nov 07 05:07:12 EST 2014 , 4 , 2 , 2 , 130306 : { BUY 2843.78@0.80470892} 130305 : { BUY 2843.78@0.80470892} 130304 : { SELL 22059.81@0.8079342} 130303 : { SELL 22059.81@0.8079342} 
Fri Nov 07 05:10:13 EST 2014 , 4 , 2 , 2 , 130306 : { BUY 2843.78@0.80470892} 130305 : { BUY 2843.78@0.80470892} 130304 : { SELL 22059.81@0.8079342} 130303 : { SELL 22059.81@0.8079342} 
Fri Nov 07 05:13:14 EST 2014 , 4 , 2 , 2 , 130306 : { BUY 2843.78@0.80470892} 130305 : { BUY 2843.78@0.80470892} 130304 : { SELL 22059.81@0.8079342} 130303 : { SELL 22059.81@0.8079342} 
Fri Nov 07 05:16:15 EST 2014 , 4 , 2 , 2 , 130306 : { BUY 2843.78@0.80470892} 130305 : { BUY 2843.78@0.80470892} 130304 : { SELL 22059.81@0.8079342} 130303 : { SELL 22059.81@0.8079342} 
Fri Nov 07 05:19:16 EST 2014 , 4 , 2 , 2 , 130306 : { BUY 2843.78@0.80470892} 130305 : { BUY 2843.78@0.80470892} 130304 : { SELL 22059.81@0.8079342} 130303 : { SELL 22059.81@0.8079342} 
Fri Nov 07 05:22:17 EST 2014 , 4 , 2 , 2 , 130306 : { BUY 2843.78@0.80470892} 130305 : { BUY 2843.78@0.80470892} 130304 : { SELL 22059.81@0.8079342} 130303 : { SELL 22059.81@0.8079342} 
Fri Nov 07 05:25:18 EST 2014 , 4 , 2 , 2 , 130306 : { BUY 2843.78@0.80470892} 130305 : { BUY 2843.78@0.80470892} 130304 : { SELL 22059.81@0.8079342} 130303 : { SELL 22059.81@0.8079342} 
Fri Nov 07 05:28:19 EST 2014 , 4 , 2 , 2 , 130306 : { BUY 2843.78@0.80470892} 130305 : { BUY 2843.78@0.80470892} 130304 : { SELL 22059.81@0.8079342} 130303 : { SELL 22059.81@0.8079342} 
Fri Nov 07 05:31:20 EST 2014 , 4 , 2 , 2 , 130306 : { BUY 2843.78@0.80470892} 130305 : { BUY 2843.78@0.80470892} 130304 : { SELL 22059.81@0.8079342} 130303 : { SELL 22059.81@0.8079342} 
Fri Nov 07 05:34:21 EST 2014 , 4 , 2 , 2 , 130306 : { BUY 2843.78@0.80470892} 130305 : { BUY 2843.78@0.80470892} 130304 : { SELL 22059.81@0.8079342} 130303 : { SELL 22059.81@0.8079342} 
Fri Nov 07 05:37:22 EST 2014 , 4 , 2 , 2 , 130306 : { BUY 2843.78@0.80470892} 130305 : { BUY 2843.78@0.80470892} 130304 : { SELL 22059.81@0.8079342} 130303 : { SELL 22059.81@0.8079342} 
Fri Nov 07 05:40:23 EST 2014 , 4 , 2 , 2 , 130306 : { BUY 2843.78@0.80470892} 130305 : { BUY 2843.78@0.80470892} 130304 : { SELL 22059.81@0.8079342} 130303 : { SELL 22059.81@0.8079342} 
Fri Nov 07 05:43:24 EST 2014 , 4 , 2 , 2 , 130306 : { BUY 2843.78@0.80470892} 130305 : { BUY 2843.78@0.80470892} 130304 : { SELL 22059.81@0.8079342} 130303 : { SELL 22059.81@0.8079342} 
Fri Nov 07 05:46:25 EST 2014 , 4 , 2 , 2 , 130306 : { BUY 2843.78@0.80470892} 130305 : { BUY 2843.78@0.80470892} 130304 : { SELL 22059.81@0.8079342} 130303 : { SELL 22059.81@0.8079342} 
Fri Nov 07 05:49:26 EST 2014 , 4 , 2 , 2 , 130306 : { BUY 2843.78@0.80470892} 130305 : { BUY 2843.78@0.80470892} 130304 : { SELL 22059.81@0.8079342} 130303 : { SELL 22059.81@0.8079342} 
Fri Nov 07 05:52:27 EST 2014 , 4 , 2 , 2 , 130306 : { BUY 2843.78@0.80470892} 130305 : { BUY 2843.78@0.80470892} 130304 : { SELL 22059.81@0.8079342} 130303 : { SELL 22059.81@0.8079342} 
Fri Nov 07 05:55:28 EST 2014 , 4 , 2 , 2 , 130306 : { BUY 2843.78@0.80470892} 130305 : { BUY 2843.78@0.80470892} 130304 : { SELL 22059.81@0.8079342} 130303 : { SELL 22059.81@0.8079342} 
Fri Nov 07 05:58:29 EST 2014 , 4 , 2 , 2 , 130306 : { BUY 2843.78@0.80470892} 130305 : { BUY 2843.78@0.80470892} 130304 : { SELL 22059.81@0.8079342} 130303 : { SELL 22059.81@0.8079342} 
Fri Nov 07 06:01:30 EST 2014 , 4 , 2 , 2 , 130306 : { BUY 2843.78@0.80470892} 130305 : { BUY 2843.78@0.80470892} 130304 : { SELL 22059.81@0.8079342} 130303 : { SELL 22059.81@0.8079342} 
Fri Nov 07 06:04:31 EST 2014 , 4 , 2 , 2 , 130306 : { BUY 2843.78@0.80470892} 130305 : { BUY 2843.78@0.80470892} 130304 : { SELL 22059.81@0.8079342} 130303 : { SELL 22059.81@0.8079342} 
Fri Nov 07 06:07:32 EST 2014 , 4 , 2 , 2 , 130306 : { BUY 2843.78@0.80470892} 130305 : { BUY 2843.78@0.80470892} 130304 : { SELL 22059.81@0.8079342} 130303 : { SELL 22059.81@0.8079342} 
Fri Nov 07 06:10:33 EST 2014 , 4 , 2 , 2 , 130306 : { BUY 2843.78@0.80470892} 130305 : { BUY 2843.78@0.80470892} 130304 : { SELL 22059.81@0.8079342} 130303 : { SELL 22059.81@0.8079342} 
Fri Nov 07 06:13:34 EST 2014 , 4 , 2 , 2 , 130306 : { BUY 2843.78@0.80470892} 130305 : { BUY 2843.78@0.80470892} 130304 : { SELL 22059.81@0.8079342} 130303 : { SELL 22059.81@0.8079342} 
Fri Nov 07 06:16:35 EST 2014 , 4 , 2 , 2 , 130306 : { BUY 2843.78@0.80470892} 130305 : { BUY 2843.78@0.80470892} 130304 : { SELL 22059.81@0.8079342} 130303 : { SELL 22059.81@0.8079342} 
Fri Nov 07 06:19:36 EST 2014 , 4 , 2 , 2 , 130306 : { BUY 2843.78@0.80470892} 130305 : { BUY 2843.78@0.80470892} 130304 : { SELL 22059.81@0.8079342} 130303 : { SELL 22059.81@0.8079342} 
Fri Nov 07 06:22:37 EST 2014 , 4 , 2 , 2 , 130306 : { BUY 2843.78@0.80470892} 130305 : { BUY 2843.78@0.80470892} 130304 : { SELL 22059.81@0.8079342} 130303 : { SELL 22059.81@0.8079342} 
Fri Nov 07 06:25:38 EST 2014 , 4 , 2 , 2 , 130306 : { BUY 2843.78@0.80470892} 130305 : { BUY 2843.78@0.80470892} 130304 : { SELL 22059.81@0.8079342} 130303 : { SELL 22059.81@0.8079342} 
Fri Nov 07 06:28:39 EST 2014 , 4 , 2 , 2 , 130306 : { BUY 2843.78@0.80470892} 130305 : { BUY 2843.78@0.80470892} 130304 : { SELL 22059.81@0.8079342} 130303 : { SELL 22059.81@0.8079342} 
Fri Nov 07 06:31:40 EST 2014 , 4 , 2 , 2 , 130306 : { BUY 2843.78@0.80470892} 130305 : { BUY 2843.78@0.80470892} 130304 : { SELL 22059.81@0.8079342} 130303 : { SELL 22059.81@0.8079342} 
Fri Nov 07 06:34:41 EST 2014 , 4 , 2 , 2 , 130306 : { BUY 2843.78@0.80470892} 130305 : { BUY 2843.78@0.80470892} 130304 : { SELL 22059.81@0.8079342} 130303 : { SELL 22059.81@0.8079342} 
Fri Nov 07 06:37:42 EST 2014 , 4 , 2 , 2 , 130306 : { BUY 2843.78@0.80470892} 130305 : { BUY 2843.78@0.80470892} 130304 : { SELL 22059.81@0.8079342} 130303 : { SELL 22059.81@0.8079342} 
Fri Nov 07 06:40:43 EST 2014 , 4 , 2 , 2 , 130306 : { BUY 2843.78@0.80470892} 130305 : { BUY 2843.78@0.80470892} 130304 : { SELL 22059.81@0.8079342} 130303 : { SELL 22059.81@0.8079342} 
Fri Nov 07 06:43:44 EST 2014 , 4 , 2 , 2 , 130306 : { BUY 2843.78@0.80470892} 130305 : { BUY 2843.78@0.80470892} 130304 : { SELL 22059.81@0.8079342} 130303 : { SELL 22059.81@0.8079342} 
Fri Nov 07 06:46:45 EST 2014 , 4 , 2 , 2 , 130306 : { BUY 2843.78@0.80470892} 130305 : { BUY 2843.78@0.80470892} 130304 : { SELL 22059.81@0.8079342} 130303 : { SELL 22059.81@0.8079342} 
Fri Nov 07 06:49:46 EST 2014 , 4 , 2 , 2 , 130306 : { BUY 2843.78@0.80470892} 130305 : { BUY 2843.78@0.80470892} 130304 : { SELL 22059.81@0.8079342} 130303 : { SELL 22059.81@0.8079342} 
Fri Nov 07 06:52:47 EST 2014 , 4 , 2 , 2 , 130306 : { BUY 2843.78@0.80470892} 130305 : { BUY 2843.78@0.80470892} 130304 : { SELL 22059.81@0.8079342} 130303 : { SELL 22059.81@0.8079342} 
Fri Nov 07 06:55:48 EST 2014 , 4 , 2 , 2 , 130306 : { BUY 2843.78@0.80470892} 130305 : { BUY 2843.78@0.80470892} 130304 : { SELL 22059.81@0.8079342} 130303 : { SELL 22059.81@0.8079342} 
Fri Nov 07 06:58:49 EST 2014 , 4 , 2 , 2 , 130306 : { BUY 2843.78@0.80470892} 130305 : { BUY 2843.78@0.80470892} 130304 : { SELL 22059.81@0.8079342} 130303 : { SELL 22059.81@0.8079342} 
Fri Nov 07 07:01:50 EST 2014 , 4 , 2 , 2 , 130306 : { BUY 2843.78@0.80470892} 130305 : { BUY 2843.78@0.80470892} 130304 : { SELL 22059.81@0.8079342} 130303 : { SELL 22059.81@0.8079342} 
Fri Nov 07 07:04:51 EST 2014 , 4 , 2 , 2 , 130306 : { BUY 2843.78@0.80470892} 130305 : { BUY 2843.78@0.80470892} 130304 : { SELL 22059.81@0.8079342} 130303 : { SELL 22059.81@0.8079342} 
Fri Nov 07 07:07:52 EST 2014 , 4 , 2 , 2 , 130306 : { BUY 2843.78@0.80470892} 130305 : { BUY 2843.78@0.80470892} 130304 : { SELL 22059.81@0.8079342} 130303 : { SELL 22059.81@0.8079342} 
Fri Nov 07 07:10:53 EST 2014 , 4 , 2 , 2 , 130306 : { BUY 2843.78@0.80470892} 130305 : { BUY 2843.78@0.80470892} 130304 : { SELL 22059.81@0.8079342} 130303 : { SELL 22059.81@0.8079342} 
Fri Nov 07 07:13:54 EST 2014 , 4 , 2 , 2 , 130306 : { BUY 2843.78@0.80470892} 130305 : { BUY 2843.78@0.80470892} 130304 : { SELL 22059.81@0.8079342} 130303 : { SELL 22059.81@0.8079342} 
Fri Nov 07 07:16:55 EST 2014 , 4 , 2 , 2 , 130306 : { BUY 2843.78@0.80470892} 130305 : { BUY 2843.78@0.80470892} 130304 : { SELL 22059.81@0.8079342} 130303 : { SELL 22059.81@0.8079342} 
Fri Nov 07 07:19:56 EST 2014 , 4 , 2 , 2 , 130306 : { BUY 2843.78@0.80470892} 130305 : { BUY 2843.78@0.80470892} 130304 : { SELL 22059.81@0.8079342} 130303 : { SELL 22059.81@0.8079342} 
Fri Nov 07 07:22:57 EST 2014 , 4 , 2 , 2 , 130306 : { BUY 2843.78@0.80470892} 130305 : { BUY 2843.78@0.80470892} 130304 : { SELL 22059.81@0.8079342} 130303 : { SELL 22059.81@0.8079342} 
Fri Nov 07 07:25:58 EST 2014 , 4 , 2 , 2 , 130306 : { BUY 2843.78@0.80470892} 130305 : { BUY 2843.78@0.80470892} 130304 : { SELL 22059.81@0.8079342} 130303 : { SELL 22059.81@0.8079342} 
Fri Nov 07 07:28:59 EST 2014 , 4 , 2 , 2 , 130306 : { BUY 2843.78@0.80470892} 130305 : { BUY 2843.78@0.80470892} 130304 : { SELL 22059.81@0.8079342} 130303 : { SELL 22059.81@0.8079342} 
Fri Nov 07 07:32:00 EST 2014 , 4 , 2 , 2 , 130306 : { BUY 2843.78@0.80470892} 130305 : { BUY 2843.78@0.80470892} 130304 : { SELL 22059.81@0.8079342} 130303 : { SELL 22059.81@0.8079342} 
Fri Nov 07 07:35:01 EST 2014 , 4 , 2 , 2 , 130306 : { BUY 2843.78@0.80470892} 130305 : { BUY 2843.78@0.80470892} 130304 : { SELL 22059.81@0.8079342} 130303 : { SELL 22059.81@0.8079342} 
Fri Nov 07 07:38:02 EST 2014 , 4 , 2 , 2 , 130306 : { BUY 2843.78@0.80470892} 130305 : { BUY 2843.78@0.80470892} 130304 : { SELL 22059.81@0.8079342} 130303 : { SELL 22059.81@0.8079342} 
Fri Nov 07 07:41:03 EST 2014 , 4 , 2 , 2 , 130306 : { BUY 2843.78@0.80470892} 130305 : { BUY 2843.78@0.80470892} 130304 : { SELL 22059.81@0.8079342} 130303 : { SELL 22059.81@0.8079342} 
Fri Nov 07 07:44:04 EST 2014 , 4 , 2 , 2 , 130306 : { BUY 2843.78@0.80470892} 130305 : { BUY 2843.78@0.80470892} 130304 : { SELL 22059.81@0.8079342} 130303 : { SELL 22059.81@0.8079342} 
Fri Nov 07 07:47:05 EST 2014 , 4 , 2 , 2 , 130306 : { BUY 2843.78@0.80470892} 130305 : { BUY 2843.78@0.80470892} 130304 : { SELL 22059.81@0.8079342} 130303 : { SELL 22059.81@0.8079342} 
Fri Nov 07 07:50:06 EST 2014 , 4 , 2 , 2 , 130306 : { BUY 2843.78@0.80470892} 130305 : { BUY 2843.78@0.80470892} 130304 : { SELL 22059.81@0.8079342} 130303 : { SELL 22059.81@0.8079342} 
Fri Nov 07 07:53:07 EST 2014 , 4 , 2 , 2 , 130306 : { BUY 2843.78@0.80470892} 130305 : { BUY 2843.78@0.80470892} 130304 : { SELL 22059.81@0.8079342} 130303 : { SELL 22059.81@0.8079342} 
Fri Nov 07 07:56:08 EST 2014 , 4 , 2 , 2 , 130306 : { BUY 2843.78@0.80470892} 130305 : { BUY 2843.78@0.80470892} 130304 : { SELL 22059.81@0.8079342} 130303 : { SELL 22059.81@0.8079342} 
Fri Nov 07 07:59:09 EST 2014 , 4 , 2 , 2 , 130306 : { BUY 2843.78@0.80470892} 130305 : { BUY 2843.78@0.80470892} 130304 : { SELL 22059.81@0.8079342} 130303 : { SELL 22059.81@0.8079342} 
Fri Nov 07 08:02:10 EST 2014 , 4 , 2 , 2 , 130306 : { BUY 2843.78@0.80470892} 130305 : { BUY 2843.78@0.80470892} 130304 : { SELL 22059.81@0.8079342} 130303 : { SELL 22059.81@0.8079342} 
Fri Nov 07 08:05:11 EST 2014 , 4 , 2 , 2 , 130306 : { BUY 2843.78@0.80470892} 130305 : { BUY 2843.78@0.80470892} 130304 : { SELL 22059.81@0.8079342} 130303 : { SELL 22059.81@0.8079342} 
Fri Nov 07 08:08:12 EST 2014 , 4 , 2 , 2 , 130306 : { BUY 2843.78@0.80470892} 130305 : { BUY 2843.78@0.80470892} 130304 : { SELL 22059.81@0.8079342} 130303 : { SELL 22059.81@0.8079342} 
Fri Nov 07 08:11:13 EST 2014 , 4 , 2 , 2 , 130306 : { BUY 2843.78@0.80470892} 130305 : { BUY 2843.78@0.80470892} 130304 : { SELL 22059.81@0.8079342} 130303 : { SELL 22059.81@0.8079342} 
Fri Nov 07 08:14:14 EST 2014 , 4 , 2 , 2 , 130306 : { BUY 2843.78@0.80470892} 130305 : { BUY 2843.78@0.80470892} 130304 : { SELL 22059.81@0.8079342} 130303 : { SELL 22059.81@0.8079342} 
Fri Nov 07 08:17:15 EST 2014 , 4 , 2 , 2 , 130306 : { BUY 2843.78@0.80470892} 130305 : { BUY 2843.78@0.80470892} 130304 : { SELL 22059.81@0.8079342} 130303 : { SELL 22059.81@0.8079342} 
Fri Nov 07 08:20:16 EST 2014 , 4 , 2 , 2 , 130306 : { BUY 2843.78@0.80470892} 130305 : { BUY 2843.78@0.80470892} 130304 : { SELL 22059.81@0.8079342} 130303 : { SELL 22059.81@0.8079342} 
Fri Nov 07 08:23:17 EST 2014 , 4 , 2 , 2 , 130306 : { BUY 2843.78@0.80470892} 130305 : { BUY 2843.78@0.80470892} 130304 : { SELL 22059.81@0.8079342} 130303 : { SELL 22059.81@0.8079342} 
Fri Nov 07 08:26:18 EST 2014 , 4 , 2 , 2 , 130306 : { BUY 2843.78@0.80470892} 130305 : { BUY 2843.78@0.80470892} 130304 : { SELL 22059.81@0.8079342} 130303 : { SELL 22059.81@0.8079342} 
Fri Nov 07 08:29:19 EST 2014 , 4 , 2 , 2 , 130306 : { BUY 2843.78@0.80470892} 130305 : { BUY 2843.78@0.80470892} 130304 : { SELL 22059.81@0.8079342} 130303 : { SELL 22059.81@0.8079342} 
Fri Nov 07 08:32:20 EST 2014 , 4 , 2 , 2 , 130306 : { BUY 2843.78@0.80470892} 130305 : { BUY 2843.78@0.80470892} 130304 : { SELL 22059.81@0.8079342} 130303 : { SELL 22059.81@0.8079342} 
Fri Nov 07 08:35:21 EST 2014 , 4 , 2 , 2 , 130306 : { BUY 2843.78@0.80470892} 130305 : { BUY 2843.78@0.80470892} 130304 : { SELL 22059.81@0.8079342} 130303 : { SELL 22059.81@0.8079342} 
Fri Nov 07 08:38:22 EST 2014 , 4 , 2 , 2 , 130306 : { BUY 2843.78@0.80470892} 130305 : { BUY 2843.78@0.80470892} 130304 : { SELL 22059.81@0.8079342} 130303 : { SELL 22059.81@0.8079342} 
Fri Nov 07 08:41:23 EST 2014 , 4 , 2 , 2 , 130306 : { BUY 2843.78@0.80470892} 130305 : { BUY 2843.78@0.80470892} 130304 : { SELL 22059.81@0.8079342} 130303 : { SELL 22059.81@0.8079342} 
Fri Nov 07 08:44:24 EST 2014 , 4 , 2 , 2 , 130306 : { BUY 2843.78@0.80470892} 130305 : { BUY 2843.78@0.80470892} 130304 : { SELL 22059.81@0.8079342} 130303 : { SELL 22059.81@0.8079342} 
Fri Nov 07 08:47:25 EST 2014 , 4 , 2 , 2 , 130306 : { BUY 2843.78@0.80470892} 130305 : { BUY 2843.78@0.80470892} 130304 : { SELL 22059.81@0.8079342} 130303 : { SELL 22059.81@0.8079342} 
Fri Nov 07 08:50:26 EST 2014 , 4 , 2 , 2 , 130306 : { BUY 2843.78@0.80470892} 130305 : { BUY 2843.78@0.80470892} 130304 : { SELL 22059.81@0.8079342} 130303 : { SELL 22059.81@0.8079342} 
Fri Nov 07 08:53:27 EST 2014 , 4 , 2 , 2 , 130306 : { BUY 2843.78@0.80470892} 130305 : { BUY 2843.78@0.80470892} 130304 : { SELL 22059.81@0.8079342} 130303 : { SELL 22059.81@0.8079342} 
Fri Nov 07 08:56:28 EST 2014 , 4 , 2 , 2 , 130306 : { BUY 2843.78@0.80470892} 130305 : { BUY 2843.78@0.80470892} 130304 : { SELL 22059.81@0.8079342} 130303 : { SELL 22059.81@0.8079342} 
Fri Nov 07 08:59:29 EST 2014 , 4 , 2 , 2 , 130306 : { BUY 2843.78@0.80470892} 130305 : { BUY 2843.78@0.80470892} 130304 : { SELL 22059.81@0.8079342} 130303 : { SELL 22059.81@0.8079342} 
Fri Nov 07 09:02:30 EST 2014 , 4 , 2 , 2 , 130306 : { BUY 2843.78@0.80470892} 130305 : { BUY 2843.78@0.80470892} 130304 : { SELL 22059.81@0.8079342} 130303 : { SELL 22059.81@0.8079342} 
Fri Nov 07 09:05:31 EST 2014 , 4 , 2 , 2 , 130306 : { BUY 2843.78@0.80470892} 130305 : { BUY 2843.78@0.80470892} 130304 : { SELL 22059.81@0.8079342} 130303 : { SELL 22059.81@0.8079342} 
Fri Nov 07 09:08:32 EST 2014 , 4 , 2 , 2 , 130306 : { BUY 2843.78@0.80470892} 130305 : { BUY 2843.78@0.80470892} 130304 : { SELL 22059.81@0.8079342} 130303 : { SELL 22059.81@0.8079342} 
Fri Nov 07 09:11:33 EST 2014 , 4 , 2 , 2 , 130306 : { BUY 2843.78@0.80470892} 130305 : { BUY 2843.78@0.80470892} 130304 : { SELL 22059.81@0.8079342} 130303 : { SELL 22059.81@0.8079342} 
Fri Nov 07 09:14:34 EST 2014 , 4 , 2 , 2 , 130306 : { BUY 2843.78@0.80470892} 130305 : { BUY 2843.78@0.80470892} 130304 : { SELL 22059.81@0.8079342} 130303 : { SELL 22059.81@0.8079342} 
Fri Nov 07 09:17:35 EST 2014 , 4 , 2 , 2 , 130306 : { BUY 2843.78@0.80470892} 130305 : { BUY 2843.78@0.80470892} 130304 : { SELL 22059.81@0.8079342} 130303 : { SELL 22059.81@0.8079342} 
Fri Nov 07 09:20:36 EST 2014 , 4 , 2 , 2 , 130306 : { BUY 2843.78@0.80470892} 130305 : { BUY 2843.78@0.80470892} 130304 : { SELL 22059.81@0.8079342} 130303 : { SELL 22059.81@0.8079342} 
Fri Nov 07 09:23:37 EST 2014 , 4 , 2 , 2 , 130306 : { BUY 2843.78@0.80470892} 130305 : { BUY 2843.78@0.80470892} 130304 : { SELL 22059.81@0.8079342} 130303 : { SELL 22059.81@0.8079342} 
Fri Nov 07 09:26:38 EST 2014 , 4 , 2 , 2 , 130306 : { BUY 2843.78@0.80470892} 130305 : { BUY 2843.78@0.80470892} 130304 : { SELL 22059.81@0.8079342} 130303 : { SELL 22059.81@0.8079342} 
Fri Nov 07 09:29:39 EST 2014 , 4 , 2 , 2 , 130306 : { BUY 2843.78@0.80470892} 130305 : { BUY 2843.78@0.80470892} 130304 : { SELL 22059.81@0.8079342} 130303 : { SELL 22059.81@0.8079342} 
Fri Nov 07 09:32:40 EST 2014 , 4 , 2 , 2 , 130306 : { BUY 2843.78@0.80470892} 130305 : { BUY 2843.78@0.80470892} 130304 : { SELL 22059.81@0.8079342} 130303 : { SELL 22059.81@0.8079342} 
Fri Nov 07 09:35:41 EST 2014 , 4 , 2 , 2 , 130306 : { BUY 2843.78@0.80470892} 130305 : { BUY 2843.78@0.80470892} 130304 : { SELL 22059.81@0.8079342} 130303 : { SELL 22059.81@0.8079342} 
Fri Nov 07 09:38:42 EST 2014 , 4 , 2 , 2 , 130306 : { BUY 2843.78@0.80470892} 130305 : { BUY 2843.78@0.80470892} 130304 : { SELL 22059.81@0.8079342} 130303 : { SELL 22059.81@0.8079342} 
Fri Nov 07 09:41:43 EST 2014 , 4 , 2 , 2 , 130306 : { BUY 2843.78@0.80470892} 130305 : { BUY 2843.78@0.80470892} 130304 : { SELL 22059.81@0.8079342} 130303 : { SELL 22059.81@0.8079342} 
Fri Nov 07 09:44:44 EST 2014 , 4 , 2 , 2 , 130306 : { BUY 2843.78@0.80470892} 130305 : { BUY 2843.78@0.80470892} 130304 : { SELL 22059.81@0.8079342} 130303 : { SELL 22059.81@0.8079342} 
Fri Nov 07 09:47:45 EST 2014 , 4 , 2 , 2 , 130306 : { BUY 2843.78@0.80470892} 130305 : { BUY 2843.78@0.80470892} 130304 : { SELL 22059.81@0.8079342} 130303 : { SELL 22059.81@0.8079342} 
Fri Nov 07 09:50:46 EST 2014 , 4 , 2 , 2 , 130306 : { BUY 2843.78@0.80470892} 130305 : { BUY 2843.78@0.80470892} 130304 : { SELL 22059.81@0.8079342} 130303 : { SELL 22059.81@0.8079342} 
Fri Nov 07 09:53:47 EST 2014 , 4 , 2 , 2 , 130306 : { BUY 2843.78@0.80470892} 130305 : { BUY 2843.78@0.80470892} 130304 : { SELL 22059.81@0.8079342} 130303 : { SELL 22059.81@0.8079342} 
Fri Nov 07 09:56:48 EST 2014 , 4 , 2 , 2 , 130306 : { BUY 2843.78@0.80470892} 130305 : { BUY 2843.78@0.80470892} 130304 : { SELL 22059.81@0.8079342} 130303 : { SELL 22059.81@0.8079342} 
Fri Nov 07 09:59:49 EST 2014 , 4 , 2 , 2 , 130306 : { BUY 2843.78@0.80470892} 130305 : { BUY 2843.78@0.80470892} 130304 : { SELL 22059.81@0.8079342} 130303 : { SELL 22059.81@0.8079342} 
Fri Nov 07 10:02:50 EST 2014 , 4 , 2 , 2 , 130306 : { BUY 2843.78@0.80470892} 130305 : { BUY 2843.78@0.80470892} 130304 : { SELL 22059.81@0.8079342} 130303 : { SELL 22059.81@0.8079342} 
Fri Nov 07 10:05:51 EST 2014 , 4 , 2 , 2 , 130306 : { BUY 2843.78@0.80470892} 130305 : { BUY 2843.78@0.80470892} 130304 : { SELL 22059.81@0.8079342} 130303 : { SELL 22059.81@0.8079342} 
Fri Nov 07 10:08:52 EST 2014 , 4 , 2 , 2 , 130306 : { BUY 2843.78@0.80470892} 130305 : { BUY 2843.78@0.80470892} 130304 : { SELL 22059.81@0.8079342} 130303 : { SELL 22059.81@0.8079342} 
Fri Nov 07 10:11:53 EST 2014 , 4 , 2 , 2 , 130306 : { BUY 2843.78@0.80470892} 130305 : { BUY 2843.78@0.80470892} 130304 : { SELL 22059.81@0.8079342} 130303 : { SELL 22059.81@0.8079342} 
Fri Nov 07 10:14:54 EST 2014 , 4 , 2 , 2 , 130306 : { BUY 2843.78@0.80470892} 130305 : { BUY 2843.78@0.80470892} 130304 : { SELL 22059.81@0.8079342} 130303 : { SELL 22059.81@0.8079342} 
Fri Nov 07 10:17:55 EST 2014 , 4 , 2 , 2 , 130306 : { BUY 2843.78@0.80470892} 130305 : { BUY 2843.78@0.80470892} 130304 : { SELL 22059.81@0.8079342} 130303 : { SELL 22059.81@0.8079342} 
Fri Nov 07 10:20:56 EST 2014 , 4 , 2 , 2 , 130306 : { BUY 2843.78@0.80470892} 130305 : { BUY 2843.78@0.80470892} 130304 : { SELL 22059.81@0.8079342} 130303 : { SELL 22059.81@0.8079342} 
Fri Nov 07 10:23:57 EST 2014 , 4 , 2 , 2 , 130306 : { BUY 2843.78@0.80470892} 130305 : { BUY 2843.78@0.80470892} 130304 : { SELL 22059.81@0.8079342} 130303 : { SELL 22059.81@0.8079342} 
Fri Nov 07 10:26:58 EST 2014 , 4 , 2 , 2 , 130306 : { BUY 2843.78@0.80470892} 130305 : { BUY 2843.78@0.80470892} 130304 : { SELL 22059.81@0.8079342} 130303 : { SELL 22059.81@0.8079342} 
Fri Nov 07 10:30:00 EST 2014 , 4 , 2 , 2 , 130306 : { BUY 2843.78@0.80470892} 130305 : { BUY 2843.78@0.80470892} 130304 : { SELL 22059.81@0.8079342} 130303 : { SELL 22059.81@0.8079342} 
Fri Nov 07 10:33:00 EST 2014 , 4 , 2 , 2 , 130306 : { BUY 2843.78@0.80470892} 130305 : { BUY 2843.78@0.80470892} 130304 : { SELL 22059.81@0.8079342} 130303 : { SELL 22059.81@0.8079342} 
Fri Nov 07 10:36:01 EST 2014 , 4 , 2 , 2 , 130306 : { BUY 2843.78@0.80470892} 130305 : { BUY 2843.78@0.80470892} 130304 : { SELL 22059.81@0.8079342} 130303 : { SELL 22059.81@0.8079342} 
Fri Nov 07 10:39:02 EST 2014 , 4 , 2 , 2 , 130306 : { BUY 2843.78@0.80470892} 130305 : { BUY 2843.78@0.80470892} 130304 : { SELL 22059.81@0.8079342} 130303 : { SELL 22059.81@0.8079342} 
Fri Nov 07 10:42:03 EST 2014 , 4 , 2 , 2 , 130306 : { BUY 2843.78@0.80470892} 130305 : { BUY 2843.78@0.80470892} 130304 : { SELL 22059.81@0.8079342} 130303 : { SELL 22059.81@0.8079342} 
Fri Nov 07 10:45:04 EST 2014 , 4 , 2 , 2 , 130306 : { BUY 2843.78@0.80470892} 130305 : { BUY 2843.78@0.80470892} 130304 : { SELL 22059.81@0.8079342} 130303 : { SELL 22059.81@0.8079342} 
Fri Nov 07 10:48:05 EST 2014 , 4 , 2 , 2 , 130306 : { BUY 2843.78@0.80470892} 130305 : { BUY 2843.78@0.80470892} 130304 : { SELL 22059.81@0.8079342} 130303 : { SELL 22059.81@0.8079342} 
Fri Nov 07 10:51:06 EST 2014 , 4 , 2 , 2 , 130306 : { BUY 2843.78@0.80470892} 130305 : { BUY 2843.78@0.80470892} 130304 : { SELL 22059.81@0.8079342} 130303 : { SELL 22059.81@0.8079342} 
Fri Nov 07 10:54:07 EST 2014 , 4 , 2 , 2 , 130306 : { BUY 2843.78@0.80470892} 130305 : { BUY 2843.78@0.80470892} 130304 : { SELL 22059.81@0.8079342} 130303 : { SELL 22059.81@0.8079342} 
Fri Nov 07 10:57:08 EST 2014 , 4 , 2 , 2 , 130306 : { BUY 2843.78@0.80470892} 130305 : { BUY 2843.78@0.80470892} 130304 : { SELL 22059.81@0.8079342} 130303 : { SELL 22059.81@0.8079342} 
Fri Nov 07 11:00:09 EST 2014 , 4 , 2 , 2 , 130306 : { BUY 2843.78@0.80470892} 130305 : { BUY 2843.78@0.80470892} 130304 : { SELL 22059.81@0.8079342} 130303 : { SELL 22059.81@0.8079342} 
Fri Nov 07 11:03:10 EST 2014 , 4 , 2 , 2 , 130306 : { BUY 2843.78@0.80470892} 130305 : { BUY 2843.78@0.80470892} 130304 : { SELL 22059.81@0.8079342} 130303 : { SELL 22059.81@0.8079342} 
Fri Nov 07 11:06:11 EST 2014 , 4 , 2 , 2 , 130306 : { BUY 2843.78@0.80470892} 130305 : { BUY 2843.78@0.80470892} 130304 : { SELL 22059.81@0.8079342} 130303 : { SELL 22059.81@0.8079342} 
Fri Nov 07 11:09:12 EST 2014 , 4 , 2 , 2 , 130306 : { BUY 2843.78@0.80470892} 130305 : { BUY 2843.78@0.80470892} 130304 : { SELL 22059.81@0.8079342} 130303 : { SELL 22059.81@0.8079342} 
Fri Nov 07 11:12:13 EST 2014 , 4 , 2 , 2 , 130306 : { BUY 2843.78@0.80470892} 130305 : { BUY 2843.78@0.80470892} 130304 : { SELL 22059.81@0.8079342} 130303 : { SELL 22059.81@0.8079342} 
Fri Nov 07 11:15:14 EST 2014 , 4 , 2 , 2 , 130306 : { BUY 2843.78@0.80470892} 130305 : { BUY 2843.78@0.80470892} 130304 : { SELL 22059.81@0.8079342} 130303 : { SELL 22059.81@0.8079342} 
Fri Nov 07 11:18:15 EST 2014 , 4 , 2 , 2 , 130306 : { BUY 2843.78@0.80470892} 130305 : { BUY 2843.78@0.80470892} 130304 : { SELL 22059.81@0.8079342} 130303 : { SELL 22059.81@0.8079342} 
Fri Nov 07 11:21:16 EST 2014 , 4 , 2 , 2 , 130306 : { BUY 2843.78@0.80470892} 130305 : { BUY 2843.78@0.80470892} 130304 : { SELL 22059.81@0.8079342} 130303 : { SELL 22059.81@0.8079342} 
Fri Nov 07 11:24:17 EST 2014 , 4 , 2 , 2 , 130306 : { BUY 2843.78@0.80470892} 130305 : { BUY 2843.78@0.80470892} 130304 : { SELL 22059.81@0.8079342} 130303 : { SELL 22059.81@0.8079342} 
Fri Nov 07 11:27:18 EST 2014 , 4 , 2 , 2 , 130306 : { BUY 2843.78@0.80470892} 130305 : { BUY 2843.78@0.80470892} 130304 : { SELL 22059.81@0.8079342} 130303 : { SELL 22059.81@0.8079342} 
Fri Nov 07 11:30:19 EST 2014 , 4 , 2 , 2 , 130306 : { BUY 2843.78@0.80470892} 130305 : { BUY 2843.78@0.80470892} 130304 : { SELL 22059.81@0.8079342} 130303 : { SELL 22059.81@0.8079342} 
Fri Nov 07 11:33:20 EST 2014 , 4 , 2 , 2 , 130306 : { BUY 2843.78@0.80470892} 130305 : { BUY 2843.78@0.80470892} 130304 : { SELL 22059.81@0.8079342} 130303 : { SELL 22059.81@0.8079342} 
Fri Nov 07 11:36:21 EST 2014 , 4 , 2 , 2 , 130306 : { BUY 2843.78@0.80470892} 130305 : { BUY 2843.78@0.80470892} 130304 : { SELL 22059.81@0.8079342} 130303 : { SELL 22059.81@0.8079342} 
Fri Nov 07 11:39:22 EST 2014 , 4 , 2 , 2 , 130306 : { BUY 2843.78@0.80470892} 130305 : { BUY 2843.78@0.80470892} 130304 : { SELL 22059.81@0.8079342} 130303 : { SELL 22059.81@0.8079342} 
Fri Nov 07 11:42:23 EST 2014 , 4 , 2 , 2 , 130306 : { BUY 2843.78@0.80470892} 130305 : { BUY 2843.78@0.80470892} 130304 : { SELL 22059.81@0.8079342} 130303 : { SELL 22059.81@0.8079342} 
Fri Nov 07 11:45:24 EST 2014 , 4 , 2 , 2 , 130306 : { BUY 2843.78@0.80470892} 130305 : { BUY 2843.78@0.80470892} 130304 : { SELL 22059.81@0.8079342} 130303 : { SELL 22059.81@0.8079342} 
Fri Nov 07 11:48:25 EST 2014 , 4 , 2 , 2 , 130306 : { BUY 2843.78@0.80470892} 130305 : { BUY 2843.78@0.80470892} 130304 : { SELL 22059.81@0.8079342} 130303 : { SELL 22059.81@0.8079342} 
Fri Nov 07 11:51:26 EST 2014 , 4 , 2 , 2 , 130306 : { BUY 2843.78@0.80470892} 130305 : { BUY 2843.78@0.80470892} 130304 : { SELL 22059.81@0.8079342} 130303 : { SELL 22059.81@0.8079342} 
Fri Nov 07 11:54:27 EST 2014 , 4 , 2 , 2 , 130306 : { BUY 2843.78@0.80470892} 130305 : { BUY 2843.78@0.80470892} 130304 : { SELL 22059.81@0.8079342} 130303 : { SELL 22059.81@0.8079342} 
Fri Nov 07 11:57:28 EST 2014 , 4 , 2 , 2 , 130306 : { BUY 2843.78@0.80470892} 130305 : { BUY 2843.78@0.80470892} 130304 : { SELL 22059.81@0.8079342} 130303 : { SELL 22059.81@0.8079342} 
Fri Nov 07 12:00:29 EST 2014 , 4 , 2 , 2 , 130306 : { BUY 2843.78@0.80470892} 130305 : { BUY 2843.78@0.80470892} 130304 : { SELL 22059.81@0.8079342} 130303 : { SELL 22059.81@0.8079342} 
Fri Nov 07 12:03:30 EST 2014 , 4 , 2 , 2 , 130306 : { BUY 2843.78@0.80470892} 130305 : { BUY 2843.78@0.80470892} 130304 : { SELL 22059.81@0.8079342} 130303 : { SELL 22059.81@0.8079342} 
Fri Nov 07 12:06:31 EST 2014 , 4 , 2 , 2 , 130306 : { BUY 2843.78@0.80470892} 130305 : { BUY 2843.78@0.80470892} 130304 : { SELL 22059.81@0.8079342} 130303 : { SELL 22059.81@0.8079342} 
Fri Nov 07 12:09:32 EST 2014 , 4 , 2 , 2 , 130306 : { BUY 2843.78@0.80470892} 130305 : { BUY 2843.78@0.80470892} 130304 : { SELL 22059.81@0.8079342} 130303 : { SELL 22059.81@0.8079342} 
Fri Nov 07 12:12:33 EST 2014 , 4 , 2 , 2 , 130306 : { BUY 2843.78@0.80470892} 130305 : { BUY 2843.78@0.80470892} 130304 : { SELL 22059.81@0.8079342} 130303 : { SELL 22059.81@0.8079342} 
Fri Nov 07 12:15:34 EST 2014 , 4 , 2 , 2 , 130306 : { BUY 2843.78@0.80470892} 130305 : { BUY 2843.78@0.80470892} 130304 : { SELL 22059.81@0.8079342} 130303 : { SELL 22059.81@0.8079342} 
Fri Nov 07 12:18:35 EST 2014 , 4 , 2 , 2 , 130306 : { BUY 2843.78@0.80470892} 130305 : { BUY 2843.78@0.80470892} 130304 : { SELL 22059.81@0.8079342} 130303 : { SELL 22059.81@0.8079342} 
Fri Nov 07 12:21:36 EST 2014 , 4 , 2 , 2 , 130306 : { BUY 2843.78@0.80470892} 130305 : { BUY 2843.78@0.80470892} 130304 : { SELL 22059.81@0.8079342} 130303 : { SELL 22059.81@0.8079342} 
Fri Nov 07 12:24:37 EST 2014 , 4 , 2 , 2 , 130306 : { BUY 2843.78@0.80470892} 130305 : { BUY 2843.78@0.80470892} 130304 : { SELL 22059.81@0.8079342} 130303 : { SELL 22059.81@0.8079342} 
Fri Nov 07 12:27:38 EST 2014 , 4 , 2 , 2 , 130306 : { BUY 2843.78@0.80470892} 130305 : { BUY 2843.78@0.80470892} 130304 : { SELL 22059.81@0.8079342} 130303 : { SELL 22059.81@0.8079342} 
Fri Nov 07 12:30:39 EST 2014 , 4 , 2 , 2 , 130306 : { BUY 2843.78@0.80470892} 130305 : { BUY 2843.78@0.80470892} 130304 : { SELL 22059.81@0.8079342} 130303 : { SELL 22059.81@0.8079342} 
Fri Nov 07 12:33:40 EST 2014 , 4 , 2 , 2 , 130306 : { BUY 2843.78@0.80470892} 130305 : { BUY 2843.78@0.80470892} 130304 : { SELL 22059.81@0.8079342} 130303 : { SELL 22059.81@0.8079342} 
Fri Nov 07 12:36:41 EST 2014 , 4 , 2 , 2 , 130306 : { BUY 2843.78@0.80470892} 130305 : { BUY 2843.78@0.80470892} 130304 : { SELL 22059.81@0.8079342} 130303 : { SELL 22059.81@0.8079342} 
Fri Nov 07 12:39:42 EST 2014 , 4 , 2 , 2 , 130306 : { BUY 2843.78@0.80470892} 130305 : { BUY 2843.78@0.80470892} 130304 : { SELL 22059.81@0.8079342} 130303 : { SELL 22059.81@0.8079342} 
Fri Nov 07 12:42:43 EST 2014 , 4 , 2 , 2 , 130306 : { BUY 2843.78@0.80470892} 130305 : { BUY 2843.78@0.80470892} 130304 : { SELL 22059.81@0.8079342} 130303 : { SELL 22059.81@0.8079342} 
Fri Nov 07 12:45:44 EST 2014 , 4 , 2 , 2 , 130306 : { BUY 2843.78@0.80470892} 130305 : { BUY 2843.78@0.80470892} 130304 : { SELL 22059.81@0.8079342} 130303 : { SELL 22059.81@0.8079342} 
Fri Nov 07 12:48:45 EST 2014 , 4 , 2 , 2 , 130306 : { BUY 2843.78@0.80470892} 130305 : { BUY 2843.78@0.80470892} 130304 : { SELL 22059.81@0.8079342} 130303 : { SELL 22059.81@0.8079342} 
Fri Nov 07 12:51:46 EST 2014 , 4 , 2 , 2 , 130306 : { BUY 2843.78@0.80470892} 130305 : { BUY 2843.78@0.80470892} 130304 : { SELL 22059.81@0.8079342} 130303 : { SELL 22059.81@0.8079342} 
Fri Nov 07 12:54:47 EST 2014 , 4 , 2 , 2 , 130306 : { BUY 2843.78@0.80470892} 130305 : { BUY 2843.78@0.80470892} 130304 : { SELL 22059.81@0.8079342} 130303 : { SELL 22059.81@0.8079342} 
Fri Nov 07 12:57:48 EST 2014 , 4 , 2 , 2 , 130306 : { BUY 2843.78@0.80470892} 130305 : { BUY 2843.78@0.80470892} 130304 : { SELL 22059.81@0.8079342} 130303 : { SELL 22059.81@0.8079342} 
Fri Nov 07 13:00:49 EST 2014 , 4 , 2 , 2 , 130306 : { BUY 2843.78@0.80470892} 130305 : { BUY 2843.78@0.80470892} 130304 : { SELL 22059.81@0.8079342} 130303 : { SELL 22059.81@0.8079342} 
Fri Nov 07 13:03:50 EST 2014 , 4 , 2 , 2 , 130306 : { BUY 2843.78@0.80470892} 130305 : { BUY 2843.78@0.80470892} 130304 : { SELL 22059.81@0.8079342} 130303 : { SELL 22059.81@0.8079342} 
Fri Nov 07 13:06:51 EST 2014 , 4 , 2 , 2 , 130306 : { BUY 2843.78@0.80470892} 130305 : { BUY 2843.78@0.80470892} 130304 : { SELL 22059.81@0.8079342} 130303 : { SELL 22059.81@0.8079342} 
Fri Nov 07 13:09:52 EST 2014 , 4 , 2 , 2 , 130306 : { BUY 2843.78@0.80470892} 130305 : { BUY 2843.78@0.80470892} 130304 : { SELL 22059.81@0.8079342} 130303 : { SELL 22059.81@0.8079342} 
Fri Nov 07 13:12:53 EST 2014 , 4 , 2 , 2 , 130306 : { BUY 2843.78@0.80470892} 130305 : { BUY 2843.78@0.80470892} 130304 : { SELL 22059.81@0.8079342} 130303 : { SELL 22059.81@0.8079342} 
Fri Nov 07 13:15:54 EST 2014 , 4 , 2 , 2 , 130306 : { BUY 2843.78@0.80470892} 130305 : { BUY 2843.78@0.80470892} 130304 : { SELL 22059.81@0.8079342} 130303 : { SELL 22059.81@0.8079342} 
Fri Nov 07 13:18:55 EST 2014 , 4 , 2 , 2 , 130306 : { BUY 2843.78@0.80470892} 130305 : { BUY 2843.78@0.80470892} 130304 : { SELL 22059.81@0.8079342} 130303 : { SELL 22059.81@0.8079342} 
Fri Nov 07 13:21:56 EST 2014 , 4 , 2 , 2 , 130306 : { BUY 2843.78@0.80470892} 130305 : { BUY 2843.78@0.80470892} 130304 : { SELL 22059.81@0.8079342} 130303 : { SELL 22059.81@0.8079342} 
Fri Nov 07 13:24:57 EST 2014 , 4 , 2 , 2 , 130306 : { BUY 2843.78@0.80470892} 130305 : { BUY 2843.78@0.80470892} 130304 : { SELL 22059.81@0.8079342} 130303 : { SELL 22059.81@0.8079342} 
Fri Nov 07 13:27:58 EST 2014 , 4 , 2 , 2 , 130306 : { BUY 2843.78@0.80470892} 130305 : { BUY 2843.78@0.80470892} 130304 : { SELL 22059.81@0.8079342} 130303 : { SELL 22059.81@0.8079342} 
Fri Nov 07 13:30:59 EST 2014 , 4 , 2 , 2 , 130306 : { BUY 2843.78@0.80470892} 130305 : { BUY 2843.78@0.80470892} 130304 : { SELL 22059.81@0.8079342} 130303 : { SELL 22059.81@0.8079342} 
Fri Nov 07 13:34:00 EST 2014 , 4 , 2 , 2 , 130306 : { BUY 2843.78@0.80470892} 130305 : { BUY 2843.78@0.80470892} 130304 : { SELL 22059.81@0.8079342} 130303 : { SELL 22059.81@0.8079342} 
Fri Nov 07 13:37:01 EST 2014 , 4 , 2 , 2 , 130306 : { BUY 2843.78@0.80470892} 130305 : { BUY 2843.78@0.80470892} 130304 : { SELL 22059.81@0.8079342} 130303 : { SELL 22059.81@0.8079342} 
Fri Nov 07 13:40:02 EST 2014 , 4 , 2 , 2 , 130306 : { BUY 2843.78@0.80470892} 130305 : { BUY 2843.78@0.80470892} 130304 : { SELL 22059.81@0.8079342} 130303 : { SELL 22059.81@0.8079342} 
Fri Nov 07 13:43:03 EST 2014 , 4 , 2 , 2 , 130306 : { BUY 2843.78@0.80470892} 130305 : { BUY 2843.78@0.80470892} 130304 : { SELL 22059.81@0.8079342} 130303 : { SELL 22059.81@0.8079342} 
Fri Nov 07 13:46:04 EST 2014 , 4 , 2 , 2 , 130306 : { BUY 2843.78@0.80470892} 130305 : { BUY 2843.78@0.80470892} 130304 : { SELL 22059.81@0.8079342} 130303 : { SELL 22059.81@0.8079342} 
Fri Nov 07 13:49:05 EST 2014 , 4 , 2 , 2 , 130306 : { BUY 2843.78@0.80470892} 130305 : { BUY 2843.78@0.80470892} 130304 : { SELL 22059.81@0.8079342} 130303 : { SELL 22059.81@0.8079342} 
Fri Nov 07 13:52:06 EST 2014 , 4 , 2 , 2 , 130306 : { BUY 2843.78@0.80470892} 130305 : { BUY 2843.78@0.80470892} 130304 : { SELL 22059.81@0.8079342} 130303 : { SELL 22059.81@0.8079342} 
Fri Nov 07 13:55:07 EST 2014 , 4 , 2 , 2 , 130306 : { BUY 2843.78@0.80470892} 130305 : { BUY 2843.78@0.80470892} 130304 : { SELL 22059.81@0.8079342} 130303 : { SELL 22059.81@0.8079342} 
Fri Nov 07 13:58:08 EST 2014 , 4 , 2 , 2 , 130306 : { BUY 2843.78@0.80470892} 130305 : { BUY 2843.78@0.80470892} 130304 : { SELL 22059.81@0.8079342} 130303 : { SELL 22059.81@0.8079342} 
Fri Nov 07 14:01:09 EST 2014 , 4 , 2 , 2 , 130306 : { BUY 2843.78@0.80470892} 130305 : { BUY 2843.78@0.80470892} 130304 : { SELL 22059.81@0.8079342} 130303 : { SELL 22059.81@0.8079342} 
Fri Nov 07 14:04:10 EST 2014 , 4 , 2 , 2 , 130306 : { BUY 2843.78@0.80470892} 130305 : { BUY 2843.78@0.80470892} 130304 : { SELL 22059.81@0.8079342} 130303 : { SELL 22059.81@0.8079342} 
Fri Nov 07 14:07:11 EST 2014 , 4 , 2 , 2 , 130306 : { BUY 2843.78@0.80470892} 130305 : { BUY 2843.78@0.80470892} 130304 : { SELL 22059.81@0.8079342} 130303 : { SELL 22059.81@0.8079342} 
Fri Nov 07 14:10:12 EST 2014 , 4 , 2 , 2 , 130306 : { BUY 2843.78@0.80470892} 130305 : { BUY 2843.78@0.80470892} 130304 : { SELL 22059.81@0.8079342} 130303 : { SELL 22059.81@0.8079342} 
Fri Nov 07 14:13:13 EST 2014 , 4 , 2 , 2 , 130306 : { BUY 2843.78@0.80470892} 130305 : { BUY 2843.78@0.80470892} 130304 : { SELL 22059.81@0.8079342} 130303 : { SELL 22059.81@0.8079342} 
Fri Nov 07 14:16:14 EST 2014 , 4 , 2 , 2 , 130306 : { BUY 2843.78@0.80470892} 130305 : { BUY 2843.78@0.80470892} 130304 : { SELL 22059.81@0.8079342} 130303 : { SELL 22059.81@0.8079342} 
Fri Nov 07 14:19:15 EST 2014 , 4 , 2 , 2 , 130306 : { BUY 2843.78@0.80470892} 130305 : { BUY 2843.78@0.80470892} 130304 : { SELL 22059.81@0.8079342} 130303 : { SELL 22059.81@0.8079342} 
Fri Nov 07 14:22:16 EST 2014 , 4 , 2 , 2 , 130306 : { BUY 2843.78@0.80470892} 130305 : { BUY 2843.78@0.80470892} 130304 : { SELL 22059.81@0.8079342} 130303 : { SELL 22059.81@0.8079342} 
Fri Nov 07 14:25:17 EST 2014 , 4 , 2 , 2 , 130306 : { BUY 2843.78@0.80470892} 130305 : { BUY 2843.78@0.80470892} 130304 : { SELL 22059.81@0.8079342} 130303 : { SELL 22059.81@0.8079342} 
Fri Nov 07 14:28:18 EST 2014 , 4 , 2 , 2 , 130306 : { BUY 2843.78@0.80470892} 130305 : { BUY 2843.78@0.80470892} 130304 : { SELL 22059.81@0.8079342} 130303 : { SELL 22059.81@0.8079342} 
Fri Nov 07 14:31:19 EST 2014 , 4 , 2 , 2 , 130306 : { BUY 2843.78@0.80470892} 130305 : { BUY 2843.78@0.80470892} 130304 : { SELL 22059.81@0.8079342} 130303 : { SELL 22059.81@0.8079342} 
Fri Nov 07 14:34:20 EST 2014 , 4 , 2 , 2 , 130306 : { BUY 2843.78@0.80470892} 130305 : { BUY 2843.78@0.80470892} 130304 : { SELL 22059.81@0.8079342} 130303 : { SELL 22059.81@0.8079342} 
Fri Nov 07 14:37:21 EST 2014 , 4 , 2 , 2 , 130306 : { BUY 2843.78@0.80470892} 130305 : { BUY 2843.78@0.80470892} 130304 : { SELL 22059.81@0.8079342} 130303 : { SELL 22059.81@0.8079342} 
Fri Nov 07 14:40:22 EST 2014 , 4 , 2 , 2 , 130306 : { BUY 2843.78@0.80470892} 130305 : { BUY 2843.78@0.80470892} 130304 : { SELL 22059.81@0.8079342} 130303 : { SELL 22059.81@0.8079342} 
Fri Nov 07 14:43:23 EST 2014 , 4 , 2 , 2 , 130306 : { BUY 2843.78@0.80470892} 130305 : { BUY 2843.78@0.80470892} 130304 : { SELL 22059.81@0.8079342} 130303 : { SELL 22059.81@0.8079342} 
Fri Nov 07 14:46:24 EST 2014 , 4 , 2 , 2 , 130306 : { BUY 2843.78@0.80470892} 130305 : { BUY 2843.78@0.80470892} 130304 : { SELL 22059.81@0.8079342} 130303 : { SELL 22059.81@0.8079342} 
Fri Nov 07 14:49:25 EST 2014 , 4 , 2 , 2 , 130306 : { BUY 2843.78@0.80470892} 130305 : { BUY 2843.78@0.80470892} 130304 : { SELL 22059.81@0.8079342} 130303 : { SELL 22059.81@0.8079342} 
Fri Nov 07 14:52:26 EST 2014 , 4 , 2 , 2 , 130306 : { BUY 2843.78@0.80470892} 130305 : { BUY 2843.78@0.80470892} 130304 : { SELL 22059.81@0.8079342} 130303 : { SELL 22059.81@0.8079342} 
Fri Nov 07 14:55:27 EST 2014 , 4 , 2 , 2 , 130306 : { BUY 2843.78@0.80470892} 130305 : { BUY 2843.78@0.80470892} 130304 : { SELL 22059.81@0.8079342} 130303 : { SELL 22059.81@0.8079342} 
Fri Nov 07 14:58:28 EST 2014 , 4 , 2 , 2 , 130306 : { BUY 2843.78@0.80470892} 130305 : { BUY 2843.78@0.80470892} 130304 : { SELL 22059.81@0.8079342} 130303 : { SELL 22059.81@0.8079342} 
Fri Nov 07 15:01:29 EST 2014 , 4 , 2 , 2 , 130306 : { BUY 2843.78@0.80470892} 130305 : { BUY 2843.78@0.80470892} 130304 : { SELL 22059.81@0.8079342} 130303 : { SELL 22059.81@0.8079342} 
Fri Nov 07 15:04:30 EST 2014 , 4 , 2 , 2 , 130306 : { BUY 2843.78@0.80470892} 130305 : { BUY 2843.78@0.80470892} 130304 : { SELL 22059.81@0.8079342} 130303 : { SELL 22059.81@0.8079342} 
Fri Nov 07 15:07:31 EST 2014 , 4 , 2 , 2 , 130306 : { BUY 2843.78@0.80470892} 130305 : { BUY 2843.78@0.80470892} 130304 : { SELL 22059.81@0.8079342} 130303 : { SELL 22059.81@0.8079342} 
Fri Nov 07 15:10:32 EST 2014 , 4 , 2 , 2 , 130306 : { BUY 2843.78@0.80470892} 130305 : { BUY 2843.78@0.80470892} 130304 : { SELL 22059.81@0.8079342} 130303 : { SELL 22059.81@0.8079342} 
Fri Nov 07 15:13:33 EST 2014 , 4 , 2 , 2 , 130306 : { BUY 2843.78@0.80470892} 130305 : { BUY 2843.78@0.80470892} 130304 : { SELL 22059.81@0.8079342} 130303 : { SELL 22059.81@0.8079342} 
Fri Nov 07 15:16:34 EST 2014 , 4 , 2 , 2 , 130306 : { BUY 2843.78@0.80470892} 130305 : { BUY 2843.78@0.80470892} 130304 : { SELL 22059.81@0.8079342} 130303 : { SELL 22059.81@0.8079342} 
Fri Nov 07 15:19:35 EST 2014 , 4 , 2 , 2 , 130306 : { BUY 2843.78@0.80470892} 130305 : { BUY 2843.78@0.80470892} 130304 : { SELL 22059.81@0.8079342} 130303 : { SELL 22059.81@0.8079342} 
Fri Nov 07 15:22:36 EST 2014 , 4 , 2 , 2 , 130306 : { BUY 2843.78@0.80470892} 130305 : { BUY 2843.78@0.80470892} 130304 : { SELL 22059.81@0.8079342} 130303 : { SELL 22059.81@0.8079342} 
Fri Nov 07 15:25:37 EST 2014 , 4 , 2 , 2 , 130306 : { BUY 2843.78@0.80470892} 130305 : { BUY 2843.78@0.80470892} 130304 : { SELL 22059.81@0.8079342} 130303 : { SELL 22059.81@0.8079342} 
Fri Nov 07 15:28:38 EST 2014 , 4 , 2 , 2 , 130306 : { BUY 2843.78@0.80470892} 130305 : { BUY 2843.78@0.80470892} 130304 : { SELL 22059.81@0.8079342} 130303 : { SELL 22059.81@0.8079342} 
Fri Nov 07 15:31:40 EST 2014 , 4 , 2 , 2 , 130306 : { BUY 2843.78@0.80470892} 130305 : { BUY 2843.78@0.80470892} 130304 : { SELL 22059.81@0.8079342} 130303 : { SELL 22059.81@0.8079342} 
Fri Nov 07 15:34:40 EST 2014 , 4 , 2 , 2 , 130306 : { BUY 2843.78@0.80470892} 130305 : { BUY 2843.78@0.80470892} 130304 : { SELL 22059.81@0.8079342} 130303 : { SELL 22059.81@0.8079342} 
Fri Nov 07 15:37:41 EST 2014 , 4 , 2 , 2 , 130306 : { BUY 2843.78@0.80470892} 130305 : { BUY 2843.78@0.80470892} 130304 : { SELL 22059.81@0.8079342} 130303 : { SELL 22059.81@0.8079342} 
Fri Nov 07 15:40:42 EST 2014 , 4 , 2 , 2 , 130306 : { BUY 2843.78@0.80470892} 130305 : { BUY 2843.78@0.80470892} 130304 : { SELL 22059.81@0.8079342} 130303 : { SELL 22059.81@0.8079342} 
Fri Nov 07 15:43:43 EST 2014 , 4 , 2 , 2 , 130306 : { BUY 2843.78@0.80470892} 130305 : { BUY 2843.78@0.80470892} 130304 : { SELL 22059.81@0.8079342} 130303 : { SELL 22059.81@0.8079342} 
Fri Nov 07 15:46:44 EST 2014 , 4 , 2 , 2 , 130306 : { BUY 2843.78@0.80470892} 130305 : { BUY 2843.78@0.80470892} 130304 : { SELL 22059.81@0.8079342} 130303 : { SELL 22059.81@0.8079342} 
Fri Nov 07 15:49:45 EST 2014 , 4 , 2 , 2 , 130306 : { BUY 2843.78@0.80470892} 130305 : { BUY 2843.78@0.80470892} 130304 : { SELL 22059.81@0.8079342} 130303 : { SELL 22059.81@0.8079342} 
Fri Nov 07 15:52:46 EST 2014 , 4 , 2 , 2 , 130306 : { BUY 2843.78@0.80470892} 130305 : { BUY 2843.78@0.80470892} 130304 : { SELL 22059.81@0.8079342} 130303 : { SELL 22059.81@0.8079342} 
Fri Nov 07 15:55:47 EST 2014 , 4 , 2 , 2 , 130306 : { BUY 2843.78@0.80470892} 130305 : { BUY 2843.78@0.80470892} 130304 : { SELL 22059.81@0.8079342} 130303 : { SELL 22059.81@0.8079342} 
Fri Nov 07 15:58:48 EST 2014 , 4 , 2 , 2 , 130306 : { BUY 2843.78@0.80470892} 130305 : { BUY 2843.78@0.80470892} 130304 : { SELL 22059.81@0.8079342} 130303 : { SELL 22059.81@0.8079342} 
Fri Nov 07 16:01:49 EST 2014 , 4 , 2 , 2 , 130306 : { BUY 2843.78@0.80470892} 130305 : { BUY 2843.78@0.80470892} 130304 : { SELL 22059.81@0.8079342} 130303 : { SELL 22059.81@0.8079342} 
Fri Nov 07 16:04:50 EST 2014 , 4 , 2 , 2 , 130306 : { BUY 2843.78@0.80470892} 130305 : { BUY 2843.78@0.80470892} 130304 : { SELL 22059.81@0.8079342} 130303 : { SELL 22059.81@0.8079342} 
Fri Nov 07 16:07:51 EST 2014 , 4 , 2 , 2 , 130306 : { BUY 2843.78@0.80470892} 130305 : { BUY 2843.78@0.80470892} 130304 : { SELL 22059.81@0.8079342} 130303 : { SELL 22059.81@0.8079342} 
Fri Nov 07 16:10:52 EST 2014 , 4 , 2 , 2 , 130306 : { BUY 2843.78@0.80470892} 130305 : { BUY 2843.78@0.80470892} 130304 : { SELL 22059.81@0.8079342} 130303 : { SELL 22059.81@0.8079342} 
Fri Nov 07 16:13:53 EST 2014 , 4 , 2 , 2 , 130306 : { BUY 2843.78@0.80470892} 130305 : { BUY 2843.78@0.80470892} 130304 : { SELL 22059.81@0.8079342} 130303 : { SELL 22059.81@0.8079342} 
Fri Nov 07 16:16:54 EST 2014 , 4 , 2 , 2 , 130306 : { BUY 2843.78@0.80470892} 130305 : { BUY 2843.78@0.80470892} 130304 : { SELL 22059.81@0.8079342} 130303 : { SELL 22059.81@0.8079342} 
Fri Nov 07 16:19:55 EST 2014 , 4 , 2 , 2 , 130306 : { BUY 2843.78@0.80470892} 130305 : { BUY 2843.78@0.80470892} 130304 : { SELL 22059.81@0.8079342} 130303 : { SELL 22059.81@0.8079342} 
Fri Nov 07 16:22:56 EST 2014 , 4 , 2 , 2 , 130306 : { BUY 2843.78@0.80470892} 130305 : { BUY 2843.78@0.80470892} 130304 : { SELL 22059.81@0.8079342} 130303 : { SELL 22059.81@0.8079342} 
Fri Nov 07 16:25:57 EST 2014 , 4 , 2 , 2 , 130306 : { BUY 2843.78@0.80470892} 130305 : { BUY 2843.78@0.80470892} 130304 : { SELL 22059.81@0.8079342} 130303 : { SELL 22059.81@0.8079342} 
Fri Nov 07 16:28:58 EST 2014 , 4 , 2 , 2 , 130306 : { BUY 2843.78@0.80470892} 130305 : { BUY 2843.78@0.80470892} 130304 : { SELL 22059.81@0.8079342} 130303 : { SELL 22059.81@0.8079342} 
Fri Nov 07 16:31:59 EST 2014 , 4 , 2 , 2 , 130306 : { BUY 2843.78@0.80470892} 130305 : { BUY 2843.78@0.80470892} 130304 : { SELL 22059.81@0.8079342} 130303 : { SELL 22059.81@0.8079342} 
Fri Nov 07 16:35:00 EST 2014 , 4 , 2 , 2 , 130306 : { BUY 2843.78@0.80470892} 130305 : { BUY 2843.78@0.80470892} 130304 : { SELL 22059.81@0.8079342} 130303 : { SELL 22059.81@0.8079342} 
Fri Nov 07 16:38:01 EST 2014 , 4 , 2 , 2 , 130306 : { BUY 2843.78@0.80470892} 130305 : { BUY 2843.78@0.80470892} 130304 : { SELL 22059.81@0.8079342} 130303 : { SELL 22059.81@0.8079342} 
Fri Nov 07 16:41:02 EST 2014 , 4 , 2 , 2 , 130306 : { BUY 2843.78@0.80470892} 130305 : { BUY 2843.78@0.80470892} 130304 : { SELL 22059.81@0.8079342} 130303 : { SELL 22059.81@0.8079342} 
Fri Nov 07 16:44:03 EST 2014 , 4 , 2 , 2 , 130306 : { BUY 2843.78@0.80470892} 130305 : { BUY 2843.78@0.80470892} 130304 : { SELL 22059.81@0.8079342} 130303 : { SELL 22059.81@0.8079342} 
Fri Nov 07 16:47:04 EST 2014 , 4 , 2 , 2 , 130306 : { BUY 2843.78@0.80470892} 130305 : { BUY 2843.78@0.80470892} 130304 : { SELL 22059.81@0.8079342} 130303 : { SELL 22059.81@0.8079342} 
Fri Nov 07 16:50:05 EST 2014 , 4 , 2 , 2 , 130306 : { BUY 2843.78@0.80470892} 130305 : { BUY 2843.78@0.80470892} 130304 : { SELL 22059.81@0.8079342} 130303 : { SELL 22059.81@0.8079342} 
Fri Nov 07 16:53:06 EST 2014 , 4 , 2 , 2 , 130306 : { BUY 2843.78@0.80470892} 130305 : { BUY 2843.78@0.80470892} 130304 : { SELL 22059.81@0.8079342} 130303 : { SELL 22059.81@0.8079342} 
Fri Nov 07 16:56:07 EST 2014 , 4 , 2 , 2 , 130306 : { BUY 2843.78@0.80470892} 130305 : { BUY 2843.78@0.80470892} 130304 : { SELL 22059.81@0.8079342} 130303 : { SELL 22059.81@0.8079342} 
Fri Nov 07 16:59:08 EST 2014 , 4 , 2 , 2 , 130306 : { BUY 2843.78@0.80470892} 130305 : { BUY 2843.78@0.80470892} 130304 : { SELL 22059.81@0.8079342} 130303 : { SELL 22059.81@0.8079342} 
Fri Nov 07 17:02:09 EST 2014 , 4 , 2 , 2 , 130306 : { BUY 2843.78@0.80470892} 130305 : { BUY 2843.78@0.80470892} 130304 : { SELL 22059.81@0.8079342} 130303 : { SELL 22059.81@0.8079342} 
Fri Nov 07 17:05:10 EST 2014 , 4 , 2 , 2 , 130306 : { BUY 2843.78@0.80470892} 130305 : { BUY 2843.78@0.80470892} 130304 : { SELL 22059.81@0.8079342} 130303 : { SELL 22059.81@0.8079342} 
Fri Nov 07 17:08:11 EST 2014 , 4 , 2 , 2 , 130306 : { BUY 2843.78@0.80470892} 130305 : { BUY 2843.78@0.80470892} 130304 : { SELL 22059.81@0.8079342} 130303 : { SELL 22059.81@0.8079342} 
Fri Nov 07 17:11:12 EST 2014 , 4 , 2 , 2 , 130306 : { BUY 2843.78@0.80470892} 130305 : { BUY 2843.78@0.80470892} 130304 : { SELL 22059.81@0.8079342} 130303 : { SELL 22059.81@0.8079342} 
Fri Nov 07 17:14:13 EST 2014 , 4 , 2 , 2 , 130306 : { BUY 2843.78@0.80470892} 130305 : { BUY 2843.78@0.80470892} 130304 : { SELL 22059.81@0.8079342} 130303 : { SELL 22059.81@0.8079342} 
Fri Nov 07 17:17:14 EST 2014 , 4 , 2 , 2 , 130306 : { BUY 2843.78@0.80470892} 130305 : { BUY 2843.78@0.80470892} 130304 : { SELL 22059.81@0.8079342} 130303 : { SELL 22059.81@0.8079342} 
Fri Nov 07 17:20:15 EST 2014 , 4 , 2 , 2 , 130306 : { BUY 2843.78@0.80470892} 130305 : { BUY 2843.78@0.80470892} 130304 : { SELL 22059.81@0.8079342} 130303 : { SELL 22059.81@0.8079342} 
Fri Nov 07 17:23:16 EST 2014 , 4 , 2 , 2 , 130306 : { BUY 2843.78@0.80470892} 130305 : { BUY 2843.78@0.80470892} 130304 : { SELL 22059.81@0.8079342} 130303 : { SELL 22059.81@0.8079342} 
Fri Nov 07 17:26:17 EST 2014 , 4 , 2 , 2 , 130306 : { BUY 2843.78@0.80470892} 130305 : { BUY 2843.78@0.80470892} 130304 : { SELL 22059.81@0.8079342} 130303 : { SELL 22059.81@0.8079342} 
Fri Nov 07 17:29:18 EST 2014 , 4 , 2 , 2 , 130306 : { BUY 2843.78@0.80470892} 130305 : { BUY 2843.78@0.80470892} 130304 : { SELL 22059.81@0.8079342} 130303 : { SELL 22059.81@0.8079342} 
Fri Nov 07 17:32:19 EST 2014 , 4 , 2 , 2 , 130306 : { BUY 2843.78@0.80470892} 130305 : { BUY 2843.78@0.80470892} 130304 : { SELL 22059.81@0.8079342} 130303 : { SELL 22059.81@0.8079342} 
Fri Nov 07 17:35:20 EST 2014 , 4 , 2 , 2 , 130306 : { BUY 2843.78@0.80470892} 130305 : { BUY 2843.78@0.80470892} 130304 : { SELL 22059.81@0.8079342} 130303 : { SELL 22059.81@0.8079342} 
Fri Nov 07 17:38:21 EST 2014 , 4 , 2 , 2 , 130306 : { BUY 2843.78@0.80470892} 130305 : { BUY 2843.78@0.80470892} 130304 : { SELL 22059.81@0.8079342} 130303 : { SELL 22059.81@0.8079342} 
Fri Nov 07 17:41:22 EST 2014 , 4 , 2 , 2 , 130306 : { BUY 2843.78@0.80470892} 130305 : { BUY 2843.78@0.80470892} 130304 : { SELL 22059.81@0.8079342} 130303 : { SELL 22059.81@0.8079342} 
Fri Nov 07 17:44:23 EST 2014 , 4 , 2 , 2 , 130306 : { BUY 2843.78@0.80470892} 130305 : { BUY 2843.78@0.80470892} 130304 : { SELL 22059.81@0.8079342} 130303 : { SELL 22059.81@0.8079342} 
Fri Nov 07 17:47:24 EST 2014 , 4 , 2 , 2 , 130306 : { BUY 2843.78@0.80470892} 130305 : { BUY 2843.78@0.80470892} 130304 : { SELL 22059.81@0.8079342} 130303 : { SELL 22059.81@0.8079342} 
Fri Nov 07 17:50:25 EST 2014 , 4 , 2 , 2 , 130306 : { BUY 2843.78@0.80470892} 130305 : { BUY 2843.78@0.80470892} 130304 : { SELL 22059.81@0.8079342} 130303 : { SELL 22059.81@0.8079342} 
Fri Nov 07 17:53:26 EST 2014 , 4 , 2 , 2 , 130306 : { BUY 2843.78@0.80470892} 130305 : { BUY 2843.78@0.80470892} 130304 : { SELL 22059.81@0.8079342} 130303 : { SELL 22059.81@0.8079342} 
Fri Nov 07 17:56:27 EST 2014 , 4 , 2 , 2 , 130306 : { BUY 2843.78@0.80470892} 130305 : { BUY 2843.78@0.80470892} 130304 : { SELL 22059.81@0.8079342} 130303 : { SELL 22059.81@0.8079342} 
Fri Nov 07 17:59:28 EST 2014 , 4 , 2 , 2 , 130306 : { BUY 2843.78@0.80470892} 130305 : { BUY 2843.78@0.80470892} 130304 : { SELL 22059.81@0.8079342} 130303 : { SELL 22059.81@0.8079342} 
Fri Nov 07 18:02:29 EST 2014 , 4 , 2 , 2 , 130306 : { BUY 2843.78@0.80470892} 130305 : { BUY 2843.78@0.80470892} 130304 : { SELL 22059.81@0.8079342} 130303 : { SELL 22059.81@0.8079342} 
Fri Nov 07 18:05:30 EST 2014 , 4 , 2 , 2 , 130306 : { BUY 2843.78@0.80470892} 130305 : { BUY 2843.78@0.80470892} 130304 : { SELL 22059.81@0.8079342} 130303 : { SELL 22059.81@0.8079342} 
Fri Nov 07 18:08:31 EST 2014 , 4 , 2 , 2 , 130306 : { BUY 2843.78@0.80470892} 130305 : { BUY 2843.78@0.80470892} 130304 : { SELL 22059.81@0.8079342} 130303 : { SELL 22059.81@0.8079342} 
Fri Nov 07 18:11:32 EST 2014 , 4 , 2 , 2 , 130306 : { BUY 2843.78@0.80470892} 130305 : { BUY 2843.78@0.80470892} 130304 : { SELL 22059.81@0.8079342} 130303 : { SELL 22059.81@0.8079342} 
Fri Nov 07 18:14:33 EST 2014 , 4 , 2 , 2 , 130306 : { BUY 2843.78@0.80470892} 130305 : { BUY 2843.78@0.80470892} 130304 : { SELL 22059.81@0.8079342} 130303 : { SELL 22059.81@0.8079342} 
Fri Nov 07 18:17:34 EST 2014 , 4 , 2 , 2 , 130306 : { BUY 2843.78@0.80470892} 130305 : { BUY 2843.78@0.80470892} 130304 : { SELL 22059.81@0.8079342} 130303 : { SELL 22059.81@0.8079342} 
Fri Nov 07 18:20:35 EST 2014 , 4 , 2 , 2 , 130306 : { BUY 2843.78@0.80470892} 130305 : { BUY 2843.78@0.80470892} 130304 : { SELL 22059.81@0.8079342} 130303 : { SELL 22059.81@0.8079342} 
Fri Nov 07 18:23:36 EST 2014 , 4 , 2 , 2 , 130306 : { BUY 2843.78@0.80470892} 130305 : { BUY 2843.78@0.80470892} 130304 : { SELL 22059.81@0.8079342} 130303 : { SELL 22059.81@0.8079342} 
Fri Nov 07 18:26:37 EST 2014 , 4 , 2 , 2 , 130306 : { BUY 2843.78@0.80470892} 130305 : { BUY 2843.78@0.80470892} 130304 : { SELL 22059.81@0.8079342} 130303 : { SELL 22059.81@0.8079342} 
Fri Nov 07 18:29:38 EST 2014 , 4 , 2 , 2 , 130306 : { BUY 2843.78@0.80470892} 130305 : { BUY 2843.78@0.80470892} 130304 : { SELL 22059.81@0.8079342} 130303 : { SELL 22059.81@0.8079342} 
Fri Nov 07 18:32:39 EST 2014 , 4 , 2 , 2 , 130306 : { BUY 2843.78@0.80470892} 130305 : { BUY 2843.78@0.80470892} 130304 : { SELL 22059.81@0.8079342} 130303 : { SELL 22059.81@0.8079342} 
Fri Nov 07 18:35:40 EST 2014 , 4 , 2 , 2 , 130306 : { BUY 2843.78@0.80470892} 130305 : { BUY 2843.78@0.80470892} 130304 : { SELL 22059.81@0.8079342} 130303 : { SELL 22059.81@0.8079342} 
Fri Nov 07 18:38:41 EST 2014 , 4 , 2 , 2 , 130306 : { BUY 2843.78@0.80470892} 130305 : { BUY 2843.78@0.80470892} 130304 : { SELL 22059.81@0.8079342} 130303 : { SELL 22059.81@0.8079342} 
Fri Nov 07 18:41:42 EST 2014 , 4 , 2 , 2 , 130306 : { BUY 2843.78@0.80470892} 130305 : { BUY 2843.78@0.80470892} 130304 : { SELL 22059.81@0.8079342} 130303 : { SELL 22059.81@0.8079342} 
Fri Nov 07 18:44:43 EST 2014 , 4 , 2 , 2 , 130306 : { BUY 2843.78@0.80470892} 130305 : { BUY 2843.78@0.80470892} 130304 : { SELL 22059.81@0.8079342} 130303 : { SELL 22059.81@0.8079342} 
Fri Nov 07 18:47:44 EST 2014 , 4 , 2 , 2 , 130306 : { BUY 2843.78@0.80470892} 130305 : { BUY 2843.78@0.80470892} 130304 : { SELL 22059.81@0.8079342} 130303 : { SELL 22059.81@0.8079342} 
Fri Nov 07 18:50:45 EST 2014 , 4 , 2 , 2 , 130306 : { BUY 2843.78@0.80470892} 130305 : { BUY 2843.78@0.80470892} 130304 : { SELL 22059.81@0.8079342} 130303 : { SELL 22059.81@0.8079342} 
Fri Nov 07 18:53:46 EST 2014 , 4 , 2 , 2 , 130306 : { BUY 2843.78@0.80470892} 130305 : { BUY 2843.78@0.80470892} 130304 : { SELL 22059.81@0.8079342} 130303 : { SELL 22059.81@0.8079342} 
Fri Nov 07 18:56:47 EST 2014 , 4 , 2 , 2 , 130306 : { BUY 2843.78@0.80470892} 130305 : { BUY 2843.78@0.80470892} 130304 : { SELL 22059.81@0.8079342} 130303 : { SELL 22059.81@0.8079342} 
Fri Nov 07 18:59:48 EST 2014 , 4 , 2 , 2 , 130306 : { BUY 2843.78@0.80470892} 130305 : { BUY 2843.78@0.80470892} 130304 : { SELL 22059.81@0.8079342} 130303 : { SELL 22059.81@0.8079342} 
Fri Nov 07 19:02:49 EST 2014 , 4 , 2 , 2 , 130306 : { BUY 2843.78@0.80470892} 130305 : { BUY 2843.78@0.80470892} 130304 : { SELL 22059.81@0.8079342} 130303 : { SELL 22059.81@0.8079342} 
Fri Nov 07 19:05:50 EST 2014 , 4 , 2 , 2 , 130306 : { BUY 2843.78@0.80470892} 130305 : { BUY 2843.78@0.80470892} 130304 : { SELL 22059.81@0.8079342} 130303 : { SELL 22059.81@0.8079342} 
Fri Nov 07 19:08:51 EST 2014 , 4 , 2 , 2 , 130306 : { BUY 2843.78@0.80470892} 130305 : { BUY 2843.78@0.80470892} 130304 : { SELL 22059.81@0.8079342} 130303 : { SELL 22059.81@0.8079342} 
Fri Nov 07 19:11:52 EST 2014 , 4 , 2 , 2 , 130306 : { BUY 2843.78@0.80470892} 130305 : { BUY 2843.78@0.80470892} 130304 : { SELL 22059.81@0.8079342} 130303 : { SELL 22059.81@0.8079342} 
Fri Nov 07 19:14:53 EST 2014 , 4 , 2 , 2 , 130306 : { BUY 2843.78@0.80470892} 130305 : { BUY 2843.78@0.80470892} 130304 : { SELL 22059.81@0.8079342} 130303 : { SELL 22059.81@0.8079342} 
Fri Nov 07 19:17:54 EST 2014 , 4 , 2 , 2 , 130306 : { BUY 2843.78@0.80470892} 130305 : { BUY 2843.78@0.80470892} 130304 : { SELL 22059.81@0.8079342} 130303 : { SELL 22059.81@0.8079342} 
Fri Nov 07 19:20:55 EST 2014 , 4 , 2 , 2 , 130306 : { BUY 2843.78@0.80470892} 130305 : { BUY 2843.78@0.80470892} 130304 : { SELL 22059.81@0.8079342} 130303 : { SELL 22059.81@0.8079342} 
Fri Nov 07 19:23:56 EST 2014 , 4 , 2 , 2 , 130306 : { BUY 2843.78@0.80470892} 130305 : { BUY 2843.78@0.80470892} 130304 : { SELL 22059.81@0.8079342} 130303 : { SELL 22059.81@0.8079342} 
Fri Nov 07 19:26:57 EST 2014 , 4 , 2 , 2 , 130306 : { BUY 2843.78@0.80470892} 130305 : { BUY 2843.78@0.80470892} 130304 : { SELL 22059.81@0.8079342} 130303 : { SELL 22059.81@0.8079342} 
Fri Nov 07 19:29:58 EST 2014 , 4 , 2 , 2 , 130306 : { BUY 2843.78@0.80470892} 130305 : { BUY 2843.78@0.80470892} 130304 : { SELL 22059.81@0.8079342} 130303 : { SELL 22059.81@0.8079342} 
Fri Nov 07 19:32:59 EST 2014 , 4 , 2 , 2 , 130306 : { BUY 2843.78@0.80470892} 130305 : { BUY 2843.78@0.80470892} 130304 : { SELL 22059.81@0.8079342} 130303 : { SELL 22059.81@0.8079342} 
Fri Nov 07 19:36:00 EST 2014 , 4 , 2 , 2 , 130306 : { BUY 2843.78@0.80470892} 130305 : { BUY 2843.78@0.80470892} 130304 : { SELL 22059.81@0.8079342} 130303 : { SELL 22059.81@0.8079342} 
Fri Nov 07 19:39:01 EST 2014 , 4 , 2 , 2 , 130306 : { BUY 2843.78@0.80470892} 130305 : { BUY 2843.78@0.80470892} 130304 : { SELL 22059.81@0.8079342} 130303 : { SELL 22059.81@0.8079342} 
Fri Nov 07 19:42:02 EST 2014 , 4 , 2 , 2 , 130306 : { BUY 2843.78@0.80470892} 130305 : { BUY 2843.78@0.80470892} 130304 : { SELL 22059.81@0.8079342} 130303 : { SELL 22059.81@0.8079342} 
Fri Nov 07 19:45:03 EST 2014 , 4 , 2 , 2 , 130306 : { BUY 2843.78@0.80470892} 130305 : { BUY 2843.78@0.80470892} 130304 : { SELL 22059.81@0.8079342} 130303 : { SELL 22059.81@0.8079342} 
Fri Nov 07 19:48:04 EST 2014 , 4 , 2 , 2 , 130306 : { BUY 2843.78@0.80470892} 130305 : { BUY 2843.78@0.80470892} 130304 : { SELL 22059.81@0.8079342} 130303 : { SELL 22059.81@0.8079342} 
Fri Nov 07 19:51:05 EST 2014 , 4 , 2 , 2 , 130306 : { BUY 2843.78@0.80470892} 130305 : { BUY 2843.78@0.80470892} 130304 : { SELL 22059.81@0.8079342} 130303 : { SELL 22059.81@0.8079342} 
Fri Nov 07 19:54:06 EST 2014 , 4 , 2 , 2 , 130306 : { BUY 2843.78@0.80470892} 130305 : { BUY 2843.78@0.80470892} 130304 : { SELL 22059.81@0.8079342} 130303 : { SELL 22059.81@0.8079342} 
Fri Nov 07 19:57:07 EST 2014 , 4 , 2 , 2 , 130306 : { BUY 2843.78@0.80470892} 130305 : { BUY 2843.78@0.80470892} 130304 : { SELL 22059.81@0.8079342} 130303 : { SELL 22059.81@0.8079342} 
Fri Nov 07 20:00:08 EST 2014 , 4 , 2 , 2 , 130306 : { BUY 2843.78@0.80470892} 130305 : { BUY 2843.78@0.80470892} 130304 : { SELL 22059.81@0.8079342} 130303 : { SELL 22059.81@0.8079342} 
Fri Nov 07 20:03:09 EST 2014 , 4 , 2 , 2 , 130306 : { BUY 2843.78@0.80470892} 130305 : { BUY 2843.78@0.80470892} 130304 : { SELL 22059.81@0.8079342} 130303 : { SELL 22059.81@0.8079342} 
Fri Nov 07 20:06:10 EST 2014 , 4 , 2 , 2 , 130306 : { BUY 2843.78@0.80470892} 130305 : { BUY 2843.78@0.80470892} 130304 : { SELL 22059.81@0.8079342} 130303 : { SELL 22059.81@0.8079342} 
Fri Nov 07 20:09:11 EST 2014 , 4 , 2 , 2 , 130306 : { BUY 2843.78@0.80470892} 130305 : { BUY 2843.78@0.80470892} 130304 : { SELL 22059.81@0.8079342} 130303 : { SELL 22059.81@0.8079342} 
Fri Nov 07 20:12:12 EST 2014 , 4 , 2 , 2 , 130306 : { BUY 2843.78@0.80470892} 130305 : { BUY 2843.78@0.80470892} 130304 : { SELL 22059.81@0.8079342} 130303 : { SELL 22059.81@0.8079342} 
Fri Nov 07 20:15:13 EST 2014 , 4 , 2 , 2 , 130306 : { BUY 2843.78@0.80470892} 130305 : { BUY 2843.78@0.80470892} 130304 : { SELL 22059.81@0.8079342} 130303 : { SELL 22059.81@0.8079342} 
Fri Nov 07 20:18:14 EST 2014 , 4 , 2 , 2 , 130306 : { BUY 2843.78@0.80470892} 130305 : { BUY 2843.78@0.80470892} 130304 : { SELL 22059.81@0.8079342} 130303 : { SELL 22059.81@0.8079342} 
Fri Nov 07 20:21:15 EST 2014 , 4 , 2 , 2 , 130306 : { BUY 2843.78@0.80470892} 130305 : { BUY 2843.78@0.80470892} 130304 : { SELL 22059.81@0.8079342} 130303 : { SELL 22059.81@0.8079342} 
Fri Nov 07 20:24:16 EST 2014 , 4 , 2 , 2 , 130306 : { BUY 2843.78@0.80470892} 130305 : { BUY 2843.78@0.80470892} 130304 : { SELL 22059.81@0.8079342} 130303 : { SELL 22059.81@0.8079342} 
Fri Nov 07 20:27:17 EST 2014 , 4 , 2 , 2 , 130306 : { BUY 2843.78@0.80470892} 130305 : { BUY 2843.78@0.80470892} 130304 : { SELL 22059.81@0.8079342} 130303 : { SELL 22059.81@0.8079342} 
Fri Nov 07 20:30:18 EST 2014 , 4 , 2 , 2 , 130306 : { BUY 2843.78@0.80470892} 130305 : { BUY 2843.78@0.80470892} 130304 : { SELL 22059.81@0.8079342} 130303 : { SELL 22059.81@0.8079342} 
Fri Nov 07 20:33:20 EST 2014 , 4 , 2 , 2 , 130306 : { BUY 2843.78@0.80470892} 130305 : { BUY 2843.78@0.80470892} 130304 : { SELL 22059.81@0.8079342} 130303 : { SELL 22059.81@0.8079342} 
Fri Nov 07 20:36:20 EST 2014 , 4 , 2 , 2 , 130306 : { BUY 2843.78@0.80470892} 130305 : { BUY 2843.78@0.80470892} 130304 : { SELL 22059.81@0.8079342} 130303 : { SELL 22059.81@0.8079342} 
Fri Nov 07 20:39:21 EST 2014 , 4 , 2 , 2 , 130306 : { BUY 2843.78@0.80470892} 130305 : { BUY 2843.78@0.80470892} 130304 : { SELL 22059.81@0.8079342} 130303 : { SELL 22059.81@0.8079342} 
Fri Nov 07 20:42:22 EST 2014 , 4 , 2 , 2 , 130306 : { BUY 2843.78@0.80470892} 130305 : { BUY 2843.78@0.80470892} 130304 : { SELL 22059.81@0.8079342} 130303 : { SELL 22059.81@0.8079342} 
Fri Nov 07 20:45:23 EST 2014 , 4 , 2 , 2 , 130306 : { BUY 2843.78@0.80470892} 130305 : { BUY 2843.78@0.80470892} 130304 : { SELL 22059.81@0.8079342} 130303 : { SELL 22059.81@0.8079342} 
Fri Nov 07 20:48:24 EST 2014 , 4 , 2 , 2 , 130306 : { BUY 2843.78@0.80470892} 130305 : { BUY 2843.78@0.80470892} 130304 : { SELL 22059.81@0.8079342} 130303 : { SELL 22059.81@0.8079342} 
Fri Nov 07 20:51:25 EST 2014 , 4 , 2 , 2 , 130306 : { BUY 2843.78@0.80470892} 130305 : { BUY 2843.78@0.80470892} 130304 : { SELL 22059.81@0.8079342} 130303 : { SELL 22059.81@0.8079342} 
Fri Nov 07 20:54:26 EST 2014 , 4 , 2 , 2 , 130306 : { BUY 2843.78@0.80470892} 130305 : { BUY 2843.78@0.80470892} 130304 : { SELL 22059.81@0.8079342} 130303 : { SELL 22059.81@0.8079342} 
Fri Nov 07 20:57:27 EST 2014 , 4 , 2 , 2 , 130306 : { BUY 2843.78@0.80470892} 130305 : { BUY 2843.78@0.80470892} 130304 : { SELL 22059.81@0.8079342} 130303 : { SELL 22059.81@0.8079342} 
Fri Nov 07 21:00:28 EST 2014 , 4 , 2 , 2 , 130306 : { BUY 2843.78@0.80470892} 130305 : { BUY 2843.78@0.80470892} 130304 : { SELL 22059.81@0.8079342} 130303 : { SELL 22059.81@0.8079342} 
Fri Nov 07 21:03:29 EST 2014 , 4 , 2 , 2 , 130306 : { BUY 2843.78@0.80470892} 130305 : { BUY 2843.78@0.80470892} 130304 : { SELL 22059.81@0.8079342} 130303 : { SELL 22059.81@0.8079342} 
Fri Nov 07 21:06:30 EST 2014 , 4 , 2 , 2 , 130306 : { BUY 2843.78@0.80470892} 130305 : { BUY 2843.78@0.80470892} 130304 : { SELL 22059.81@0.8079342} 130303 : { SELL 22059.81@0.8079342} 
Fri Nov 07 21:09:31 EST 2014 , 4 , 2 , 2 , 130306 : { BUY 2843.78@0.80470892} 130305 : { BUY 2843.78@0.80470892} 130304 : { SELL 22059.81@0.8079342} 130303 : { SELL 22059.81@0.8079342} 
Fri Nov 07 21:12:32 EST 2014 , 4 , 2 , 2 , 130306 : { BUY 2843.78@0.80470892} 130305 : { BUY 2843.78@0.80470892} 130304 : { SELL 22059.81@0.8079342} 130303 : { SELL 22059.81@0.8079342} 
Fri Nov 07 21:15:33 EST 2014 , 4 , 2 , 2 , 130306 : { BUY 2843.78@0.80470892} 130305 : { BUY 2843.78@0.80470892} 130304 : { SELL 22059.81@0.8079342} 130303 : { SELL 22059.81@0.8079342} 
Fri Nov 07 21:18:34 EST 2014 , 4 , 2 , 2 , 130306 : { BUY 2843.78@0.80470892} 130305 : { BUY 2843.78@0.80470892} 130304 : { SELL 22059.81@0.8079342} 130303 : { SELL 22059.81@0.8079342} 
Fri Nov 07 21:21:35 EST 2014 , 4 , 2 , 2 , 130306 : { BUY 2843.78@0.80470892} 130305 : { BUY 2843.78@0.80470892} 130304 : { SELL 22059.81@0.8079342} 130303 : { SELL 22059.81@0.8079342} 
Fri Nov 07 21:24:36 EST 2014 , 4 , 2 , 2 , 130306 : { BUY 2843.78@0.80470892} 130305 : { BUY 2843.78@0.80470892} 130304 : { SELL 22059.81@0.8079342} 130303 : { SELL 22059.81@0.8079342} 
Fri Nov 07 21:27:37 EST 2014 , 4 , 2 , 2 , 130306 : { BUY 2843.78@0.80470892} 130305 : { BUY 2843.78@0.80470892} 130304 : { SELL 22059.81@0.8079342} 130303 : { SELL 22059.81@0.8079342} 
Fri Nov 07 21:30:38 EST 2014 , 4 , 2 , 2 , 130306 : { BUY 2843.78@0.80470892} 130305 : { BUY 2843.78@0.80470892} 130304 : { SELL 22059.81@0.8079342} 130303 : { SELL 22059.81@0.8079342} 
Fri Nov 07 21:33:39 EST 2014 , 4 , 2 , 2 , 130306 : { BUY 2843.78@0.80470892} 130305 : { BUY 2843.78@0.80470892} 130304 : { SELL 22059.81@0.8079342} 130303 : { SELL 22059.81@0.8079342} 
Fri Nov 07 21:36:40 EST 2014 , 4 , 2 , 2 , 130306 : { BUY 2843.78@0.80470892} 130305 : { BUY 2843.78@0.80470892} 130304 : { SELL 22059.81@0.8079342} 130303 : { SELL 22059.81@0.8079342} 
Fri Nov 07 21:39:41 EST 2014 , 4 , 2 , 2 , 130306 : { BUY 2843.78@0.80470892} 130305 : { BUY 2843.78@0.80470892} 130304 : { SELL 22059.81@0.8079342} 130303 : { SELL 22059.81@0.8079342} 
Fri Nov 07 21:42:42 EST 2014 , 4 , 2 , 2 , 130306 : { BUY 2843.78@0.80470892} 130305 : { BUY 2843.78@0.80470892} 130304 : { SELL 22059.81@0.8079342} 130303 : { SELL 22059.81@0.8079342} 
Fri Nov 07 21:45:43 EST 2014 , 4 , 2 , 2 , 130306 : { BUY 2843.78@0.80470892} 130305 : { BUY 2843.78@0.80470892} 130304 : { SELL 22059.81@0.8079342} 130303 : { SELL 22059.81@0.8079342} 
Fri Nov 07 21:48:44 EST 2014 , 4 , 2 , 2 , 130306 : { BUY 2843.78@0.80470892} 130305 : { BUY 2843.78@0.80470892} 130304 : { SELL 22059.81@0.8079342} 130303 : { SELL 22059.81@0.8079342} 
Fri Nov 07 21:51:45 EST 2014 , 4 , 2 , 2 , 130306 : { BUY 2843.78@0.80470892} 130305 : { BUY 2843.78@0.80470892} 130304 : { SELL 22059.81@0.8079342} 130303 : { SELL 22059.81@0.8079342} 
Fri Nov 07 21:54:46 EST 2014 , 4 , 2 , 2 , 130306 : { BUY 2843.78@0.80470892} 130305 : { BUY 2843.78@0.80470892} 130304 : { SELL 22059.81@0.8079342} 130303 : { SELL 22059.81@0.8079342} 
Fri Nov 07 21:57:47 EST 2014 , 4 , 2 , 2 , 130306 : { BUY 2843.78@0.80470892} 130305 : { BUY 2843.78@0.80470892} 130304 : { SELL 22059.81@0.8079342} 130303 : { SELL 22059.81@0.8079342} 
Fri Nov 07 22:00:48 EST 2014 , 4 , 2 , 2 , 130306 : { BUY 2843.78@0.80470892} 130305 : { BUY 2843.78@0.80470892} 130304 : { SELL 22059.81@0.8079342} 130303 : { SELL 22059.81@0.8079342} 
Fri Nov 07 22:03:49 EST 2014 , 4 , 2 , 2 , 130306 : { BUY 2843.78@0.80470892} 130305 : { BUY 2843.78@0.80470892} 130304 : { SELL 22059.81@0.8079342} 130303 : { SELL 22059.81@0.8079342} 
Fri Nov 07 22:06:50 EST 2014 , 4 , 2 , 2 , 130306 : { BUY 2843.78@0.80470892} 130305 : { BUY 2843.78@0.80470892} 130304 : { SELL 22059.81@0.8079342} 130303 : { SELL 22059.81@0.8079342} 
Fri Nov 07 22:09:51 EST 2014 , 4 , 2 , 2 , 130306 : { BUY 2843.78@0.80470892} 130305 : { BUY 2843.78@0.80470892} 130304 : { SELL 22059.81@0.8079342} 130303 : { SELL 22059.81@0.8079342} 
Fri Nov 07 22:12:52 EST 2014 , 4 , 2 , 2 , 130306 : { BUY 2843.78@0.80470892} 130305 : { BUY 2843.78@0.80470892} 130304 : { SELL 22059.81@0.8079342} 130303 : { SELL 22059.81@0.8079342} 
Fri Nov 07 22:15:53 EST 2014 , 4 , 2 , 2 , 130306 : { BUY 2843.78@0.80470892} 130305 : { BUY 2843.78@0.80470892} 130304 : { SELL 22059.81@0.8079342} 130303 : { SELL 22059.81@0.8079342} 
Fri Nov 07 22:18:54 EST 2014 , 4 , 2 , 2 , 130306 : { BUY 2843.78@0.80470892} 130305 : { BUY 2843.78@0.80470892} 130304 : { SELL 22059.81@0.8079342} 130303 : { SELL 22059.81@0.8079342} 
Fri Nov 07 22:21:55 EST 2014 , 4 , 2 , 2 , 130306 : { BUY 2843.78@0.80470892} 130305 : { BUY 2843.78@0.80470892} 130304 : { SELL 22059.81@0.8079342} 130303 : { SELL 22059.81@0.8079342} 
Fri Nov 07 22:24:56 EST 2014 , 4 , 2 , 2 , 130306 : { BUY 2843.78@0.80470892} 130305 : { BUY 2843.78@0.80470892} 130304 : { SELL 22059.81@0.8079342} 130303 : { SELL 22059.81@0.8079342} 
Fri Nov 07 22:27:57 EST 2014 , 4 , 2 , 2 , 130306 : { BUY 2843.78@0.80470892} 130305 : { BUY 2843.78@0.80470892} 130304 : { SELL 22059.81@0.8079342} 130303 : { SELL 22059.81@0.8079342} 
Fri Nov 07 22:30:58 EST 2014 , 4 , 2 , 2 , 130306 : { BUY 2843.78@0.80470892} 130305 : { BUY 2843.78@0.80470892} 130304 : { SELL 22059.81@0.8079342} 130303 : { SELL 22059.81@0.8079342} 
Fri Nov 07 22:33:59 EST 2014 , 4 , 2 , 2 , 130306 : { BUY 2843.78@0.80470892} 130305 : { BUY 2843.78@0.80470892} 130304 : { SELL 22059.81@0.8079342} 130303 : { SELL 22059.81@0.8079342} 
Fri Nov 07 22:37:00 EST 2014 , 4 , 2 , 2 , 130306 : { BUY 2843.78@0.80470892} 130305 : { BUY 2843.78@0.80470892} 130304 : { SELL 22059.81@0.8079342} 130303 : { SELL 22059.81@0.8079342} 
Fri Nov 07 22:40:01 EST 2014 , 4 , 2 , 2 , 130306 : { BUY 2843.78@0.80470892} 130305 : { BUY 2843.78@0.80470892} 130304 : { SELL 22059.81@0.8079342} 130303 : { SELL 22059.81@0.8079342} 
Fri Nov 07 22:43:02 EST 2014 , 4 , 2 , 2 , 130306 : { BUY 2843.78@0.80470892} 130305 : { BUY 2843.78@0.80470892} 130304 : { SELL 22059.81@0.8079342} 130303 : { SELL 22059.81@0.8079342} 
Fri Nov 07 22:46:03 EST 2014 , 4 , 2 , 2 , 130306 : { BUY 2843.78@0.80470892} 130305 : { BUY 2843.78@0.80470892} 130304 : { SELL 22059.81@0.8079342} 130303 : { SELL 22059.81@0.8079342} 
Fri Nov 07 22:49:04 EST 2014 , 4 , 2 , 2 , 130306 : { BUY 2843.78@0.80470892} 130305 : { BUY 2843.78@0.80470892} 130304 : { SELL 22059.81@0.8079342} 130303 : { SELL 22059.81@0.8079342} 
Fri Nov 07 22:52:05 EST 2014 , 4 , 2 , 2 , 130306 : { BUY 2843.78@0.80470892} 130305 : { BUY 2843.78@0.80470892} 130304 : { SELL 22059.81@0.8079342} 130303 : { SELL 22059.81@0.8079342} 
Fri Nov 07 22:55:06 EST 2014 , 4 , 2 , 2 , 130306 : { BUY 2843.78@0.80470892} 130305 : { BUY 2843.78@0.80470892} 130304 : { SELL 22059.81@0.8079342} 130303 : { SELL 22059.81@0.8079342} 
Fri Nov 07 22:58:07 EST 2014 , 4 , 2 , 2 , 130306 : { BUY 2843.78@0.80470892} 130305 : { BUY 2843.78@0.80470892} 130304 : { SELL 22059.81@0.8079342} 130303 : { SELL 22059.81@0.8079342} 
Fri Nov 07 23:01:08 EST 2014 , 4 , 2 , 2 , 130306 : { BUY 2843.78@0.80470892} 130305 : { BUY 2843.78@0.80470892} 130304 : { SELL 22059.81@0.8079342} 130303 : { SELL 22059.81@0.8079342} 
Fri Nov 07 23:04:09 EST 2014 , 4 , 2 , 2 , 130306 : { BUY 2843.78@0.80470892} 130305 : { BUY 2843.78@0.80470892} 130304 : { SELL 22059.81@0.8079342} 130303 : { SELL 22059.81@0.8079342} 
Fri Nov 07 23:07:10 EST 2014 , 4 , 2 , 2 , 130306 : { BUY 2843.78@0.80470892} 130305 : { BUY 2843.78@0.80470892} 130304 : { SELL 22059.81@0.8079342} 130303 : { SELL 22059.81@0.8079342} 
Fri Nov 07 23:10:11 EST 2014 , 4 , 2 , 2 , 130306 : { BUY 2843.78@0.80470892} 130305 : { BUY 2843.78@0.80470892} 130304 : { SELL 22059.81@0.8079342} 130303 : { SELL 22059.81@0.8079342} 
Fri Nov 07 23:13:12 EST 2014 , 4 , 2 , 2 , 130306 : { BUY 2843.78@0.80470892} 130305 : { BUY 2843.78@0.80470892} 130304 : { SELL 22059.81@0.8079342} 130303 : { SELL 22059.81@0.8079342} 
Fri Nov 07 23:16:13 EST 2014 , 4 , 2 , 2 , 130306 : { BUY 2843.78@0.80470892} 130305 : { BUY 2843.78@0.80470892} 130304 : { SELL 22059.81@0.8079342} 130303 : { SELL 22059.81@0.8079342} 
Fri Nov 07 23:19:14 EST 2014 , 4 , 2 , 2 , 130306 : { BUY 2843.78@0.80470892} 130305 : { BUY 2843.78@0.80470892} 130304 : { SELL 22059.81@0.8079342} 130303 : { SELL 22059.81@0.8079342} 
Fri Nov 07 23:22:15 EST 2014 , 4 , 2 , 2 , 130306 : { BUY 2843.78@0.80470892} 130305 : { BUY 2843.78@0.80470892} 130304 : { SELL 22059.81@0.8079342} 130303 : { SELL 22059.81@0.8079342} 
Fri Nov 07 23:25:16 EST 2014 , 4 , 2 , 2 , 130306 : { BUY 2843.78@0.80470892} 130305 : { BUY 2843.78@0.80470892} 130304 : { SELL 22059.81@0.8079342} 130303 : { SELL 22059.81@0.8079342} 
Fri Nov 07 23:28:17 EST 2014 , 4 , 2 , 2 , 130306 : { BUY 2843.78@0.80470892} 130305 : { BUY 2843.78@0.80470892} 130304 : { SELL 22059.81@0.8079342} 130303 : { SELL 22059.81@0.8079342} 
Fri Nov 07 23:31:18 EST 2014 , 4 , 2 , 2 , 130306 : { BUY 2843.78@0.80470892} 130305 : { BUY 2843.78@0.80470892} 130304 : { SELL 22059.81@0.8079342} 130303 : { SELL 22059.81@0.8079342} 
Fri Nov 07 23:34:19 EST 2014 , 4 , 2 , 2 , 130306 : { BUY 2843.78@0.80470892} 130305 : { BUY 2843.78@0.80470892} 130304 : { SELL 22059.81@0.8079342} 130303 : { SELL 22059.81@0.8079342} 
Fri Nov 07 23:37:20 EST 2014 , 4 , 2 , 2 , 130306 : { BUY 2843.78@0.80470892} 130305 : { BUY 2843.78@0.80470892} 130304 : { SELL 22059.81@0.8079342} 130303 : { SELL 22059.81@0.8079342} 
Fri Nov 07 23:40:21 EST 2014 , 4 , 2 , 2 , 130306 : { BUY 2843.78@0.80470892} 130305 : { BUY 2843.78@0.80470892} 130304 : { SELL 22059.81@0.8079342} 130303 : { SELL 22059.81@0.8079342} 
Fri Nov 07 23:43:22 EST 2014 , 4 , 2 , 2 , 130306 : { BUY 2843.78@0.80470892} 130305 : { BUY 2843.78@0.80470892} 130304 : { SELL 22059.81@0.8079342} 130303 : { SELL 22059.81@0.8079342} 
Fri Nov 07 23:46:23 EST 2014 , 4 , 2 , 2 , 130306 : { BUY 2843.78@0.80470892} 130305 : { BUY 2843.78@0.80470892} 130304 : { SELL 22059.81@0.8079342} 130303 : { SELL 22059.81@0.8079342} 
Fri Nov 07 23:49:24 EST 2014 , 4 , 2 , 2 , 130306 : { BUY 2843.78@0.80470892} 130305 : { BUY 2843.78@0.80470892} 130304 : { SELL 22059.81@0.8079342} 130303 : { SELL 22059.81@0.8079342} 
Fri Nov 07 23:52:25 EST 2014 , 4 , 2 , 2 , 130306 : { BUY 2843.78@0.80470892} 130305 : { BUY 2843.78@0.80470892} 130304 : { SELL 22059.81@0.8079342} 130303 : { SELL 22059.81@0.8079342} 
Fri Nov 07 23:55:26 EST 2014 , 4 , 2 , 2 , 130306 : { BUY 2843.78@0.80470892} 130305 : { BUY 2843.78@0.80470892} 130304 : { SELL 22059.81@0.8079342} 130303 : { SELL 22059.81@0.8079342} 
Fri Nov 07 23:58:27 EST 2014 , 4 , 2 , 2 , 130306 : { BUY 2843.78@0.80470892} 130305 : { BUY 2843.78@0.80470892} 130304 : { SELL 22059.81@0.8079342} 130303 : { SELL 22059.81@0.8079342} 
Sat Nov 08 00:01:28 EST 2014 , 4 , 2 , 2 , 130306 : { BUY 2843.78@0.80470892} 130305 : { BUY 2843.78@0.80470892} 130304 : { SELL 22059.81@0.8079342} 130303 : { SELL 22059.81@0.8079342} 
Sat Nov 08 00:04:29 EST 2014 , 4 , 2 , 2 , 130306 : { BUY 2843.78@0.80470892} 130305 : { BUY 2843.78@0.80470892} 130304 : { SELL 22059.81@0.8079342} 130303 : { SELL 22059.81@0.8079342} 
Sat Nov 08 00:07:30 EST 2014 , 4 , 2 , 2 , 130306 : { BUY 2843.78@0.80470892} 130305 : { BUY 2843.78@0.80470892} 130304 : { SELL 22059.81@0.8079342} 130303 : { SELL 22059.81@0.8079342} 
Sat Nov 08 00:10:31 EST 2014 , 4 , 2 , 2 , 130306 : { BUY 2843.78@0.80470892} 130305 : { BUY 2843.78@0.80470892} 130304 : { SELL 22059.81@0.8079342} 130303 : { SELL 22059.81@0.8079342} 
Sat Nov 08 00:13:32 EST 2014 , 4 , 2 , 2 , 130306 : { BUY 2843.78@0.80470892} 130305 : { BUY 2843.78@0.80470892} 130304 : { SELL 22059.81@0.8079342} 130303 : { SELL 22059.81@0.8079342} 
Sat Nov 08 00:16:33 EST 2014 , 4 , 2 , 2 , 130306 : { BUY 2843.78@0.80470892} 130305 : { BUY 2843.78@0.80470892} 130304 : { SELL 22059.81@0.8079342} 130303 : { SELL 22059.81@0.8079342} 
Sat Nov 08 00:19:34 EST 2014 , 4 , 2 , 2 , 130306 : { BUY 2843.78@0.80470892} 130305 : { BUY 2843.78@0.80470892} 130304 : { SELL 22059.81@0.8079342} 130303 : { SELL 22059.81@0.8079342} 
Sat Nov 08 00:22:35 EST 2014 , 4 , 2 , 2 , 130306 : { BUY 2843.78@0.80470892} 130305 : { BUY 2843.78@0.80470892} 130304 : { SELL 22059.81@0.8079342} 130303 : { SELL 22059.81@0.8079342} 
Sat Nov 08 00:25:36 EST 2014 , 4 , 2 , 2 , 130306 : { BUY 2843.78@0.80470892} 130305 : { BUY 2843.78@0.80470892} 130304 : { SELL 22059.81@0.8079342} 130303 : { SELL 22059.81@0.8079342} 
Sat Nov 08 00:28:37 EST 2014 , 4 , 2 , 2 , 130306 : { BUY 2843.78@0.80470892} 130305 : { BUY 2843.78@0.80470892} 130304 : { SELL 22059.81@0.8079342} 130303 : { SELL 22059.81@0.8079342} 
Sat Nov 08 00:31:38 EST 2014 , 4 , 2 , 2 , 130306 : { BUY 2843.78@0.80470892} 130305 : { BUY 2843.78@0.80470892} 130304 : { SELL 22059.81@0.8079342} 130303 : { SELL 22059.81@0.8079342} 
Sat Nov 08 00:34:39 EST 2014 , 4 , 2 , 2 , 130306 : { BUY 2843.78@0.80470892} 130305 : { BUY 2843.78@0.80470892} 130304 : { SELL 22059.81@0.8079342} 130303 : { SELL 22059.81@0.8079342} 
Sat Nov 08 00:37:40 EST 2014 , 4 , 2 , 2 , 130306 : { BUY 2843.78@0.80470892} 130305 : { BUY 2843.78@0.80470892} 130304 : { SELL 22059.81@0.8079342} 130303 : { SELL 22059.81@0.8079342} 
Sat Nov 08 00:40:41 EST 2014 , 4 , 2 , 2 , 130306 : { BUY 2843.78@0.80470892} 130305 : { BUY 2843.78@0.80470892} 130304 : { SELL 22059.81@0.8079342} 130303 : { SELL 22059.81@0.8079342} 
Sat Nov 08 00:43:42 EST 2014 , 4 , 2 , 2 , 130306 : { BUY 2843.78@0.80470892} 130305 : { BUY 2843.78@0.80470892} 130304 : { SELL 22059.81@0.8079342} 130303 : { SELL 22059.81@0.8079342} 
Sat Nov 08 00:46:43 EST 2014 , 4 , 2 , 2 , 130306 : { BUY 2843.78@0.80470892} 130305 : { BUY 2843.78@0.80470892} 130304 : { SELL 22059.81@0.8079342} 130303 : { SELL 22059.81@0.8079342} 
Sat Nov 08 00:49:44 EST 2014 , 4 , 2 , 2 , 130306 : { BUY 2843.78@0.80470892} 130305 : { BUY 2843.78@0.80470892} 130304 : { SELL 22059.81@0.8079342} 130303 : { SELL 22059.81@0.8079342} 
Sat Nov 08 00:52:45 EST 2014 , 4 , 2 , 2 , 130306 : { BUY 2843.78@0.80470892} 130305 : { BUY 2843.78@0.80470892} 130304 : { SELL 22059.81@0.8079342} 130303 : { SELL 22059.81@0.8079342} 
Sat Nov 08 00:55:46 EST 2014 , 4 , 2 , 2 , 130306 : { BUY 2843.78@0.80470892} 130305 : { BUY 2843.78@0.80470892} 130304 : { SELL 22059.81@0.8079342} 130303 : { SELL 22059.81@0.8079342} 
Sat Nov 08 00:58:47 EST 2014 , 4 , 2 , 2 , 130306 : { BUY 2843.78@0.80470892} 130305 : { BUY 2843.78@0.80470892} 130304 : { SELL 22059.81@0.8079342} 130303 : { SELL 22059.81@0.8079342} 
Sat Nov 08 01:01:48 EST 2014 , 4 , 2 , 2 , 130306 : { BUY 2843.78@0.80470892} 130305 : { BUY 2843.78@0.80470892} 130304 : { SELL 22059.81@0.8079342} 130303 : { SELL 22059.81@0.8079342} 
Sat Nov 08 01:04:49 EST 2014 , 4 , 2 , 2 , 130306 : { BUY 2843.78@0.80470892} 130305 : { BUY 2843.78@0.80470892} 130304 : { SELL 22059.81@0.8079342} 130303 : { SELL 22059.81@0.8079342} 
Sat Nov 08 01:07:50 EST 2014 , 4 , 2 , 2 , 130306 : { BUY 2843.78@0.80470892} 130305 : { BUY 2843.78@0.80470892} 130304 : { SELL 22059.81@0.8079342} 130303 : { SELL 22059.81@0.8079342} 
Sat Nov 08 01:10:51 EST 2014 , 4 , 2 , 2 , 130306 : { BUY 2843.78@0.80470892} 130305 : { BUY 2843.78@0.80470892} 130304 : { SELL 22059.81@0.8079342} 130303 : { SELL 22059.81@0.8079342} 
Sat Nov 08 01:13:52 EST 2014 , 4 , 2 , 2 , 130306 : { BUY 2843.78@0.80470892} 130305 : { BUY 2843.78@0.80470892} 130304 : { SELL 22059.81@0.8079342} 130303 : { SELL 22059.81@0.8079342} 
Sat Nov 08 01:16:53 EST 2014 , 4 , 2 , 2 , 130306 : { BUY 2843.78@0.80470892} 130305 : { BUY 2843.78@0.80470892} 130304 : { SELL 22059.81@0.8079342} 130303 : { SELL 22059.81@0.8079342} 
Sat Nov 08 01:19:54 EST 2014 , 4 , 2 , 2 , 130306 : { BUY 2843.78@0.80470892} 130305 : { BUY 2843.78@0.80470892} 130304 : { SELL 22059.81@0.8079342} 130303 : { SELL 22059.81@0.8079342} 
Sat Nov 08 01:22:55 EST 2014 , 4 , 2 , 2 , 130306 : { BUY 2843.78@0.80470892} 130305 : { BUY 2843.78@0.80470892} 130304 : { SELL 22059.81@0.8079342} 130303 : { SELL 22059.81@0.8079342} 
Sat Nov 08 01:25:56 EST 2014 , 4 , 2 , 2 , 130306 : { BUY 2843.78@0.80470892} 130305 : { BUY 2843.78@0.80470892} 130304 : { SELL 22059.81@0.8079342} 130303 : { SELL 22059.81@0.8079342} 
Sat Nov 08 01:28:57 EST 2014 , 4 , 2 , 2 , 130306 : { BUY 2843.78@0.80470892} 130305 : { BUY 2843.78@0.80470892} 130304 : { SELL 22059.81@0.8079342} 130303 : { SELL 22059.81@0.8079342} 
Sat Nov 08 01:31:58 EST 2014 , 4 , 2 , 2 , 130306 : { BUY 2843.78@0.80470892} 130305 : { BUY 2843.78@0.80470892} 130304 : { SELL 22059.81@0.8079342} 130303 : { SELL 22059.81@0.8079342} 
Sat Nov 08 01:35:00 EST 2014 , 4 , 2 , 2 , 130306 : { BUY 2843.78@0.80470892} 130305 : { BUY 2843.78@0.80470892} 130304 : { SELL 22059.81@0.8079342} 130303 : { SELL 22059.81@0.8079342} 
Sat Nov 08 01:38:00 EST 2014 , 4 , 2 , 2 , 130306 : { BUY 2843.78@0.80470892} 130305 : { BUY 2843.78@0.80470892} 130304 : { SELL 22059.81@0.8079342} 130303 : { SELL 22059.81@0.8079342} 
Sat Nov 08 01:41:01 EST 2014 , 4 , 2 , 2 , 130306 : { BUY 2843.78@0.80470892} 130305 : { BUY 2843.78@0.80470892} 130304 : { SELL 22059.81@0.8079342} 130303 : { SELL 22059.81@0.8079342} 
Sat Nov 08 01:44:02 EST 2014 , 4 , 2 , 2 , 130306 : { BUY 2843.78@0.80470892} 130305 : { BUY 2843.78@0.80470892} 130304 : { SELL 22059.81@0.8079342} 130303 : { SELL 22059.81@0.8079342} 
Sat Nov 08 01:47:03 EST 2014 , 4 , 2 , 2 , 130306 : { BUY 2843.78@0.80470892} 130305 : { BUY 2843.78@0.80470892} 130304 : { SELL 22059.81@0.8079342} 130303 : { SELL 22059.81@0.8079342} 
Sat Nov 08 01:50:04 EST 2014 , 4 , 2 , 2 , 130306 : { BUY 2843.78@0.80470892} 130305 : { BUY 2843.78@0.80470892} 130304 : { SELL 22059.81@0.8079342} 130303 : { SELL 22059.81@0.8079342} 
Sat Nov 08 01:53:05 EST 2014 , 4 , 2 , 2 , 130306 : { BUY 2843.78@0.80470892} 130305 : { BUY 2843.78@0.80470892} 130304 : { SELL 22059.81@0.8079342} 130303 : { SELL 22059.81@0.8079342} 
Sat Nov 08 01:56:06 EST 2014 , 4 , 2 , 2 , 130306 : { BUY 2843.78@0.80470892} 130305 : { BUY 2843.78@0.80470892} 130304 : { SELL 22059.81@0.8079342} 130303 : { SELL 22059.81@0.8079342} 
Sat Nov 08 01:59:07 EST 2014 , 4 , 2 , 2 , 130306 : { BUY 2843.78@0.80470892} 130305 : { BUY 2843.78@0.80470892} 130304 : { SELL 22059.81@0.8079342} 130303 : { SELL 22059.81@0.8079342} 
Sat Nov 08 02:02:08 EST 2014 , 4 , 2 , 2 , 130306 : { BUY 2843.78@0.80470892} 130305 : { BUY 2843.78@0.80470892} 130304 : { SELL 22059.81@0.8079342} 130303 : { SELL 22059.81@0.8079342} 
Sat Nov 08 02:05:09 EST 2014 , 4 , 2 , 2 , 130306 : { BUY 2843.78@0.80470892} 130305 : { BUY 2843.78@0.80470892} 130304 : { SELL 22059.81@0.8079342} 130303 : { SELL 22059.81@0.8079342} 
Sat Nov 08 02:08:10 EST 2014 , 4 , 2 , 2 , 130306 : { BUY 2843.78@0.80470892} 130305 : { BUY 2843.78@0.80470892} 130304 : { SELL 22059.81@0.8079342} 130303 : { SELL 22059.81@0.8079342} 
Sat Nov 08 02:11:11 EST 2014 , 4 , 2 , 2 , 130306 : { BUY 2843.78@0.80470892} 130305 : { BUY 2843.78@0.80470892} 130304 : { SELL 22059.81@0.8079342} 130303 : { SELL 22059.81@0.8079342} 
Sat Nov 08 02:14:12 EST 2014 , 4 , 2 , 2 , 130306 : { BUY 2843.78@0.80470892} 130305 : { BUY 2843.78@0.80470892} 130304 : { SELL 22059.81@0.8079342} 130303 : { SELL 22059.81@0.8079342} 
Sat Nov 08 02:17:13 EST 2014 , 4 , 2 , 2 , 130306 : { BUY 2843.78@0.80470892} 130305 : { BUY 2843.78@0.80470892} 130304 : { SELL 22059.81@0.8079342} 130303 : { SELL 22059.81@0.8079342} 
Sat Nov 08 02:20:14 EST 2014 , 4 , 2 , 2 , 130306 : { BUY 2843.78@0.80470892} 130305 : { BUY 2843.78@0.80470892} 130304 : { SELL 22059.81@0.8079342} 130303 : { SELL 22059.81@0.8079342} 
Sat Nov 08 02:23:15 EST 2014 , 4 , 2 , 2 , 130306 : { BUY 2843.78@0.80470892} 130305 : { BUY 2843.78@0.80470892} 130304 : { SELL 22059.81@0.8079342} 130303 : { SELL 22059.81@0.8079342} 
Sat Nov 08 02:26:16 EST 2014 , 4 , 2 , 2 , 130306 : { BUY 2843.78@0.80470892} 130305 : { BUY 2843.78@0.80470892} 130304 : { SELL 22059.81@0.8079342} 130303 : { SELL 22059.81@0.8079342} 
Sat Nov 08 02:29:17 EST 2014 , 4 , 2 , 2 , 130306 : { BUY 2843.78@0.80470892} 130305 : { BUY 2843.78@0.80470892} 130304 : { SELL 22059.81@0.8079342} 130303 : { SELL 22059.81@0.8079342} 
Sat Nov 08 02:32:18 EST 2014 , 4 , 2 , 2 , 130306 : { BUY 2843.78@0.80470892} 130305 : { BUY 2843.78@0.80470892} 130304 : { SELL 22059.81@0.8079342} 130303 : { SELL 22059.81@0.8079342} 
Sat Nov 08 02:35:19 EST 2014 , 4 , 2 , 2 , 130306 : { BUY 2843.78@0.80470892} 130305 : { BUY 2843.78@0.80470892} 130304 : { SELL 22059.81@0.8079342} 130303 : { SELL 22059.81@0.8079342} 
Sat Nov 08 02:38:20 EST 2014 , 4 , 2 , 2 , 130306 : { BUY 2843.78@0.80470892} 130305 : { BUY 2843.78@0.80470892} 130304 : { SELL 22059.81@0.8079342} 130303 : { SELL 22059.81@0.8079342} 
Sat Nov 08 02:41:21 EST 2014 , 4 , 2 , 2 , 130306 : { BUY 2843.78@0.80470892} 130305 : { BUY 2843.78@0.80470892} 130304 : { SELL 22059.81@0.8079342} 130303 : { SELL 22059.81@0.8079342} 
Sat Nov 08 02:44:22 EST 2014 , 4 , 2 , 2 , 130306 : { BUY 2843.78@0.80470892} 130305 : { BUY 2843.78@0.80470892} 130304 : { SELL 22059.81@0.8079342} 130303 : { SELL 22059.81@0.8079342} 
Sat Nov 08 02:47:23 EST 2014 , 4 , 2 , 2 , 130306 : { BUY 2843.78@0.80470892} 130305 : { BUY 2843.78@0.80470892} 130304 : { SELL 22059.81@0.8079342} 130303 : { SELL 22059.81@0.8079342} 
Sat Nov 08 02:50:24 EST 2014 , 4 , 2 , 2 , 130306 : { BUY 2843.78@0.80470892} 130305 : { BUY 2843.78@0.80470892} 130304 : { SELL 22059.81@0.8079342} 130303 : { SELL 22059.81@0.8079342} 
Sat Nov 08 02:53:25 EST 2014 , 4 , 2 , 2 , 130306 : { BUY 2843.78@0.80470892} 130305 : { BUY 2843.78@0.80470892} 130304 : { SELL 22059.81@0.8079342} 130303 : { SELL 22059.81@0.8079342} 
Sat Nov 08 02:56:26 EST 2014 , 4 , 2 , 2 , 130306 : { BUY 2843.78@0.80470892} 130305 : { BUY 2843.78@0.80470892} 130304 : { SELL 22059.81@0.8079342} 130303 : { SELL 22059.81@0.8079342} 
Sat Nov 08 02:59:27 EST 2014 , 4 , 2 , 2 , 130306 : { BUY 2843.78@0.80470892} 130305 : { BUY 2843.78@0.80470892} 130304 : { SELL 22059.81@0.8079342} 130303 : { SELL 22059.81@0.8079342} 
Sat Nov 08 03:02:28 EST 2014 , 4 , 2 , 2 , 130306 : { BUY 2843.78@0.80470892} 130305 : { BUY 2843.78@0.80470892} 130304 : { SELL 22059.81@0.8079342} 130303 : { SELL 22059.81@0.8079342} 
Sat Nov 08 03:05:29 EST 2014 , 4 , 2 , 2 , 130306 : { BUY 2843.78@0.80470892} 130305 : { BUY 2843.78@0.80470892} 130304 : { SELL 22059.81@0.8079342} 130303 : { SELL 22059.81@0.8079342} 
Sat Nov 08 03:08:30 EST 2014 , 4 , 2 , 2 , 130306 : { BUY 2843.78@0.80470892} 130305 : { BUY 2843.78@0.80470892} 130304 : { SELL 22059.81@0.8079342} 130303 : { SELL 22059.81@0.8079342} 
Sat Nov 08 03:11:31 EST 2014 , 4 , 2 , 2 , 130306 : { BUY 2843.78@0.80470892} 130305 : { BUY 2843.78@0.80470892} 130304 : { SELL 22059.81@0.8079342} 130303 : { SELL 22059.81@0.8079342} 
Sat Nov 08 03:14:32 EST 2014 , 4 , 2 , 2 , 130306 : { BUY 2843.78@0.80470892} 130305 : { BUY 2843.78@0.80470892} 130304 : { SELL 22059.81@0.8079342} 130303 : { SELL 22059.81@0.8079342} 
Sat Nov 08 03:17:33 EST 2014 , 4 , 2 , 2 , 130306 : { BUY 2843.78@0.80470892} 130305 : { BUY 2843.78@0.80470892} 130304 : { SELL 22059.81@0.8079342} 130303 : { SELL 22059.81@0.8079342} 
Sat Nov 08 03:20:34 EST 2014 , 4 , 2 , 2 , 130306 : { BUY 2843.78@0.80470892} 130305 : { BUY 2843.78@0.80470892} 130304 : { SELL 22059.81@0.8079342} 130303 : { SELL 22059.81@0.8079342} 
Sat Nov 08 03:23:35 EST 2014 , 4 , 2 , 2 , 130306 : { BUY 2843.78@0.80470892} 130305 : { BUY 2843.78@0.80470892} 130304 : { SELL 22059.81@0.8079342} 130303 : { SELL 22059.81@0.8079342} 
Sat Nov 08 03:26:36 EST 2014 , 4 , 2 , 2 , 130306 : { BUY 2843.78@0.80470892} 130305 : { BUY 2843.78@0.80470892} 130304 : { SELL 22059.81@0.8079342} 130303 : { SELL 22059.81@0.8079342} 
Sat Nov 08 03:29:37 EST 2014 , 4 , 2 , 2 , 130306 : { BUY 2843.78@0.80470892} 130305 : { BUY 2843.78@0.80470892} 130304 : { SELL 22059.81@0.8079342} 130303 : { SELL 22059.81@0.8079342} 
Sat Nov 08 03:32:38 EST 2014 , 4 , 2 , 2 , 130306 : { BUY 2843.78@0.80470892} 130305 : { BUY 2843.78@0.80470892} 130304 : { SELL 22059.81@0.8079342} 130303 : { SELL 22059.81@0.8079342} 
Sat Nov 08 03:35:39 EST 2014 , 4 , 2 , 2 , 130306 : { BUY 2843.78@0.80470892} 130305 : { BUY 2843.78@0.80470892} 130304 : { SELL 22059.81@0.8079342} 130303 : { SELL 22059.81@0.8079342} 
Sat Nov 08 03:38:40 EST 2014 , 4 , 2 , 2 , 130306 : { BUY 2843.78@0.80470892} 130305 : { BUY 2843.78@0.80470892} 130304 : { SELL 22059.81@0.8079342} 130303 : { SELL 22059.81@0.8079342} 
Sat Nov 08 03:41:41 EST 2014 , 4 , 2 , 2 , 130306 : { BUY 2843.78@0.80470892} 130305 : { BUY 2843.78@0.80470892} 130304 : { SELL 22059.81@0.8079342} 130303 : { SELL 22059.81@0.8079342} 
Sat Nov 08 03:44:42 EST 2014 , 4 , 2 , 2 , 130306 : { BUY 2843.78@0.80470892} 130305 : { BUY 2843.78@0.80470892} 130304 : { SELL 22059.81@0.8079342} 130303 : { SELL 22059.81@0.8079342} 
Sat Nov 08 03:47:43 EST 2014 , 4 , 2 , 2 , 130306 : { BUY 2843.78@0.80470892} 130305 : { BUY 2843.78@0.80470892} 130304 : { SELL 22059.81@0.8079342} 130303 : { SELL 22059.81@0.8079342} 
Sat Nov 08 03:50:44 EST 2014 , 4 , 2 , 2 , 130306 : { BUY 2843.78@0.80470892} 130305 : { BUY 2843.78@0.80470892} 130304 : { SELL 22059.81@0.8079342} 130303 : { SELL 22059.81@0.8079342} 
Sat Nov 08 03:53:45 EST 2014 , 4 , 2 , 2 , 130306 : { BUY 2843.78@0.80470892} 130305 : { BUY 2843.78@0.80470892} 130304 : { SELL 22059.81@0.8079342} 130303 : { SELL 22059.81@0.8079342} 
Sat Nov 08 03:56:46 EST 2014 , 4 , 2 , 2 , 130306 : { BUY 2843.78@0.80470892} 130305 : { BUY 2843.78@0.80470892} 130304 : { SELL 22059.81@0.8079342} 130303 : { SELL 22059.81@0.8079342} 
Sat Nov 08 03:59:47 EST 2014 , 4 , 2 , 2 , 130306 : { BUY 2843.78@0.80470892} 130305 : { BUY 2843.78@0.80470892} 130304 : { SELL 22059.81@0.8079342} 130303 : { SELL 22059.81@0.8079342} 
Sat Nov 08 04:02:48 EST 2014 , 4 , 2 , 2 , 130306 : { BUY 2843.78@0.80470892} 130305 : { BUY 2843.78@0.80470892} 130304 : { SELL 22059.81@0.8079342} 130303 : { SELL 22059.81@0.8079342} 
Sat Nov 08 04:05:49 EST 2014 , 4 , 2 , 2 , 130306 : { BUY 2843.78@0.80470892} 130305 : { BUY 2843.78@0.80470892} 130304 : { SELL 22059.81@0.8079342} 130303 : { SELL 22059.81@0.8079342} 
Sat Nov 08 04:08:50 EST 2014 , 4 , 2 , 2 , 130306 : { BUY 2843.78@0.80470892} 130305 : { BUY 2843.78@0.80470892} 130304 : { SELL 22059.81@0.8079342} 130303 : { SELL 22059.81@0.8079342} 
Sat Nov 08 04:11:51 EST 2014 , 4 , 2 , 2 , 130306 : { BUY 2843.78@0.80470892} 130305 : { BUY 2843.78@0.80470892} 130304 : { SELL 22059.81@0.8079342} 130303 : { SELL 22059.81@0.8079342} 
Sat Nov 08 04:14:52 EST 2014 , 4 , 2 , 2 , 130306 : { BUY 2843.78@0.80470892} 130305 : { BUY 2843.78@0.80470892} 130304 : { SELL 22059.81@0.8079342} 130303 : { SELL 22059.81@0.8079342} 
Sat Nov 08 04:17:53 EST 2014 , 4 , 2 , 2 , 130306 : { BUY 2843.78@0.80470892} 130305 : { BUY 2843.78@0.80470892} 130304 : { SELL 22059.81@0.8079342} 130303 : { SELL 22059.81@0.8079342} 
Sat Nov 08 04:20:54 EST 2014 , 4 , 2 , 2 , 130306 : { BUY 2843.78@0.80470892} 130305 : { BUY 2843.78@0.80470892} 130304 : { SELL 22059.81@0.8079342} 130303 : { SELL 22059.81@0.8079342} 
Sat Nov 08 04:23:55 EST 2014 , 4 , 2 , 2 , 130306 : { BUY 2843.78@0.80470892} 130305 : { BUY 2843.78@0.80470892} 130304 : { SELL 22059.81@0.8079342} 130303 : { SELL 22059.81@0.8079342} 
Sat Nov 08 04:26:56 EST 2014 , 4 , 2 , 2 , 130306 : { BUY 2843.78@0.80470892} 130305 : { BUY 2843.78@0.80470892} 130304 : { SELL 22059.81@0.8079342} 130303 : { SELL 22059.81@0.8079342} 
Sat Nov 08 04:29:57 EST 2014 , 4 , 2 , 2 , 130306 : { BUY 2843.78@0.80470892} 130305 : { BUY 2843.78@0.80470892} 130304 : { SELL 22059.81@0.8079342} 130303 : { SELL 22059.81@0.8079342} 
Sat Nov 08 04:32:58 EST 2014 , 4 , 2 , 2 , 130306 : { BUY 2843.78@0.80470892} 130305 : { BUY 2843.78@0.80470892} 130304 : { SELL 22059.81@0.8079342} 130303 : { SELL 22059.81@0.8079342} 
Sat Nov 08 04:35:59 EST 2014 , 4 , 2 , 2 , 130306 : { BUY 2843.78@0.80470892} 130305 : { BUY 2843.78@0.80470892} 130304 : { SELL 22059.81@0.8079342} 130303 : { SELL 22059.81@0.8079342} 
Sat Nov 08 04:39:00 EST 2014 , 4 , 2 , 2 , 130306 : { BUY 2843.78@0.80470892} 130305 : { BUY 2843.78@0.80470892} 130304 : { SELL 22059.81@0.8079342} 130303 : { SELL 22059.81@0.8079342} 
Sat Nov 08 04:42:01 EST 2014 , 4 , 2 , 2 , 130306 : { BUY 2843.78@0.80470892} 130305 : { BUY 2843.78@0.80470892} 130304 : { SELL 22059.81@0.8079342} 130303 : { SELL 22059.81@0.8079342} 
Sat Nov 08 04:45:02 EST 2014 , 4 , 2 , 2 , 130306 : { BUY 2843.78@0.80470892} 130305 : { BUY 2843.78@0.80470892} 130304 : { SELL 22059.81@0.8079342} 130303 : { SELL 22059.81@0.8079342} 
Sat Nov 08 04:48:03 EST 2014 , 4 , 2 , 2 , 130306 : { BUY 2843.78@0.80470892} 130305 : { BUY 2843.78@0.80470892} 130304 : { SELL 22059.81@0.8079342} 130303 : { SELL 22059.81@0.8079342} 
Sat Nov 08 04:51:04 EST 2014 , 4 , 2 , 2 , 130306 : { BUY 2843.78@0.80470892} 130305 : { BUY 2843.78@0.80470892} 130304 : { SELL 22059.81@0.8079342} 130303 : { SELL 22059.81@0.8079342} 
Sat Nov 08 04:54:05 EST 2014 , 4 , 2 , 2 , 130306 : { BUY 2843.78@0.80470892} 130305 : { BUY 2843.78@0.80470892} 130304 : { SELL 22059.81@0.8079342} 130303 : { SELL 22059.81@0.8079342} 
Sat Nov 08 04:57:06 EST 2014 , 4 , 2 , 2 , 130306 : { BUY 2843.78@0.80470892} 130305 : { BUY 2843.78@0.80470892} 130304 : { SELL 22059.81@0.8079342} 130303 : { SELL 22059.81@0.8079342} 
Sat Nov 08 05:00:07 EST 2014 , 4 , 2 , 2 , 130306 : { BUY 2843.78@0.80470892} 130305 : { BUY 2843.78@0.80470892} 130304 : { SELL 22059.81@0.8079342} 130303 : { SELL 22059.81@0.8079342} 
Sat Nov 08 05:03:08 EST 2014 , 4 , 2 , 2 , 130306 : { BUY 2843.78@0.80470892} 130305 : { BUY 2843.78@0.80470892} 130304 : { SELL 22059.81@0.8079342} 130303 : { SELL 22059.81@0.8079342} 
Sat Nov 08 05:06:09 EST 2014 , 4 , 2 , 2 , 130306 : { BUY 2843.78@0.80470892} 130305 : { BUY 2843.78@0.80470892} 130304 : { SELL 22059.81@0.8079342} 130303 : { SELL 22059.81@0.8079342} 
Sat Nov 08 05:09:10 EST 2014 , 4 , 2 , 2 , 130306 : { BUY 2843.78@0.80470892} 130305 : { BUY 2843.78@0.80470892} 130304 : { SELL 22059.81@0.8079342} 130303 : { SELL 22059.81@0.8079342} 
Sat Nov 08 05:12:11 EST 2014 , 4 , 2 , 2 , 130306 : { BUY 2843.78@0.80470892} 130305 : { BUY 2843.78@0.80470892} 130304 : { SELL 22059.81@0.8079342} 130303 : { SELL 22059.81@0.8079342} 
Sat Nov 08 05:15:12 EST 2014 , 4 , 2 , 2 , 130306 : { BUY 2843.78@0.80470892} 130305 : { BUY 2843.78@0.80470892} 130304 : { SELL 22059.81@0.8079342} 130303 : { SELL 22059.81@0.8079342} 
Sat Nov 08 05:18:13 EST 2014 , 4 , 2 , 2 , 130306 : { BUY 2843.78@0.80470892} 130305 : { BUY 2843.78@0.80470892} 130304 : { SELL 22059.81@0.8079342} 130303 : { SELL 22059.81@0.8079342} 
Sat Nov 08 05:21:14 EST 2014 , 4 , 2 , 2 , 130306 : { BUY 2843.78@0.80470892} 130305 : { BUY 2843.78@0.80470892} 130304 : { SELL 22059.81@0.8079342} 130303 : { SELL 22059.81@0.8079342} 
Sat Nov 08 05:24:15 EST 2014 , 4 , 2 , 2 , 130306 : { BUY 2843.78@0.80470892} 130305 : { BUY 2843.78@0.80470892} 130304 : { SELL 22059.81@0.8079342} 130303 : { SELL 22059.81@0.8079342} 
Sat Nov 08 05:27:16 EST 2014 , 4 , 2 , 2 , 130306 : { BUY 2843.78@0.80470892} 130305 : { BUY 2843.78@0.80470892} 130304 : { SELL 22059.81@0.8079342} 130303 : { SELL 22059.81@0.8079342} 
Sat Nov 08 05:30:17 EST 2014 , 4 , 2 , 2 , 130306 : { BUY 2843.78@0.80470892} 130305 : { BUY 2843.78@0.80470892} 130304 : { SELL 22059.81@0.8079342} 130303 : { SELL 22059.81@0.8079342} 
Sat Nov 08 05:33:18 EST 2014 , 4 , 2 , 2 , 130306 : { BUY 2843.78@0.80470892} 130305 : { BUY 2843.78@0.80470892} 130304 : { SELL 22059.81@0.8079342} 130303 : { SELL 22059.81@0.8079342} 
Sat Nov 08 05:36:19 EST 2014 , 4 , 2 , 2 , 130306 : { BUY 2843.78@0.80470892} 130305 : { BUY 2843.78@0.80470892} 130304 : { SELL 22059.81@0.8079342} 130303 : { SELL 22059.81@0.8079342} 
Sat Nov 08 05:39:20 EST 2014 , 4 , 2 , 2 , 130306 : { BUY 2843.78@0.80470892} 130305 : { BUY 2843.78@0.80470892} 130304 : { SELL 22059.81@0.8079342} 130303 : { SELL 22059.81@0.8079342} 
Sat Nov 08 05:42:21 EST 2014 , 4 , 2 , 2 , 130306 : { BUY 2843.78@0.80470892} 130305 : { BUY 2843.78@0.80470892} 130304 : { SELL 22059.81@0.8079342} 130303 : { SELL 22059.81@0.8079342} 
Sat Nov 08 05:45:22 EST 2014 , 4 , 2 , 2 , 130306 : { BUY 2843.78@0.80470892} 130305 : { BUY 2843.78@0.80470892} 130304 : { SELL 22059.81@0.8079342} 130303 : { SELL 22059.81@0.8079342} 
Sat Nov 08 05:48:23 EST 2014 , 4 , 2 , 2 , 130306 : { BUY 2843.78@0.80470892} 130305 : { BUY 2843.78@0.80470892} 130304 : { SELL 22059.81@0.8079342} 130303 : { SELL 22059.81@0.8079342} 
Sat Nov 08 05:51:24 EST 2014 , 4 , 2 , 2 , 130306 : { BUY 2843.78@0.80470892} 130305 : { BUY 2843.78@0.80470892} 130304 : { SELL 22059.81@0.8079342} 130303 : { SELL 22059.81@0.8079342} 
Sat Nov 08 05:54:25 EST 2014 , 4 , 2 , 2 , 130306 : { BUY 2843.78@0.80470892} 130305 : { BUY 2843.78@0.80470892} 130304 : { SELL 22059.81@0.8079342} 130303 : { SELL 22059.81@0.8079342} 
Sat Nov 08 05:57:26 EST 2014 , 4 , 2 , 2 , 130306 : { BUY 2843.78@0.80470892} 130305 : { BUY 2843.78@0.80470892} 130304 : { SELL 22059.81@0.8079342} 130303 : { SELL 22059.81@0.8079342} 
Sat Nov 08 06:00:27 EST 2014 , 4 , 2 , 2 , 130306 : { BUY 2843.78@0.80470892} 130305 : { BUY 2843.78@0.80470892} 130304 : { SELL 22059.81@0.8079342} 130303 : { SELL 22059.81@0.8079342} 
Sat Nov 08 06:03:28 EST 2014 , 4 , 2 , 2 , 130306 : { BUY 2843.78@0.80470892} 130305 : { BUY 2843.78@0.80470892} 130304 : { SELL 22059.81@0.8079342} 130303 : { SELL 22059.81@0.8079342} 
Sat Nov 08 06:06:29 EST 2014 , 4 , 2 , 2 , 130306 : { BUY 2843.78@0.80470892} 130305 : { BUY 2843.78@0.80470892} 130304 : { SELL 22059.81@0.8079342} 130303 : { SELL 22059.81@0.8079342} 
Sat Nov 08 06:09:30 EST 2014 , 4 , 2 , 2 , 130306 : { BUY 2843.78@0.80470892} 130305 : { BUY 2843.78@0.80470892} 130304 : { SELL 22059.81@0.8079342} 130303 : { SELL 22059.81@0.8079342} 
Sat Nov 08 06:12:31 EST 2014 , 4 , 2 , 2 , 130306 : { BUY 2843.78@0.80470892} 130305 : { BUY 2843.78@0.80470892} 130304 : { SELL 22059.81@0.8079342} 130303 : { SELL 22059.81@0.8079342} 
Sat Nov 08 06:15:32 EST 2014 , 4 , 2 , 2 , 130306 : { BUY 2843.78@0.80470892} 130305 : { BUY 2843.78@0.80470892} 130304 : { SELL 22059.81@0.8079342} 130303 : { SELL 22059.81@0.8079342} 
Sat Nov 08 06:18:33 EST 2014 , 4 , 2 , 2 , 130306 : { BUY 2843.78@0.80470892} 130305 : { BUY 2843.78@0.80470892} 130304 : { SELL 22059.81@0.8079342} 130303 : { SELL 22059.81@0.8079342} 
Sat Nov 08 06:21:34 EST 2014 , 4 , 2 , 2 , 130306 : { BUY 2843.78@0.80470892} 130305 : { BUY 2843.78@0.80470892} 130304 : { SELL 22059.81@0.8079342} 130303 : { SELL 22059.81@0.8079342} 
Sat Nov 08 06:24:35 EST 2014 , 4 , 2 , 2 , 130306 : { BUY 2843.78@0.80470892} 130305 : { BUY 2843.78@0.80470892} 130304 : { SELL 22059.81@0.8079342} 130303 : { SELL 22059.81@0.8079342} 
Sat Nov 08 06:27:36 EST 2014 , 4 , 2 , 2 , 130306 : { BUY 2843.78@0.80470892} 130305 : { BUY 2843.78@0.80470892} 130304 : { SELL 22059.81@0.8079342} 130303 : { SELL 22059.81@0.8079342} 
Sat Nov 08 06:30:37 EST 2014 , 4 , 2 , 2 , 130306 : { BUY 2843.78@0.80470892} 130305 : { BUY 2843.78@0.80470892} 130304 : { SELL 22059.81@0.8079342} 130303 : { SELL 22059.81@0.8079342} 
Sat Nov 08 06:33:38 EST 2014 , 4 , 2 , 2 , 130306 : { BUY 2843.78@0.80470892} 130305 : { BUY 2843.78@0.80470892} 130304 : { SELL 22059.81@0.8079342} 130303 : { SELL 22059.81@0.8079342} 
Sat Nov 08 06:36:40 EST 2014 , 4 , 2 , 2 , 130306 : { BUY 2843.78@0.80470892} 130305 : { BUY 2843.78@0.80470892} 130304 : { SELL 22059.81@0.8079342} 130303 : { SELL 22059.81@0.8079342} 
Sat Nov 08 06:39:40 EST 2014 , 4 , 2 , 2 , 130306 : { BUY 2843.78@0.80470892} 130305 : { BUY 2843.78@0.80470892} 130304 : { SELL 22059.81@0.8079342} 130303 : { SELL 22059.81@0.8079342} 
Sat Nov 08 06:42:41 EST 2014 , 4 , 2 , 2 , 130306 : { BUY 2843.78@0.80470892} 130305 : { BUY 2843.78@0.80470892} 130304 : { SELL 22059.81@0.8079342} 130303 : { SELL 22059.81@0.8079342} 
Sat Nov 08 06:45:42 EST 2014 , 4 , 2 , 2 , 130306 : { BUY 2843.78@0.80470892} 130305 : { BUY 2843.78@0.80470892} 130304 : { SELL 22059.81@0.8079342} 130303 : { SELL 22059.81@0.8079342} 
Sat Nov 08 06:48:43 EST 2014 , 4 , 2 , 2 , 130306 : { BUY 2843.78@0.80470892} 130305 : { BUY 2843.78@0.80470892} 130304 : { SELL 22059.81@0.8079342} 130303 : { SELL 22059.81@0.8079342} 
Sat Nov 08 06:51:44 EST 2014 , 4 , 2 , 2 , 130306 : { BUY 2843.78@0.80470892} 130305 : { BUY 2843.78@0.80470892} 130304 : { SELL 22059.81@0.8079342} 130303 : { SELL 22059.81@0.8079342} 
Sat Nov 08 06:54:45 EST 2014 , 4 , 2 , 2 , 130306 : { BUY 2843.78@0.80470892} 130305 : { BUY 2843.78@0.80470892} 130304 : { SELL 22059.81@0.8079342} 130303 : { SELL 22059.81@0.8079342} 
Sat Nov 08 06:57:46 EST 2014 , 4 , 2 , 2 , 130306 : { BUY 2843.78@0.80470892} 130305 : { BUY 2843.78@0.80470892} 130304 : { SELL 22059.81@0.8079342} 130303 : { SELL 22059.81@0.8079342} 
Sat Nov 08 07:00:47 EST 2014 , 4 , 2 , 2 , 130306 : { BUY 2843.78@0.80470892} 130305 : { BUY 2843.78@0.80470892} 130304 : { SELL 22059.81@0.8079342} 130303 : { SELL 22059.81@0.8079342} 
Sat Nov 08 07:03:48 EST 2014 , 4 , 2 , 2 , 130306 : { BUY 2843.78@0.80470892} 130305 : { BUY 2843.78@0.80470892} 130304 : { SELL 22059.81@0.8079342} 130303 : { SELL 22059.81@0.8079342} 
Sat Nov 08 07:06:49 EST 2014 , 4 , 2 , 2 , 130306 : { BUY 2843.78@0.80470892} 130305 : { BUY 2843.78@0.80470892} 130304 : { SELL 22059.81@0.8079342} 130303 : { SELL 22059.81@0.8079342} 
Sat Nov 08 07:09:50 EST 2014 , 4 , 2 , 2 , 130306 : { BUY 2843.78@0.80470892} 130305 : { BUY 2843.78@0.80470892} 130304 : { SELL 22059.81@0.8079342} 130303 : { SELL 22059.81@0.8079342} 
Sat Nov 08 07:12:51 EST 2014 , 4 , 2 , 2 , 130306 : { BUY 2843.78@0.80470892} 130305 : { BUY 2843.78@0.80470892} 130304 : { SELL 22059.81@0.8079342} 130303 : { SELL 22059.81@0.8079342} 
Sat Nov 08 07:15:52 EST 2014 , 4 , 2 , 2 , 130306 : { BUY 2843.78@0.80470892} 130305 : { BUY 2843.78@0.80470892} 130304 : { SELL 22059.81@0.8079342} 130303 : { SELL 22059.81@0.8079342} 
Sat Nov 08 07:18:53 EST 2014 , 4 , 2 , 2 , 130306 : { BUY 2843.78@0.80470892} 130305 : { BUY 2843.78@0.80470892} 130304 : { SELL 22059.81@0.8079342} 130303 : { SELL 22059.81@0.8079342} 
Sat Nov 08 07:21:54 EST 2014 , 4 , 2 , 2 , 130306 : { BUY 2843.78@0.80470892} 130305 : { BUY 2843.78@0.80470892} 130304 : { SELL 22059.81@0.8079342} 130303 : { SELL 22059.81@0.8079342} 
Sat Nov 08 07:24:55 EST 2014 , 4 , 2 , 2 , 130306 : { BUY 2843.78@0.80470892} 130305 : { BUY 2843.78@0.80470892} 130304 : { SELL 22059.81@0.8079342} 130303 : { SELL 22059.81@0.8079342} 
Sat Nov 08 07:27:56 EST 2014 , 4 , 2 , 2 , 130306 : { BUY 2843.78@0.80470892} 130305 : { BUY 2843.78@0.80470892} 130304 : { SELL 22059.81@0.8079342} 130303 : { SELL 22059.81@0.8079342} 
Sat Nov 08 07:30:57 EST 2014 , 4 , 2 , 2 , 130306 : { BUY 2843.78@0.80470892} 130305 : { BUY 2843.78@0.80470892} 130304 : { SELL 22059.81@0.8079342} 130303 : { SELL 22059.81@0.8079342} 
Sat Nov 08 07:33:58 EST 2014 , 4 , 2 , 2 , 130306 : { BUY 2843.78@0.80470892} 130305 : { BUY 2843.78@0.80470892} 130304 : { SELL 22059.81@0.8079342} 130303 : { SELL 22059.81@0.8079342} 
Sat Nov 08 07:36:59 EST 2014 , 4 , 2 , 2 , 130306 : { BUY 2843.78@0.80470892} 130305 : { BUY 2843.78@0.80470892} 130304 : { SELL 22059.81@0.8079342} 130303 : { SELL 22059.81@0.8079342} 
Sat Nov 08 07:40:00 EST 2014 , 4 , 2 , 2 , 130306 : { BUY 2843.78@0.80470892} 130305 : { BUY 2843.78@0.80470892} 130304 : { SELL 22059.81@0.8079342} 130303 : { SELL 22059.81@0.8079342} 
Sat Nov 08 07:43:01 EST 2014 , 4 , 2 , 2 , 130306 : { BUY 2843.78@0.80470892} 130305 : { BUY 2843.78@0.80470892} 130304 : { SELL 22059.81@0.8079342} 130303 : { SELL 22059.81@0.8079342} 
Sat Nov 08 07:46:02 EST 2014 , 4 , 2 , 2 , 130306 : { BUY 2843.78@0.80470892} 130305 : { BUY 2843.78@0.80470892} 130304 : { SELL 22059.81@0.8079342} 130303 : { SELL 22059.81@0.8079342} 
Sat Nov 08 07:49:03 EST 2014 , 4 , 2 , 2 , 130306 : { BUY 2843.78@0.80470892} 130305 : { BUY 2843.78@0.80470892} 130304 : { SELL 22059.81@0.8079342} 130303 : { SELL 22059.81@0.8079342} 
Sat Nov 08 07:52:04 EST 2014 , 4 , 2 , 2 , 130306 : { BUY 2843.78@0.80470892} 130305 : { BUY 2843.78@0.80470892} 130304 : { SELL 22059.81@0.8079342} 130303 : { SELL 22059.81@0.8079342} 
Sat Nov 08 07:55:05 EST 2014 , 4 , 2 , 2 , 130306 : { BUY 2843.78@0.80470892} 130305 : { BUY 2843.78@0.80470892} 130304 : { SELL 22059.81@0.8079342} 130303 : { SELL 22059.81@0.8079342} 
Sat Nov 08 07:58:06 EST 2014 , 4 , 2 , 2 , 130306 : { BUY 2843.78@0.80470892} 130305 : { BUY 2843.78@0.80470892} 130304 : { SELL 22059.81@0.8079342} 130303 : { SELL 22059.81@0.8079342} 
Sat Nov 08 08:01:07 EST 2014 , 4 , 2 , 2 , 130306 : { BUY 2843.78@0.80470892} 130305 : { BUY 2843.78@0.80470892} 130304 : { SELL 22059.81@0.8079342} 130303 : { SELL 22059.81@0.8079342} 
Sat Nov 08 08:04:08 EST 2014 , 4 , 2 , 2 , 130306 : { BUY 2843.78@0.80470892} 130305 : { BUY 2843.78@0.80470892} 130304 : { SELL 22059.81@0.8079342} 130303 : { SELL 22059.81@0.8079342} 
Sat Nov 08 08:07:09 EST 2014 , 4 , 2 , 2 , 130306 : { BUY 2843.78@0.80470892} 130305 : { BUY 2843.78@0.80470892} 130304 : { SELL 22059.81@0.8079342} 130303 : { SELL 22059.81@0.8079342} 
Sat Nov 08 08:10:10 EST 2014 , 4 , 2 , 2 , 130306 : { BUY 2843.78@0.80470892} 130305 : { BUY 2843.78@0.80470892} 130304 : { SELL 22059.81@0.8079342} 130303 : { SELL 22059.81@0.8079342} 
Sat Nov 08 08:13:11 EST 2014 , 4 , 2 , 2 , 130306 : { BUY 2843.78@0.80470892} 130305 : { BUY 2843.78@0.80470892} 130304 : { SELL 22059.81@0.8079342} 130303 : { SELL 22059.81@0.8079342} 
Sat Nov 08 08:16:12 EST 2014 , 4 , 2 , 2 , 130306 : { BUY 2843.78@0.80470892} 130305 : { BUY 2843.78@0.80470892} 130304 : { SELL 22059.81@0.8079342} 130303 : { SELL 22059.81@0.8079342} 
Sat Nov 08 08:19:13 EST 2014 , 4 , 2 , 2 , 130306 : { BUY 2843.78@0.80470892} 130305 : { BUY 2843.78@0.80470892} 130304 : { SELL 22059.81@0.8079342} 130303 : { SELL 22059.81@0.8079342} 
Sat Nov 08 08:22:14 EST 2014 , 4 , 2 , 2 , 130306 : { BUY 2843.78@0.80470892} 130305 : { BUY 2843.78@0.80470892} 130304 : { SELL 22059.81@0.8079342} 130303 : { SELL 22059.81@0.8079342} 
Sat Nov 08 08:25:15 EST 2014 , 4 , 2 , 2 , 130306 : { BUY 2843.78@0.80470892} 130305 : { BUY 2843.78@0.80470892} 130304 : { SELL 22059.81@0.8079342} 130303 : { SELL 22059.81@0.8079342} 
Sat Nov 08 08:28:16 EST 2014 , 4 , 2 , 2 , 130306 : { BUY 2843.78@0.80470892} 130305 : { BUY 2843.78@0.80470892} 130304 : { SELL 22059.81@0.8079342} 130303 : { SELL 22059.81@0.8079342} 
Sat Nov 08 08:31:17 EST 2014 , 4 , 2 , 2 , 130306 : { BUY 2843.78@0.80470892} 130305 : { BUY 2843.78@0.80470892} 130304 : { SELL 22059.81@0.8079342} 130303 : { SELL 22059.81@0.8079342} 
Sat Nov 08 08:34:18 EST 2014 , 4 , 2 , 2 , 130306 : { BUY 2843.78@0.80470892} 130305 : { BUY 2843.78@0.80470892} 130304 : { SELL 22059.81@0.8079342} 130303 : { SELL 22059.81@0.8079342} 
Sat Nov 08 08:37:19 EST 2014 , 4 , 2 , 2 , 130306 : { BUY 2843.78@0.80470892} 130305 : { BUY 2843.78@0.80470892} 130304 : { SELL 22059.81@0.8079342} 130303 : { SELL 22059.81@0.8079342} 
Sat Nov 08 08:40:20 EST 2014 , 4 , 2 , 2 , 130306 : { BUY 2843.78@0.80470892} 130305 : { BUY 2843.78@0.80470892} 130304 : { SELL 22059.81@0.8079342} 130303 : { SELL 22059.81@0.8079342} 
Sat Nov 08 08:43:21 EST 2014 , 4 , 2 , 2 , 130306 : { BUY 2843.78@0.80470892} 130305 : { BUY 2843.78@0.80470892} 130304 : { SELL 22059.81@0.8079342} 130303 : { SELL 22059.81@0.8079342} 
Sat Nov 08 08:46:22 EST 2014 , 4 , 2 , 2 , 130306 : { BUY 2843.78@0.80470892} 130305 : { BUY 2843.78@0.80470892} 130304 : { SELL 22059.81@0.8079342} 130303 : { SELL 22059.81@0.8079342} 
Sat Nov 08 08:49:23 EST 2014 , 4 , 2 , 2 , 130306 : { BUY 2843.78@0.80470892} 130305 : { BUY 2843.78@0.80470892} 130304 : { SELL 22059.81@0.8079342} 130303 : { SELL 22059.81@0.8079342} 
Sat Nov 08 08:52:24 EST 2014 , 4 , 2 , 2 , 130306 : { BUY 2843.78@0.80470892} 130305 : { BUY 2843.78@0.80470892} 130304 : { SELL 22059.81@0.8079342} 130303 : { SELL 22059.81@0.8079342} 
Sat Nov 08 08:55:25 EST 2014 , 4 , 2 , 2 , 130306 : { BUY 2843.78@0.80470892} 130305 : { BUY 2843.78@0.80470892} 130304 : { SELL 22059.81@0.8079342} 130303 : { SELL 22059.81@0.8079342} 
Sat Nov 08 08:58:26 EST 2014 , 4 , 2 , 2 , 130306 : { BUY 2843.78@0.80470892} 130305 : { BUY 2843.78@0.80470892} 130304 : { SELL 22059.81@0.8079342} 130303 : { SELL 22059.81@0.8079342} 
Sat Nov 08 09:01:27 EST 2014 , 4 , 2 , 2 , 130306 : { BUY 2843.78@0.80470892} 130305 : { BUY 2843.78@0.80470892} 130304 : { SELL 22059.81@0.8079342} 130303 : { SELL 22059.81@0.8079342} 
Sat Nov 08 09:04:28 EST 2014 , 4 , 2 , 2 , 130306 : { BUY 2843.78@0.80470892} 130305 : { BUY 2843.78@0.80470892} 130304 : { SELL 22059.81@0.8079342} 130303 : { SELL 22059.81@0.8079342} 
Sat Nov 08 09:07:29 EST 2014 , 4 , 2 , 2 , 130306 : { BUY 2843.78@0.80470892} 130305 : { BUY 2843.78@0.80470892} 130304 : { SELL 22059.81@0.8079342} 130303 : { SELL 22059.81@0.8079342} 
Sat Nov 08 09:10:30 EST 2014 , 4 , 2 , 2 , 130306 : { BUY 2843.78@0.80470892} 130305 : { BUY 2843.78@0.80470892} 130304 : { SELL 22059.81@0.8079342} 130303 : { SELL 22059.81@0.8079342} 
Sat Nov 08 09:13:31 EST 2014 , 4 , 2 , 2 , 130306 : { BUY 2843.78@0.80470892} 130305 : { BUY 2843.78@0.80470892} 130304 : { SELL 22059.81@0.8079342} 130303 : { SELL 22059.81@0.8079342} 
Sat Nov 08 09:16:32 EST 2014 , 4 , 2 , 2 , 130306 : { BUY 2843.78@0.80470892} 130305 : { BUY 2843.78@0.80470892} 130304 : { SELL 22059.81@0.8079342} 130303 : { SELL 22059.81@0.8079342} 
Sat Nov 08 09:19:33 EST 2014 , 4 , 2 , 2 , 130306 : { BUY 2843.78@0.80470892} 130305 : { BUY 2843.78@0.80470892} 130304 : { SELL 22059.81@0.8079342} 130303 : { SELL 22059.81@0.8079342} 
Sat Nov 08 09:22:34 EST 2014 , 4 , 2 , 2 , 130306 : { BUY 2843.78@0.80470892} 130305 : { BUY 2843.78@0.80470892} 130304 : { SELL 22059.81@0.8079342} 130303 : { SELL 22059.81@0.8079342} 
Sat Nov 08 09:25:35 EST 2014 , 4 , 2 , 2 , 130306 : { BUY 2843.78@0.80470892} 130305 : { BUY 2843.78@0.80470892} 130304 : { SELL 22059.81@0.8079342} 130303 : { SELL 22059.81@0.8079342} 
Sat Nov 08 09:28:36 EST 2014 , 4 , 2 , 2 , 130306 : { BUY 2843.78@0.80470892} 130305 : { BUY 2843.78@0.80470892} 130304 : { SELL 22059.81@0.8079342} 130303 : { SELL 22059.81@0.8079342} 
Sat Nov 08 09:31:37 EST 2014 , 4 , 2 , 2 , 130306 : { BUY 2843.78@0.80470892} 130305 : { BUY 2843.78@0.80470892} 130304 : { SELL 22059.81@0.8079342} 130303 : { SELL 22059.81@0.8079342} 
Sat Nov 08 09:34:38 EST 2014 , 4 , 2 , 2 , 130306 : { BUY 2843.78@0.80470892} 130305 : { BUY 2843.78@0.80470892} 130304 : { SELL 22059.81@0.8079342} 130303 : { SELL 22059.81@0.8079342} 
Sat Nov 08 09:37:39 EST 2014 , 4 , 2 , 2 , 130306 : { BUY 2843.78@0.80470892} 130305 : { BUY 2843.78@0.80470892} 130304 : { SELL 22059.81@0.8079342} 130303 : { SELL 22059.81@0.8079342} 
Sat Nov 08 09:40:40 EST 2014 , 4 , 2 , 2 , 130306 : { BUY 2843.78@0.80470892} 130305 : { BUY 2843.78@0.80470892} 130304 : { SELL 22059.81@0.8079342} 130303 : { SELL 22059.81@0.8079342} 
Sat Nov 08 09:43:41 EST 2014 , 4 , 2 , 2 , 130306 : { BUY 2843.78@0.80470892} 130305 : { BUY 2843.78@0.80470892} 130304 : { SELL 22059.81@0.8079342} 130303 : { SELL 22059.81@0.8079342} 
Sat Nov 08 09:46:42 EST 2014 , 4 , 2 , 2 , 130306 : { BUY 2843.78@0.80470892} 130305 : { BUY 2843.78@0.80470892} 130304 : { SELL 22059.81@0.8079342} 130303 : { SELL 22059.81@0.8079342} 
Sat Nov 08 09:49:43 EST 2014 , 4 , 2 , 2 , 130306 : { BUY 2843.78@0.80470892} 130305 : { BUY 2843.78@0.80470892} 130304 : { SELL 22059.81@0.8079342} 130303 : { SELL 22059.81@0.8079342} 
Sat Nov 08 09:52:44 EST 2014 , 4 , 2 , 2 , 130306 : { BUY 2843.78@0.80470892} 130305 : { BUY 2843.78@0.80470892} 130304 : { SELL 22059.81@0.8079342} 130303 : { SELL 22059.81@0.8079342} 
Sat Nov 08 09:55:45 EST 2014 , 4 , 2 , 2 , 130306 : { BUY 2843.78@0.80470892} 130305 : { BUY 2843.78@0.80470892} 130304 : { SELL 22059.81@0.8079342} 130303 : { SELL 22059.81@0.8079342} 
Sat Nov 08 09:58:46 EST 2014 , 4 , 2 , 2 , 130306 : { BUY 2843.78@0.80470892} 130305 : { BUY 2843.78@0.80470892} 130304 : { SELL 22059.81@0.8079342} 130303 : { SELL 22059.81@0.8079342} 
Sat Nov 08 10:01:47 EST 2014 , 4 , 2 , 2 , 130306 : { BUY 2843.78@0.80470892} 130305 : { BUY 2843.78@0.80470892} 130304 : { SELL 22059.81@0.8079342} 130303 : { SELL 22059.81@0.8079342} 
Sat Nov 08 10:04:48 EST 2014 , 4 , 2 , 2 , 130306 : { BUY 2843.78@0.80470892} 130305 : { BUY 2843.78@0.80470892} 130304 : { SELL 22059.81@0.8079342} 130303 : { SELL 22059.81@0.8079342} 
Sat Nov 08 10:07:49 EST 2014 , 4 , 2 , 2 , 130306 : { BUY 2843.78@0.80470892} 130305 : { BUY 2843.78@0.80470892} 130304 : { SELL 22059.81@0.8079342} 130303 : { SELL 22059.81@0.8079342} 
Sat Nov 08 10:10:50 EST 2014 , 4 , 2 , 2 , 130306 : { BUY 2843.78@0.80470892} 130305 : { BUY 2843.78@0.80470892} 130304 : { SELL 22059.81@0.8079342} 130303 : { SELL 22059.81@0.8079342} 
Sat Nov 08 10:13:51 EST 2014 , 4 , 2 , 2 , 130306 : { BUY 2843.78@0.80470892} 130305 : { BUY 2843.78@0.80470892} 130304 : { SELL 22059.81@0.8079342} 130303 : { SELL 22059.81@0.8079342} 
Sat Nov 08 10:16:52 EST 2014 , 4 , 2 , 2 , 130306 : { BUY 2843.78@0.80470892} 130305 : { BUY 2843.78@0.80470892} 130304 : { SELL 22059.81@0.8079342} 130303 : { SELL 22059.81@0.8079342} 
Sat Nov 08 10:19:53 EST 2014 , 4 , 2 , 2 , 130306 : { BUY 2843.78@0.80470892} 130305 : { BUY 2843.78@0.80470892} 130304 : { SELL 22059.81@0.8079342} 130303 : { SELL 22059.81@0.8079342} 
Sat Nov 08 10:22:54 EST 2014 , 4 , 2 , 2 , 130306 : { BUY 2843.78@0.80470892} 130305 : { BUY 2843.78@0.80470892} 130304 : { SELL 22059.81@0.8079342} 130303 : { SELL 22059.81@0.8079342} 
Sat Nov 08 10:25:55 EST 2014 , 4 , 2 , 2 , 130306 : { BUY 2843.78@0.80470892} 130305 : { BUY 2843.78@0.80470892} 130304 : { SELL 22059.81@0.8079342} 130303 : { SELL 22059.81@0.8079342} 
Sat Nov 08 10:28:56 EST 2014 , 4 , 2 , 2 , 130306 : { BUY 2843.78@0.80470892} 130305 : { BUY 2843.78@0.80470892} 130304 : { SELL 22059.81@0.8079342} 130303 : { SELL 22059.81@0.8079342} 
Sat Nov 08 10:31:57 EST 2014 , 4 , 2 , 2 , 130306 : { BUY 2843.78@0.80470892} 130305 : { BUY 2843.78@0.80470892} 130304 : { SELL 22059.81@0.8079342} 130303 : { SELL 22059.81@0.8079342} 
Sat Nov 08 10:34:58 EST 2014 , 4 , 2 , 2 , 130306 : { BUY 2843.78@0.80470892} 130305 : { BUY 2843.78@0.80470892} 130304 : { SELL 22059.81@0.8079342} 130303 : { SELL 22059.81@0.8079342} 
Sat Nov 08 10:37:59 EST 2014 , 4 , 2 , 2 , 130306 : { BUY 2843.78@0.80470892} 130305 : { BUY 2843.78@0.80470892} 130304 : { SELL 22059.81@0.8079342} 130303 : { SELL 22059.81@0.8079342} 
Sat Nov 08 10:41:00 EST 2014 , 4 , 2 , 2 , 130306 : { BUY 2843.78@0.80470892} 130305 : { BUY 2843.78@0.80470892} 130304 : { SELL 22059.81@0.8079342} 130303 : { SELL 22059.81@0.8079342} 
Sat Nov 08 10:44:01 EST 2014 , 4 , 2 , 2 , 130306 : { BUY 2843.78@0.80470892} 130305 : { BUY 2843.78@0.80470892} 130304 : { SELL 22059.81@0.8079342} 130303 : { SELL 22059.81@0.8079342} 
Sat Nov 08 10:47:02 EST 2014 , 4 , 2 , 2 , 130306 : { BUY 2843.78@0.80470892} 130305 : { BUY 2843.78@0.80470892} 130304 : { SELL 22059.81@0.8079342} 130303 : { SELL 22059.81@0.8079342} 
Sat Nov 08 10:50:03 EST 2014 , 4 , 2 , 2 , 130306 : { BUY 2843.78@0.80470892} 130305 : { BUY 2843.78@0.80470892} 130304 : { SELL 22059.81@0.8079342} 130303 : { SELL 22059.81@0.8079342} 
Sat Nov 08 10:53:04 EST 2014 , 4 , 2 , 2 , 130306 : { BUY 2843.78@0.80470892} 130305 : { BUY 2843.78@0.80470892} 130304 : { SELL 22059.81@0.8079342} 130303 : { SELL 22059.81@0.8079342} 
Sat Nov 08 10:56:05 EST 2014 , 4 , 2 , 2 , 130306 : { BUY 2843.78@0.80470892} 130305 : { BUY 2843.78@0.80470892} 130304 : { SELL 22059.81@0.8079342} 130303 : { SELL 22059.81@0.8079342} 
Sat Nov 08 10:59:06 EST 2014 , 4 , 2 , 2 , 130306 : { BUY 2843.78@0.80470892} 130305 : { BUY 2843.78@0.80470892} 130304 : { SELL 22059.81@0.8079342} 130303 : { SELL 22059.81@0.8079342} 
Sat Nov 08 11:02:07 EST 2014 , 4 , 2 , 2 , 130306 : { BUY 2843.78@0.80470892} 130305 : { BUY 2843.78@0.80470892} 130304 : { SELL 22059.81@0.8079342} 130303 : { SELL 22059.81@0.8079342} 
Sat Nov 08 11:05:08 EST 2014 , 4 , 2 , 2 , 130306 : { BUY 2843.78@0.80470892} 130305 : { BUY 2843.78@0.80470892} 130304 : { SELL 22059.81@0.8079342} 130303 : { SELL 22059.81@0.8079342} 
Sat Nov 08 11:08:09 EST 2014 , 4 , 2 , 2 , 130306 : { BUY 2843.78@0.80470892} 130305 : { BUY 2843.78@0.80470892} 130304 : { SELL 22059.81@0.8079342} 130303 : { SELL 22059.81@0.8079342} 
Sat Nov 08 11:11:10 EST 2014 , 4 , 2 , 2 , 130306 : { BUY 2843.78@0.80470892} 130305 : { BUY 2843.78@0.80470892} 130304 : { SELL 22059.81@0.8079342} 130303 : { SELL 22059.81@0.8079342} 
Sat Nov 08 11:14:11 EST 2014 , 4 , 2 , 2 , 130306 : { BUY 2843.78@0.80470892} 130305 : { BUY 2843.78@0.80470892} 130304 : { SELL 22059.81@0.8079342} 130303 : { SELL 22059.81@0.8079342} 
Sat Nov 08 11:17:12 EST 2014 , 4 , 2 , 2 , 130306 : { BUY 2843.78@0.80470892} 130305 : { BUY 2843.78@0.80470892} 130304 : { SELL 22059.81@0.8079342} 130303 : { SELL 22059.81@0.8079342} 
Sat Nov 08 11:20:13 EST 2014 , 4 , 2 , 2 , 130306 : { BUY 2843.78@0.80470892} 130305 : { BUY 2843.78@0.80470892} 130304 : { SELL 22059.81@0.8079342} 130303 : { SELL 22059.81@0.8079342} 
Sat Nov 08 11:23:14 EST 2014 , 4 , 2 , 2 , 130306 : { BUY 2843.78@0.80470892} 130305 : { BUY 2843.78@0.80470892} 130304 : { SELL 22059.81@0.8079342} 130303 : { SELL 22059.81@0.8079342} 
Sat Nov 08 11:26:15 EST 2014 , 4 , 2 , 2 , 130306 : { BUY 2843.78@0.80470892} 130305 : { BUY 2843.78@0.80470892} 130304 : { SELL 22059.81@0.8079342} 130303 : { SELL 22059.81@0.8079342} 
Sat Nov 08 11:29:16 EST 2014 , 4 , 2 , 2 , 130306 : { BUY 2843.78@0.80470892} 130305 : { BUY 2843.78@0.80470892} 130304 : { SELL 22059.81@0.8079342} 130303 : { SELL 22059.81@0.8079342} 
Sat Nov 08 11:32:17 EST 2014 , 4 , 2 , 2 , 130306 : { BUY 2843.78@0.80470892} 130305 : { BUY 2843.78@0.80470892} 130304 : { SELL 22059.81@0.8079342} 130303 : { SELL 22059.81@0.8079342} 
Sat Nov 08 11:35:18 EST 2014 , 4 , 2 , 2 , 130306 : { BUY 2843.78@0.80470892} 130305 : { BUY 2843.78@0.80470892} 130304 : { SELL 22059.81@0.8079342} 130303 : { SELL 22059.81@0.8079342} 
Sat Nov 08 11:38:20 EST 2014 , 4 , 2 , 2 , 130306 : { BUY 2843.78@0.80470892} 130305 : { BUY 2843.78@0.80470892} 130304 : { SELL 22059.81@0.8079342} 130303 : { SELL 22059.81@0.8079342} 
Sat Nov 08 11:41:20 EST 2014 , 4 , 2 , 2 , 130306 : { BUY 2843.78@0.80470892} 130305 : { BUY 2843.78@0.80470892} 130304 : { SELL 22059.81@0.8079342} 130303 : { SELL 22059.81@0.8079342} 
Sat Nov 08 11:44:21 EST 2014 , 4 , 2 , 2 , 130306 : { BUY 2843.78@0.80470892} 130305 : { BUY 2843.78@0.80470892} 130304 : { SELL 22059.81@0.8079342} 130303 : { SELL 22059.81@0.8079342} 
Sat Nov 08 11:47:22 EST 2014 , 4 , 2 , 2 , 130306 : { BUY 2843.78@0.80470892} 130305 : { BUY 2843.78@0.80470892} 130304 : { SELL 22059.81@0.8079342} 130303 : { SELL 22059.81@0.8079342} 
Sat Nov 08 11:50:23 EST 2014 , 4 , 2 , 2 , 130306 : { BUY 2843.78@0.80470892} 130305 : { BUY 2843.78@0.80470892} 130304 : { SELL 22059.81@0.8079342} 130303 : { SELL 22059.81@0.8079342} 
Sat Nov 08 11:53:24 EST 2014 , 4 , 2 , 2 , 130306 : { BUY 2843.78@0.80470892} 130305 : { BUY 2843.78@0.80470892} 130304 : { SELL 22059.81@0.8079342} 130303 : { SELL 22059.81@0.8079342} 
Sat Nov 08 11:56:25 EST 2014 , 4 , 2 , 2 , 130306 : { BUY 2843.78@0.80470892} 130305 : { BUY 2843.78@0.80470892} 130304 : { SELL 22059.81@0.8079342} 130303 : { SELL 22059.81@0.8079342} 
Sat Nov 08 11:59:26 EST 2014 , 4 , 2 , 2 , 130306 : { BUY 2843.78@0.80470892} 130305 : { BUY 2843.78@0.80470892} 130304 : { SELL 22059.81@0.8079342} 130303 : { SELL 22059.81@0.8079342} 
Sat Nov 08 12:02:27 EST 2014 , 4 , 2 , 2 , 130306 : { BUY 2843.78@0.80470892} 130305 : { BUY 2843.78@0.80470892} 130304 : { SELL 22059.81@0.8079342} 130303 : { SELL 22059.81@0.8079342} 
Sat Nov 08 12:05:28 EST 2014 , 4 , 2 , 2 , 130306 : { BUY 2843.78@0.80470892} 130305 : { BUY 2843.78@0.80470892} 130304 : { SELL 22059.81@0.8079342} 130303 : { SELL 22059.81@0.8079342} 
Sat Nov 08 12:08:29 EST 2014 , 4 , 2 , 2 , 130306 : { BUY 2843.78@0.80470892} 130305 : { BUY 2843.78@0.80470892} 130304 : { SELL 22059.81@0.8079342} 130303 : { SELL 22059.81@0.8079342} 
Sat Nov 08 12:11:30 EST 2014 , 4 , 2 , 2 , 130306 : { BUY 2843.78@0.80470892} 130305 : { BUY 2843.78@0.80470892} 130304 : { SELL 22059.81@0.8079342} 130303 : { SELL 22059.81@0.8079342} 
Sat Nov 08 12:14:31 EST 2014 , 4 , 2 , 2 , 130306 : { BUY 2843.78@0.80470892} 130305 : { BUY 2843.78@0.80470892} 130304 : { SELL 22059.81@0.8079342} 130303 : { SELL 22059.81@0.8079342} 
Sat Nov 08 12:17:32 EST 2014 , 4 , 2 , 2 , 130306 : { BUY 2843.78@0.80470892} 130305 : { BUY 2843.78@0.80470892} 130304 : { SELL 22059.81@0.8079342} 130303 : { SELL 22059.81@0.8079342} 
Sat Nov 08 12:20:33 EST 2014 , 4 , 2 , 2 , 130306 : { BUY 2843.78@0.80470892} 130305 : { BUY 2843.78@0.80470892} 130304 : { SELL 22059.81@0.8079342} 130303 : { SELL 22059.81@0.8079342} 
Sat Nov 08 12:23:34 EST 2014 , 4 , 2 , 2 , 130306 : { BUY 2843.78@0.80470892} 130305 : { BUY 2843.78@0.80470892} 130304 : { SELL 22059.81@0.8079342} 130303 : { SELL 22059.81@0.8079342} 
Sat Nov 08 12:26:35 EST 2014 , 4 , 2 , 2 , 130306 : { BUY 2843.78@0.80470892} 130305 : { BUY 2843.78@0.80470892} 130304 : { SELL 22059.81@0.8079342} 130303 : { SELL 22059.81@0.8079342} 
Sat Nov 08 12:29:36 EST 2014 , 4 , 2 , 2 , 130306 : { BUY 2843.78@0.80470892} 130305 : { BUY 2843.78@0.80470892} 130304 : { SELL 22059.81@0.8079342} 130303 : { SELL 22059.81@0.8079342} 
Sat Nov 08 12:32:37 EST 2014 , 4 , 2 , 2 , 130306 : { BUY 2843.78@0.80470892} 130305 : { BUY 2843.78@0.80470892} 130304 : { SELL 22059.81@0.8079342} 130303 : { SELL 22059.81@0.8079342} 
Sat Nov 08 12:35:38 EST 2014 , 4 , 2 , 2 , 130306 : { BUY 2843.78@0.80470892} 130305 : { BUY 2843.78@0.80470892} 130304 : { SELL 22059.81@0.8079342} 130303 : { SELL 22059.81@0.8079342} 
Sat Nov 08 12:38:39 EST 2014 , 4 , 2 , 2 , 130306 : { BUY 2843.78@0.80470892} 130305 : { BUY 2843.78@0.80470892} 130304 : { SELL 22059.81@0.8079342} 130303 : { SELL 22059.81@0.8079342} 
Sat Nov 08 12:41:40 EST 2014 , 4 , 2 , 2 , 130306 : { BUY 2843.78@0.80470892} 130305 : { BUY 2843.78@0.80470892} 130304 : { SELL 22059.81@0.8079342} 130303 : { SELL 22059.81@0.8079342} 
Sat Nov 08 12:44:41 EST 2014 , 4 , 2 , 2 , 130306 : { BUY 2843.78@0.80470892} 130305 : { BUY 2843.78@0.80470892} 130304 : { SELL 22059.81@0.8079342} 130303 : { SELL 22059.81@0.8079342} 
Sat Nov 08 12:47:42 EST 2014 , 4 , 2 , 2 , 130306 : { BUY 2843.78@0.80470892} 130305 : { BUY 2843.78@0.80470892} 130304 : { SELL 22059.81@0.8079342} 130303 : { SELL 22059.81@0.8079342} 
Sat Nov 08 12:50:43 EST 2014 , 4 , 2 , 2 , 130306 : { BUY 2843.78@0.80470892} 130305 : { BUY 2843.78@0.80470892} 130304 : { SELL 22059.81@0.8079342} 130303 : { SELL 22059.81@0.8079342} 
Sat Nov 08 12:53:44 EST 2014 , 4 , 2 , 2 , 130306 : { BUY 2843.78@0.80470892} 130305 : { BUY 2843.78@0.80470892} 130304 : { SELL 22059.81@0.8079342} 130303 : { SELL 22059.81@0.8079342} 
Sat Nov 08 12:56:45 EST 2014 , 4 , 2 , 2 , 130306 : { BUY 2843.78@0.80470892} 130305 : { BUY 2843.78@0.80470892} 130304 : { SELL 22059.81@0.8079342} 130303 : { SELL 22059.81@0.8079342} 
Sat Nov 08 12:59:46 EST 2014 , 4 , 2 , 2 , 130306 : { BUY 2843.78@0.80470892} 130305 : { BUY 2843.78@0.80470892} 130304 : { SELL 22059.81@0.8079342} 130303 : { SELL 22059.81@0.8079342} 
Sat Nov 08 13:02:47 EST 2014 , 4 , 2 , 2 , 130306 : { BUY 2843.78@0.80470892} 130305 : { BUY 2843.78@0.80470892} 130304 : { SELL 22059.81@0.8079342} 130303 : { SELL 22059.81@0.8079342} 
Sat Nov 08 13:05:48 EST 2014 , 4 , 2 , 2 , 130306 : { BUY 2843.78@0.80470892} 130305 : { BUY 2843.78@0.80470892} 130304 : { SELL 22059.81@0.8079342} 130303 : { SELL 22059.81@0.8079342} 
Sat Nov 08 13:08:49 EST 2014 , 4 , 2 , 2 , 130306 : { BUY 2843.78@0.80470892} 130305 : { BUY 2843.78@0.80470892} 130304 : { SELL 22059.81@0.8079342} 130303 : { SELL 22059.81@0.8079342} 
Sat Nov 08 13:11:50 EST 2014 , 4 , 2 , 2 , 130306 : { BUY 2843.78@0.80470892} 130305 : { BUY 2843.78@0.80470892} 130304 : { SELL 22059.81@0.8079342} 130303 : { SELL 22059.81@0.8079342} 
Sat Nov 08 13:14:51 EST 2014 , 4 , 2 , 2 , 130306 : { BUY 2843.78@0.80470892} 130305 : { BUY 2843.78@0.80470892} 130304 : { SELL 22059.81@0.8079342} 130303 : { SELL 22059.81@0.8079342} 
Sat Nov 08 13:17:52 EST 2014 , 4 , 2 , 2 , 130306 : { BUY 2843.78@0.80470892} 130305 : { BUY 2843.78@0.80470892} 130304 : { SELL 22059.81@0.8079342} 130303 : { SELL 22059.81@0.8079342} 
Sat Nov 08 13:20:53 EST 2014 , 4 , 2 , 2 , 130306 : { BUY 2843.78@0.80470892} 130305 : { BUY 2843.78@0.80470892} 130304 : { SELL 22059.81@0.8079342} 130303 : { SELL 22059.81@0.8079342} 
Sat Nov 08 13:23:54 EST 2014 , 4 , 2 , 2 , 130306 : { BUY 2843.78@0.80470892} 130305 : { BUY 2843.78@0.80470892} 130304 : { SELL 22059.81@0.8079342} 130303 : { SELL 22059.81@0.8079342} 
Sat Nov 08 13:26:55 EST 2014 , 4 , 2 , 2 , 130306 : { BUY 2843.78@0.80470892} 130305 : { BUY 2843.78@0.80470892} 130304 : { SELL 22059.81@0.8079342} 130303 : { SELL 22059.81@0.8079342} 
Sat Nov 08 13:29:56 EST 2014 , 4 , 2 , 2 , 130306 : { BUY 2843.78@0.80470892} 130305 : { BUY 2843.78@0.80470892} 130304 : { SELL 22059.81@0.8079342} 130303 : { SELL 22059.81@0.8079342} 
Sat Nov 08 13:32:57 EST 2014 , 4 , 2 , 2 , 130306 : { BUY 2843.78@0.80470892} 130305 : { BUY 2843.78@0.80470892} 130304 : { SELL 22059.81@0.8079342} 130303 : { SELL 22059.81@0.8079342} 
Sat Nov 08 13:35:58 EST 2014 , 4 , 2 , 2 , 130306 : { BUY 2843.78@0.80470892} 130305 : { BUY 2843.78@0.80470892} 130304 : { SELL 22059.81@0.8079342} 130303 : { SELL 22059.81@0.8079342} 
Sat Nov 08 13:38:59 EST 2014 , 4 , 2 , 2 , 130306 : { BUY 2843.78@0.80470892} 130305 : { BUY 2843.78@0.80470892} 130304 : { SELL 22059.81@0.8079342} 130303 : { SELL 22059.81@0.8079342} 
Sat Nov 08 13:42:00 EST 2014 , 4 , 2 , 2 , 130306 : { BUY 2843.78@0.80470892} 130305 : { BUY 2843.78@0.80470892} 130304 : { SELL 22059.81@0.8079342} 130303 : { SELL 22059.81@0.8079342} 
Sat Nov 08 13:45:01 EST 2014 , 4 , 2 , 2 , 130306 : { BUY 2843.78@0.80470892} 130305 : { BUY 2843.78@0.80470892} 130304 : { SELL 22059.81@0.8079342} 130303 : { SELL 22059.81@0.8079342} 
Sat Nov 08 13:48:02 EST 2014 , 4 , 2 , 2 , 130306 : { BUY 2843.78@0.80470892} 130305 : { BUY 2843.78@0.80470892} 130304 : { SELL 22059.81@0.8079342} 130303 : { SELL 22059.81@0.8079342} 
Sat Nov 08 13:51:03 EST 2014 , 4 , 2 , 2 , 130306 : { BUY 2843.78@0.80470892} 130305 : { BUY 2843.78@0.80470892} 130304 : { SELL 22059.81@0.8079342} 130303 : { SELL 22059.81@0.8079342} 
Sat Nov 08 13:54:04 EST 2014 , 4 , 2 , 2 , 130306 : { BUY 2843.78@0.80470892} 130305 : { BUY 2843.78@0.80470892} 130304 : { SELL 22059.81@0.8079342} 130303 : { SELL 22059.81@0.8079342} 
Sat Nov 08 13:57:05 EST 2014 , 4 , 2 , 2 , 130306 : { BUY 2843.78@0.80470892} 130305 : { BUY 2843.78@0.80470892} 130304 : { SELL 22059.81@0.8079342} 130303 : { SELL 22059.81@0.8079342} 
Sat Nov 08 14:00:06 EST 2014 , 4 , 2 , 2 , 130306 : { BUY 2843.78@0.80470892} 130305 : { BUY 2843.78@0.80470892} 130304 : { SELL 22059.81@0.8079342} 130303 : { SELL 22059.81@0.8079342} 
Sat Nov 08 14:03:07 EST 2014 , 4 , 2 , 2 , 130306 : { BUY 2843.78@0.80470892} 130305 : { BUY 2843.78@0.80470892} 130304 : { SELL 22059.81@0.8079342} 130303 : { SELL 22059.81@0.8079342} 
Sat Nov 08 14:06:08 EST 2014 , 4 , 2 , 2 , 130306 : { BUY 2843.78@0.80470892} 130305 : { BUY 2843.78@0.80470892} 130304 : { SELL 22059.81@0.8079342} 130303 : { SELL 22059.81@0.8079342} 
Sat Nov 08 14:09:09 EST 2014 , 4 , 2 , 2 , 130306 : { BUY 2843.78@0.80470892} 130305 : { BUY 2843.78@0.80470892} 130304 : { SELL 22059.81@0.8079342} 130303 : { SELL 22059.81@0.8079342} 
Sat Nov 08 14:12:10 EST 2014 , 4 , 2 , 2 , 130306 : { BUY 2843.78@0.80470892} 130305 : { BUY 2843.78@0.80470892} 130304 : { SELL 22059.81@0.8079342} 130303 : { SELL 22059.81@0.8079342} 
Sat Nov 08 14:15:11 EST 2014 , 4 , 2 , 2 , 130306 : { BUY 2843.78@0.80470892} 130305 : { BUY 2843.78@0.80470892} 130304 : { SELL 22059.81@0.8079342} 130303 : { SELL 22059.81@0.8079342} 
Sat Nov 08 14:18:12 EST 2014 , 4 , 2 , 2 , 130306 : { BUY 2843.78@0.80470892} 130305 : { BUY 2843.78@0.80470892} 130304 : { SELL 22059.81@0.8079342} 130303 : { SELL 22059.81@0.8079342} 
Sat Nov 08 14:21:13 EST 2014 , 4 , 2 , 2 , 130306 : { BUY 2843.78@0.80470892} 130305 : { BUY 2843.78@0.80470892} 130304 : { SELL 22059.81@0.8079342} 130303 : { SELL 22059.81@0.8079342} 
Sat Nov 08 14:24:14 EST 2014 , 4 , 2 , 2 , 130306 : { BUY 2843.78@0.80470892} 130305 : { BUY 2843.78@0.80470892} 130304 : { SELL 22059.81@0.8079342} 130303 : { SELL 22059.81@0.8079342} 
Sat Nov 08 14:27:15 EST 2014 , 4 , 2 , 2 , 130306 : { BUY 2843.78@0.80470892} 130305 : { BUY 2843.78@0.80470892} 130304 : { SELL 22059.81@0.8079342} 130303 : { SELL 22059.81@0.8079342} 
Sat Nov 08 14:30:16 EST 2014 , 4 , 2 , 2 , 130306 : { BUY 2843.78@0.80470892} 130305 : { BUY 2843.78@0.80470892} 130304 : { SELL 22059.81@0.8079342} 130303 : { SELL 22059.81@0.8079342} 
Sat Nov 08 14:33:17 EST 2014 , 4 , 2 , 2 , 130306 : { BUY 2843.78@0.80470892} 130305 : { BUY 2843.78@0.80470892} 130304 : { SELL 22059.81@0.8079342} 130303 : { SELL 22059.81@0.8079342} 
Sat Nov 08 14:36:18 EST 2014 , 4 , 2 , 2 , 130306 : { BUY 2843.78@0.80470892} 130305 : { BUY 2843.78@0.80470892} 130304 : { SELL 22059.81@0.8079342} 130303 : { SELL 22059.81@0.8079342} 
Sat Nov 08 14:39:19 EST 2014 , 4 , 2 , 2 , 130306 : { BUY 2843.78@0.80470892} 130305 : { BUY 2843.78@0.80470892} 130304 : { SELL 22059.81@0.8079342} 130303 : { SELL 22059.81@0.8079342} 
Sat Nov 08 14:42:20 EST 2014 , 4 , 2 , 2 , 130306 : { BUY 2843.78@0.80470892} 130305 : { BUY 2843.78@0.80470892} 130304 : { SELL 22059.81@0.8079342} 130303 : { SELL 22059.81@0.8079342} 
Sat Nov 08 14:45:21 EST 2014 , 4 , 2 , 2 , 130306 : { BUY 2843.78@0.80470892} 130305 : { BUY 2843.78@0.80470892} 130304 : { SELL 22059.81@0.8079342} 130303 : { SELL 22059.81@0.8079342} 
Sat Nov 08 14:48:22 EST 2014 , 4 , 2 , 2 , 130306 : { BUY 2843.78@0.80470892} 130305 : { BUY 2843.78@0.80470892} 130304 : { SELL 22059.81@0.8079342} 130303 : { SELL 22059.81@0.8079342} 
Sat Nov 08 14:51:23 EST 2014 , 4 , 2 , 2 , 130306 : { BUY 2843.78@0.80470892} 130305 : { BUY 2843.78@0.80470892} 130304 : { SELL 22059.81@0.8079342} 130303 : { SELL 22059.81@0.8079342} 
Sat Nov 08 14:54:24 EST 2014 , 4 , 2 , 2 , 130306 : { BUY 2843.78@0.80470892} 130305 : { BUY 2843.78@0.80470892} 130304 : { SELL 22059.81@0.8079342} 130303 : { SELL 22059.81@0.8079342} 
Sat Nov 08 14:57:25 EST 2014 , 4 , 2 , 2 , 130306 : { BUY 2843.78@0.80470892} 130305 : { BUY 2843.78@0.80470892} 130304 : { SELL 22059.81@0.8079342} 130303 : { SELL 22059.81@0.8079342} 
Sat Nov 08 15:00:26 EST 2014 , 4 , 2 , 2 , 130306 : { BUY 2843.78@0.80470892} 130305 : { BUY 2843.78@0.80470892} 130304 : { SELL 22059.81@0.8079342} 130303 : { SELL 22059.81@0.8079342} 
Sat Nov 08 15:03:27 EST 2014 , 4 , 2 , 2 , 130306 : { BUY 2843.78@0.80470892} 130305 : { BUY 2843.78@0.80470892} 130304 : { SELL 22059.81@0.8079342} 130303 : { SELL 22059.81@0.8079342} 
Sat Nov 08 15:06:28 EST 2014 , 4 , 2 , 2 , 130306 : { BUY 2843.78@0.80470892} 130305 : { BUY 2843.78@0.80470892} 130304 : { SELL 22059.81@0.8079342} 130303 : { SELL 22059.81@0.8079342} 
Sat Nov 08 15:09:29 EST 2014 , 4 , 2 , 2 , 130306 : { BUY 2843.78@0.80470892} 130305 : { BUY 2843.78@0.80470892} 130304 : { SELL 22059.81@0.8079342} 130303 : { SELL 22059.81@0.8079342} 
Sat Nov 08 15:12:30 EST 2014 , 4 , 2 , 2 , 130306 : { BUY 2843.78@0.80470892} 130305 : { BUY 2843.78@0.80470892} 130304 : { SELL 22059.81@0.8079342} 130303 : { SELL 22059.81@0.8079342} 
Sat Nov 08 15:15:31 EST 2014 , 4 , 2 , 2 , 130306 : { BUY 2843.78@0.80470892} 130305 : { BUY 2843.78@0.80470892} 130304 : { SELL 22059.81@0.8079342} 130303 : { SELL 22059.81@0.8079342} 
Sat Nov 08 15:18:32 EST 2014 , 4 , 2 , 2 , 130306 : { BUY 2843.78@0.80470892} 130305 : { BUY 2843.78@0.80470892} 130304 : { SELL 22059.81@0.8079342} 130303 : { SELL 22059.81@0.8079342} 
Sat Nov 08 15:21:33 EST 2014 , 4 , 2 , 2 , 130306 : { BUY 2843.78@0.80470892} 130305 : { BUY 2843.78@0.80470892} 130304 : { SELL 22059.81@0.8079342} 130303 : { SELL 22059.81@0.8079342} 
Sat Nov 08 15:24:34 EST 2014 , 4 , 2 , 2 , 130306 : { BUY 2843.78@0.80470892} 130305 : { BUY 2843.78@0.80470892} 130304 : { SELL 22059.81@0.8079342} 130303 : { SELL 22059.81@0.8079342} 
Sat Nov 08 15:27:35 EST 2014 , 4 , 2 , 2 , 130306 : { BUY 2843.78@0.80470892} 130305 : { BUY 2843.78@0.80470892} 130304 : { SELL 22059.81@0.8079342} 130303 : { SELL 22059.81@0.8079342} 
Sat Nov 08 15:30:36 EST 2014 , 4 , 2 , 2 , 130306 : { BUY 2843.78@0.80470892} 130305 : { BUY 2843.78@0.80470892} 130304 : { SELL 22059.81@0.8079342} 130303 : { SELL 22059.81@0.8079342} 
Sat Nov 08 15:33:37 EST 2014 , 4 , 2 , 2 , 130306 : { BUY 2843.78@0.80470892} 130305 : { BUY 2843.78@0.80470892} 130304 : { SELL 22059.81@0.8079342} 130303 : { SELL 22059.81@0.8079342} 
Sat Nov 08 15:36:38 EST 2014 , 4 , 2 , 2 , 130306 : { BUY 2843.78@0.80470892} 130305 : { BUY 2843.78@0.80470892} 130304 : { SELL 22059.81@0.8079342} 130303 : { SELL 22059.81@0.8079342} 
Sat Nov 08 15:39:39 EST 2014 , 4 , 2 , 2 , 130306 : { BUY 2843.78@0.80470892} 130305 : { BUY 2843.78@0.80470892} 130304 : { SELL 22059.81@0.8079342} 130303 : { SELL 22059.81@0.8079342} 
Sat Nov 08 15:42:40 EST 2014 , 4 , 2 , 2 , 130306 : { BUY 2843.78@0.80470892} 130305 : { BUY 2843.78@0.80470892} 130304 : { SELL 22059.81@0.8079342} 130303 : { SELL 22059.81@0.8079342} 
Sat Nov 08 15:45:41 EST 2014 , 4 , 2 , 2 , 130306 : { BUY 2843.78@0.80470892} 130305 : { BUY 2843.78@0.80470892} 130304 : { SELL 22059.81@0.8079342} 130303 : { SELL 22059.81@0.8079342} 
Sat Nov 08 15:48:42 EST 2014 , 4 , 2 , 2 , 130306 : { BUY 2843.78@0.80470892} 130305 : { BUY 2843.78@0.80470892} 130304 : { SELL 22059.81@0.8079342} 130303 : { SELL 22059.81@0.8079342} 
Sat Nov 08 15:51:43 EST 2014 , 4 , 2 , 2 , 130306 : { BUY 2843.78@0.80470892} 130305 : { BUY 2843.78@0.80470892} 130304 : { SELL 22059.81@0.8079342} 130303 : { SELL 22059.81@0.8079342} 
Sat Nov 08 15:54:44 EST 2014 , 4 , 2 , 2 , 130306 : { BUY 2843.78@0.80470892} 130305 : { BUY 2843.78@0.80470892} 130304 : { SELL 22059.81@0.8079342} 130303 : { SELL 22059.81@0.8079342} 
Sat Nov 08 15:57:45 EST 2014 , 4 , 2 , 2 , 130306 : { BUY 2843.78@0.80470892} 130305 : { BUY 2843.78@0.80470892} 130304 : { SELL 22059.81@0.8079342} 130303 : { SELL 22059.81@0.8079342} 
Sat Nov 08 16:00:46 EST 2014 , 4 , 2 , 2 , 130306 : { BUY 2843.78@0.80470892} 130305 : { BUY 2843.78@0.80470892} 130304 : { SELL 22059.81@0.8079342} 130303 : { SELL 22059.81@0.8079342} 
Sat Nov 08 16:03:47 EST 2014 , 4 , 2 , 2 , 130306 : { BUY 2843.78@0.80470892} 130305 : { BUY 2843.78@0.80470892} 130304 : { SELL 22059.81@0.8079342} 130303 : { SELL 22059.81@0.8079342} 
Sat Nov 08 16:06:48 EST 2014 , 4 , 2 , 2 , 130306 : { BUY 2843.78@0.80470892} 130305 : { BUY 2843.78@0.80470892} 130304 : { SELL 22059.81@0.8079342} 130303 : { SELL 22059.81@0.8079342} 
Sat Nov 08 16:09:49 EST 2014 , 4 , 2 , 2 , 130306 : { BUY 2843.78@0.80470892} 130305 : { BUY 2843.78@0.80470892} 130304 : { SELL 22059.81@0.8079342} 130303 : { SELL 22059.81@0.8079342} 
Sat Nov 08 16:12:50 EST 2014 , 4 , 2 , 2 , 130306 : { BUY 2843.78@0.80470892} 130305 : { BUY 2843.78@0.80470892} 130304 : { SELL 22059.81@0.8079342} 130303 : { SELL 22059.81@0.8079342} 
Sat Nov 08 16:15:51 EST 2014 , 4 , 2 , 2 , 130306 : { BUY 2843.78@0.80470892} 130305 : { BUY 2843.78@0.80470892} 130304 : { SELL 22059.81@0.8079342} 130303 : { SELL 22059.81@0.8079342} 
Sat Nov 08 16:18:52 EST 2014 , 4 , 2 , 2 , 130306 : { BUY 2843.78@0.80470892} 130305 : { BUY 2843.78@0.80470892} 130304 : { SELL 22059.81@0.8079342} 130303 : { SELL 22059.81@0.8079342} 
Sat Nov 08 16:21:53 EST 2014 , 4 , 2 , 2 , 130306 : { BUY 2843.78@0.80470892} 130305 : { BUY 2843.78@0.80470892} 130304 : { SELL 22059.81@0.8079342} 130303 : { SELL 22059.81@0.8079342} 
Sat Nov 08 16:24:54 EST 2014 , 4 , 2 , 2 , 130306 : { BUY 2843.78@0.80470892} 130305 : { BUY 2843.78@0.80470892} 130304 : { SELL 22059.81@0.8079342} 130303 : { SELL 22059.81@0.8079342} 
Sat Nov 08 16:27:55 EST 2014 , 4 , 2 , 2 , 130306 : { BUY 2843.78@0.80470892} 130305 : { BUY 2843.78@0.80470892} 130304 : { SELL 22059.81@0.8079342} 130303 : { SELL 22059.81@0.8079342} 
Sat Nov 08 16:30:56 EST 2014 , 4 , 2 , 2 , 130306 : { BUY 2843.78@0.80470892} 130305 : { BUY 2843.78@0.80470892} 130304 : { SELL 22059.81@0.8079342} 130303 : { SELL 22059.81@0.8079342} 
Sat Nov 08 16:33:57 EST 2014 , 4 , 2 , 2 , 130306 : { BUY 2843.78@0.80470892} 130305 : { BUY 2843.78@0.80470892} 130304 : { SELL 22059.81@0.8079342} 130303 : { SELL 22059.81@0.8079342} 
Sat Nov 08 16:36:58 EST 2014 , 4 , 2 , 2 , 130306 : { BUY 2843.78@0.80470892} 130305 : { BUY 2843.78@0.80470892} 130304 : { SELL 22059.81@0.8079342} 130303 : { SELL 22059.81@0.8079342} 
Sat Nov 08 16:40:00 EST 2014 , 4 , 2 , 2 , 130306 : { BUY 2843.78@0.80470892} 130305 : { BUY 2843.78@0.80470892} 130304 : { SELL 22059.81@0.8079342} 130303 : { SELL 22059.81@0.8079342} 
Sat Nov 08 16:43:00 EST 2014 , 4 , 2 , 2 , 130306 : { BUY 2843.78@0.80470892} 130305 : { BUY 2843.78@0.80470892} 130304 : { SELL 22059.81@0.8079342} 130303 : { SELL 22059.81@0.8079342} 
Sat Nov 08 16:46:01 EST 2014 , 4 , 2 , 2 , 130306 : { BUY 2843.78@0.80470892} 130305 : { BUY 2843.78@0.80470892} 130304 : { SELL 22059.81@0.8079342} 130303 : { SELL 22059.81@0.8079342} 
Sat Nov 08 16:49:02 EST 2014 , 4 , 2 , 2 , 130306 : { BUY 2843.78@0.80470892} 130305 : { BUY 2843.78@0.80470892} 130304 : { SELL 22059.81@0.8079342} 130303 : { SELL 22059.81@0.8079342} 
Sat Nov 08 16:52:03 EST 2014 , 4 , 2 , 2 , 130306 : { BUY 2843.78@0.80470892} 130305 : { BUY 2843.78@0.80470892} 130304 : { SELL 22059.81@0.8079342} 130303 : { SELL 22059.81@0.8079342} 
Sat Nov 08 16:55:04 EST 2014 , 4 , 2 , 2 , 130306 : { BUY 2843.78@0.80470892} 130305 : { BUY 2843.78@0.80470892} 130304 : { SELL 22059.81@0.8079342} 130303 : { SELL 22059.81@0.8079342} 
Sat Nov 08 16:58:05 EST 2014 , 4 , 2 , 2 , 130306 : { BUY 2843.78@0.80470892} 130305 : { BUY 2843.78@0.80470892} 130304 : { SELL 22059.81@0.8079342} 130303 : { SELL 22059.81@0.8079342} 
Sat Nov 08 17:01:06 EST 2014 , 4 , 2 , 2 , 130306 : { BUY 2843.78@0.80470892} 130305 : { BUY 2843.78@0.80470892} 130304 : { SELL 22059.81@0.8079342} 130303 : { SELL 22059.81@0.8079342} 
Sat Nov 08 17:04:07 EST 2014 , 4 , 2 , 2 , 130306 : { BUY 2843.78@0.80470892} 130305 : { BUY 2843.78@0.80470892} 130304 : { SELL 22059.81@0.8079342} 130303 : { SELL 22059.81@0.8079342} 
Sat Nov 08 17:07:08 EST 2014 , 4 , 2 , 2 , 130306 : { BUY 2843.78@0.80470892} 130305 : { BUY 2843.78@0.80470892} 130304 : { SELL 22059.81@0.8079342} 130303 : { SELL 22059.81@0.8079342} 
Sat Nov 08 17:10:09 EST 2014 , 4 , 2 , 2 , 130306 : { BUY 2843.78@0.80470892} 130305 : { BUY 2843.78@0.80470892} 130304 : { SELL 22059.81@0.8079342} 130303 : { SELL 22059.81@0.8079342} 
Sat Nov 08 17:13:10 EST 2014 , 4 , 2 , 2 , 130306 : { BUY 2843.78@0.80470892} 130305 : { BUY 2843.78@0.80470892} 130304 : { SELL 22059.81@0.8079342} 130303 : { SELL 22059.81@0.8079342} 
Sat Nov 08 17:16:11 EST 2014 , 4 , 2 , 2 , 130306 : { BUY 2843.78@0.80470892} 130305 : { BUY 2843.78@0.80470892} 130304 : { SELL 22059.81@0.8079342} 130303 : { SELL 22059.81@0.8079342} 
Sat Nov 08 17:19:12 EST 2014 , 4 , 2 , 2 , 130306 : { BUY 2843.78@0.80470892} 130305 : { BUY 2843.78@0.80470892} 130304 : { SELL 22059.81@0.8079342} 130303 : { SELL 22059.81@0.8079342} 
Sat Nov 08 17:22:13 EST 2014 , 4 , 2 , 2 , 130306 : { BUY 2843.78@0.80470892} 130305 : { BUY 2843.78@0.80470892} 130304 : { SELL 22059.81@0.8079342} 130303 : { SELL 22059.81@0.8079342} 
Sat Nov 08 17:25:14 EST 2014 , 4 , 2 , 2 , 130306 : { BUY 2843.78@0.80470892} 130305 : { BUY 2843.78@0.80470892} 130304 : { SELL 22059.81@0.8079342} 130303 : { SELL 22059.81@0.8079342} 
Sat Nov 08 17:28:15 EST 2014 , 4 , 2 , 2 , 130306 : { BUY 2843.78@0.80470892} 130305 : { BUY 2843.78@0.80470892} 130304 : { SELL 22059.81@0.8079342} 130303 : { SELL 22059.81@0.8079342} 
Sat Nov 08 17:31:16 EST 2014 , 4 , 2 , 2 , 130306 : { BUY 2843.78@0.80470892} 130305 : { BUY 2843.78@0.80470892} 130304 : { SELL 22059.81@0.8079342} 130303 : { SELL 22059.81@0.8079342} 
Sat Nov 08 17:34:17 EST 2014 , 4 , 2 , 2 , 130306 : { BUY 2843.78@0.80470892} 130305 : { BUY 2843.78@0.80470892} 130304 : { SELL 22059.81@0.8079342} 130303 : { SELL 22059.81@0.8079342} 
Sat Nov 08 17:37:18 EST 2014 , 4 , 2 , 2 , 130306 : { BUY 2843.78@0.80470892} 130305 : { BUY 2843.78@0.80470892} 130304 : { SELL 22059.81@0.8079342} 130303 : { SELL 22059.81@0.8079342} 
Sat Nov 08 17:40:19 EST 2014 , 4 , 2 , 2 , 130306 : { BUY 2843.78@0.80470892} 130305 : { BUY 2843.78@0.80470892} 130304 : { SELL 22059.81@0.8079342} 130303 : { SELL 22059.81@0.8079342} 
Sat Nov 08 17:43:20 EST 2014 , 4 , 2 , 2 , 130306 : { BUY 2843.78@0.80470892} 130305 : { BUY 2843.78@0.80470892} 130304 : { SELL 22059.81@0.8079342} 130303 : { SELL 22059.81@0.8079342} 
Sat Nov 08 17:46:21 EST 2014 , 4 , 2 , 2 , 130306 : { BUY 2843.78@0.80470892} 130305 : { BUY 2843.78@0.80470892} 130304 : { SELL 22059.81@0.8079342} 130303 : { SELL 22059.81@0.8079342} 
Sat Nov 08 17:49:22 EST 2014 , 4 , 2 , 2 , 130306 : { BUY 2843.78@0.80470892} 130305 : { BUY 2843.78@0.80470892} 130304 : { SELL 22059.81@0.8079342} 130303 : { SELL 22059.81@0.8079342} 
Sat Nov 08 17:52:23 EST 2014 , 4 , 2 , 2 , 130306 : { BUY 2843.78@0.80470892} 130305 : { BUY 2843.78@0.80470892} 130304 : { SELL 22059.81@0.8079342} 130303 : { SELL 22059.81@0.8079342} 
Sat Nov 08 17:55:24 EST 2014 , 4 , 2 , 2 , 130306 : { BUY 2843.78@0.80470892} 130305 : { BUY 2843.78@0.80470892} 130304 : { SELL 22059.81@0.8079342} 130303 : { SELL 22059.81@0.8079342} 
Sat Nov 08 17:58:25 EST 2014 , 4 , 2 , 2 , 130306 : { BUY 2843.78@0.80470892} 130305 : { BUY 2843.78@0.80470892} 130304 : { SELL 22059.81@0.8079342} 130303 : { SELL 22059.81@0.8079342} 
Sat Nov 08 18:01:26 EST 2014 , 4 , 2 , 2 , 130306 : { BUY 2843.78@0.80470892} 130305 : { BUY 2843.78@0.80470892} 130304 : { SELL 22059.81@0.8079342} 130303 : { SELL 22059.81@0.8079342} 
Sat Nov 08 18:04:27 EST 2014 , 4 , 2 , 2 , 130306 : { BUY 2843.78@0.80470892} 130305 : { BUY 2843.78@0.80470892} 130304 : { SELL 22059.81@0.8079342} 130303 : { SELL 22059.81@0.8079342} 
Sat Nov 08 18:07:28 EST 2014 , 4 , 2 , 2 , 130306 : { BUY 2843.78@0.80470892} 130305 : { BUY 2843.78@0.80470892} 130304 : { SELL 22059.81@0.8079342} 130303 : { SELL 22059.81@0.8079342} 
Sat Nov 08 18:10:29 EST 2014 , 4 , 2 , 2 , 130306 : { BUY 2843.78@0.80470892} 130305 : { BUY 2843.78@0.80470892} 130304 : { SELL 22059.81@0.8079342} 130303 : { SELL 22059.81@0.8079342} 
Sat Nov 08 18:13:30 EST 2014 , 4 , 2 , 2 , 130306 : { BUY 2843.78@0.80470892} 130305 : { BUY 2843.78@0.80470892} 130304 : { SELL 22059.81@0.8079342} 130303 : { SELL 22059.81@0.8079342} 
Sat Nov 08 18:16:31 EST 2014 , 4 , 2 , 2 , 130306 : { BUY 2843.78@0.80470892} 130305 : { BUY 2843.78@0.80470892} 130304 : { SELL 22059.81@0.8079342} 130303 : { SELL 22059.81@0.8079342} 
Sat Nov 08 18:19:32 EST 2014 , 4 , 2 , 2 , 130306 : { BUY 2843.78@0.80470892} 130305 : { BUY 2843.78@0.80470892} 130304 : { SELL 22059.81@0.8079342} 130303 : { SELL 22059.81@0.8079342} 
Sat Nov 08 18:22:33 EST 2014 , 4 , 2 , 2 , 130306 : { BUY 2843.78@0.80470892} 130305 : { BUY 2843.78@0.80470892} 130304 : { SELL 22059.81@0.8079342} 130303 : { SELL 22059.81@0.8079342} 
Sat Nov 08 18:25:34 EST 2014 , 4 , 2 , 2 , 130306 : { BUY 2843.78@0.80470892} 130305 : { BUY 2843.78@0.80470892} 130304 : { SELL 22059.81@0.8079342} 130303 : { SELL 22059.81@0.8079342} 
Sat Nov 08 18:28:35 EST 2014 , 4 , 2 , 2 , 130306 : { BUY 2843.78@0.80470892} 130305 : { BUY 2843.78@0.80470892} 130304 : { SELL 22059.81@0.8079342} 130303 : { SELL 22059.81@0.8079342} 
Sat Nov 08 18:31:36 EST 2014 , 4 , 2 , 2 , 130306 : { BUY 2843.78@0.80470892} 130305 : { BUY 2843.78@0.80470892} 130304 : { SELL 22059.81@0.8079342} 130303 : { SELL 22059.81@0.8079342} 
Sat Nov 08 18:34:37 EST 2014 , 4 , 2 , 2 , 130306 : { BUY 2843.78@0.80470892} 130305 : { BUY 2843.78@0.80470892} 130304 : { SELL 22059.81@0.8079342} 130303 : { SELL 22059.81@0.8079342} 
Sat Nov 08 18:37:38 EST 2014 , 4 , 2 , 2 , 130306 : { BUY 2843.78@0.80470892} 130305 : { BUY 2843.78@0.80470892} 130304 : { SELL 22059.81@0.8079342} 130303 : { SELL 22059.81@0.8079342} 
Sat Nov 08 18:40:39 EST 2014 , 4 , 2 , 2 , 130306 : { BUY 2843.78@0.80470892} 130305 : { BUY 2843.78@0.80470892} 130304 : { SELL 22059.81@0.8079342} 130303 : { SELL 22059.81@0.8079342} 
Sat Nov 08 18:43:40 EST 2014 , 4 , 2 , 2 , 130306 : { BUY 2843.78@0.80470892} 130305 : { BUY 2843.78@0.80470892} 130304 : { SELL 22059.81@0.8079342} 130303 : { SELL 22059.81@0.8079342} 
Sat Nov 08 18:46:41 EST 2014 , 4 , 2 , 2 , 130306 : { BUY 2843.78@0.80470892} 130305 : { BUY 2843.78@0.80470892} 130304 : { SELL 22059.81@0.8079342} 130303 : { SELL 22059.81@0.8079342} 
Sat Nov 08 18:49:42 EST 2014 , 4 , 2 , 2 , 130306 : { BUY 2843.78@0.80470892} 130305 : { BUY 2843.78@0.80470892} 130304 : { SELL 22059.81@0.8079342} 130303 : { SELL 22059.81@0.8079342} 
Sat Nov 08 18:52:43 EST 2014 , 4 , 2 , 2 , 130306 : { BUY 2843.78@0.80470892} 130305 : { BUY 2843.78@0.80470892} 130304 : { SELL 22059.81@0.8079342} 130303 : { SELL 22059.81@0.8079342} 
Sat Nov 08 18:55:44 EST 2014 , 4 , 2 , 2 , 130306 : { BUY 2843.78@0.80470892} 130305 : { BUY 2843.78@0.80470892} 130304 : { SELL 22059.81@0.8079342} 130303 : { SELL 22059.81@0.8079342} 
Sat Nov 08 18:58:45 EST 2014 , 4 , 2 , 2 , 130306 : { BUY 2843.78@0.80470892} 130305 : { BUY 2843.78@0.80470892} 130304 : { SELL 22059.81@0.8079342} 130303 : { SELL 22059.81@0.8079342} 
Sat Nov 08 19:01:46 EST 2014 , 4 , 2 , 2 , 130306 : { BUY 2843.78@0.80470892} 130305 : { BUY 2843.78@0.80470892} 130304 : { SELL 22059.81@0.8079342} 130303 : { SELL 22059.81@0.8079342} 
Sat Nov 08 19:04:47 EST 2014 , 4 , 2 , 2 , 130306 : { BUY 2843.78@0.80470892} 130305 : { BUY 2843.78@0.80470892} 130304 : { SELL 22059.81@0.8079342} 130303 : { SELL 22059.81@0.8079342} 
Sat Nov 08 19:07:48 EST 2014 , 4 , 2 , 2 , 130306 : { BUY 2843.78@0.80470892} 130305 : { BUY 2843.78@0.80470892} 130304 : { SELL 22059.81@0.8079342} 130303 : { SELL 22059.81@0.8079342} 
Sat Nov 08 19:10:49 EST 2014 , 4 , 2 , 2 , 130306 : { BUY 2843.78@0.80470892} 130305 : { BUY 2843.78@0.80470892} 130304 : { SELL 22059.81@0.8079342} 130303 : { SELL 22059.81@0.8079342} 
Sat Nov 08 19:13:50 EST 2014 , 4 , 2 , 2 , 130306 : { BUY 2843.78@0.80470892} 130305 : { BUY 2843.78@0.80470892} 130304 : { SELL 22059.81@0.8079342} 130303 : { SELL 22059.81@0.8079342} 
Sat Nov 08 19:16:51 EST 2014 , 4 , 2 , 2 , 130306 : { BUY 2843.78@0.80470892} 130305 : { BUY 2843.78@0.80470892} 130304 : { SELL 22059.81@0.8079342} 130303 : { SELL 22059.81@0.8079342} 
Sat Nov 08 19:19:52 EST 2014 , 4 , 2 , 2 , 130306 : { BUY 2843.78@0.80470892} 130305 : { BUY 2843.78@0.80470892} 130304 : { SELL 22059.81@0.8079342} 130303 : { SELL 22059.81@0.8079342} 
Sat Nov 08 19:22:53 EST 2014 , 4 , 2 , 2 , 130306 : { BUY 2843.78@0.80470892} 130305 : { BUY 2843.78@0.80470892} 130304 : { SELL 22059.81@0.8079342} 130303 : { SELL 22059.81@0.8079342} 
Sat Nov 08 19:25:54 EST 2014 , 4 , 2 , 2 , 130306 : { BUY 2843.78@0.80470892} 130305 : { BUY 2843.78@0.80470892} 130304 : { SELL 22059.81@0.8079342} 130303 : { SELL 22059.81@0.8079342} 
Sat Nov 08 19:28:55 EST 2014 , 4 , 2 , 2 , 130306 : { BUY 2843.78@0.80470892} 130305 : { BUY 2843.78@0.80470892} 130304 : { SELL 22059.81@0.8079342} 130303 : { SELL 22059.81@0.8079342} 
Sat Nov 08 19:31:56 EST 2014 , 4 , 2 , 2 , 130306 : { BUY 2843.78@0.80470892} 130305 : { BUY 2843.78@0.80470892} 130304 : { SELL 22059.81@0.8079342} 130303 : { SELL 22059.81@0.8079342} 
Sat Nov 08 19:34:57 EST 2014 , 4 , 2 , 2 , 130306 : { BUY 2843.78@0.80470892} 130305 : { BUY 2843.78@0.80470892} 130304 : { SELL 22059.81@0.8079342} 130303 : { SELL 22059.81@0.8079342} 
Sat Nov 08 19:37:58 EST 2014 , 4 , 2 , 2 , 130306 : { BUY 2843.78@0.80470892} 130305 : { BUY 2843.78@0.80470892} 130304 : { SELL 22059.81@0.8079342} 130303 : { SELL 22059.81@0.8079342} 
Sat Nov 08 19:40:59 EST 2014 , 4 , 2 , 2 , 130306 : { BUY 2843.78@0.80470892} 130305 : { BUY 2843.78@0.80470892} 130304 : { SELL 22059.81@0.8079342} 130303 : { SELL 22059.81@0.8079342} 
Sat Nov 08 19:44:00 EST 2014 , 4 , 2 , 2 , 130306 : { BUY 2843.78@0.80470892} 130305 : { BUY 2843.78@0.80470892} 130304 : { SELL 22059.81@0.8079342} 130303 : { SELL 22059.81@0.8079342} 
Sat Nov 08 19:47:01 EST 2014 , 4 , 2 , 2 , 130306 : { BUY 2843.78@0.80470892} 130305 : { BUY 2843.78@0.80470892} 130304 : { SELL 22059.81@0.8079342} 130303 : { SELL 22059.81@0.8079342} 
Sat Nov 08 19:50:02 EST 2014 , 4 , 2 , 2 , 130306 : { BUY 2843.78@0.80470892} 130305 : { BUY 2843.78@0.80470892} 130304 : { SELL 22059.81@0.8079342} 130303 : { SELL 22059.81@0.8079342} 
Sat Nov 08 19:53:03 EST 2014 , 4 , 2 , 2 , 130306 : { BUY 2843.78@0.80470892} 130305 : { BUY 2843.78@0.80470892} 130304 : { SELL 22059.81@0.8079342} 130303 : { SELL 22059.81@0.8079342} 
Sat Nov 08 19:56:04 EST 2014 , 4 , 2 , 2 , 130306 : { BUY 2843.78@0.80470892} 130305 : { BUY 2843.78@0.80470892} 130304 : { SELL 22059.81@0.8079342} 130303 : { SELL 22059.81@0.8079342} 
Sat Nov 08 19:59:05 EST 2014 , 4 , 2 , 2 , 130306 : { BUY 2843.78@0.80470892} 130305 : { BUY 2843.78@0.80470892} 130304 : { SELL 22059.81@0.8079342} 130303 : { SELL 22059.81@0.8079342} 
Sat Nov 08 20:02:06 EST 2014 , 4 , 2 , 2 , 130306 : { BUY 2843.78@0.80470892} 130305 : { BUY 2843.78@0.80470892} 130304 : { SELL 22059.81@0.8079342} 130303 : { SELL 22059.81@0.8079342} 
Sat Nov 08 20:05:07 EST 2014 , 4 , 2 , 2 , 130306 : { BUY 2843.78@0.80470892} 130305 : { BUY 2843.78@0.80470892} 130304 : { SELL 22059.81@0.8079342} 130303 : { SELL 22059.81@0.8079342} 
Sat Nov 08 20:08:08 EST 2014 , 4 , 2 , 2 , 130306 : { BUY 2843.78@0.80470892} 130305 : { BUY 2843.78@0.80470892} 130304 : { SELL 22059.81@0.8079342} 130303 : { SELL 22059.81@0.8079342} 
Sat Nov 08 20:11:09 EST 2014 , 4 , 2 , 2 , 130306 : { BUY 2843.78@0.80470892} 130305 : { BUY 2843.78@0.80470892} 130304 : { SELL 22059.81@0.8079342} 130303 : { SELL 22059.81@0.8079342} 
Sat Nov 08 20:14:10 EST 2014 , 4 , 2 , 2 , 130306 : { BUY 2843.78@0.80470892} 130305 : { BUY 2843.78@0.80470892} 130304 : { SELL 22059.81@0.8079342} 130303 : { SELL 22059.81@0.8079342} 
Sat Nov 08 20:17:11 EST 2014 , 4 , 2 , 2 , 130306 : { BUY 2843.78@0.80470892} 130305 : { BUY 2843.78@0.80470892} 130304 : { SELL 22059.81@0.8079342} 130303 : { SELL 22059.81@0.8079342} 
Sat Nov 08 20:20:12 EST 2014 , 4 , 2 , 2 , 130306 : { BUY 2843.78@0.80470892} 130305 : { BUY 2843.78@0.80470892} 130304 : { SELL 22059.81@0.8079342} 130303 : { SELL 22059.81@0.8079342} 
Sat Nov 08 20:23:13 EST 2014 , 4 , 2 , 2 , 130306 : { BUY 2843.78@0.80470892} 130305 : { BUY 2843.78@0.80470892} 130304 : { SELL 22059.81@0.8079342} 130303 : { SELL 22059.81@0.8079342} 
Sat Nov 08 20:26:14 EST 2014 , 4 , 2 , 2 , 130306 : { BUY 2843.78@0.80470892} 130305 : { BUY 2843.78@0.80470892} 130304 : { SELL 22059.81@0.8079342} 130303 : { SELL 22059.81@0.8079342} 
Sat Nov 08 20:29:15 EST 2014 , 4 , 2 , 2 , 130306 : { BUY 2843.78@0.80470892} 130305 : { BUY 2843.78@0.80470892} 130304 : { SELL 22059.81@0.8079342} 130303 : { SELL 22059.81@0.8079342} 
Sat Nov 08 20:32:16 EST 2014 , 4 , 2 , 2 , 130306 : { BUY 2843.78@0.80470892} 130305 : { BUY 2843.78@0.80470892} 130304 : { SELL 22059.81@0.8079342} 130303 : { SELL 22059.81@0.8079342} 
Sat Nov 08 20:35:17 EST 2014 , 4 , 2 , 2 , 130306 : { BUY 2843.78@0.80470892} 130305 : { BUY 2843.78@0.80470892} 130304 : { SELL 22059.81@0.8079342} 130303 : { SELL 22059.81@0.8079342} 
Sat Nov 08 20:38:18 EST 2014 , 4 , 2 , 2 , 130306 : { BUY 2843.78@0.80470892} 130305 : { BUY 2843.78@0.80470892} 130304 : { SELL 22059.81@0.8079342} 130303 : { SELL 22059.81@0.8079342} 
Sat Nov 08 20:41:19 EST 2014 , 4 , 2 , 2 , 130306 : { BUY 2843.78@0.80470892} 130305 : { BUY 2843.78@0.80470892} 130304 : { SELL 22059.81@0.8079342} 130303 : { SELL 22059.81@0.8079342} 
Sat Nov 08 20:44:20 EST 2014 , 4 , 2 , 2 , 130306 : { BUY 2843.78@0.80470892} 130305 : { BUY 2843.78@0.80470892} 130304 : { SELL 22059.81@0.8079342} 130303 : { SELL 22059.81@0.8079342} 
Sat Nov 08 20:47:21 EST 2014 , 4 , 2 , 2 , 130306 : { BUY 2843.78@0.80470892} 130305 : { BUY 2843.78@0.80470892} 130304 : { SELL 22059.81@0.8079342} 130303 : { SELL 22059.81@0.8079342} 
Sat Nov 08 20:50:22 EST 2014 , 4 , 2 , 2 , 130306 : { BUY 2843.78@0.80470892} 130305 : { BUY 2843.78@0.80470892} 130304 : { SELL 22059.81@0.8079342} 130303 : { SELL 22059.81@0.8079342} 
Sat Nov 08 20:53:23 EST 2014 , 4 , 2 , 2 , 130306 : { BUY 2843.78@0.80470892} 130305 : { BUY 2843.78@0.80470892} 130304 : { SELL 22059.81@0.8079342} 130303 : { SELL 22059.81@0.8079342} 
Sat Nov 08 20:56:24 EST 2014 , 4 , 2 , 2 , 130306 : { BUY 2843.78@0.80470892} 130305 : { BUY 2843.78@0.80470892} 130304 : { SELL 22059.81@0.8079342} 130303 : { SELL 22059.81@0.8079342} 
Sat Nov 08 20:59:25 EST 2014 , 4 , 2 , 2 , 130306 : { BUY 2843.78@0.80470892} 130305 : { BUY 2843.78@0.80470892} 130304 : { SELL 22059.81@0.8079342} 130303 : { SELL 22059.81@0.8079342} 
Sat Nov 08 21:02:26 EST 2014 , 4 , 2 , 2 , 130306 : { BUY 2843.78@0.80470892} 130305 : { BUY 2843.78@0.80470892} 130304 : { SELL 22059.81@0.8079342} 130303 : { SELL 22059.81@0.8079342} 
Sat Nov 08 21:05:27 EST 2014 , 4 , 2 , 2 , 130306 : { BUY 2843.78@0.80470892} 130305 : { BUY 2843.78@0.80470892} 130304 : { SELL 22059.81@0.8079342} 130303 : { SELL 22059.81@0.8079342} 
Sat Nov 08 21:08:28 EST 2014 , 4 , 2 , 2 , 130306 : { BUY 2843.78@0.80470892} 130305 : { BUY 2843.78@0.80470892} 130304 : { SELL 22059.81@0.8079342} 130303 : { SELL 22059.81@0.8079342} 
Sat Nov 08 21:11:29 EST 2014 , 4 , 2 , 2 , 130306 : { BUY 2843.78@0.80470892} 130305 : { BUY 2843.78@0.80470892} 130304 : { SELL 22059.81@0.8079342} 130303 : { SELL 22059.81@0.8079342} 
Sat Nov 08 21:14:30 EST 2014 , 4 , 2 , 2 , 130306 : { BUY 2843.78@0.80470892} 130305 : { BUY 2843.78@0.80470892} 130304 : { SELL 22059.81@0.8079342} 130303 : { SELL 22059.81@0.8079342} 
Sat Nov 08 21:17:31 EST 2014 , 4 , 2 , 2 , 130306 : { BUY 2843.78@0.80470892} 130305 : { BUY 2843.78@0.80470892} 130304 : { SELL 22059.81@0.8079342} 130303 : { SELL 22059.81@0.8079342} 
Sat Nov 08 21:20:32 EST 2014 , 4 , 2 , 2 , 130306 : { BUY 2843.78@0.80470892} 130305 : { BUY 2843.78@0.80470892} 130304 : { SELL 22059.81@0.8079342} 130303 : { SELL 22059.81@0.8079342} 
Sat Nov 08 21:23:33 EST 2014 , 4 , 2 , 2 , 130306 : { BUY 2843.78@0.80470892} 130305 : { BUY 2843.78@0.80470892} 130304 : { SELL 22059.81@0.8079342} 130303 : { SELL 22059.81@0.8079342} 
Sat Nov 08 21:26:34 EST 2014 , 4 , 2 , 2 , 130306 : { BUY 2843.78@0.80470892} 130305 : { BUY 2843.78@0.80470892} 130304 : { SELL 22059.81@0.8079342} 130303 : { SELL 22059.81@0.8079342} 
Sat Nov 08 21:29:35 EST 2014 , 4 , 2 , 2 , 130306 : { BUY 2843.78@0.80470892} 130305 : { BUY 2843.78@0.80470892} 130304 : { SELL 22059.81@0.8079342} 130303 : { SELL 22059.81@0.8079342} 
Sat Nov 08 21:32:36 EST 2014 , 4 , 2 , 2 , 130306 : { BUY 2843.78@0.80470892} 130305 : { BUY 2843.78@0.80470892} 130304 : { SELL 22059.81@0.8079342} 130303 : { SELL 22059.81@0.8079342} 
Sat Nov 08 21:35:37 EST 2014 , 4 , 2 , 2 , 130306 : { BUY 2843.78@0.80470892} 130305 : { BUY 2843.78@0.80470892} 130304 : { SELL 22059.81@0.8079342} 130303 : { SELL 22059.81@0.8079342} 
Sat Nov 08 21:38:38 EST 2014 , 4 , 2 , 2 , 130306 : { BUY 2843.78@0.80470892} 130305 : { BUY 2843.78@0.80470892} 130304 : { SELL 22059.81@0.8079342} 130303 : { SELL 22059.81@0.8079342} 
Sat Nov 08 21:41:40 EST 2014 , 4 , 2 , 2 , 130306 : { BUY 2843.78@0.80470892} 130305 : { BUY 2843.78@0.80470892} 130304 : { SELL 22059.81@0.8079342} 130303 : { SELL 22059.81@0.8079342} 
Sat Nov 08 21:44:40 EST 2014 , 4 , 2 , 2 , 130306 : { BUY 2843.78@0.80470892} 130305 : { BUY 2843.78@0.80470892} 130304 : { SELL 22059.81@0.8079342} 130303 : { SELL 22059.81@0.8079342} 
Sat Nov 08 21:47:41 EST 2014 , 4 , 2 , 2 , 130306 : { BUY 2843.78@0.80470892} 130305 : { BUY 2843.78@0.80470892} 130304 : { SELL 22059.81@0.8079342} 130303 : { SELL 22059.81@0.8079342} 
Sat Nov 08 21:50:42 EST 2014 , 4 , 2 , 2 , 130306 : { BUY 2843.78@0.80470892} 130305 : { BUY 2843.78@0.80470892} 130304 : { SELL 22059.81@0.8079342} 130303 : { SELL 22059.81@0.8079342} 
Sat Nov 08 21:53:43 EST 2014 , 4 , 2 , 2 , 130306 : { BUY 2843.78@0.80470892} 130305 : { BUY 2843.78@0.80470892} 130304 : { SELL 22059.81@0.8079342} 130303 : { SELL 22059.81@0.8079342} 
Sat Nov 08 21:56:44 EST 2014 , 4 , 2 , 2 , 130306 : { BUY 2843.78@0.80470892} 130305 : { BUY 2843.78@0.80470892} 130304 : { SELL 22059.81@0.8079342} 130303 : { SELL 22059.81@0.8079342} 
Sat Nov 08 21:59:45 EST 2014 , 4 , 2 , 2 , 130306 : { BUY 2843.78@0.80470892} 130305 : { BUY 2843.78@0.80470892} 130304 : { SELL 22059.81@0.8079342} 130303 : { SELL 22059.81@0.8079342} 
Sat Nov 08 22:02:46 EST 2014 , 4 , 2 , 2 , 130306 : { BUY 2843.78@0.80470892} 130305 : { BUY 2843.78@0.80470892} 130304 : { SELL 22059.81@0.8079342} 130303 : { SELL 22059.81@0.8079342} 
Sat Nov 08 22:05:47 EST 2014 , 4 , 2 , 2 , 130306 : { BUY 2843.78@0.80470892} 130305 : { BUY 2843.78@0.80470892} 130304 : { SELL 22059.81@0.8079342} 130303 : { SELL 22059.81@0.8079342} 
Sat Nov 08 22:08:48 EST 2014 , 4 , 2 , 2 , 130306 : { BUY 2843.78@0.80470892} 130305 : { BUY 2843.78@0.80470892} 130304 : { SELL 22059.81@0.8079342} 130303 : { SELL 22059.81@0.8079342} 
Sat Nov 08 22:11:49 EST 2014 , 4 , 2 , 2 , 130306 : { BUY 2843.78@0.80470892} 130305 : { BUY 2843.78@0.80470892} 130304 : { SELL 22059.81@0.8079342} 130303 : { SELL 22059.81@0.8079342} 
Sat Nov 08 22:14:50 EST 2014 , 4 , 2 , 2 , 130306 : { BUY 2843.78@0.80470892} 130305 : { BUY 2843.78@0.80470892} 130304 : { SELL 22059.81@0.8079342} 130303 : { SELL 22059.81@0.8079342} 
Sat Nov 08 22:17:51 EST 2014 , 4 , 2 , 2 , 130306 : { BUY 2843.78@0.80470892} 130305 : { BUY 2843.78@0.80470892} 130304 : { SELL 22059.81@0.8079342} 130303 : { SELL 22059.81@0.8079342} 
Sat Nov 08 22:20:52 EST 2014 , 4 , 2 , 2 , 130306 : { BUY 2843.78@0.80470892} 130305 : { BUY 2843.78@0.80470892} 130304 : { SELL 22059.81@0.8079342} 130303 : { SELL 22059.81@0.8079342} 
Sat Nov 08 22:23:53 EST 2014 , 4 , 2 , 2 , 130306 : { BUY 2843.78@0.80470892} 130305 : { BUY 2843.78@0.80470892} 130304 : { SELL 22059.81@0.8079342} 130303 : { SELL 22059.81@0.8079342} 
Sat Nov 08 22:26:54 EST 2014 , 4 , 2 , 2 , 130306 : { BUY 2843.78@0.80470892} 130305 : { BUY 2843.78@0.80470892} 130304 : { SELL 22059.81@0.8079342} 130303 : { SELL 22059.81@0.8079342} 
Sat Nov 08 22:29:55 EST 2014 , 4 , 2 , 2 , 130306 : { BUY 2843.78@0.80470892} 130305 : { BUY 2843.78@0.80470892} 130304 : { SELL 22059.81@0.8079342} 130303 : { SELL 22059.81@0.8079342} 
Sat Nov 08 22:32:56 EST 2014 , 4 , 2 , 2 , 130306 : { BUY 2843.78@0.80470892} 130305 : { BUY 2843.78@0.80470892} 130304 : { SELL 22059.81@0.8079342} 130303 : { SELL 22059.81@0.8079342} 
Sat Nov 08 22:35:57 EST 2014 , 4 , 2 , 2 , 130306 : { BUY 2843.78@0.80470892} 130305 : { BUY 2843.78@0.80470892} 130304 : { SELL 22059.81@0.8079342} 130303 : { SELL 22059.81@0.8079342} 
Sat Nov 08 22:38:58 EST 2014 , 4 , 2 , 2 , 130306 : { BUY 2843.78@0.80470892} 130305 : { BUY 2843.78@0.80470892} 130304 : { SELL 22059.81@0.8079342} 130303 : { SELL 22059.81@0.8079342} 
Sat Nov 08 22:41:59 EST 2014 , 4 , 2 , 2 , 130306 : { BUY 2843.78@0.80470892} 130305 : { BUY 2843.78@0.80470892} 130304 : { SELL 22059.81@0.8079342} 130303 : { SELL 22059.81@0.8079342} 
Sat Nov 08 22:45:00 EST 2014 , 4 , 2 , 2 , 130306 : { BUY 2843.78@0.80470892} 130305 : { BUY 2843.78@0.80470892} 130304 : { SELL 22059.81@0.8079342} 130303 : { SELL 22059.81@0.8079342} 
Sat Nov 08 22:48:01 EST 2014 , 4 , 2 , 2 , 130306 : { BUY 2843.78@0.80470892} 130305 : { BUY 2843.78@0.80470892} 130304 : { SELL 22059.81@0.8079342} 130303 : { SELL 22059.81@0.8079342} 
Sat Nov 08 22:51:02 EST 2014 , 4 , 2 , 2 , 130306 : { BUY 2843.78@0.80470892} 130305 : { BUY 2843.78@0.80470892} 130304 : { SELL 22059.81@0.8079342} 130303 : { SELL 22059.81@0.8079342} 
Sat Nov 08 22:54:03 EST 2014 , 4 , 2 , 2 , 130306 : { BUY 2843.78@0.80470892} 130305 : { BUY 2843.78@0.80470892} 130304 : { SELL 22059.81@0.8079342} 130303 : { SELL 22059.81@0.8079342} 
Sat Nov 08 22:57:04 EST 2014 , 4 , 2 , 2 , 130306 : { BUY 2843.78@0.80470892} 130305 : { BUY 2843.78@0.80470892} 130304 : { SELL 22059.81@0.8079342} 130303 : { SELL 22059.81@0.8079342} 
Sat Nov 08 23:00:05 EST 2014 , 4 , 2 , 2 , 130306 : { BUY 2843.78@0.80470892} 130305 : { BUY 2843.78@0.80470892} 130304 : { SELL 22059.81@0.8079342} 130303 : { SELL 22059.81@0.8079342} 
Sat Nov 08 23:03:06 EST 2014 , 4 , 2 , 2 , 130306 : { BUY 2843.78@0.80470892} 130305 : { BUY 2843.78@0.80470892} 130304 : { SELL 22059.81@0.8079342} 130303 : { SELL 22059.81@0.8079342} 
Sat Nov 08 23:06:07 EST 2014 , 4 , 2 , 2 , 130306 : { BUY 2843.78@0.80470892} 130305 : { BUY 2843.78@0.80470892} 130304 : { SELL 22059.81@0.8079342} 130303 : { SELL 22059.81@0.8079342} 
Sat Nov 08 23:09:08 EST 2014 , 4 , 2 , 2 , 130306 : { BUY 2843.78@0.80470892} 130305 : { BUY 2843.78@0.80470892} 130304 : { SELL 22059.81@0.8079342} 130303 : { SELL 22059.81@0.8079342} 
Sat Nov 08 23:12:09 EST 2014 , 4 , 2 , 2 , 130306 : { BUY 2843.78@0.80470892} 130305 : { BUY 2843.78@0.80470892} 130304 : { SELL 22059.81@0.8079342} 130303 : { SELL 22059.81@0.8079342} 
Sat Nov 08 23:15:10 EST 2014 , 4 , 2 , 2 , 130306 : { BUY 2843.78@0.80470892} 130305 : { BUY 2843.78@0.80470892} 130304 : { SELL 22059.81@0.8079342} 130303 : { SELL 22059.81@0.8079342} 
Sat Nov 08 23:18:11 EST 2014 , 4 , 2 , 2 , 130306 : { BUY 2843.78@0.80470892} 130305 : { BUY 2843.78@0.80470892} 130304 : { SELL 22059.81@0.8079342} 130303 : { SELL 22059.81@0.8079342} 
Sat Nov 08 23:21:12 EST 2014 , 4 , 2 , 2 , 130306 : { BUY 2843.78@0.80470892} 130305 : { BUY 2843.78@0.80470892} 130304 : { SELL 22059.81@0.8079342} 130303 : { SELL 22059.81@0.8079342} 
Sat Nov 08 23:24:13 EST 2014 , 4 , 2 , 2 , 130306 : { BUY 2843.78@0.80470892} 130305 : { BUY 2843.78@0.80470892} 130304 : { SELL 22059.81@0.8079342} 130303 : { SELL 22059.81@0.8079342} 
Sat Nov 08 23:27:14 EST 2014 , 4 , 2 , 2 , 130306 : { BUY 2843.78@0.80470892} 130305 : { BUY 2843.78@0.80470892} 130304 : { SELL 22059.81@0.8079342} 130303 : { SELL 22059.81@0.8079342} 
Sat Nov 08 23:30:15 EST 2014 , 4 , 2 , 2 , 130306 : { BUY 2843.78@0.80470892} 130305 : { BUY 2843.78@0.80470892} 130304 : { SELL 22059.81@0.8079342} 130303 : { SELL 22059.81@0.8079342} 
Sat Nov 08 23:33:16 EST 2014 , 4 , 2 , 2 , 130306 : { BUY 2843.78@0.80470892} 130305 : { BUY 2843.78@0.80470892} 130304 : { SELL 22059.81@0.8079342} 130303 : { SELL 22059.81@0.8079342} 
Sat Nov 08 23:36:17 EST 2014 , 4 , 2 , 2 , 130306 : { BUY 2843.78@0.80470892} 130305 : { BUY 2843.78@0.80470892} 130304 : { SELL 22059.81@0.8079342} 130303 : { SELL 22059.81@0.8079342} 
Sat Nov 08 23:39:18 EST 2014 , 4 , 2 , 2 , 130306 : { BUY 2843.78@0.80470892} 130305 : { BUY 2843.78@0.80470892} 130304 : { SELL 22059.81@0.8079342} 130303 : { SELL 22059.81@0.8079342} 
Sat Nov 08 23:42:19 EST 2014 , 4 , 2 , 2 , 130306 : { BUY 2843.78@0.80470892} 130305 : { BUY 2843.78@0.80470892} 130304 : { SELL 22059.81@0.8079342} 130303 : { SELL 22059.81@0.8079342} 
Sat Nov 08 23:45:20 EST 2014 , 4 , 2 , 2 , 130306 : { BUY 2843.78@0.80470892} 130305 : { BUY 2843.78@0.80470892} 130304 : { SELL 22059.81@0.8079342} 130303 : { SELL 22059.81@0.8079342} 
Sat Nov 08 23:48:21 EST 2014 , 4 , 2 , 2 , 130306 : { BUY 2843.78@0.80470892} 130305 : { BUY 2843.78@0.80470892} 130304 : { SELL 22059.81@0.8079342} 130303 : { SELL 22059.81@0.8079342} 
Sat Nov 08 23:51:22 EST 2014 , 4 , 2 , 2 , 130306 : { BUY 2843.78@0.80470892} 130305 : { BUY 2843.78@0.80470892} 130304 : { SELL 22059.81@0.8079342} 130303 : { SELL 22059.81@0.8079342} 
Sat Nov 08 23:54:23 EST 2014 , 4 , 2 , 2 , 130306 : { BUY 2843.78@0.80470892} 130305 : { BUY 2843.78@0.80470892} 130304 : { SELL 22059.81@0.8079342} 130303 : { SELL 22059.81@0.8079342} 
Sat Nov 08 23:57:24 EST 2014 , 4 , 2 , 2 , 130306 : { BUY 2843.78@0.80470892} 130305 : { BUY 2843.78@0.80470892} 130304 : { SELL 22059.81@0.8079342} 130303 : { SELL 22059.81@0.8079342} 
Sun Nov 09 00:00:25 EST 2014 , 4 , 2 , 2 , 130306 : { BUY 2843.78@0.80470892} 130305 : { BUY 2843.78@0.80470892} 130304 : { SELL 22059.81@0.8079342} 130303 : { SELL 22059.81@0.8079342} 
Sun Nov 09 00:03:26 EST 2014 , 4 , 2 , 2 , 130306 : { BUY 2843.78@0.80470892} 130305 : { BUY 2843.78@0.80470892} 130304 : { SELL 22059.81@0.8079342} 130303 : { SELL 22059.81@0.8079342} 
Sun Nov 09 00:06:27 EST 2014 , 4 , 2 , 2 , 130306 : { BUY 2843.78@0.80470892} 130305 : { BUY 2843.78@0.80470892} 130304 : { SELL 22059.81@0.8079342} 130303 : { SELL 22059.81@0.8079342} 
Sun Nov 09 00:09:28 EST 2014 , 4 , 2 , 2 , 130306 : { BUY 2843.78@0.80470892} 130305 : { BUY 2843.78@0.80470892} 130304 : { SELL 22059.81@0.8079342} 130303 : { SELL 22059.81@0.8079342} 
Sun Nov 09 00:12:29 EST 2014 , 4 , 2 , 2 , 130306 : { BUY 2843.78@0.80470892} 130305 : { BUY 2843.78@0.80470892} 130304 : { SELL 22059.81@0.8079342} 130303 : { SELL 22059.81@0.8079342} 
Sun Nov 09 00:15:30 EST 2014 , 4 , 2 , 2 , 130306 : { BUY 2843.78@0.80470892} 130305 : { BUY 2843.78@0.80470892} 130304 : { SELL 22059.81@0.8079342} 130303 : { SELL 22059.81@0.8079342} 
Sun Nov 09 00:18:31 EST 2014 , 4 , 2 , 2 , 130306 : { BUY 2843.78@0.80470892} 130305 : { BUY 2843.78@0.80470892} 130304 : { SELL 22059.81@0.8079342} 130303 : { SELL 22059.81@0.8079342} 
Sun Nov 09 00:21:32 EST 2014 , 4 , 2 , 2 , 130306 : { BUY 2843.78@0.80470892} 130305 : { BUY 2843.78@0.80470892} 130304 : { SELL 22059.81@0.8079342} 130303 : { SELL 22059.81@0.8079342} 
Sun Nov 09 00:24:33 EST 2014 , 4 , 2 , 2 , 130306 : { BUY 2843.78@0.80470892} 130305 : { BUY 2843.78@0.80470892} 130304 : { SELL 22059.81@0.8079342} 130303 : { SELL 22059.81@0.8079342} 
Sun Nov 09 00:27:34 EST 2014 , 4 , 2 , 2 , 130306 : { BUY 2843.78@0.80470892} 130305 : { BUY 2843.78@0.80470892} 130304 : { SELL 22059.81@0.8079342} 130303 : { SELL 22059.81@0.8079342} 
Sun Nov 09 00:30:35 EST 2014 , 4 , 2 , 2 , 130306 : { BUY 2843.78@0.80470892} 130305 : { BUY 2843.78@0.80470892} 130304 : { SELL 22059.81@0.8079342} 130303 : { SELL 22059.81@0.8079342} 
Sun Nov 09 00:33:36 EST 2014 , 4 , 2 , 2 , 130306 : { BUY 2843.78@0.80470892} 130305 : { BUY 2843.78@0.80470892} 130304 : { SELL 22059.81@0.8079342} 130303 : { SELL 22059.81@0.8079342} 
Sun Nov 09 00:36:37 EST 2014 , 4 , 2 , 2 , 130306 : { BUY 2843.78@0.80470892} 130305 : { BUY 2843.78@0.80470892} 130304 : { SELL 22059.81@0.8079342} 130303 : { SELL 22059.81@0.8079342} 
Sun Nov 09 00:39:38 EST 2014 , 4 , 2 , 2 , 130306 : { BUY 2843.78@0.80470892} 130305 : { BUY 2843.78@0.80470892} 130304 : { SELL 22059.81@0.8079342} 130303 : { SELL 22059.81@0.8079342} 
Sun Nov 09 00:42:39 EST 2014 , 4 , 2 , 2 , 130306 : { BUY 2843.78@0.80470892} 130305 : { BUY 2843.78@0.80470892} 130304 : { SELL 22059.81@0.8079342} 130303 : { SELL 22059.81@0.8079342} 
Sun Nov 09 00:45:40 EST 2014 , 4 , 2 , 2 , 130306 : { BUY 2843.78@0.80470892} 130305 : { BUY 2843.78@0.80470892} 130304 : { SELL 22059.81@0.8079342} 130303 : { SELL 22059.81@0.8079342} 
Sun Nov 09 00:48:41 EST 2014 , 4 , 2 , 2 , 130306 : { BUY 2843.78@0.80470892} 130305 : { BUY 2843.78@0.80470892} 130304 : { SELL 22059.81@0.8079342} 130303 : { SELL 22059.81@0.8079342} 
Sun Nov 09 00:51:42 EST 2014 , 4 , 2 , 2 , 130306 : { BUY 2843.78@0.80470892} 130305 : { BUY 2843.78@0.80470892} 130304 : { SELL 22059.81@0.8079342} 130303 : { SELL 22059.81@0.8079342} 
Sun Nov 09 00:54:43 EST 2014 , 4 , 2 , 2 , 130306 : { BUY 2843.78@0.80470892} 130305 : { BUY 2843.78@0.80470892} 130304 : { SELL 22059.81@0.8079342} 130303 : { SELL 22059.81@0.8079342} 
Sun Nov 09 00:57:44 EST 2014 , 4 , 2 , 2 , 130306 : { BUY 2843.78@0.80470892} 130305 : { BUY 2843.78@0.80470892} 130304 : { SELL 22059.81@0.8079342} 130303 : { SELL 22059.81@0.8079342} 
Sun Nov 09 01:00:45 EST 2014 , 4 , 2 , 2 , 130306 : { BUY 2843.78@0.80470892} 130305 : { BUY 2843.78@0.80470892} 130304 : { SELL 22059.81@0.8079342} 130303 : { SELL 22059.81@0.8079342} 
Sun Nov 09 01:03:46 EST 2014 , 4 , 2 , 2 , 130306 : { BUY 2843.78@0.80470892} 130305 : { BUY 2843.78@0.80470892} 130304 : { SELL 22059.81@0.8079342} 130303 : { SELL 22059.81@0.8079342} 
Sun Nov 09 01:06:47 EST 2014 , 4 , 2 , 2 , 130306 : { BUY 2843.78@0.80470892} 130305 : { BUY 2843.78@0.80470892} 130304 : { SELL 22059.81@0.8079342} 130303 : { SELL 22059.81@0.8079342} 
Sun Nov 09 01:09:48 EST 2014 , 4 , 2 , 2 , 130306 : { BUY 2843.78@0.80470892} 130305 : { BUY 2843.78@0.80470892} 130304 : { SELL 22059.81@0.8079342} 130303 : { SELL 22059.81@0.8079342} 
Sun Nov 09 01:12:49 EST 2014 , 4 , 2 , 2 , 130306 : { BUY 2843.78@0.80470892} 130305 : { BUY 2843.78@0.80470892} 130304 : { SELL 22059.81@0.8079342} 130303 : { SELL 22059.81@0.8079342} 
Sun Nov 09 01:15:50 EST 2014 , 4 , 2 , 2 , 130306 : { BUY 2843.78@0.80470892} 130305 : { BUY 2843.78@0.80470892} 130304 : { SELL 22059.81@0.8079342} 130303 : { SELL 22059.81@0.8079342} 
Sun Nov 09 01:18:51 EST 2014 , 4 , 2 , 2 , 130306 : { BUY 2843.78@0.80470892} 130305 : { BUY 2843.78@0.80470892} 130304 : { SELL 22059.81@0.8079342} 130303 : { SELL 22059.81@0.8079342} 
Sun Nov 09 01:21:52 EST 2014 , 4 , 2 , 2 , 130306 : { BUY 2843.78@0.80470892} 130305 : { BUY 2843.78@0.80470892} 130304 : { SELL 22059.81@0.8079342} 130303 : { SELL 22059.81@0.8079342} 
Sun Nov 09 01:24:53 EST 2014 , 4 , 2 , 2 , 130306 : { BUY 2843.78@0.80470892} 130305 : { BUY 2843.78@0.80470892} 130304 : { SELL 22059.81@0.8079342} 130303 : { SELL 22059.81@0.8079342} 
Sun Nov 09 01:27:54 EST 2014 , 4 , 2 , 2 , 130306 : { BUY 2843.78@0.80470892} 130305 : { BUY 2843.78@0.80470892} 130304 : { SELL 22059.81@0.8079342} 130303 : { SELL 22059.81@0.8079342} 
Sun Nov 09 01:30:55 EST 2014 , 4 , 2 , 2 , 130306 : { BUY 2843.78@0.80470892} 130305 : { BUY 2843.78@0.80470892} 130304 : { SELL 22059.81@0.8079342} 130303 : { SELL 22059.81@0.8079342} 
Sun Nov 09 01:33:56 EST 2014 , 4 , 2 , 2 , 130306 : { BUY 2843.78@0.80470892} 130305 : { BUY 2843.78@0.80470892} 130304 : { SELL 22059.81@0.8079342} 130303 : { SELL 22059.81@0.8079342} 
Sun Nov 09 01:36:57 EST 2014 , 4 , 2 , 2 , 130306 : { BUY 2843.78@0.80470892} 130305 : { BUY 2843.78@0.80470892} 130304 : { SELL 22059.81@0.8079342} 130303 : { SELL 22059.81@0.8079342} 
Sun Nov 09 01:39:58 EST 2014 , 4 , 2 , 2 , 130306 : { BUY 2843.78@0.80470892} 130305 : { BUY 2843.78@0.80470892} 130304 : { SELL 22059.81@0.8079342} 130303 : { SELL 22059.81@0.8079342} 
Sun Nov 09 01:42:59 EST 2014 , 4 , 2 , 2 , 130306 : { BUY 2843.78@0.80470892} 130305 : { BUY 2843.78@0.80470892} 130304 : { SELL 22059.81@0.8079342} 130303 : { SELL 22059.81@0.8079342} 
Sun Nov 09 01:46:00 EST 2014 , 4 , 2 , 2 , 130306 : { BUY 2843.78@0.80470892} 130305 : { BUY 2843.78@0.80470892} 130304 : { SELL 22059.81@0.8079342} 130303 : { SELL 22059.81@0.8079342} 
Sun Nov 09 01:49:01 EST 2014 , 4 , 2 , 2 , 130306 : { BUY 2843.78@0.80470892} 130305 : { BUY 2843.78@0.80470892} 130304 : { SELL 22059.81@0.8079342} 130303 : { SELL 22059.81@0.8079342} 
Sun Nov 09 01:52:02 EST 2014 , 4 , 2 , 2 , 130306 : { BUY 2843.78@0.80470892} 130305 : { BUY 2843.78@0.80470892} 130304 : { SELL 22059.81@0.8079342} 130303 : { SELL 22059.81@0.8079342} 
Sun Nov 09 01:55:03 EST 2014 , 4 , 2 , 2 , 130306 : { BUY 2843.78@0.80470892} 130305 : { BUY 2843.78@0.80470892} 130304 : { SELL 22059.81@0.8079342} 130303 : { SELL 22059.81@0.8079342} 
Sun Nov 09 01:58:04 EST 2014 , 4 , 2 , 2 , 130306 : { BUY 2843.78@0.80470892} 130305 : { BUY 2843.78@0.80470892} 130304 : { SELL 22059.81@0.8079342} 130303 : { SELL 22059.81@0.8079342} 
Sun Nov 09 02:01:05 EST 2014 , 4 , 2 , 2 , 130306 : { BUY 2843.78@0.80470892} 130305 : { BUY 2843.78@0.80470892} 130304 : { SELL 22059.81@0.8079342} 130303 : { SELL 22059.81@0.8079342} 
Sun Nov 09 02:04:06 EST 2014 , 4 , 2 , 2 , 130306 : { BUY 2843.78@0.80470892} 130305 : { BUY 2843.78@0.80470892} 130304 : { SELL 22059.81@0.8079342} 130303 : { SELL 22059.81@0.8079342} 
Sun Nov 09 02:07:07 EST 2014 , 4 , 2 , 2 , 130306 : { BUY 2843.78@0.80470892} 130305 : { BUY 2843.78@0.80470892} 130304 : { SELL 22059.81@0.8079342} 130303 : { SELL 22059.81@0.8079342} 
Sun Nov 09 02:10:08 EST 2014 , 4 , 2 , 2 , 130306 : { BUY 2843.78@0.80470892} 130305 : { BUY 2843.78@0.80470892} 130304 : { SELL 22059.81@0.8079342} 130303 : { SELL 22059.81@0.8079342} 
Sun Nov 09 02:13:09 EST 2014 , 4 , 2 , 2 , 130306 : { BUY 2843.78@0.80470892} 130305 : { BUY 2843.78@0.80470892} 130304 : { SELL 22059.81@0.8079342} 130303 : { SELL 22059.81@0.8079342} 
Sun Nov 09 02:16:10 EST 2014 , 4 , 2 , 2 , 130306 : { BUY 2843.78@0.80470892} 130305 : { BUY 2843.78@0.80470892} 130304 : { SELL 22059.81@0.8079342} 130303 : { SELL 22059.81@0.8079342} 
Sun Nov 09 02:19:11 EST 2014 , 4 , 2 , 2 , 130306 : { BUY 2843.78@0.80470892} 130305 : { BUY 2843.78@0.80470892} 130304 : { SELL 22059.81@0.8079342} 130303 : { SELL 22059.81@0.8079342} 
Sun Nov 09 02:22:12 EST 2014 , 4 , 2 , 2 , 130306 : { BUY 2843.78@0.80470892} 130305 : { BUY 2843.78@0.80470892} 130304 : { SELL 22059.81@0.8079342} 130303 : { SELL 22059.81@0.8079342} 
Sun Nov 09 02:25:13 EST 2014 , 4 , 2 , 2 , 130306 : { BUY 2843.78@0.80470892} 130305 : { BUY 2843.78@0.80470892} 130304 : { SELL 22059.81@0.8079342} 130303 : { SELL 22059.81@0.8079342} 
Sun Nov 09 02:28:14 EST 2014 , 4 , 2 , 2 , 130306 : { BUY 2843.78@0.80470892} 130305 : { BUY 2843.78@0.80470892} 130304 : { SELL 22059.81@0.8079342} 130303 : { SELL 22059.81@0.8079342} 
Sun Nov 09 02:31:15 EST 2014 , 4 , 2 , 2 , 130306 : { BUY 2843.78@0.80470892} 130305 : { BUY 2843.78@0.80470892} 130304 : { SELL 22059.81@0.8079342} 130303 : { SELL 22059.81@0.8079342} 
Sun Nov 09 02:34:16 EST 2014 , 4 , 2 , 2 , 130306 : { BUY 2843.78@0.80470892} 130305 : { BUY 2843.78@0.80470892} 130304 : { SELL 22059.81@0.8079342} 130303 : { SELL 22059.81@0.8079342} 
Sun Nov 09 02:37:17 EST 2014 , 4 , 2 , 2 , 130306 : { BUY 2843.78@0.80470892} 130305 : { BUY 2843.78@0.80470892} 130304 : { SELL 22059.81@0.8079342} 130303 : { SELL 22059.81@0.8079342} 
Sun Nov 09 02:40:18 EST 2014 , 4 , 2 , 2 , 130306 : { BUY 2843.78@0.80470892} 130305 : { BUY 2843.78@0.80470892} 130304 : { SELL 22059.81@0.8079342} 130303 : { SELL 22059.81@0.8079342} 
Sun Nov 09 02:43:20 EST 2014 , 4 , 2 , 2 , 130306 : { BUY 2843.78@0.80470892} 130305 : { BUY 2843.78@0.80470892} 130304 : { SELL 22059.81@0.8079342} 130303 : { SELL 22059.81@0.8079342} 
Sun Nov 09 02:46:20 EST 2014 , 4 , 2 , 2 , 130306 : { BUY 2843.78@0.80470892} 130305 : { BUY 2843.78@0.80470892} 130304 : { SELL 22059.81@0.8079342} 130303 : { SELL 22059.81@0.8079342} 
Sun Nov 09 02:49:21 EST 2014 , 4 , 2 , 2 , 130306 : { BUY 2843.78@0.80470892} 130305 : { BUY 2843.78@0.80470892} 130304 : { SELL 22059.81@0.8079342} 130303 : { SELL 22059.81@0.8079342} 
Sun Nov 09 02:52:22 EST 2014 , 4 , 2 , 2 , 130306 : { BUY 2843.78@0.80470892} 130305 : { BUY 2843.78@0.80470892} 130304 : { SELL 22059.81@0.8079342} 130303 : { SELL 22059.81@0.8079342} 
Sun Nov 09 02:55:23 EST 2014 , 4 , 2 , 2 , 130306 : { BUY 2843.78@0.80470892} 130305 : { BUY 2843.78@0.80470892} 130304 : { SELL 22059.81@0.8079342} 130303 : { SELL 22059.81@0.8079342} 
Sun Nov 09 02:58:24 EST 2014 , 4 , 2 , 2 , 130306 : { BUY 2843.78@0.80470892} 130305 : { BUY 2843.78@0.80470892} 130304 : { SELL 22059.81@0.8079342} 130303 : { SELL 22059.81@0.8079342} 
Sun Nov 09 03:01:25 EST 2014 , 4 , 2 , 2 , 130306 : { BUY 2843.78@0.80470892} 130305 : { BUY 2843.78@0.80470892} 130304 : { SELL 22059.81@0.8079342} 130303 : { SELL 22059.81@0.8079342} 
Sun Nov 09 03:04:26 EST 2014 , 4 , 2 , 2 , 130306 : { BUY 2843.78@0.80470892} 130305 : { BUY 2843.78@0.80470892} 130304 : { SELL 22059.81@0.8079342} 130303 : { SELL 22059.81@0.8079342} 
Sun Nov 09 03:07:27 EST 2014 , 4 , 2 , 2 , 130306 : { BUY 2843.78@0.80470892} 130305 : { BUY 2843.78@0.80470892} 130304 : { SELL 22059.81@0.8079342} 130303 : { SELL 22059.81@0.8079342} 
Sun Nov 09 03:10:28 EST 2014 , 4 , 2 , 2 , 130306 : { BUY 2843.78@0.80470892} 130305 : { BUY 2843.78@0.80470892} 130304 : { SELL 22059.81@0.8079342} 130303 : { SELL 22059.81@0.8079342} 
Sun Nov 09 03:13:29 EST 2014 , 4 , 2 , 2 , 130306 : { BUY 2843.78@0.80470892} 130305 : { BUY 2843.78@0.80470892} 130304 : { SELL 22059.81@0.8079342} 130303 : { SELL 22059.81@0.8079342} 
Sun Nov 09 03:16:30 EST 2014 , 4 , 2 , 2 , 130306 : { BUY 2843.78@0.80470892} 130305 : { BUY 2843.78@0.80470892} 130304 : { SELL 22059.81@0.8079342} 130303 : { SELL 22059.81@0.8079342} 
Sun Nov 09 03:19:31 EST 2014 , 4 , 2 , 2 , 130306 : { BUY 2843.78@0.80470892} 130305 : { BUY 2843.78@0.80470892} 130304 : { SELL 22059.81@0.8079342} 130303 : { SELL 22059.81@0.8079342} 
Sun Nov 09 03:22:32 EST 2014 , 4 , 2 , 2 , 130306 : { BUY 2843.78@0.80470892} 130305 : { BUY 2843.78@0.80470892} 130304 : { SELL 22059.81@0.8079342} 130303 : { SELL 22059.81@0.8079342} 
Sun Nov 09 03:25:33 EST 2014 , 4 , 2 , 2 , 130306 : { BUY 2843.78@0.80470892} 130305 : { BUY 2843.78@0.80470892} 130304 : { SELL 22059.81@0.8079342} 130303 : { SELL 22059.81@0.8079342} 
Sun Nov 09 03:28:34 EST 2014 , 4 , 2 , 2 , 130306 : { BUY 2843.78@0.80470892} 130305 : { BUY 2843.78@0.80470892} 130304 : { SELL 22059.81@0.8079342} 130303 : { SELL 22059.81@0.8079342} 
Sun Nov 09 03:31:35 EST 2014 , 4 , 2 , 2 , 130306 : { BUY 2843.78@0.80470892} 130305 : { BUY 2843.78@0.80470892} 130304 : { SELL 22059.81@0.8079342} 130303 : { SELL 22059.81@0.8079342} 
Sun Nov 09 03:34:36 EST 2014 , 4 , 2 , 2 , 130306 : { BUY 2843.78@0.80470892} 130305 : { BUY 2843.78@0.80470892} 130304 : { SELL 22059.81@0.8079342} 130303 : { SELL 22059.81@0.8079342} 
Sun Nov 09 03:37:37 EST 2014 , 4 , 2 , 2 , 130306 : { BUY 2843.78@0.80470892} 130305 : { BUY 2843.78@0.80470892} 130304 : { SELL 22059.81@0.8079342} 130303 : { SELL 22059.81@0.8079342} 
Sun Nov 09 03:40:38 EST 2014 , 4 , 2 , 2 , 130306 : { BUY 2843.78@0.80470892} 130305 : { BUY 2843.78@0.80470892} 130304 : { SELL 22059.81@0.8079342} 130303 : { SELL 22059.81@0.8079342} 
Sun Nov 09 03:43:39 EST 2014 , 4 , 2 , 2 , 130306 : { BUY 2843.78@0.80470892} 130305 : { BUY 2843.78@0.80470892} 130304 : { SELL 22059.81@0.8079342} 130303 : { SELL 22059.81@0.8079342} 
Sun Nov 09 03:46:40 EST 2014 , 4 , 2 , 2 , 130306 : { BUY 2843.78@0.80470892} 130305 : { BUY 2843.78@0.80470892} 130304 : { SELL 22059.81@0.8079342} 130303 : { SELL 22059.81@0.8079342} 
Sun Nov 09 03:49:41 EST 2014 , 4 , 2 , 2 , 130306 : { BUY 2843.78@0.80470892} 130305 : { BUY 2843.78@0.80470892} 130304 : { SELL 22059.81@0.8079342} 130303 : { SELL 22059.81@0.8079342} 
Sun Nov 09 03:52:42 EST 2014 , 4 , 2 , 2 , 130306 : { BUY 2843.78@0.80470892} 130305 : { BUY 2843.78@0.80470892} 130304 : { SELL 22059.81@0.8079342} 130303 : { SELL 22059.81@0.8079342} 
Sun Nov 09 03:55:43 EST 2014 , 4 , 2 , 2 , 130306 : { BUY 2843.78@0.80470892} 130305 : { BUY 2843.78@0.80470892} 130304 : { SELL 22059.81@0.8079342} 130303 : { SELL 22059.81@0.8079342} 
Sun Nov 09 03:58:44 EST 2014 , 4 , 2 , 2 , 130306 : { BUY 2843.78@0.80470892} 130305 : { BUY 2843.78@0.80470892} 130304 : { SELL 22059.81@0.8079342} 130303 : { SELL 22059.81@0.8079342} 
Sun Nov 09 04:01:45 EST 2014 , 4 , 2 , 2 , 130306 : { BUY 2843.78@0.80470892} 130305 : { BUY 2843.78@0.80470892} 130304 : { SELL 22059.81@0.8079342} 130303 : { SELL 22059.81@0.8079342} 
Sun Nov 09 04:04:46 EST 2014 , 4 , 2 , 2 , 130306 : { BUY 2843.78@0.80470892} 130305 : { BUY 2843.78@0.80470892} 130304 : { SELL 22059.81@0.8079342} 130303 : { SELL 22059.81@0.8079342} 
Sun Nov 09 04:07:47 EST 2014 , 4 , 2 , 2 , 130306 : { BUY 2843.78@0.80470892} 130305 : { BUY 2843.78@0.80470892} 130304 : { SELL 22059.81@0.8079342} 130303 : { SELL 22059.81@0.8079342} 
Sun Nov 09 04:10:48 EST 2014 , 4 , 2 , 2 , 130306 : { BUY 2843.78@0.80470892} 130305 : { BUY 2843.78@0.80470892} 130304 : { SELL 22059.81@0.8079342} 130303 : { SELL 22059.81@0.8079342} 
Sun Nov 09 04:13:49 EST 2014 , 4 , 2 , 2 , 130306 : { BUY 2843.78@0.80470892} 130305 : { BUY 2843.78@0.80470892} 130304 : { SELL 22059.81@0.8079342} 130303 : { SELL 22059.81@0.8079342} 
Sun Nov 09 04:16:50 EST 2014 , 4 , 2 , 2 , 130306 : { BUY 2843.78@0.80470892} 130305 : { BUY 2843.78@0.80470892} 130304 : { SELL 22059.81@0.8079342} 130303 : { SELL 22059.81@0.8079342} 
Sun Nov 09 04:19:51 EST 2014 , 4 , 2 , 2 , 130306 : { BUY 2843.78@0.80470892} 130305 : { BUY 2843.78@0.80470892} 130304 : { SELL 22059.81@0.8079342} 130303 : { SELL 22059.81@0.8079342} 
Sun Nov 09 04:22:52 EST 2014 , 4 , 2 , 2 , 130306 : { BUY 2843.78@0.80470892} 130305 : { BUY 2843.78@0.80470892} 130304 : { SELL 22059.81@0.8079342} 130303 : { SELL 22059.81@0.8079342} 
Sun Nov 09 04:25:53 EST 2014 , 4 , 2 , 2 , 130306 : { BUY 2843.78@0.80470892} 130305 : { BUY 2843.78@0.80470892} 130304 : { SELL 22059.81@0.8079342} 130303 : { SELL 22059.81@0.8079342} 
Sun Nov 09 04:28:54 EST 2014 , 4 , 2 , 2 , 130306 : { BUY 2843.78@0.80470892} 130305 : { BUY 2843.78@0.80470892} 130304 : { SELL 22059.81@0.8079342} 130303 : { SELL 22059.81@0.8079342} 
Sun Nov 09 04:31:55 EST 2014 , 4 , 2 , 2 , 130306 : { BUY 2843.78@0.80470892} 130305 : { BUY 2843.78@0.80470892} 130304 : { SELL 22059.81@0.8079342} 130303 : { SELL 22059.81@0.8079342} 
Sun Nov 09 04:34:56 EST 2014 , 4 , 2 , 2 , 130306 : { BUY 2843.78@0.80470892} 130305 : { BUY 2843.78@0.80470892} 130304 : { SELL 22059.81@0.8079342} 130303 : { SELL 22059.81@0.8079342} 
Sun Nov 09 04:37:57 EST 2014 , 4 , 2 , 2 , 130306 : { BUY 2843.78@0.80470892} 130305 : { BUY 2843.78@0.80470892} 130304 : { SELL 22059.81@0.8079342} 130303 : { SELL 22059.81@0.8079342} 
Sun Nov 09 04:40:58 EST 2014 , 4 , 2 , 2 , 130306 : { BUY 2843.78@0.80470892} 130305 : { BUY 2843.78@0.80470892} 130304 : { SELL 22059.81@0.8079342} 130303 : { SELL 22059.81@0.8079342} 
Sun Nov 09 04:43:59 EST 2014 , 4 , 2 , 2 , 130306 : { BUY 2843.78@0.80470892} 130305 : { BUY 2843.78@0.80470892} 130304 : { SELL 22059.81@0.8079342} 130303 : { SELL 22059.81@0.8079342} 
Sun Nov 09 04:47:00 EST 2014 , 4 , 2 , 2 , 130306 : { BUY 2843.78@0.80470892} 130305 : { BUY 2843.78@0.80470892} 130304 : { SELL 22059.81@0.8079342} 130303 : { SELL 22059.81@0.8079342} 
Sun Nov 09 04:50:01 EST 2014 , 4 , 2 , 2 , 130306 : { BUY 2843.78@0.80470892} 130305 : { BUY 2843.78@0.80470892} 130304 : { SELL 22059.81@0.8079342} 130303 : { SELL 22059.81@0.8079342} 
Sun Nov 09 04:53:02 EST 2014 , 4 , 2 , 2 , 130306 : { BUY 2843.78@0.80470892} 130305 : { BUY 2843.78@0.80470892} 130304 : { SELL 22059.81@0.8079342} 130303 : { SELL 22059.81@0.8079342} 
Sun Nov 09 04:56:03 EST 2014 , 4 , 2 , 2 , 130306 : { BUY 2843.78@0.80470892} 130305 : { BUY 2843.78@0.80470892} 130304 : { SELL 22059.81@0.8079342} 130303 : { SELL 22059.81@0.8079342} 
Sun Nov 09 04:59:04 EST 2014 , 4 , 2 , 2 , 130306 : { BUY 2843.78@0.80470892} 130305 : { BUY 2843.78@0.80470892} 130304 : { SELL 22059.81@0.8079342} 130303 : { SELL 22059.81@0.8079342} 
Sun Nov 09 05:02:05 EST 2014 , 4 , 2 , 2 , 130306 : { BUY 2843.78@0.80470892} 130305 : { BUY 2843.78@0.80470892} 130304 : { SELL 22059.81@0.8079342} 130303 : { SELL 22059.81@0.8079342} 
Sun Nov 09 05:05:06 EST 2014 , 4 , 2 , 2 , 130306 : { BUY 2843.78@0.80470892} 130305 : { BUY 2843.78@0.80470892} 130304 : { SELL 22059.81@0.8079342} 130303 : { SELL 22059.81@0.8079342} 
Sun Nov 09 05:08:07 EST 2014 , 4 , 2 , 2 , 130306 : { BUY 2843.78@0.80470892} 130305 : { BUY 2843.78@0.80470892} 130304 : { SELL 22059.81@0.8079342} 130303 : { SELL 22059.81@0.8079342} 
Sun Nov 09 05:11:08 EST 2014 , 4 , 2 , 2 , 130306 : { BUY 2843.78@0.80470892} 130305 : { BUY 2843.78@0.80470892} 130304 : { SELL 22059.81@0.8079342} 130303 : { SELL 22059.81@0.8079342} 
Sun Nov 09 05:14:09 EST 2014 , 4 , 2 , 2 , 130306 : { BUY 2843.78@0.80470892} 130305 : { BUY 2843.78@0.80470892} 130304 : { SELL 22059.81@0.8079342} 130303 : { SELL 22059.81@0.8079342} 
Sun Nov 09 05:17:10 EST 2014 , 4 , 2 , 2 , 130306 : { BUY 2843.78@0.80470892} 130305 : { BUY 2843.78@0.80470892} 130304 : { SELL 22059.81@0.8079342} 130303 : { SELL 22059.81@0.8079342} 
Sun Nov 09 05:20:11 EST 2014 , 4 , 2 , 2 , 130306 : { BUY 2843.78@0.80470892} 130305 : { BUY 2843.78@0.80470892} 130304 : { SELL 22059.81@0.8079342} 130303 : { SELL 22059.81@0.8079342} 
Sun Nov 09 05:23:12 EST 2014 , 4 , 2 , 2 , 130306 : { BUY 2843.78@0.80470892} 130305 : { BUY 2843.78@0.80470892} 130304 : { SELL 22059.81@0.8079342} 130303 : { SELL 22059.81@0.8079342} 
Sun Nov 09 05:26:13 EST 2014 , 4 , 2 , 2 , 130306 : { BUY 2843.78@0.80470892} 130305 : { BUY 2843.78@0.80470892} 130304 : { SELL 22059.81@0.8079342} 130303 : { SELL 22059.81@0.8079342} 
Sun Nov 09 05:29:14 EST 2014 , 4 , 2 , 2 , 130306 : { BUY 2843.78@0.80470892} 130305 : { BUY 2843.78@0.80470892} 130304 : { SELL 22059.81@0.8079342} 130303 : { SELL 22059.81@0.8079342} 
Sun Nov 09 05:32:15 EST 2014 , 4 , 2 , 2 , 130306 : { BUY 2843.78@0.80470892} 130305 : { BUY 2843.78@0.80470892} 130304 : { SELL 22059.81@0.8079342} 130303 : { SELL 22059.81@0.8079342} 
Sun Nov 09 05:35:16 EST 2014 , 4 , 2 , 2 , 130306 : { BUY 2843.78@0.80470892} 130305 : { BUY 2843.78@0.80470892} 130304 : { SELL 22059.81@0.8079342} 130303 : { SELL 22059.81@0.8079342} 
Sun Nov 09 05:38:17 EST 2014 , 4 , 2 , 2 , 130306 : { BUY 2843.78@0.80470892} 130305 : { BUY 2843.78@0.80470892} 130304 : { SELL 22059.81@0.8079342} 130303 : { SELL 22059.81@0.8079342} 
Sun Nov 09 05:41:18 EST 2014 , 4 , 2 , 2 , 130306 : { BUY 2843.78@0.80470892} 130305 : { BUY 2843.78@0.80470892} 130304 : { SELL 22059.81@0.8079342} 130303 : { SELL 22059.81@0.8079342} 
Sun Nov 09 05:44:19 EST 2014 , 4 , 2 , 2 , 130306 : { BUY 2843.78@0.80470892} 130305 : { BUY 2843.78@0.80470892} 130304 : { SELL 22059.81@0.8079342} 130303 : { SELL 22059.81@0.8079342} 
Sun Nov 09 05:47:20 EST 2014 , 4 , 2 , 2 , 130306 : { BUY 2843.78@0.80470892} 130305 : { BUY 2843.78@0.80470892} 130304 : { SELL 22059.81@0.8079342} 130303 : { SELL 22059.81@0.8079342} 
Sun Nov 09 05:50:21 EST 2014 , 4 , 2 , 2 , 130306 : { BUY 2843.78@0.80470892} 130305 : { BUY 2843.78@0.80470892} 130304 : { SELL 22059.81@0.8079342} 130303 : { SELL 22059.81@0.8079342} 
Sun Nov 09 05:53:22 EST 2014 , 4 , 2 , 2 , 130306 : { BUY 2843.78@0.80470892} 130305 : { BUY 2843.78@0.80470892} 130304 : { SELL 22059.81@0.8079342} 130303 : { SELL 22059.81@0.8079342} 
Sun Nov 09 05:56:23 EST 2014 , 4 , 2 , 2 , 130306 : { BUY 2843.78@0.80470892} 130305 : { BUY 2843.78@0.80470892} 130304 : { SELL 22059.81@0.8079342} 130303 : { SELL 22059.81@0.8079342} 
Sun Nov 09 05:59:24 EST 2014 , 4 , 2 , 2 , 130306 : { BUY 2843.78@0.80470892} 130305 : { BUY 2843.78@0.80470892} 130304 : { SELL 22059.81@0.8079342} 130303 : { SELL 22059.81@0.8079342} 
Sun Nov 09 06:02:25 EST 2014 , 4 , 2 , 2 , 130306 : { BUY 2843.78@0.80470892} 130305 : { BUY 2843.78@0.80470892} 130304 : { SELL 22059.81@0.8079342} 130303 : { SELL 22059.81@0.8079342} 
Sun Nov 09 06:05:26 EST 2014 , 4 , 2 , 2 , 130306 : { BUY 2843.78@0.80470892} 130305 : { BUY 2843.78@0.80470892} 130304 : { SELL 22059.81@0.8079342} 130303 : { SELL 22059.81@0.8079342} 
Sun Nov 09 06:08:27 EST 2014 , 4 , 2 , 2 , 130306 : { BUY 2843.78@0.80470892} 130305 : { BUY 2843.78@0.80470892} 130304 : { SELL 22059.81@0.8079342} 130303 : { SELL 22059.81@0.8079342} 
Sun Nov 09 06:11:28 EST 2014 , 4 , 2 , 2 , 130306 : { BUY 2843.78@0.80470892} 130305 : { BUY 2843.78@0.80470892} 130304 : { SELL 22059.81@0.8079342} 130303 : { SELL 22059.81@0.8079342} 
Sun Nov 09 06:14:29 EST 2014 , 4 , 2 , 2 , 130306 : { BUY 2843.78@0.80470892} 130305 : { BUY 2843.78@0.80470892} 130304 : { SELL 22059.81@0.8079342} 130303 : { SELL 22059.81@0.8079342} 
Sun Nov 09 06:17:30 EST 2014 , 4 , 2 , 2 , 130306 : { BUY 2843.78@0.80470892} 130305 : { BUY 2843.78@0.80470892} 130304 : { SELL 22059.81@0.8079342} 130303 : { SELL 22059.81@0.8079342} 
Sun Nov 09 06:20:31 EST 2014 , 4 , 2 , 2 , 130306 : { BUY 2843.78@0.80470892} 130305 : { BUY 2843.78@0.80470892} 130304 : { SELL 22059.81@0.8079342} 130303 : { SELL 22059.81@0.8079342} 
Sun Nov 09 06:23:32 EST 2014 , 4 , 2 , 2 , 130306 : { BUY 2843.78@0.80470892} 130305 : { BUY 2843.78@0.80470892} 130304 : { SELL 22059.81@0.8079342} 130303 : { SELL 22059.81@0.8079342} 
Sun Nov 09 06:26:33 EST 2014 , 4 , 2 , 2 , 130306 : { BUY 2843.78@0.80470892} 130305 : { BUY 2843.78@0.80470892} 130304 : { SELL 22059.81@0.8079342} 130303 : { SELL 22059.81@0.8079342} 
Sun Nov 09 06:29:34 EST 2014 , 4 , 2 , 2 , 130306 : { BUY 2843.78@0.80470892} 130305 : { BUY 2843.78@0.80470892} 130304 : { SELL 22059.81@0.8079342} 130303 : { SELL 22059.81@0.8079342} 
Sun Nov 09 06:32:35 EST 2014 , 4 , 2 , 2 , 130306 : { BUY 2843.78@0.80470892} 130305 : { BUY 2843.78@0.80470892} 130304 : { SELL 22059.81@0.8079342} 130303 : { SELL 22059.81@0.8079342} 
Sun Nov 09 06:35:36 EST 2014 , 4 , 2 , 2 , 130306 : { BUY 2843.78@0.80470892} 130305 : { BUY 2843.78@0.80470892} 130304 : { SELL 22059.81@0.8079342} 130303 : { SELL 22059.81@0.8079342} 
Sun Nov 09 06:38:37 EST 2014 , 4 , 2 , 2 , 130306 : { BUY 2843.78@0.80470892} 130305 : { BUY 2843.78@0.80470892} 130304 : { SELL 22059.81@0.8079342} 130303 : { SELL 22059.81@0.8079342} 
Sun Nov 09 06:41:38 EST 2014 , 4 , 2 , 2 , 130306 : { BUY 2843.78@0.80470892} 130305 : { BUY 2843.78@0.80470892} 130304 : { SELL 22059.81@0.8079342} 130303 : { SELL 22059.81@0.8079342} 
Sun Nov 09 06:44:39 EST 2014 , 4 , 2 , 2 , 130306 : { BUY 2843.78@0.80470892} 130305 : { BUY 2843.78@0.80470892} 130304 : { SELL 22059.81@0.8079342} 130303 : { SELL 22059.81@0.8079342} 
Sun Nov 09 06:47:40 EST 2014 , 4 , 2 , 2 , 130306 : { BUY 2843.78@0.80470892} 130305 : { BUY 2843.78@0.80470892} 130304 : { SELL 22059.81@0.8079342} 130303 : { SELL 22059.81@0.8079342} 
Sun Nov 09 06:50:41 EST 2014 , 4 , 2 , 2 , 130306 : { BUY 2843.78@0.80470892} 130305 : { BUY 2843.78@0.80470892} 130304 : { SELL 22059.81@0.8079342} 130303 : { SELL 22059.81@0.8079342} 
Sun Nov 09 06:53:42 EST 2014 , 4 , 2 , 2 , 130306 : { BUY 2843.78@0.80470892} 130305 : { BUY 2843.78@0.80470892} 130304 : { SELL 22059.81@0.8079342} 130303 : { SELL 22059.81@0.8079342} 
Sun Nov 09 06:56:43 EST 2014 , 4 , 2 , 2 , 130306 : { BUY 2843.78@0.80470892} 130305 : { BUY 2843.78@0.80470892} 130304 : { SELL 22059.81@0.8079342} 130303 : { SELL 22059.81@0.8079342} 
Sun Nov 09 06:59:44 EST 2014 , 4 , 2 , 2 , 130306 : { BUY 2843.78@0.80470892} 130305 : { BUY 2843.78@0.80470892} 130304 : { SELL 22059.81@0.8079342} 130303 : { SELL 22059.81@0.8079342} 
Sun Nov 09 07:02:45 EST 2014 , 4 , 2 , 2 , 130306 : { BUY 2843.78@0.80470892} 130305 : { BUY 2843.78@0.80470892} 130304 : { SELL 22059.81@0.8079342} 130303 : { SELL 22059.81@0.8079342} 
Sun Nov 09 07:05:46 EST 2014 , 4 , 2 , 2 , 130306 : { BUY 2843.78@0.80470892} 130305 : { BUY 2843.78@0.80470892} 130304 : { SELL 22059.81@0.8079342} 130303 : { SELL 22059.81@0.8079342} 
Sun Nov 09 07:08:47 EST 2014 , 4 , 2 , 2 , 130306 : { BUY 2843.78@0.80470892} 130305 : { BUY 2843.78@0.80470892} 130304 : { SELL 22059.81@0.8079342} 130303 : { SELL 22059.81@0.8079342} 
Sun Nov 09 07:11:48 EST 2014 , 4 , 2 , 2 , 130306 : { BUY 2843.78@0.80470892} 130305 : { BUY 2843.78@0.80470892} 130304 : { SELL 22059.81@0.8079342} 130303 : { SELL 22059.81@0.8079342} 
Sun Nov 09 07:14:49 EST 2014 , 4 , 2 , 2 , 130306 : { BUY 2843.78@0.80470892} 130305 : { BUY 2843.78@0.80470892} 130304 : { SELL 22059.81@0.8079342} 130303 : { SELL 22059.81@0.8079342} 
Sun Nov 09 07:17:50 EST 2014 , 4 , 2 , 2 , 130306 : { BUY 2843.78@0.80470892} 130305 : { BUY 2843.78@0.80470892} 130304 : { SELL 22059.81@0.8079342} 130303 : { SELL 22059.81@0.8079342} 
Sun Nov 09 07:20:51 EST 2014 , 4 , 2 , 2 , 130306 : { BUY 2843.78@0.80470892} 130305 : { BUY 2843.78@0.80470892} 130304 : { SELL 22059.81@0.8079342} 130303 : { SELL 22059.81@0.8079342} 
Sun Nov 09 07:23:52 EST 2014 , 4 , 2 , 2 , 130306 : { BUY 2843.78@0.80470892} 130305 : { BUY 2843.78@0.80470892} 130304 : { SELL 22059.81@0.8079342} 130303 : { SELL 22059.81@0.8079342} 
Sun Nov 09 07:26:53 EST 2014 , 4 , 2 , 2 , 130306 : { BUY 2843.78@0.80470892} 130305 : { BUY 2843.78@0.80470892} 130304 : { SELL 22059.81@0.8079342} 130303 : { SELL 22059.81@0.8079342} 
Sun Nov 09 07:29:54 EST 2014 , 4 , 2 , 2 , 130306 : { BUY 2843.78@0.80470892} 130305 : { BUY 2843.78@0.80470892} 130304 : { SELL 22059.81@0.8079342} 130303 : { SELL 22059.81@0.8079342} 
Sun Nov 09 07:32:55 EST 2014 , 4 , 2 , 2 , 130306 : { BUY 2843.78@0.80470892} 130305 : { BUY 2843.78@0.80470892} 130304 : { SELL 22059.81@0.8079342} 130303 : { SELL 22059.81@0.8079342} 
Sun Nov 09 07:35:56 EST 2014 , 4 , 2 , 2 , 130306 : { BUY 2843.78@0.80470892} 130305 : { BUY 2843.78@0.80470892} 130304 : { SELL 22059.81@0.8079342} 130303 : { SELL 22059.81@0.8079342} 
Sun Nov 09 07:38:57 EST 2014 , 4 , 2 , 2 , 130306 : { BUY 2843.78@0.80470892} 130305 : { BUY 2843.78@0.80470892} 130304 : { SELL 22059.81@0.8079342} 130303 : { SELL 22059.81@0.8079342} 
Sun Nov 09 07:41:58 EST 2014 , 4 , 2 , 2 , 130306 : { BUY 2843.78@0.80470892} 130305 : { BUY 2843.78@0.80470892} 130304 : { SELL 22059.81@0.8079342} 130303 : { SELL 22059.81@0.8079342} 
Sun Nov 09 07:45:00 EST 2014 , 4 , 2 , 2 , 130306 : { BUY 2843.78@0.80470892} 130305 : { BUY 2843.78@0.80470892} 130304 : { SELL 22059.81@0.8079342} 130303 : { SELL 22059.81@0.8079342} 
Sun Nov 09 07:48:00 EST 2014 , 4 , 2 , 2 , 130306 : { BUY 2843.78@0.80470892} 130305 : { BUY 2843.78@0.80470892} 130304 : { SELL 22059.81@0.8079342} 130303 : { SELL 22059.81@0.8079342} 
Sun Nov 09 07:51:01 EST 2014 , 4 , 2 , 2 , 130306 : { BUY 2843.78@0.80470892} 130305 : { BUY 2843.78@0.80470892} 130304 : { SELL 22059.81@0.8079342} 130303 : { SELL 22059.81@0.8079342} 
Sun Nov 09 07:54:02 EST 2014 , 4 , 2 , 2 , 130306 : { BUY 2843.78@0.80470892} 130305 : { BUY 2843.78@0.80470892} 130304 : { SELL 22059.81@0.8079342} 130303 : { SELL 22059.81@0.8079342} 
Sun Nov 09 07:57:03 EST 2014 , 4 , 2 , 2 , 130306 : { BUY 2843.78@0.80470892} 130305 : { BUY 2843.78@0.80470892} 130304 : { SELL 22059.81@0.8079342} 130303 : { SELL 22059.81@0.8079342} 
Sun Nov 09 08:00:04 EST 2014 , 4 , 2 , 2 , 130306 : { BUY 2843.78@0.80470892} 130305 : { BUY 2843.78@0.80470892} 130304 : { SELL 22059.81@0.8079342} 130303 : { SELL 22059.81@0.8079342} 
Sun Nov 09 08:03:05 EST 2014 , 4 , 2 , 2 , 130306 : { BUY 2843.78@0.80470892} 130305 : { BUY 2843.78@0.80470892} 130304 : { SELL 22059.81@0.8079342} 130303 : { SELL 22059.81@0.8079342} 
Sun Nov 09 08:06:06 EST 2014 , 4 , 2 , 2 , 130306 : { BUY 2843.78@0.80470892} 130305 : { BUY 2843.78@0.80470892} 130304 : { SELL 22059.81@0.8079342} 130303 : { SELL 22059.81@0.8079342} 
Sun Nov 09 08:09:07 EST 2014 , 4 , 2 , 2 , 130306 : { BUY 2843.78@0.80470892} 130305 : { BUY 2843.78@0.80470892} 130304 : { SELL 22059.81@0.8079342} 130303 : { SELL 22059.81@0.8079342} 
Sun Nov 09 08:12:08 EST 2014 , 4 , 2 , 2 , 130306 : { BUY 2843.78@0.80470892} 130305 : { BUY 2843.78@0.80470892} 130304 : { SELL 22059.81@0.8079342} 130303 : { SELL 22059.81@0.8079342} 
Sun Nov 09 08:15:09 EST 2014 , 4 , 2 , 2 , 130306 : { BUY 2843.78@0.80470892} 130305 : { BUY 2843.78@0.80470892} 130304 : { SELL 22059.81@0.8079342} 130303 : { SELL 22059.81@0.8079342} 
Sun Nov 09 08:18:10 EST 2014 , 4 , 2 , 2 , 130306 : { BUY 2843.78@0.80470892} 130305 : { BUY 2843.78@0.80470892} 130304 : { SELL 22059.81@0.8079342} 130303 : { SELL 22059.81@0.8079342} 
Sun Nov 09 08:21:11 EST 2014 , 4 , 2 , 2 , 130306 : { BUY 2843.78@0.80470892} 130305 : { BUY 2843.78@0.80470892} 130304 : { SELL 22059.81@0.8079342} 130303 : { SELL 22059.81@0.8079342} 
Sun Nov 09 08:24:12 EST 2014 , 4 , 2 , 2 , 130306 : { BUY 2843.78@0.80470892} 130305 : { BUY 2843.78@0.80470892} 130304 : { SELL 22059.81@0.8079342} 130303 : { SELL 22059.81@0.8079342} 
Sun Nov 09 08:27:13 EST 2014 , 4 , 2 , 2 , 130306 : { BUY 2843.78@0.80470892} 130305 : { BUY 2843.78@0.80470892} 130304 : { SELL 22059.81@0.8079342} 130303 : { SELL 22059.81@0.8079342} 
Sun Nov 09 08:30:14 EST 2014 , 4 , 2 , 2 , 130306 : { BUY 2843.78@0.80470892} 130305 : { BUY 2843.78@0.80470892} 130304 : { SELL 22059.81@0.8079342} 130303 : { SELL 22059.81@0.8079342} 
Sun Nov 09 08:33:15 EST 2014 , 4 , 2 , 2 , 130306 : { BUY 2843.78@0.80470892} 130305 : { BUY 2843.78@0.80470892} 130304 : { SELL 22059.81@0.8079342} 130303 : { SELL 22059.81@0.8079342} 
Sun Nov 09 08:36:16 EST 2014 , 4 , 2 , 2 , 130306 : { BUY 2843.78@0.80470892} 130305 : { BUY 2843.78@0.80470892} 130304 : { SELL 22059.81@0.8079342} 130303 : { SELL 22059.81@0.8079342} 
Sun Nov 09 08:39:17 EST 2014 , 4 , 2 , 2 , 130306 : { BUY 2843.78@0.80470892} 130305 : { BUY 2843.78@0.80470892} 130304 : { SELL 22059.81@0.8079342} 130303 : { SELL 22059.81@0.8079342} 
Sun Nov 09 08:42:18 EST 2014 , 4 , 2 , 2 , 130306 : { BUY 2843.78@0.80470892} 130305 : { BUY 2843.78@0.80470892} 130304 : { SELL 22059.81@0.8079342} 130303 : { SELL 22059.81@0.8079342} 
Sun Nov 09 08:45:19 EST 2014 , 4 , 2 , 2 , 130306 : { BUY 2843.78@0.80470892} 130305 : { BUY 2843.78@0.80470892} 130304 : { SELL 22059.81@0.8079342} 130303 : { SELL 22059.81@0.8079342} 
Sun Nov 09 08:48:20 EST 2014 , 4 , 2 , 2 , 130306 : { BUY 2843.78@0.80470892} 130305 : { BUY 2843.78@0.80470892} 130304 : { SELL 22059.81@0.8079342} 130303 : { SELL 22059.81@0.8079342} 
Sun Nov 09 08:51:21 EST 2014 , 4 , 2 , 2 , 130306 : { BUY 2843.78@0.80470892} 130305 : { BUY 2843.78@0.80470892} 130304 : { SELL 22059.81@0.8079342} 130303 : { SELL 22059.81@0.8079342} 
Sun Nov 09 08:54:22 EST 2014 , 4 , 2 , 2 , 130306 : { BUY 2843.78@0.80470892} 130305 : { BUY 2843.78@0.80470892} 130304 : { SELL 22059.81@0.8079342} 130303 : { SELL 22059.81@0.8079342} 
Sun Nov 09 08:57:23 EST 2014 , 4 , 2 , 2 , 130306 : { BUY 2843.78@0.80470892} 130305 : { BUY 2843.78@0.80470892} 130304 : { SELL 22059.81@0.8079342} 130303 : { SELL 22059.81@0.8079342} 
Sun Nov 09 09:00:24 EST 2014 , 4 , 2 , 2 , 130306 : { BUY 2843.78@0.80470892} 130305 : { BUY 2843.78@0.80470892} 130304 : { SELL 22059.81@0.8079342} 130303 : { SELL 22059.81@0.8079342} 
Sun Nov 09 09:03:25 EST 2014 , 4 , 2 , 2 , 130306 : { BUY 2843.78@0.80470892} 130305 : { BUY 2843.78@0.80470892} 130304 : { SELL 22059.81@0.8079342} 130303 : { SELL 22059.81@0.8079342} 
Sun Nov 09 09:06:26 EST 2014 , 4 , 2 , 2 , 130306 : { BUY 2843.78@0.80470892} 130305 : { BUY 2843.78@0.80470892} 130304 : { SELL 22059.81@0.8079342} 130303 : { SELL 22059.81@0.8079342} 
Sun Nov 09 09:09:27 EST 2014 , 4 , 2 , 2 , 130306 : { BUY 2843.78@0.80470892} 130305 : { BUY 2843.78@0.80470892} 130304 : { SELL 22059.81@0.8079342} 130303 : { SELL 22059.81@0.8079342} 
Sun Nov 09 09:12:28 EST 2014 , 4 , 2 , 2 , 130306 : { BUY 2843.78@0.80470892} 130305 : { BUY 2843.78@0.80470892} 130304 : { SELL 22059.81@0.8079342} 130303 : { SELL 22059.81@0.8079342} 
Sun Nov 09 09:15:29 EST 2014 , 4 , 2 , 2 , 130306 : { BUY 2843.78@0.80470892} 130305 : { BUY 2843.78@0.80470892} 130304 : { SELL 22059.81@0.8079342} 130303 : { SELL 22059.81@0.8079342} 
Sun Nov 09 09:18:30 EST 2014 , 4 , 2 , 2 , 130306 : { BUY 2843.78@0.80470892} 130305 : { BUY 2843.78@0.80470892} 130304 : { SELL 22059.81@0.8079342} 130303 : { SELL 22059.81@0.8079342} 
Sun Nov 09 09:21:31 EST 2014 , 4 , 2 , 2 , 130306 : { BUY 2843.78@0.80470892} 130305 : { BUY 2843.78@0.80470892} 130304 : { SELL 22059.81@0.8079342} 130303 : { SELL 22059.81@0.8079342} 
Sun Nov 09 09:24:32 EST 2014 , 4 , 2 , 2 , 130306 : { BUY 2843.78@0.80470892} 130305 : { BUY 2843.78@0.80470892} 130304 : { SELL 22059.81@0.8079342} 130303 : { SELL 22059.81@0.8079342} 
Sun Nov 09 09:27:33 EST 2014 , 4 , 2 , 2 , 130306 : { BUY 2843.78@0.80470892} 130305 : { BUY 2843.78@0.80470892} 130304 : { SELL 22059.81@0.8079342} 130303 : { SELL 22059.81@0.8079342} 
Sun Nov 09 09:30:34 EST 2014 , 4 , 2 , 2 , 130306 : { BUY 2843.78@0.80470892} 130305 : { BUY 2843.78@0.80470892} 130304 : { SELL 22059.81@0.8079342} 130303 : { SELL 22059.81@0.8079342} 
Sun Nov 09 09:33:35 EST 2014 , 4 , 2 , 2 , 130306 : { BUY 2843.78@0.80470892} 130305 : { BUY 2843.78@0.80470892} 130304 : { SELL 22059.81@0.8079342} 130303 : { SELL 22059.81@0.8079342} 
Sun Nov 09 09:36:36 EST 2014 , 4 , 2 , 2 , 130306 : { BUY 2843.78@0.80470892} 130305 : { BUY 2843.78@0.80470892} 130304 : { SELL 22059.81@0.8079342} 130303 : { SELL 22059.81@0.8079342} 
Sun Nov 09 09:39:37 EST 2014 , 4 , 2 , 2 , 130306 : { BUY 2843.78@0.80470892} 130305 : { BUY 2843.78@0.80470892} 130304 : { SELL 22059.81@0.8079342} 130303 : { SELL 22059.81@0.8079342} 
Sun Nov 09 09:42:38 EST 2014 , 4 , 2 , 2 , 130306 : { BUY 2843.78@0.80470892} 130305 : { BUY 2843.78@0.80470892} 130304 : { SELL 22059.81@0.8079342} 130303 : { SELL 22059.81@0.8079342} 
Sun Nov 09 09:45:39 EST 2014 , 4 , 2 , 2 , 130306 : { BUY 2843.78@0.80470892} 130305 : { BUY 2843.78@0.80470892} 130304 : { SELL 22059.81@0.8079342} 130303 : { SELL 22059.81@0.8079342} 
Sun Nov 09 09:48:40 EST 2014 , 4 , 2 , 2 , 130306 : { BUY 2843.78@0.80470892} 130305 : { BUY 2843.78@0.80470892} 130304 : { SELL 22059.81@0.8079342} 130303 : { SELL 22059.81@0.8079342} 
Sun Nov 09 09:51:41 EST 2014 , 4 , 2 , 2 , 130306 : { BUY 2843.78@0.80470892} 130305 : { BUY 2843.78@0.80470892} 130304 : { SELL 22059.81@0.8079342} 130303 : { SELL 22059.81@0.8079342} 
Sun Nov 09 09:54:42 EST 2014 , 4 , 2 , 2 , 130306 : { BUY 2843.78@0.80470892} 130305 : { BUY 2843.78@0.80470892} 130304 : { SELL 22059.81@0.8079342} 130303 : { SELL 22059.81@0.8079342} 
Sun Nov 09 09:57:43 EST 2014 , 4 , 2 , 2 , 130306 : { BUY 2843.78@0.80470892} 130305 : { BUY 2843.78@0.80470892} 130304 : { SELL 22059.81@0.8079342} 130303 : { SELL 22059.81@0.8079342} 
Sun Nov 09 10:00:44 EST 2014 , 4 , 2 , 2 , 130306 : { BUY 2843.78@0.80470892} 130305 : { BUY 2843.78@0.80470892} 130304 : { SELL 22059.81@0.8079342} 130303 : { SELL 22059.81@0.8079342} 
Sun Nov 09 10:03:45 EST 2014 , 4 , 2 , 2 , 130306 : { BUY 2843.78@0.80470892} 130305 : { BUY 2843.78@0.80470892} 130304 : { SELL 22059.81@0.8079342} 130303 : { SELL 22059.81@0.8079342} 
Sun Nov 09 10:06:46 EST 2014 , 4 , 2 , 2 , 130306 : { BUY 2843.78@0.80470892} 130305 : { BUY 2843.78@0.80470892} 130304 : { SELL 22059.81@0.8079342} 130303 : { SELL 22059.81@0.8079342} 
Sun Nov 09 10:09:47 EST 2014 , 4 , 2 , 2 , 130306 : { BUY 2843.78@0.80470892} 130305 : { BUY 2843.78@0.80470892} 130304 : { SELL 22059.81@0.8079342} 130303 : { SELL 22059.81@0.8079342} 
Sun Nov 09 10:12:48 EST 2014 , 4 , 2 , 2 , 130306 : { BUY 2843.78@0.80470892} 130305 : { BUY 2843.78@0.80470892} 130304 : { SELL 22059.81@0.8079342} 130303 : { SELL 22059.81@0.8079342} 
Sun Nov 09 10:15:49 EST 2014 , 4 , 2 , 2 , 130306 : { BUY 2843.78@0.80470892} 130305 : { BUY 2843.78@0.80470892} 130304 : { SELL 22059.81@0.8079342} 130303 : { SELL 22059.81@0.8079342} 
Sun Nov 09 10:18:50 EST 2014 , 4 , 2 , 2 , 130306 : { BUY 2843.78@0.80470892} 130305 : { BUY 2843.78@0.80470892} 130304 : { SELL 22059.81@0.8079342} 130303 : { SELL 22059.81@0.8079342} 
Sun Nov 09 10:21:51 EST 2014 , 4 , 2 , 2 , 130306 : { BUY 2843.78@0.80470892} 130305 : { BUY 2843.78@0.80470892} 130304 : { SELL 22059.81@0.8079342} 130303 : { SELL 22059.81@0.8079342} 
Sun Nov 09 10:24:52 EST 2014 , 4 , 2 , 2 , 130306 : { BUY 2843.78@0.80470892} 130305 : { BUY 2843.78@0.80470892} 130304 : { SELL 22059.81@0.8079342} 130303 : { SELL 22059.81@0.8079342} 
Sun Nov 09 10:27:53 EST 2014 , 4 , 2 , 2 , 130306 : { BUY 2843.78@0.80470892} 130305 : { BUY 2843.78@0.80470892} 130304 : { SELL 22059.81@0.8079342} 130303 : { SELL 22059.81@0.8079342} 
Sun Nov 09 10:30:54 EST 2014 , 4 , 2 , 2 , 130306 : { BUY 2843.78@0.80470892} 130305 : { BUY 2843.78@0.80470892} 130304 : { SELL 22059.81@0.8079342} 130303 : { SELL 22059.81@0.8079342} 
Sun Nov 09 10:33:55 EST 2014 , 4 , 2 , 2 , 130306 : { BUY 2843.78@0.80470892} 130305 : { BUY 2843.78@0.80470892} 130304 : { SELL 22059.81@0.8079342} 130303 : { SELL 22059.81@0.8079342} 
Sun Nov 09 10:36:56 EST 2014 , 4 , 2 , 2 , 130306 : { BUY 2843.78@0.80470892} 130305 : { BUY 2843.78@0.80470892} 130304 : { SELL 22059.81@0.8079342} 130303 : { SELL 22059.81@0.8079342} 
Sun Nov 09 10:39:57 EST 2014 , 4 , 2 , 2 , 130306 : { BUY 2843.78@0.80470892} 130305 : { BUY 2843.78@0.80470892} 130304 : { SELL 22059.81@0.8079342} 130303 : { SELL 22059.81@0.8079342} 
Sun Nov 09 10:42:58 EST 2014 , 4 , 2 , 2 , 130306 : { BUY 2843.78@0.80470892} 130305 : { BUY 2843.78@0.80470892} 130304 : { SELL 22059.81@0.8079342} 130303 : { SELL 22059.81@0.8079342} 
Sun Nov 09 10:45:59 EST 2014 , 4 , 2 , 2 , 130306 : { BUY 2843.78@0.80470892} 130305 : { BUY 2843.78@0.80470892} 130304 : { SELL 22059.81@0.8079342} 130303 : { SELL 22059.81@0.8079342} 
Sun Nov 09 10:49:00 EST 2014 , 4 , 2 , 2 , 130306 : { BUY 2843.78@0.80470892} 130305 : { BUY 2843.78@0.80470892} 130304 : { SELL 22059.81@0.8079342} 130303 : { SELL 22059.81@0.8079342} 
Sun Nov 09 10:52:01 EST 2014 , 4 , 2 , 2 , 130306 : { BUY 2843.78@0.80470892} 130305 : { BUY 2843.78@0.80470892} 130304 : { SELL 22059.81@0.8079342} 130303 : { SELL 22059.81@0.8079342} 
Sun Nov 09 10:55:02 EST 2014 , 4 , 2 , 2 , 130306 : { BUY 2843.78@0.80470892} 130305 : { BUY 2843.78@0.80470892} 130304 : { SELL 22059.81@0.8079342} 130303 : { SELL 22059.81@0.8079342} 
Sun Nov 09 10:58:03 EST 2014 , 4 , 2 , 2 , 130306 : { BUY 2843.78@0.80470892} 130305 : { BUY 2843.78@0.80470892} 130304 : { SELL 22059.81@0.8079342} 130303 : { SELL 22059.81@0.8079342} 
Sun Nov 09 11:01:04 EST 2014 , 4 , 2 , 2 , 130306 : { BUY 2843.78@0.80470892} 130305 : { BUY 2843.78@0.80470892} 130304 : { SELL 22059.81@0.8079342} 130303 : { SELL 22059.81@0.8079342} 
Sun Nov 09 11:04:05 EST 2014 , 4 , 2 , 2 , 130306 : { BUY 2843.78@0.80470892} 130305 : { BUY 2843.78@0.80470892} 130304 : { SELL 22059.81@0.8079342} 130303 : { SELL 22059.81@0.8079342} 
Sun Nov 09 11:07:06 EST 2014 , 4 , 2 , 2 , 130306 : { BUY 2843.78@0.80470892} 130305 : { BUY 2843.78@0.80470892} 130304 : { SELL 22059.81@0.8079342} 130303 : { SELL 22059.81@0.8079342} 
Sun Nov 09 11:10:07 EST 2014 , 4 , 2 , 2 , 130306 : { BUY 2843.78@0.80470892} 130305 : { BUY 2843.78@0.80470892} 130304 : { SELL 22059.81@0.8079342} 130303 : { SELL 22059.81@0.8079342} 
Sun Nov 09 11:13:08 EST 2014 , 4 , 2 , 2 , 130306 : { BUY 2843.78@0.80470892} 130305 : { BUY 2843.78@0.80470892} 130304 : { SELL 22059.81@0.8079342} 130303 : { SELL 22059.81@0.8079342} 
Sun Nov 09 11:16:09 EST 2014 , 4 , 2 , 2 , 130306 : { BUY 2843.78@0.80470892} 130305 : { BUY 2843.78@0.80470892} 130304 : { SELL 22059.81@0.8079342} 130303 : { SELL 22059.81@0.8079342} 
Sun Nov 09 11:19:10 EST 2014 , 4 , 2 , 2 , 130306 : { BUY 2843.78@0.80470892} 130305 : { BUY 2843.78@0.80470892} 130304 : { SELL 22059.81@0.8079342} 130303 : { SELL 22059.81@0.8079342} 
Sun Nov 09 11:22:11 EST 2014 , 4 , 2 , 2 , 130306 : { BUY 2843.78@0.80470892} 130305 : { BUY 2843.78@0.80470892} 130304 : { SELL 22059.81@0.8079342} 130303 : { SELL 22059.81@0.8079342} 
Sun Nov 09 11:25:12 EST 2014 , 4 , 2 , 2 , 130306 : { BUY 2843.78@0.80470892} 130305 : { BUY 2843.78@0.80470892} 130304 : { SELL 22059.81@0.8079342} 130303 : { SELL 22059.81@0.8079342} 
Sun Nov 09 11:28:13 EST 2014 , 4 , 2 , 2 , 130306 : { BUY 2843.78@0.80470892} 130305 : { BUY 2843.78@0.80470892} 130304 : { SELL 22059.81@0.8079342} 130303 : { SELL 22059.81@0.8079342} 
Sun Nov 09 11:31:14 EST 2014 , 4 , 2 , 2 , 130306 : { BUY 2843.78@0.80470892} 130305 : { BUY 2843.78@0.80470892} 130304 : { SELL 22059.81@0.8079342} 130303 : { SELL 22059.81@0.8079342} 
Sun Nov 09 11:34:15 EST 2014 , 4 , 2 , 2 , 130306 : { BUY 2843.78@0.80470892} 130305 : { BUY 2843.78@0.80470892} 130304 : { SELL 22059.81@0.8079342} 130303 : { SELL 22059.81@0.8079342} 
Sun Nov 09 11:37:16 EST 2014 , 4 , 2 , 2 , 130306 : { BUY 2843.78@0.80470892} 130305 : { BUY 2843.78@0.80470892} 130304 : { SELL 22059.81@0.8079342} 130303 : { SELL 22059.81@0.8079342} 
Sun Nov 09 11:40:17 EST 2014 , 4 , 2 , 2 , 130306 : { BUY 2843.78@0.80470892} 130305 : { BUY 2843.78@0.80470892} 130304 : { SELL 22059.81@0.8079342} 130303 : { SELL 22059.81@0.8079342} 
Sun Nov 09 11:43:18 EST 2014 , 4 , 2 , 2 , 130306 : { BUY 2843.78@0.80470892} 130305 : { BUY 2843.78@0.80470892} 130304 : { SELL 22059.81@0.8079342} 130303 : { SELL 22059.81@0.8079342} 
Sun Nov 09 11:46:19 EST 2014 , 4 , 2 , 2 , 130306 : { BUY 2843.78@0.80470892} 130305 : { BUY 2843.78@0.80470892} 130304 : { SELL 22059.81@0.8079342} 130303 : { SELL 22059.81@0.8079342} 
Sun Nov 09 11:49:20 EST 2014 , 4 , 2 , 2 , 130306 : { BUY 2843.78@0.80470892} 130305 : { BUY 2843.78@0.80470892} 130304 : { SELL 22059.81@0.8079342} 130303 : { SELL 22059.81@0.8079342} 
Sun Nov 09 11:52:21 EST 2014 , 4 , 2 , 2 , 130306 : { BUY 2843.78@0.80470892} 130305 : { BUY 2843.78@0.80470892} 130304 : { SELL 22059.81@0.8079342} 130303 : { SELL 22059.81@0.8079342} 
Sun Nov 09 11:55:22 EST 2014 , 4 , 2 , 2 , 130306 : { BUY 2843.78@0.80470892} 130305 : { BUY 2843.78@0.80470892} 130304 : { SELL 22059.81@0.8079342} 130303 : { SELL 22059.81@0.8079342} 
Sun Nov 09 11:58:23 EST 2014 , 4 , 2 , 2 , 130306 : { BUY 2843.78@0.80470892} 130305 : { BUY 2843.78@0.80470892} 130304 : { SELL 22059.81@0.8079342} 130303 : { SELL 22059.81@0.8079342} 
Sun Nov 09 12:01:24 EST 2014 , 4 , 2 , 2 , 130306 : { BUY 2843.78@0.80470892} 130305 : { BUY 2843.78@0.80470892} 130304 : { SELL 22059.81@0.8079342} 130303 : { SELL 22059.81@0.8079342} 
Sun Nov 09 12:04:25 EST 2014 , 4 , 2 , 2 , 130306 : { BUY 2843.78@0.80470892} 130305 : { BUY 2843.78@0.80470892} 130304 : { SELL 22059.81@0.8079342} 130303 : { SELL 22059.81@0.8079342} 
Sun Nov 09 12:07:26 EST 2014 , 4 , 2 , 2 , 130306 : { BUY 2843.78@0.80470892} 130305 : { BUY 2843.78@0.80470892} 130304 : { SELL 22059.81@0.8079342} 130303 : { SELL 22059.81@0.8079342} 
Sun Nov 09 12:10:27 EST 2014 , 4 , 2 , 2 , 130306 : { BUY 2843.78@0.80470892} 130305 : { BUY 2843.78@0.80470892} 130304 : { SELL 22059.81@0.8079342} 130303 : { SELL 22059.81@0.8079342} 
Sun Nov 09 12:13:28 EST 2014 , 4 , 2 , 2 , 130306 : { BUY 2843.78@0.80470892} 130305 : { BUY 2843.78@0.80470892} 130304 : { SELL 22059.81@0.8079342} 130303 : { SELL 22059.81@0.8079342} 
Sun Nov 09 12:16:29 EST 2014 , 4 , 2 , 2 , 130306 : { BUY 2843.78@0.80470892} 130305 : { BUY 2843.78@0.80470892} 130304 : { SELL 22059.81@0.8079342} 130303 : { SELL 22059.81@0.8079342} 
Sun Nov 09 12:19:30 EST 2014 , 4 , 2 , 2 , 130306 : { BUY 2843.78@0.80470892} 130305 : { BUY 2843.78@0.80470892} 130304 : { SELL 22059.81@0.8079342} 130303 : { SELL 22059.81@0.8079342} 
Sun Nov 09 12:22:31 EST 2014 , 4 , 2 , 2 , 130306 : { BUY 2843.78@0.80470892} 130305 : { BUY 2843.78@0.80470892} 130304 : { SELL 22059.81@0.8079342} 130303 : { SELL 22059.81@0.8079342} 
Sun Nov 09 12:25:32 EST 2014 , 4 , 2 , 2 , 130306 : { BUY 2843.78@0.80470892} 130305 : { BUY 2843.78@0.80470892} 130304 : { SELL 22059.81@0.8079342} 130303 : { SELL 22059.81@0.8079342} 
Sun Nov 09 12:28:33 EST 2014 , 4 , 2 , 2 , 130306 : { BUY 2843.78@0.80470892} 130305 : { BUY 2843.78@0.80470892} 130304 : { SELL 22059.81@0.8079342} 130303 : { SELL 22059.81@0.8079342} 
Sun Nov 09 12:31:34 EST 2014 , 4 , 2 , 2 , 130306 : { BUY 2843.78@0.80470892} 130305 : { BUY 2843.78@0.80470892} 130304 : { SELL 22059.81@0.8079342} 130303 : { SELL 22059.81@0.8079342} 
Sun Nov 09 12:34:35 EST 2014 , 4 , 2 , 2 , 130306 : { BUY 2843.78@0.80470892} 130305 : { BUY 2843.78@0.80470892} 130304 : { SELL 22059.81@0.8079342} 130303 : { SELL 22059.81@0.8079342} 
Sun Nov 09 12:37:36 EST 2014 , 4 , 2 , 2 , 130306 : { BUY 2843.78@0.80470892} 130305 : { BUY 2843.78@0.80470892} 130304 : { SELL 22059.81@0.8079342} 130303 : { SELL 22059.81@0.8079342} 
Sun Nov 09 12:40:37 EST 2014 , 4 , 2 , 2 , 130306 : { BUY 2843.78@0.80470892} 130305 : { BUY 2843.78@0.80470892} 130304 : { SELL 22059.81@0.8079342} 130303 : { SELL 22059.81@0.8079342} 
Sun Nov 09 12:43:38 EST 2014 , 4 , 2 , 2 , 130306 : { BUY 2843.78@0.80470892} 130305 : { BUY 2843.78@0.80470892} 130304 : { SELL 22059.81@0.8079342} 130303 : { SELL 22059.81@0.8079342} 
Sun Nov 09 12:46:40 EST 2014 , 4 , 2 , 2 , 130306 : { BUY 2843.78@0.80470892} 130305 : { BUY 2843.78@0.80470892} 130304 : { SELL 22059.81@0.8079342} 130303 : { SELL 22059.81@0.8079342} 
Sun Nov 09 12:49:40 EST 2014 , 4 , 2 , 2 , 130306 : { BUY 2843.78@0.80470892} 130305 : { BUY 2843.78@0.80470892} 130304 : { SELL 22059.81@0.8079342} 130303 : { SELL 22059.81@0.8079342} 
Sun Nov 09 12:52:41 EST 2014 , 4 , 2 , 2 , 130306 : { BUY 2843.78@0.80470892} 130305 : { BUY 2843.78@0.80470892} 130304 : { SELL 22059.81@0.8079342} 130303 : { SELL 22059.81@0.8079342} 
Sun Nov 09 12:55:42 EST 2014 , 4 , 2 , 2 , 130306 : { BUY 2843.78@0.80470892} 130305 : { BUY 2843.78@0.80470892} 130304 : { SELL 22059.81@0.8079342} 130303 : { SELL 22059.81@0.8079342} 
Sun Nov 09 12:58:43 EST 2014 , 4 , 2 , 2 , 130306 : { BUY 2843.78@0.80470892} 130305 : { BUY 2843.78@0.80470892} 130304 : { SELL 22059.81@0.8079342} 130303 : { SELL 22059.81@0.8079342} 
Sun Nov 09 13:01:44 EST 2014 , 4 , 2 , 2 , 130306 : { BUY 2843.78@0.80470892} 130305 : { BUY 2843.78@0.80470892} 130304 : { SELL 22059.81@0.8079342} 130303 : { SELL 22059.81@0.8079342} 
Sun Nov 09 13:04:45 EST 2014 , 4 , 2 , 2 , 130306 : { BUY 2843.78@0.80470892} 130305 : { BUY 2843.78@0.80470892} 130304 : { SELL 22059.81@0.8079342} 130303 : { SELL 22059.81@0.8079342} 
Sun Nov 09 13:07:46 EST 2014 , 4 , 2 , 2 , 130306 : { BUY 2843.78@0.80470892} 130305 : { BUY 2843.78@0.80470892} 130304 : { SELL 22059.81@0.8079342} 130303 : { SELL 22059.81@0.8079342} 
Sun Nov 09 13:10:47 EST 2014 , 4 , 2 , 2 , 130306 : { BUY 2843.78@0.80470892} 130305 : { BUY 2843.78@0.80470892} 130304 : { SELL 22059.81@0.8079342} 130303 : { SELL 22059.81@0.8079342} 
Sun Nov 09 13:13:48 EST 2014 , 4 , 2 , 2 , 130306 : { BUY 2843.78@0.80470892} 130305 : { BUY 2843.78@0.80470892} 130304 : { SELL 22059.81@0.8079342} 130303 : { SELL 22059.81@0.8079342} 
Sun Nov 09 13:16:49 EST 2014 , 4 , 2 , 2 , 130306 : { BUY 2843.78@0.80470892} 130305 : { BUY 2843.78@0.80470892} 130304 : { SELL 22059.81@0.8079342} 130303 : { SELL 22059.81@0.8079342} 
Sun Nov 09 13:19:50 EST 2014 , 4 , 2 , 2 , 130306 : { BUY 2843.78@0.80470892} 130305 : { BUY 2843.78@0.80470892} 130304 : { SELL 22059.81@0.8079342} 130303 : { SELL 22059.81@0.8079342} 
Sun Nov 09 13:22:51 EST 2014 , 4 , 2 , 2 , 130306 : { BUY 2843.78@0.80470892} 130305 : { BUY 2843.78@0.80470892} 130304 : { SELL 22059.81@0.8079342} 130303 : { SELL 22059.81@0.8079342} 
Sun Nov 09 13:25:52 EST 2014 , 4 , 2 , 2 , 130306 : { BUY 2843.78@0.80470892} 130305 : { BUY 2843.78@0.80470892} 130304 : { SELL 22059.81@0.8079342} 130303 : { SELL 22059.81@0.8079342} 
Sun Nov 09 13:28:53 EST 2014 , 4 , 2 , 2 , 130306 : { BUY 2843.78@0.80470892} 130305 : { BUY 2843.78@0.80470892} 130304 : { SELL 22059.81@0.8079342} 130303 : { SELL 22059.81@0.8079342} 
Sun Nov 09 13:31:54 EST 2014 , 4 , 2 , 2 , 130306 : { BUY 2843.78@0.80470892} 130305 : { BUY 2843.78@0.80470892} 130304 : { SELL 22059.81@0.8079342} 130303 : { SELL 22059.81@0.8079342} 
Sun Nov 09 13:34:55 EST 2014 , 4 , 2 , 2 , 130306 : { BUY 2843.78@0.80470892} 130305 : { BUY 2843.78@0.80470892} 130304 : { SELL 22059.81@0.8079342} 130303 : { SELL 22059.81@0.8079342} 
Sun Nov 09 13:37:56 EST 2014 , 4 , 2 , 2 , 130306 : { BUY 2843.78@0.80470892} 130305 : { BUY 2843.78@0.80470892} 130304 : { SELL 22059.81@0.8079342} 130303 : { SELL 22059.81@0.8079342} 
Sun Nov 09 13:40:57 EST 2014 , 4 , 2 , 2 , 130306 : { BUY 2843.78@0.80470892} 130305 : { BUY 2843.78@0.80470892} 130304 : { SELL 22059.81@0.8079342} 130303 : { SELL 22059.81@0.8079342} 
Sun Nov 09 13:43:58 EST 2014 , 4 , 2 , 2 , 130306 : { BUY 2843.78@0.80470892} 130305 : { BUY 2843.78@0.80470892} 130304 : { SELL 22059.81@0.8079342} 130303 : { SELL 22059.81@0.8079342} 
Sun Nov 09 13:46:59 EST 2014 , 4 , 2 , 2 , 130306 : { BUY 2843.78@0.80470892} 130305 : { BUY 2843.78@0.80470892} 130304 : { SELL 22059.81@0.8079342} 130303 : { SELL 22059.81@0.8079342} 
Sun Nov 09 13:50:00 EST 2014 , 4 , 2 , 2 , 130306 : { BUY 2843.78@0.80470892} 130305 : { BUY 2843.78@0.80470892} 130304 : { SELL 22059.81@0.8079342} 130303 : { SELL 22059.81@0.8079342} 
Sun Nov 09 13:53:01 EST 2014 , 4 , 2 , 2 , 130306 : { BUY 2843.78@0.80470892} 130305 : { BUY 2843.78@0.80470892} 130304 : { SELL 22059.81@0.8079342} 130303 : { SELL 22059.81@0.8079342} 
Sun Nov 09 13:56:02 EST 2014 , 4 , 2 , 2 , 130306 : { BUY 2843.78@0.80470892} 130305 : { BUY 2843.78@0.80470892} 130304 : { SELL 22059.81@0.8079342} 130303 : { SELL 22059.81@0.8079342} 
Sun Nov 09 13:59:03 EST 2014 , 4 , 2 , 2 , 130306 : { BUY 2843.78@0.80470892} 130305 : { BUY 2843.78@0.80470892} 130304 : { SELL 22059.81@0.8079342} 130303 : { SELL 22059.81@0.8079342} 
Sun Nov 09 14:02:04 EST 2014 , 4 , 2 , 2 , 130306 : { BUY 2843.78@0.80470892} 130305 : { BUY 2843.78@0.80470892} 130304 : { SELL 22059.81@0.8079342} 130303 : { SELL 22059.81@0.8079342} 
Sun Nov 09 14:05:05 EST 2014 , 4 , 2 , 2 , 130306 : { BUY 2843.78@0.80470892} 130305 : { BUY 2843.78@0.80470892} 130304 : { SELL 22059.81@0.8079342} 130303 : { SELL 22059.81@0.8079342} 
Sun Nov 09 14:08:06 EST 2014 , 4 , 2 , 2 , 130306 : { BUY 2843.78@0.80470892} 130305 : { BUY 2843.78@0.80470892} 130304 : { SELL 22059.81@0.8079342} 130303 : { SELL 22059.81@0.8079342} 
Sun Nov 09 14:11:07 EST 2014 , 4 , 2 , 2 , 130306 : { BUY 2843.78@0.80470892} 130305 : { BUY 2843.78@0.80470892} 130304 : { SELL 22059.81@0.8079342} 130303 : { SELL 22059.81@0.8079342} 
Sun Nov 09 14:14:08 EST 2014 , 4 , 2 , 2 , 130306 : { BUY 2843.78@0.80470892} 130305 : { BUY 2843.78@0.80470892} 130304 : { SELL 22059.81@0.8079342} 130303 : { SELL 22059.81@0.8079342} 
Sun Nov 09 14:17:09 EST 2014 , 4 , 2 , 2 , 130306 : { BUY 2843.78@0.80470892} 130305 : { BUY 2843.78@0.80470892} 130304 : { SELL 22059.81@0.8079342} 130303 : { SELL 22059.81@0.8079342} 
Sun Nov 09 14:20:10 EST 2014 , 4 , 2 , 2 , 130306 : { BUY 2843.78@0.80470892} 130305 : { BUY 2843.78@0.80470892} 130304 : { SELL 22059.81@0.8079342} 130303 : { SELL 22059.81@0.8079342} 
Sun Nov 09 14:23:11 EST 2014 , 4 , 2 , 2 , 130306 : { BUY 2843.78@0.80470892} 130305 : { BUY 2843.78@0.80470892} 130304 : { SELL 22059.81@0.8079342} 130303 : { SELL 22059.81@0.8079342} 
Sun Nov 09 14:26:12 EST 2014 , 4 , 2 , 2 , 130306 : { BUY 2843.78@0.80470892} 130305 : { BUY 2843.78@0.80470892} 130304 : { SELL 22059.81@0.8079342} 130303 : { SELL 22059.81@0.8079342} 
Sun Nov 09 14:29:13 EST 2014 , 4 , 2 , 2 , 130306 : { BUY 2843.78@0.80470892} 130305 : { BUY 2843.78@0.80470892} 130304 : { SELL 22059.81@0.8079342} 130303 : { SELL 22059.81@0.8079342} 
Sun Nov 09 14:32:14 EST 2014 , 4 , 2 , 2 , 130306 : { BUY 2843.78@0.80470892} 130305 : { BUY 2843.78@0.80470892} 130304 : { SELL 22059.81@0.8079342} 130303 : { SELL 22059.81@0.8079342} 
Sun Nov 09 14:35:15 EST 2014 , 4 , 2 , 2 , 130306 : { BUY 2843.78@0.80470892} 130305 : { BUY 2843.78@0.80470892} 130304 : { SELL 22059.81@0.8079342} 130303 : { SELL 22059.81@0.8079342} 
Sun Nov 09 14:38:16 EST 2014 , 4 , 2 , 2 , 130306 : { BUY 2843.78@0.80470892} 130305 : { BUY 2843.78@0.80470892} 130304 : { SELL 22059.81@0.8079342} 130303 : { SELL 22059.81@0.8079342} 
Sun Nov 09 14:41:17 EST 2014 , 4 , 2 , 2 , 130306 : { BUY 2843.78@0.80470892} 130305 : { BUY 2843.78@0.80470892} 130304 : { SELL 22059.81@0.8079342} 130303 : { SELL 22059.81@0.8079342} 
Sun Nov 09 14:44:18 EST 2014 , 4 , 2 , 2 , 130306 : { BUY 2843.78@0.80470892} 130305 : { BUY 2843.78@0.80470892} 130304 : { SELL 22059.81@0.8079342} 130303 : { SELL 22059.81@0.8079342} 
Sun Nov 09 14:47:19 EST 2014 , 4 , 2 , 2 , 130306 : { BUY 2843.78@0.80470892} 130305 : { BUY 2843.78@0.80470892} 130304 : { SELL 22059.81@0.8079342} 130303 : { SELL 22059.81@0.8079342} 
Sun Nov 09 14:50:20 EST 2014 , 4 , 2 , 2 , 130306 : { BUY 2843.78@0.80470892} 130305 : { BUY 2843.78@0.80470892} 130304 : { SELL 22059.81@0.8079342} 130303 : { SELL 22059.81@0.8079342} 
Sun Nov 09 14:53:21 EST 2014 , 4 , 2 , 2 , 130306 : { BUY 2843.78@0.80470892} 130305 : { BUY 2843.78@0.80470892} 130304 : { SELL 22059.81@0.8079342} 130303 : { SELL 22059.81@0.8079342} 
Sun Nov 09 14:56:22 EST 2014 , 4 , 2 , 2 , 130306 : { BUY 2843.78@0.80470892} 130305 : { BUY 2843.78@0.80470892} 130304 : { SELL 22059.81@0.8079342} 130303 : { SELL 22059.81@0.8079342} 
Sun Nov 09 14:59:23 EST 2014 , 4 , 2 , 2 , 130306 : { BUY 2843.78@0.80470892} 130305 : { BUY 2843.78@0.80470892} 130304 : { SELL 22059.81@0.8079342} 130303 : { SELL 22059.81@0.8079342} 
Sun Nov 09 15:02:24 EST 2014 , 4 , 2 , 2 , 130306 : { BUY 2843.78@0.80470892} 130305 : { BUY 2843.78@0.80470892} 130304 : { SELL 22059.81@0.8079342} 130303 : { SELL 22059.81@0.8079342} 
Sun Nov 09 15:05:25 EST 2014 , 4 , 2 , 2 , 130306 : { BUY 2843.78@0.80470892} 130305 : { BUY 2843.78@0.80470892} 130304 : { SELL 22059.81@0.8079342} 130303 : { SELL 22059.81@0.8079342} 
Sun Nov 09 15:08:26 EST 2014 , 4 , 2 , 2 , 130306 : { BUY 2843.78@0.80470892} 130305 : { BUY 2843.78@0.80470892} 130304 : { SELL 22059.81@0.8079342} 130303 : { SELL 22059.81@0.8079342} 
Sun Nov 09 15:11:27 EST 2014 , 4 , 2 , 2 , 130306 : { BUY 2843.78@0.80470892} 130305 : { BUY 2843.78@0.80470892} 130304 : { SELL 22059.81@0.8079342} 130303 : { SELL 22059.81@0.8079342} 
Sun Nov 09 15:14:28 EST 2014 , 4 , 2 , 2 , 130306 : { BUY 2843.78@0.80470892} 130305 : { BUY 2843.78@0.80470892} 130304 : { SELL 22059.81@0.8079342} 130303 : { SELL 22059.81@0.8079342} 
Sun Nov 09 15:17:29 EST 2014 , 4 , 2 , 2 , 130306 : { BUY 2843.78@0.80470892} 130305 : { BUY 2843.78@0.80470892} 130304 : { SELL 22059.81@0.8079342} 130303 : { SELL 22059.81@0.8079342} 
Sun Nov 09 15:20:30 EST 2014 , 4 , 2 , 2 , 130306 : { BUY 2843.78@0.80470892} 130305 : { BUY 2843.78@0.80470892} 130304 : { SELL 22059.81@0.8079342} 130303 : { SELL 22059.81@0.8079342} 
Sun Nov 09 15:23:31 EST 2014 , 4 , 2 , 2 , 130306 : { BUY 2843.78@0.80470892} 130305 : { BUY 2843.78@0.80470892} 130304 : { SELL 22059.81@0.8079342} 130303 : { SELL 22059.81@0.8079342} 
Sun Nov 09 15:26:32 EST 2014 , 4 , 2 , 2 , 130306 : { BUY 2843.78@0.80470892} 130305 : { BUY 2843.78@0.80470892} 130304 : { SELL 22059.81@0.8079342} 130303 : { SELL 22059.81@0.8079342} 
Sun Nov 09 15:29:33 EST 2014 , 4 , 2 , 2 , 130306 : { BUY 2843.78@0.80470892} 130305 : { BUY 2843.78@0.80470892} 130304 : { SELL 22059.81@0.8079342} 130303 : { SELL 22059.81@0.8079342} 
Sun Nov 09 15:32:34 EST 2014 , 4 , 2 , 2 , 130306 : { BUY 2843.78@0.80470892} 130305 : { BUY 2843.78@0.80470892} 130304 : { SELL 22059.81@0.8079342} 130303 : { SELL 22059.81@0.8079342} 
Sun Nov 09 15:35:35 EST 2014 , 4 , 2 , 2 , 130306 : { BUY 2843.78@0.80470892} 130305 : { BUY 2843.78@0.80470892} 130304 : { SELL 22059.81@0.8079342} 130303 : { SELL 22059.81@0.8079342} 
Sun Nov 09 15:38:36 EST 2014 , 4 , 2 , 2 , 130306 : { BUY 2843.78@0.80470892} 130305 : { BUY 2843.78@0.80470892} 130304 : { SELL 22059.81@0.8079342} 130303 : { SELL 22059.81@0.8079342} 
Sun Nov 09 15:41:37 EST 2014 , 4 , 2 , 2 , 130306 : { BUY 2843.78@0.80470892} 130305 : { BUY 2843.78@0.80470892} 130304 : { SELL 22059.81@0.8079342} 130303 : { SELL 22059.81@0.8079342} 
Sun Nov 09 15:44:38 EST 2014 , 4 , 2 , 2 , 130306 : { BUY 2843.78@0.80470892} 130305 : { BUY 2843.78@0.80470892} 130304 : { SELL 22059.81@0.8079342} 130303 : { SELL 22059.81@0.8079342} 
Sun Nov 09 15:47:39 EST 2014 , 4 , 2 , 2 , 130306 : { BUY 2843.78@0.80470892} 130305 : { BUY 2843.78@0.80470892} 130304 : { SELL 22059.81@0.8079342} 130303 : { SELL 22059.81@0.8079342} 
Sun Nov 09 15:50:40 EST 2014 , 4 , 2 , 2 , 130306 : { BUY 2843.78@0.80470892} 130305 : { BUY 2843.78@0.80470892} 130304 : { SELL 22059.81@0.8079342} 130303 : { SELL 22059.81@0.8079342} 
Sun Nov 09 15:53:41 EST 2014 , 4 , 2 , 2 , 130306 : { BUY 2843.78@0.80470892} 130305 : { BUY 2843.78@0.80470892} 130304 : { SELL 22059.81@0.8079342} 130303 : { SELL 22059.81@0.8079342} 
Sun Nov 09 15:56:42 EST 2014 , 4 , 2 , 2 , 130306 : { BUY 2843.78@0.80470892} 130305 : { BUY 2843.78@0.80470892} 130304 : { SELL 22059.81@0.8079342} 130303 : { SELL 22059.81@0.8079342} 
Sun Nov 09 15:59:43 EST 2014 , 4 , 2 , 2 , 130306 : { BUY 2843.78@0.80470892} 130305 : { BUY 2843.78@0.80470892} 130304 : { SELL 22059.81@0.8079342} 130303 : { SELL 22059.81@0.8079342} 
Sun Nov 09 16:02:44 EST 2014 , 4 , 2 , 2 , 130306 : { BUY 2843.78@0.80470892} 130305 : { BUY 2843.78@0.80470892} 130304 : { SELL 22059.81@0.8079342} 130303 : { SELL 22059.81@0.8079342} 
Sun Nov 09 16:05:45 EST 2014 , 4 , 2 , 2 , 130306 : { BUY 2843.78@0.80470892} 130305 : { BUY 2843.78@0.80470892} 130304 : { SELL 22059.81@0.8079342} 130303 : { SELL 22059.81@0.8079342} 
Sun Nov 09 16:08:46 EST 2014 , 4 , 2 , 2 , 130306 : { BUY 2843.78@0.80470892} 130305 : { BUY 2843.78@0.80470892} 130304 : { SELL 22059.81@0.8079342} 130303 : { SELL 22059.81@0.8079342} 
Sun Nov 09 16:11:47 EST 2014 , 4 , 2 , 2 , 130306 : { BUY 2843.78@0.80470892} 130305 : { BUY 2843.78@0.80470892} 130304 : { SELL 22059.81@0.8079342} 130303 : { SELL 22059.81@0.8079342} 
Sun Nov 09 16:14:48 EST 2014 , 4 , 2 , 2 , 130306 : { BUY 2843.78@0.80470892} 130305 : { BUY 2843.78@0.80470892} 130304 : { SELL 22059.81@0.8079342} 130303 : { SELL 22059.81@0.8079342} 
Sun Nov 09 16:17:49 EST 2014 , 4 , 2 , 2 , 130306 : { BUY 2843.78@0.80470892} 130305 : { BUY 2843.78@0.80470892} 130304 : { SELL 22059.81@0.8079342} 130303 : { SELL 22059.81@0.8079342} 
Sun Nov 09 16:20:50 EST 2014 , 4 , 2 , 2 , 130306 : { BUY 2843.78@0.80470892} 130305 : { BUY 2843.78@0.80470892} 130304 : { SELL 22059.81@0.8079342} 130303 : { SELL 22059.81@0.8079342} 
Sun Nov 09 16:23:51 EST 2014 , 4 , 2 , 2 , 130306 : { BUY 2843.78@0.80470892} 130305 : { BUY 2843.78@0.80470892} 130304 : { SELL 22059.81@0.8079342} 130303 : { SELL 22059.81@0.8079342} 
Sun Nov 09 16:26:52 EST 2014 , 4 , 2 , 2 , 130306 : { BUY 2843.78@0.80470892} 130305 : { BUY 2843.78@0.80470892} 130304 : { SELL 22059.81@0.8079342} 130303 : { SELL 22059.81@0.8079342} 
Sun Nov 09 16:29:53 EST 2014 , 4 , 2 , 2 , 130306 : { BUY 2843.78@0.80470892} 130305 : { BUY 2843.78@0.80470892} 130304 : { SELL 22059.81@0.8079342} 130303 : { SELL 22059.81@0.8079342} 
Sun Nov 09 16:32:54 EST 2014 , 4 , 2 , 2 , 130306 : { BUY 2843.78@0.80470892} 130305 : { BUY 2843.78@0.80470892} 130304 : { SELL 22059.81@0.8079342} 130303 : { SELL 22059.81@0.8079342} 
Sun Nov 09 16:35:55 EST 2014 , 4 , 2 , 2 , 130306 : { BUY 2843.78@0.80470892} 130305 : { BUY 2843.78@0.80470892} 130304 : { SELL 22059.81@0.8079342} 130303 : { SELL 22059.81@0.8079342} 
Sun Nov 09 16:38:56 EST 2014 , 4 , 2 , 2 , 130306 : { BUY 2843.78@0.80470892} 130305 : { BUY 2843.78@0.80470892} 130304 : { SELL 22059.81@0.8079342} 130303 : { SELL 22059.81@0.8079342} 
Sun Nov 09 16:41:57 EST 2014 , 4 , 2 , 2 , 130306 : { BUY 2843.78@0.80470892} 130305 : { BUY 2843.78@0.80470892} 130304 : { SELL 22059.81@0.8079342} 130303 : { SELL 22059.81@0.8079342} 
Sun Nov 09 16:44:58 EST 2014 , 4 , 2 , 2 , 130306 : { BUY 2843.78@0.80470892} 130305 : { BUY 2843.78@0.80470892} 130304 : { SELL 22059.81@0.8079342} 130303 : { SELL 22059.81@0.8079342} 
Sun Nov 09 16:47:59 EST 2014 , 4 , 2 , 2 , 130306 : { BUY 2843.78@0.80470892} 130305 : { BUY 2843.78@0.80470892} 130304 : { SELL 22059.81@0.8079342} 130303 : { SELL 22059.81@0.8079342} 
Sun Nov 09 16:51:00 EST 2014 , 4 , 2 , 2 , 130306 : { BUY 2843.78@0.80470892} 130305 : { BUY 2843.78@0.80470892} 130304 : { SELL 22059.81@0.8079342} 130303 : { SELL 22059.81@0.8079342} 
Sun Nov 09 16:54:01 EST 2014 , 4 , 2 , 2 , 130306 : { BUY 2843.78@0.80470892} 130305 : { BUY 2843.78@0.80470892} 130304 : { SELL 22059.81@0.8079342} 130303 : { SELL 22059.81@0.8079342} 
Sun Nov 09 16:57:02 EST 2014 , 4 , 2 , 2 , 130306 : { BUY 2843.78@0.80470892} 130305 : { BUY 2843.78@0.80470892} 130304 : { SELL 22059.81@0.8079342} 130303 : { SELL 22059.81@0.8079342} 
Sun Nov 09 17:00:03 EST 2014 , 4 , 2 , 2 , 130306 : { BUY 2843.78@0.80470892} 130305 : { BUY 2843.78@0.80470892} 130304 : { SELL 22059.81@0.8079342} 130303 : { SELL 22059.81@0.8079342} 
Sun Nov 09 17:03:04 EST 2014 , 4 , 2 , 2 , 130306 : { BUY 2843.78@0.80470892} 130305 : { BUY 2843.78@0.80470892} 130304 : { SELL 22059.81@0.8079342} 130303 : { SELL 22059.81@0.8079342} 
Sun Nov 09 17:06:05 EST 2014 , 4 , 2 , 2 , 130306 : { BUY 2843.78@0.80470892} 130305 : { BUY 2843.78@0.80470892} 130304 : { SELL 22059.81@0.8079342} 130303 : { SELL 22059.81@0.8079342} 
Sun Nov 09 17:09:06 EST 2014 , 4 , 2 , 2 , 130306 : { BUY 2843.78@0.80470892} 130305 : { BUY 2843.78@0.80470892} 130304 : { SELL 22059.81@0.8079342} 130303 : { SELL 22059.81@0.8079342} 
Sun Nov 09 17:12:07 EST 2014 , 4 , 2 , 2 , 130306 : { BUY 2843.78@0.80470892} 130305 : { BUY 2843.78@0.80470892} 130304 : { SELL 22059.81@0.8079342} 130303 : { SELL 22059.81@0.8079342} 
Sun Nov 09 17:15:08 EST 2014 , 4 , 2 , 2 , 130306 : { BUY 2843.78@0.80470892} 130305 : { BUY 2843.78@0.80470892} 130304 : { SELL 22059.81@0.8079342} 130303 : { SELL 22059.81@0.8079342} 
Sun Nov 09 17:18:09 EST 2014 , 4 , 2 , 2 , 130306 : { BUY 2843.78@0.80470892} 130305 : { BUY 2843.78@0.80470892} 130304 : { SELL 22059.81@0.8079342} 130303 : { SELL 22059.81@0.8079342} 
Sun Nov 09 17:21:10 EST 2014 , 4 , 2 , 2 , 130306 : { BUY 2843.78@0.80470892} 130305 : { BUY 2843.78@0.80470892} 130304 : { SELL 22059.81@0.8079342} 130303 : { SELL 22059.81@0.8079342} 
Sun Nov 09 17:24:11 EST 2014 , 4 , 2 , 2 , 130306 : { BUY 2843.78@0.80470892} 130305 : { BUY 2843.78@0.80470892} 130304 : { SELL 22059.81@0.8079342} 130303 : { SELL 22059.81@0.8079342} 
Sun Nov 09 17:27:12 EST 2014 , 4 , 2 , 2 , 130306 : { BUY 2843.78@0.80470892} 130305 : { BUY 2843.78@0.80470892} 130304 : { SELL 22059.81@0.8079342} 130303 : { SELL 22059.81@0.8079342} 
Sun Nov 09 17:30:13 EST 2014 , 4 , 2 , 2 , 130306 : { BUY 2843.78@0.80470892} 130305 : { BUY 2843.78@0.80470892} 130304 : { SELL 22059.81@0.8079342} 130303 : { SELL 22059.81@0.8079342} 
Sun Nov 09 17:33:14 EST 2014 , 4 , 2 , 2 , 130306 : { BUY 2843.78@0.80470892} 130305 : { BUY 2843.78@0.80470892} 130304 : { SELL 22059.81@0.8079342} 130303 : { SELL 22059.81@0.8079342} 
Sun Nov 09 17:36:15 EST 2014 , 4 , 2 , 2 , 130306 : { BUY 2843.78@0.80470892} 130305 : { BUY 2843.78@0.80470892} 130304 : { SELL 22059.81@0.8079342} 130303 : { SELL 22059.81@0.8079342} 
Sun Nov 09 17:39:16 EST 2014 , 4 , 2 , 2 , 130306 : { BUY 2843.78@0.80470892} 130305 : { BUY 2843.78@0.80470892} 130304 : { SELL 22059.81@0.8079342} 130303 : { SELL 22059.81@0.8079342} 
Sun Nov 09 17:42:17 EST 2014 , 4 , 2 , 2 , 130306 : { BUY 2843.78@0.80470892} 130305 : { BUY 2843.78@0.80470892} 130304 : { SELL 22059.81@0.8079342} 130303 : { SELL 22059.81@0.8079342} 
Sun Nov 09 17:45:18 EST 2014 , 4 , 2 , 2 , 130306 : { BUY 2843.78@0.80470892} 130305 : { BUY 2843.78@0.80470892} 130304 : { SELL 22059.81@0.8079342} 130303 : { SELL 22059.81@0.8079342} 
Sun Nov 09 17:48:20 EST 2014 , 4 , 2 , 2 , 130306 : { BUY 2843.78@0.80470892} 130305 : { BUY 2843.78@0.80470892} 130304 : { SELL 22059.81@0.8079342} 130303 : { SELL 22059.81@0.8079342} 
Sun Nov 09 17:51:20 EST 2014 , 4 , 2 , 2 , 130306 : { BUY 2843.78@0.80470892} 130305 : { BUY 2843.78@0.80470892} 130304 : { SELL 22059.81@0.8079342} 130303 : { SELL 22059.81@0.8079342} 
Sun Nov 09 17:54:21 EST 2014 , 4 , 2 , 2 , 130306 : { BUY 2843.78@0.80470892} 130305 : { BUY 2843.78@0.80470892} 130304 : { SELL 22059.81@0.8079342} 130303 : { SELL 22059.81@0.8079342} 
Sun Nov 09 17:57:22 EST 2014 , 4 , 2 , 2 , 130306 : { BUY 2843.78@0.80470892} 130305 : { BUY 2843.78@0.80470892} 130304 : { SELL 22059.81@0.8079342} 130303 : { SELL 22059.81@0.8079342} 
Sun Nov 09 18:00:23 EST 2014 , 4 , 2 , 2 , 130306 : { BUY 2843.78@0.80470892} 130305 : { BUY 2843.78@0.80470892} 130304 : { SELL 22059.81@0.8079342} 130303 : { SELL 22059.81@0.8079342} 
Sun Nov 09 18:03:24 EST 2014 , 4 , 2 , 2 , 130306 : { BUY 2843.78@0.80470892} 130305 : { BUY 2843.78@0.80470892} 130304 : { SELL 22059.81@0.8079342} 130303 : { SELL 22059.81@0.8079342} 
Sun Nov 09 18:06:25 EST 2014 , 4 , 2 , 2 , 130306 : { BUY 2843.78@0.80470892} 130305 : { BUY 2843.78@0.80470892} 130304 : { SELL 22059.81@0.8079342} 130303 : { SELL 22059.81@0.8079342} 
Sun Nov 09 18:09:26 EST 2014 , 4 , 2 , 2 , 130306 : { BUY 2843.78@0.80470892} 130305 : { BUY 2843.78@0.80470892} 130304 : { SELL 22059.81@0.8079342} 130303 : { SELL 22059.81@0.8079342} 
Sun Nov 09 18:12:27 EST 2014 , 4 , 2 , 2 , 130306 : { BUY 2843.78@0.80470892} 130305 : { BUY 2843.78@0.80470892} 130304 : { SELL 22059.81@0.8079342} 130303 : { SELL 22059.81@0.8079342} 
Sun Nov 09 18:15:28 EST 2014 , 4 , 2 , 2 , 130306 : { BUY 2843.78@0.80470892} 130305 : { BUY 2843.78@0.80470892} 130304 : { SELL 22059.81@0.8079342} 130303 : { SELL 22059.81@0.8079342} 
Sun Nov 09 18:18:29 EST 2014 , 4 , 2 , 2 , 130306 : { BUY 2843.78@0.80470892} 130305 : { BUY 2843.78@0.80470892} 130304 : { SELL 22059.81@0.8079342} 130303 : { SELL 22059.81@0.8079342} 
Sun Nov 09 18:21:30 EST 2014 , 4 , 2 , 2 , 130306 : { BUY 2843.78@0.80470892} 130305 : { BUY 2843.78@0.80470892} 130304 : { SELL 22059.81@0.8079342} 130303 : { SELL 22059.81@0.8079342} 
Sun Nov 09 18:24:31 EST 2014 , 4 , 2 , 2 , 130306 : { BUY 2843.78@0.80470892} 130305 : { BUY 2843.78@0.80470892} 130304 : { SELL 22059.81@0.8079342} 130303 : { SELL 22059.81@0.8079342} 
Sun Nov 09 18:27:32 EST 2014 , 4 , 2 , 2 , 130306 : { BUY 2843.78@0.80470892} 130305 : { BUY 2843.78@0.80470892} 130304 : { SELL 22059.81@0.8079342} 130303 : { SELL 22059.81@0.8079342} 
Sun Nov 09 18:30:33 EST 2014 , 4 , 2 , 2 , 130306 : { BUY 2843.78@0.80470892} 130305 : { BUY 2843.78@0.80470892} 130304 : { SELL 22059.81@0.8079342} 130303 : { SELL 22059.81@0.8079342} 
Sun Nov 09 18:33:34 EST 2014 , 4 , 2 , 2 , 130306 : { BUY 2843.78@0.80470892} 130305 : { BUY 2843.78@0.80470892} 130304 : { SELL 22059.81@0.8079342} 130303 : { SELL 22059.81@0.8079342} 
Sun Nov 09 18:36:35 EST 2014 , 4 , 2 , 2 , 130306 : { BUY 2843.78@0.80470892} 130305 : { BUY 2843.78@0.80470892} 130304 : { SELL 22059.81@0.8079342} 130303 : { SELL 22059.81@0.8079342} 
Sun Nov 09 18:39:36 EST 2014 , 4 , 2 , 2 , 130306 : { BUY 2843.78@0.80470892} 130305 : { BUY 2843.78@0.80470892} 130304 : { SELL 22059.81@0.8079342} 130303 : { SELL 22059.81@0.8079342} 
Sun Nov 09 18:42:37 EST 2014 , 4 , 2 , 2 , 130306 : { BUY 2843.78@0.80470892} 130305 : { BUY 2843.78@0.80470892} 130304 : { SELL 22059.81@0.8079342} 130303 : { SELL 22059.81@0.8079342} 
Sun Nov 09 18:45:38 EST 2014 , 4 , 2 , 2 , 130306 : { BUY 2843.78@0.80470892} 130305 : { BUY 2843.78@0.80470892} 130304 : { SELL 22059.81@0.8079342} 130303 : { SELL 22059.81@0.8079342} 
Sun Nov 09 18:48:39 EST 2014 , 4 , 2 , 2 , 130306 : { BUY 2843.78@0.80470892} 130305 : { BUY 2843.78@0.80470892} 130304 : { SELL 22059.81@0.8079342} 130303 : { SELL 22059.81@0.8079342} 
Sun Nov 09 18:51:40 EST 2014 , 4 , 2 , 2 , 130306 : { BUY 2843.78@0.80470892} 130305 : { BUY 2843.78@0.80470892} 130304 : { SELL 22059.81@0.8079342} 130303 : { SELL 22059.81@0.8079342} 
Sun Nov 09 18:54:41 EST 2014 , 4 , 2 , 2 , 130306 : { BUY 2843.78@0.80470892} 130305 : { BUY 2843.78@0.80470892} 130304 : { SELL 22059.81@0.8079342} 130303 : { SELL 22059.81@0.8079342} 
Sun Nov 09 18:57:42 EST 2014 , 4 , 2 , 2 , 130306 : { BUY 2843.78@0.80470892} 130305 : { BUY 2843.78@0.80470892} 130304 : { SELL 22059.81@0.8079342} 130303 : { SELL 22059.81@0.8079342} 
Sun Nov 09 19:00:43 EST 2014 , 4 , 2 , 2 , 130306 : { BUY 2843.78@0.80470892} 130305 : { BUY 2843.78@0.80470892} 130304 : { SELL 22059.81@0.8079342} 130303 : { SELL 22059.81@0.8079342} 
Sun Nov 09 19:03:44 EST 2014 , 4 , 2 , 2 , 130306 : { BUY 2843.78@0.80470892} 130305 : { BUY 2843.78@0.80470892} 130304 : { SELL 22059.81@0.8079342} 130303 : { SELL 22059.81@0.8079342} 
Sun Nov 09 19:06:45 EST 2014 , 4 , 2 , 2 , 130306 : { BUY 2843.78@0.80470892} 130305 : { BUY 2843.78@0.80470892} 130304 : { SELL 22059.81@0.8079342} 130303 : { SELL 22059.81@0.8079342} 
Sun Nov 09 19:09:46 EST 2014 , 4 , 2 , 2 , 130306 : { BUY 2843.78@0.80470892} 130305 : { BUY 2843.78@0.80470892} 130304 : { SELL 22059.81@0.8079342} 130303 : { SELL 22059.81@0.8079342} 
Sun Nov 09 19:12:47 EST 2014 , 4 , 2 , 2 , 130306 : { BUY 2843.78@0.80470892} 130305 : { BUY 2843.78@0.80470892} 130304 : { SELL 22059.81@0.8079342} 130303 : { SELL 22059.81@0.8079342} 
Sun Nov 09 19:15:48 EST 2014 , 4 , 2 , 2 , 130306 : { BUY 2843.78@0.80470892} 130305 : { BUY 2843.78@0.80470892} 130304 : { SELL 22059.81@0.8079342} 130303 : { SELL 22059.81@0.8079342} 
Sun Nov 09 19:18:49 EST 2014 , 4 , 2 , 2 , 130306 : { BUY 2843.78@0.80470892} 130305 : { BUY 2843.78@0.80470892} 130304 : { SELL 22059.81@0.8079342} 130303 : { SELL 22059.81@0.8079342} 
Sun Nov 09 19:21:50 EST 2014 , 4 , 2 , 2 , 130306 : { BUY 2843.78@0.80470892} 130305 : { BUY 2843.78@0.80470892} 130304 : { SELL 22059.81@0.8079342} 130303 : { SELL 22059.81@0.8079342} 
Sun Nov 09 19:24:51 EST 2014 , 4 , 2 , 2 , 130306 : { BUY 2843.78@0.80470892} 130305 : { BUY 2843.78@0.80470892} 130304 : { SELL 22059.81@0.8079342} 130303 : { SELL 22059.81@0.8079342} 
Sun Nov 09 19:27:52 EST 2014 , 4 , 2 , 2 , 130306 : { BUY 2843.78@0.80470892} 130305 : { BUY 2843.78@0.80470892} 130304 : { SELL 22059.81@0.8079342} 130303 : { SELL 22059.81@0.8079342} 
Sun Nov 09 19:30:53 EST 2014 , 4 , 2 , 2 , 130306 : { BUY 2843.78@0.80470892} 130305 : { BUY 2843.78@0.80470892} 130304 : { SELL 22059.81@0.8079342} 130303 : { SELL 22059.81@0.8079342} 
Sun Nov 09 19:33:54 EST 2014 , 4 , 2 , 2 , 130306 : { BUY 2843.78@0.80470892} 130305 : { BUY 2843.78@0.80470892} 130304 : { SELL 22059.81@0.8079342} 130303 : { SELL 22059.81@0.8079342} 
Sun Nov 09 19:36:55 EST 2014 , 4 , 2 , 2 , 130306 : { BUY 2843.78@0.80470892} 130305 : { BUY 2843.78@0.80470892} 130304 : { SELL 22059.81@0.8079342} 130303 : { SELL 22059.81@0.8079342} 
Sun Nov 09 19:39:56 EST 2014 , 4 , 2 , 2 , 130306 : { BUY 2843.78@0.80470892} 130305 : { BUY 2843.78@0.80470892} 130304 : { SELL 22059.81@0.8079342} 130303 : { SELL 22059.81@0.8079342} 
Sun Nov 09 19:42:57 EST 2014 , 4 , 2 , 2 , 130306 : { BUY 2843.78@0.80470892} 130305 : { BUY 2843.78@0.80470892} 130304 : { SELL 22059.81@0.8079342} 130303 : { SELL 22059.81@0.8079342} 
Sun Nov 09 19:45:58 EST 2014 , 4 , 2 , 2 , 130306 : { BUY 2843.78@0.80470892} 130305 : { BUY 2843.78@0.80470892} 130304 : { SELL 22059.81@0.8079342} 130303 : { SELL 22059.81@0.8079342} 
Sun Nov 09 19:48:59 EST 2014 , 4 , 2 , 2 , 130306 : { BUY 2843.78@0.80470892} 130305 : { BUY 2843.78@0.80470892} 130304 : { SELL 22059.81@0.8079342} 130303 : { SELL 22059.81@0.8079342} 
Sun Nov 09 19:52:00 EST 2014 , 4 , 2 , 2 , 130306 : { BUY 2843.78@0.80470892} 130305 : { BUY 2843.78@0.80470892} 130304 : { SELL 22059.81@0.8079342} 130303 : { SELL 22059.81@0.8079342} 
Sun Nov 09 19:55:01 EST 2014 , 4 , 2 , 2 , 130306 : { BUY 2843.78@0.80470892} 130305 : { BUY 2843.78@0.80470892} 130304 : { SELL 22059.81@0.8079342} 130303 : { SELL 22059.81@0.8079342} 
Sun Nov 09 19:58:02 EST 2014 , 4 , 2 , 2 , 130306 : { BUY 2843.78@0.80470892} 130305 : { BUY 2843.78@0.80470892} 130304 : { SELL 22059.81@0.8079342} 130303 : { SELL 22059.81@0.8079342} 
Sun Nov 09 20:01:03 EST 2014 , 4 , 2 , 2 , 130306 : { BUY 2843.78@0.80470892} 130305 : { BUY 2843.78@0.80470892} 130304 : { SELL 22059.81@0.8079342} 130303 : { SELL 22059.81@0.8079342} 
Sun Nov 09 20:04:04 EST 2014 , 4 , 2 , 2 , 130306 : { BUY 2843.78@0.80470892} 130305 : { BUY 2843.78@0.80470892} 130304 : { SELL 22059.81@0.8079342} 130303 : { SELL 22059.81@0.8079342} 
Sun Nov 09 20:07:05 EST 2014 , 4 , 2 , 2 , 130306 : { BUY 2843.78@0.80470892} 130305 : { BUY 2843.78@0.80470892} 130304 : { SELL 22059.81@0.8079342} 130303 : { SELL 22059.81@0.8079342} 
Sun Nov 09 20:10:06 EST 2014 , 4 , 2 , 2 , 130306 : { BUY 2843.78@0.80470892} 130305 : { BUY 2843.78@0.80470892} 130304 : { SELL 22059.81@0.8079342} 130303 : { SELL 22059.81@0.8079342} 
Sun Nov 09 20:13:07 EST 2014 , 4 , 2 , 2 , 130306 : { BUY 2843.78@0.80470892} 130305 : { BUY 2843.78@0.80470892} 130304 : { SELL 22059.81@0.8079342} 130303 : { SELL 22059.81@0.8079342} 
Sun Nov 09 20:16:08 EST 2014 , 4 , 2 , 2 , 130306 : { BUY 2843.78@0.80470892} 130305 : { BUY 2843.78@0.80470892} 130304 : { SELL 22059.81@0.8079342} 130303 : { SELL 22059.81@0.8079342} 
Sun Nov 09 20:19:09 EST 2014 , 4 , 2 , 2 , 130306 : { BUY 2843.78@0.80470892} 130305 : { BUY 2843.78@0.80470892} 130304 : { SELL 22059.81@0.8079342} 130303 : { SELL 22059.81@0.8079342} 
Sun Nov 09 20:22:10 EST 2014 , 4 , 2 , 2 , 130306 : { BUY 2843.78@0.80470892} 130305 : { BUY 2843.78@0.80470892} 130304 : { SELL 22059.81@0.8079342} 130303 : { SELL 22059.81@0.8079342} 
Sun Nov 09 20:25:11 EST 2014 , 4 , 2 , 2 , 130306 : { BUY 2843.78@0.80470892} 130305 : { BUY 2843.78@0.80470892} 130304 : { SELL 22059.81@0.8079342} 130303 : { SELL 22059.81@0.8079342} 
Sun Nov 09 20:28:12 EST 2014 , 4 , 2 , 2 , 130306 : { BUY 2843.78@0.80470892} 130305 : { BUY 2843.78@0.80470892} 130304 : { SELL 22059.81@0.8079342} 130303 : { SELL 22059.81@0.8079342} 
Sun Nov 09 20:31:13 EST 2014 , 4 , 2 , 2 , 130306 : { BUY 2843.78@0.80470892} 130305 : { BUY 2843.78@0.80470892} 130304 : { SELL 22059.81@0.8079342} 130303 : { SELL 22059.81@0.8079342} 
Sun Nov 09 20:34:14 EST 2014 , 4 , 2 , 2 , 130306 : { BUY 2843.78@0.80470892} 130305 : { BUY 2843.78@0.80470892} 130304 : { SELL 22059.81@0.8079342} 130303 : { SELL 22059.81@0.8079342} 
Sun Nov 09 20:37:15 EST 2014 , 4 , 2 , 2 , 130306 : { BUY 2843.78@0.80470892} 130305 : { BUY 2843.78@0.80470892} 130304 : { SELL 22059.81@0.8079342} 130303 : { SELL 22059.81@0.8079342} 
Sun Nov 09 20:40:16 EST 2014 , 4 , 2 , 2 , 130306 : { BUY 2843.78@0.80470892} 130305 : { BUY 2843.78@0.80470892} 130304 : { SELL 22059.81@0.8079342} 130303 : { SELL 22059.81@0.8079342} 
Sun Nov 09 20:43:17 EST 2014 , 4 , 2 , 2 , 130306 : { BUY 2843.78@0.80470892} 130305 : { BUY 2843.78@0.80470892} 130304 : { SELL 22059.81@0.8079342} 130303 : { SELL 22059.81@0.8079342} 
Sun Nov 09 20:46:18 EST 2014 , 4 , 2 , 2 , 130306 : { BUY 2843.78@0.80470892} 130305 : { BUY 2843.78@0.80470892} 130304 : { SELL 22059.81@0.8079342} 130303 : { SELL 22059.81@0.8079342} 
Sun Nov 09 20:49:19 EST 2014 , 4 , 2 , 2 , 130306 : { BUY 2843.78@0.80470892} 130305 : { BUY 2843.78@0.80470892} 130304 : { SELL 22059.81@0.8079342} 130303 : { SELL 22059.81@0.8079342} 
Sun Nov 09 20:52:20 EST 2014 , 4 , 2 , 2 , 130306 : { BUY 2843.78@0.80470892} 130305 : { BUY 2843.78@0.80470892} 130304 : { SELL 22059.81@0.8079342} 130303 : { SELL 22059.81@0.8079342} 
Sun Nov 09 20:55:21 EST 2014 , 4 , 2 , 2 , 130306 : { BUY 2843.78@0.80470892} 130305 : { BUY 2843.78@0.80470892} 130304 : { SELL 22059.81@0.8079342} 130303 : { SELL 22059.81@0.8079342} 
Sun Nov 09 20:58:22 EST 2014 , 4 , 2 , 2 , 130306 : { BUY 2843.78@0.80470892} 130305 : { BUY 2843.78@0.80470892} 130304 : { SELL 22059.81@0.8079342} 130303 : { SELL 22059.81@0.8079342} 
Sun Nov 09 21:01:23 EST 2014 , 4 , 2 , 2 , 130306 : { BUY 2843.78@0.80470892} 130305 : { BUY 2843.78@0.80470892} 130304 : { SELL 22059.81@0.8079342} 130303 : { SELL 22059.81@0.8079342} 
Sun Nov 09 21:04:24 EST 2014 , 4 , 2 , 2 , 130306 : { BUY 2843.78@0.80470892} 130305 : { BUY 2843.78@0.80470892} 130304 : { SELL 22059.81@0.8079342} 130303 : { SELL 22059.81@0.8079342} 
Sun Nov 09 21:07:25 EST 2014 , 4 , 2 , 2 , 130306 : { BUY 2843.78@0.80470892} 130305 : { BUY 2843.78@0.80470892} 130304 : { SELL 22059.81@0.8079342} 130303 : { SELL 22059.81@0.8079342} 
Sun Nov 09 21:10:26 EST 2014 , 4 , 2 , 2 , 130306 : { BUY 2843.78@0.80470892} 130305 : { BUY 2843.78@0.80470892} 130304 : { SELL 22059.81@0.8079342} 130303 : { SELL 22059.81@0.8079342} 
Sun Nov 09 21:13:27 EST 2014 , 4 , 2 , 2 , 130306 : { BUY 2843.78@0.80470892} 130305 : { BUY 2843.78@0.80470892} 130304 : { SELL 22059.81@0.8079342} 130303 : { SELL 22059.81@0.8079342} 
Sun Nov 09 21:16:28 EST 2014 , 4 , 2 , 2 , 130306 : { BUY 2843.78@0.80470892} 130305 : { BUY 2843.78@0.80470892} 130304 : { SELL 22059.81@0.8079342} 130303 : { SELL 22059.81@0.8079342} 
Sun Nov 09 21:19:29 EST 2014 , 4 , 2 , 2 , 130306 : { BUY 2843.78@0.80470892} 130305 : { BUY 2843.78@0.80470892} 130304 : { SELL 22059.81@0.8079342} 130303 : { SELL 22059.81@0.8079342} 
Sun Nov 09 21:22:30 EST 2014 , 4 , 2 , 2 , 130306 : { BUY 2843.78@0.80470892} 130305 : { BUY 2843.78@0.80470892} 130304 : { SELL 22059.81@0.8079342} 130303 : { SELL 22059.81@0.8079342} 
Sun Nov 09 21:25:31 EST 2014 , 4 , 2 , 2 , 130306 : { BUY 2843.78@0.80470892} 130305 : { BUY 2843.78@0.80470892} 130304 : { SELL 22059.81@0.8079342} 130303 : { SELL 22059.81@0.8079342} 
Sun Nov 09 21:28:32 EST 2014 , 4 , 2 , 2 , 130306 : { BUY 2843.78@0.80470892} 130305 : { BUY 2843.78@0.80470892} 130304 : { SELL 22059.81@0.8079342} 130303 : { SELL 22059.81@0.8079342} 
Sun Nov 09 21:31:33 EST 2014 , 4 , 2 , 2 , 130306 : { BUY 2843.78@0.80470892} 130305 : { BUY 2843.78@0.80470892} 130304 : { SELL 22059.81@0.8079342} 130303 : { SELL 22059.81@0.8079342} 
Sun Nov 09 21:34:34 EST 2014 , 4 , 2 , 2 , 130306 : { BUY 2843.78@0.80470892} 130305 : { BUY 2843.78@0.80470892} 130304 : { SELL 22059.81@0.8079342} 130303 : { SELL 22059.81@0.8079342} 
Sun Nov 09 21:37:35 EST 2014 , 4 , 2 , 2 , 130306 : { BUY 2843.78@0.80470892} 130305 : { BUY 2843.78@0.80470892} 130304 : { SELL 22059.81@0.8079342} 130303 : { SELL 22059.81@0.8079342} 
Sun Nov 09 21:40:36 EST 2014 , 4 , 2 , 2 , 130306 : { BUY 2843.78@0.80470892} 130305 : { BUY 2843.78@0.80470892} 130304 : { SELL 22059.81@0.8079342} 130303 : { SELL 22059.81@0.8079342} 
Sun Nov 09 21:43:37 EST 2014 , 4 , 2 , 2 , 130306 : { BUY 2843.78@0.80470892} 130305 : { BUY 2843.78@0.80470892} 130304 : { SELL 22059.81@0.8079342} 130303 : { SELL 22059.81@0.8079342} 
Sun Nov 09 21:46:38 EST 2014 , 4 , 2 , 2 , 130306 : { BUY 2843.78@0.80470892} 130305 : { BUY 2843.78@0.80470892} 130304 : { SELL 22059.81@0.8079342} 130303 : { SELL 22059.81@0.8079342} 
Sun Nov 09 21:49:39 EST 2014 , 4 , 2 , 2 , 130306 : { BUY 2843.78@0.80470892} 130305 : { BUY 2843.78@0.80470892} 130304 : { SELL 22059.81@0.8079342} 130303 : { SELL 22059.81@0.8079342} 
Sun Nov 09 21:52:40 EST 2014 , 4 , 2 , 2 , 130306 : { BUY 2843.78@0.80470892} 130305 : { BUY 2843.78@0.80470892} 130304 : { SELL 22059.81@0.8079342} 130303 : { SELL 22059.81@0.8079342} 
Sun Nov 09 21:55:41 EST 2014 , 4 , 2 , 2 , 130306 : { BUY 2843.78@0.80470892} 130305 : { BUY 2843.78@0.80470892} 130304 : { SELL 22059.81@0.8079342} 130303 : { SELL 22059.81@0.8079342} 
Sun Nov 09 21:58:42 EST 2014 , 4 , 2 , 2 , 130306 : { BUY 2843.78@0.80470892} 130305 : { BUY 2843.78@0.80470892} 130304 : { SELL 22059.81@0.8079342} 130303 : { SELL 22059.81@0.8079342} 
Sun Nov 09 22:01:43 EST 2014 , 4 , 2 , 2 , 130306 : { BUY 2843.78@0.80470892} 130305 : { BUY 2843.78@0.80470892} 130304 : { SELL 22059.81@0.8079342} 130303 : { SELL 22059.81@0.8079342} 
Sun Nov 09 22:04:44 EST 2014 , 4 , 2 , 2 , 130306 : { BUY 2843.78@0.80470892} 130305 : { BUY 2843.78@0.80470892} 130304 : { SELL 22059.81@0.8079342} 130303 : { SELL 22059.81@0.8079342} 
Sun Nov 09 22:07:45 EST 2014 , 4 , 2 , 2 , 130306 : { BUY 2843.78@0.80470892} 130305 : { BUY 2843.78@0.80470892} 130304 : { SELL 22059.81@0.8079342} 130303 : { SELL 22059.81@0.8079342} 
Sun Nov 09 22:10:46 EST 2014 , 4 , 2 , 2 , 130306 : { BUY 2843.78@0.80470892} 130305 : { BUY 2843.78@0.80470892} 130304 : { SELL 22059.81@0.8079342} 130303 : { SELL 22059.81@0.8079342} 
Sun Nov 09 22:13:47 EST 2014 , 4 , 2 , 2 , 130306 : { BUY 2843.78@0.80470892} 130305 : { BUY 2843.78@0.80470892} 130304 : { SELL 22059.81@0.8079342} 130303 : { SELL 22059.81@0.8079342} 
Sun Nov 09 22:16:48 EST 2014 , 4 , 2 , 2 , 130306 : { BUY 2843.78@0.80470892} 130305 : { BUY 2843.78@0.80470892} 130304 : { SELL 22059.81@0.8079342} 130303 : { SELL 22059.81@0.8079342} 
Sun Nov 09 22:19:49 EST 2014 , 4 , 2 , 2 , 130306 : { BUY 2843.78@0.80470892} 130305 : { BUY 2843.78@0.80470892} 130304 : { SELL 22059.81@0.8079342} 130303 : { SELL 22059.81@0.8079342} 
Sun Nov 09 22:22:50 EST 2014 , 4 , 2 , 2 , 130306 : { BUY 2843.78@0.80470892} 130305 : { BUY 2843.78@0.80470892} 130304 : { SELL 22059.81@0.8079342} 130303 : { SELL 22059.81@0.8079342} 
Sun Nov 09 22:25:51 EST 2014 , 4 , 2 , 2 , 130306 : { BUY 2843.78@0.80470892} 130305 : { BUY 2843.78@0.80470892} 130304 : { SELL 22059.81@0.8079342} 130303 : { SELL 22059.81@0.8079342} 
Sun Nov 09 22:28:52 EST 2014 , 4 , 2 , 2 , 130306 : { BUY 2843.78@0.80470892} 130305 : { BUY 2843.78@0.80470892} 130304 : { SELL 22059.81@0.8079342} 130303 : { SELL 22059.81@0.8079342} 
Sun Nov 09 22:31:53 EST 2014 , 4 , 2 , 2 , 130306 : { BUY 2843.78@0.80470892} 130305 : { BUY 2843.78@0.80470892} 130304 : { SELL 22059.81@0.8079342} 130303 : { SELL 22059.81@0.8079342} 
Sun Nov 09 22:34:54 EST 2014 , 4 , 2 , 2 , 130306 : { BUY 2843.78@0.80470892} 130305 : { BUY 2843.78@0.80470892} 130304 : { SELL 22059.81@0.8079342} 130303 : { SELL 22059.81@0.8079342} 
Sun Nov 09 22:37:55 EST 2014 , 4 , 2 , 2 , 130306 : { BUY 2843.78@0.80470892} 130305 : { BUY 2843.78@0.80470892} 130304 : { SELL 22059.81@0.8079342} 130303 : { SELL 22059.81@0.8079342} 
Sun Nov 09 22:40:56 EST 2014 , 4 , 2 , 2 , 130306 : { BUY 2843.78@0.80470892} 130305 : { BUY 2843.78@0.80470892} 130304 : { SELL 22059.81@0.8079342} 130303 : { SELL 22059.81@0.8079342} 
Sun Nov 09 22:43:57 EST 2014 , 4 , 2 , 2 , 130306 : { BUY 2843.78@0.80470892} 130305 : { BUY 2843.78@0.80470892} 130304 : { SELL 22059.81@0.8079342} 130303 : { SELL 22059.81@0.8079342} 
Sun Nov 09 22:46:58 EST 2014 , 4 , 2 , 2 , 130306 : { BUY 2843.78@0.80470892} 130305 : { BUY 2843.78@0.80470892} 130304 : { SELL 22059.81@0.8079342} 130303 : { SELL 22059.81@0.8079342} 
Sun Nov 09 22:50:00 EST 2014 , 4 , 2 , 2 , 130306 : { BUY 2843.78@0.80470892} 130305 : { BUY 2843.78@0.80470892} 130304 : { SELL 22059.81@0.8079342} 130303 : { SELL 22059.81@0.8079342} 
Sun Nov 09 22:53:00 EST 2014 , 4 , 2 , 2 , 130306 : { BUY 2843.78@0.80470892} 130305 : { BUY 2843.78@0.80470892} 130304 : { SELL 22059.81@0.8079342} 130303 : { SELL 22059.81@0.8079342} 
Sun Nov 09 22:56:01 EST 2014 , 4 , 2 , 2 , 130306 : { BUY 2843.78@0.80470892} 130305 : { BUY 2843.78@0.80470892} 130304 : { SELL 22059.81@0.8079342} 130303 : { SELL 22059.81@0.8079342} 
Sun Nov 09 22:59:02 EST 2014 , 4 , 2 , 2 , 130306 : { BUY 2843.78@0.80470892} 130305 : { BUY 2843.78@0.80470892} 130304 : { SELL 22059.81@0.8079342} 130303 : { SELL 22059.81@0.8079342} 
Sun Nov 09 23:02:03 EST 2014 , 4 , 2 , 2 , 130306 : { BUY 2843.78@0.80470892} 130305 : { BUY 2843.78@0.80470892} 130304 : { SELL 22059.81@0.8079342} 130303 : { SELL 22059.81@0.8079342} 
Sun Nov 09 23:05:04 EST 2014 , 4 , 2 , 2 , 130306 : { BUY 2843.78@0.80470892} 130305 : { BUY 2843.78@0.80470892} 130304 : { SELL 22059.81@0.8079342} 130303 : { SELL 22059.81@0.8079342} 
Sun Nov 09 23:08:05 EST 2014 , 4 , 2 , 2 , 130306 : { BUY 2843.78@0.80470892} 130305 : { BUY 2843.78@0.80470892} 130304 : { SELL 22059.81@0.8079342} 130303 : { SELL 22059.81@0.8079342} 
Sun Nov 09 23:11:06 EST 2014 , 4 , 2 , 2 , 130306 : { BUY 2843.78@0.80470892} 130305 : { BUY 2843.78@0.80470892} 130304 : { SELL 22059.81@0.8079342} 130303 : { SELL 22059.81@0.8079342} 
Sun Nov 09 23:14:07 EST 2014 , 4 , 2 , 2 , 130306 : { BUY 2843.78@0.80470892} 130305 : { BUY 2843.78@0.80470892} 130304 : { SELL 22059.81@0.8079342} 130303 : { SELL 22059.81@0.8079342} 
Sun Nov 09 23:17:08 EST 2014 , 4 , 2 , 2 , 130306 : { BUY 2843.78@0.80470892} 130305 : { BUY 2843.78@0.80470892} 130304 : { SELL 22059.81@0.8079342} 130303 : { SELL 22059.81@0.8079342} 
Sun Nov 09 23:20:09 EST 2014 , 4 , 2 , 2 , 130306 : { BUY 2843.78@0.80470892} 130305 : { BUY 2843.78@0.80470892} 130304 : { SELL 22059.81@0.8079342} 130303 : { SELL 22059.81@0.8079342} 
Sun Nov 09 23:23:10 EST 2014 , 4 , 2 , 2 , 130306 : { BUY 2843.78@0.80470892} 130305 : { BUY 2843.78@0.80470892} 130304 : { SELL 22059.81@0.8079342} 130303 : { SELL 22059.81@0.8079342} 
Sun Nov 09 23:26:11 EST 2014 , 4 , 2 , 2 , 130306 : { BUY 2843.78@0.80470892} 130305 : { BUY 2843.78@0.80470892} 130304 : { SELL 22059.81@0.8079342} 130303 : { SELL 22059.81@0.8079342} 
Sun Nov 09 23:29:12 EST 2014 , 4 , 2 , 2 , 130306 : { BUY 2843.78@0.80470892} 130305 : { BUY 2843.78@0.80470892} 130304 : { SELL 22059.81@0.8079342} 130303 : { SELL 22059.81@0.8079342} 
Sun Nov 09 23:32:13 EST 2014 , 4 , 2 , 2 , 130306 : { BUY 2843.78@0.80470892} 130305 : { BUY 2843.78@0.80470892} 130304 : { SELL 22059.81@0.8079342} 130303 : { SELL 22059.81@0.8079342} 
Sun Nov 09 23:35:14 EST 2014 , 4 , 2 , 2 , 130306 : { BUY 2843.78@0.80470892} 130305 : { BUY 2843.78@0.80470892} 130304 : { SELL 22059.81@0.8079342} 130303 : { SELL 22059.81@0.8079342} 
Sun Nov 09 23:38:15 EST 2014 , 4 , 2 , 2 , 130306 : { BUY 2843.78@0.80470892} 130305 : { BUY 2843.78@0.80470892} 130304 : { SELL 22059.81@0.8079342} 130303 : { SELL 22059.81@0.8079342} 
Sun Nov 09 23:41:16 EST 2014 , 4 , 2 , 2 , 130306 : { BUY 2843.78@0.80470892} 130305 : { BUY 2843.78@0.80470892} 130304 : { SELL 22059.81@0.8079342} 130303 : { SELL 22059.81@0.8079342} 
Sun Nov 09 23:44:17 EST 2014 , 4 , 2 , 2 , 130306 : { BUY 2843.78@0.80470892} 130305 : { BUY 2843.78@0.80470892} 130304 : { SELL 22059.81@0.8079342} 130303 : { SELL 22059.81@0.8079342} 
Sun Nov 09 23:47:18 EST 2014 , 4 , 2 , 2 , 130306 : { BUY 2843.78@0.80470892} 130305 : { BUY 2843.78@0.80470892} 130304 : { SELL 22059.81@0.8079342} 130303 : { SELL 22059.81@0.8079342} 
Sun Nov 09 23:50:19 EST 2014 , 4 , 2 , 2 , 130306 : { BUY 2843.78@0.80470892} 130305 : { BUY 2843.78@0.80470892} 130304 : { SELL 22059.81@0.8079342} 130303 : { SELL 22059.81@0.8079342} 
Sun Nov 09 23:53:20 EST 2014 , 4 , 2 , 2 , 130306 : { BUY 2843.78@0.80470892} 130305 : { BUY 2843.78@0.80470892} 130304 : { SELL 22059.81@0.8079342} 130303 : { SELL 22059.81@0.8079342} 
Sun Nov 09 23:56:21 EST 2014 , 4 , 2 , 2 , 130306 : { BUY 2843.78@0.80470892} 130305 : { BUY 2843.78@0.80470892} 130304 : { SELL 22059.81@0.8079342} 130303 : { SELL 22059.81@0.8079342} 
Sun Nov 09 23:59:22 EST 2014 , 4 , 2 , 2 , 130306 : { BUY 2843.78@0.80470892} 130305 : { BUY 2843.78@0.80470892} 130304 : { SELL 22059.81@0.8079342} 130303 : { SELL 22059.81@0.8079342} 
Mon Nov 10 00:02:23 EST 2014 , 4 , 2 , 2 , 130306 : { BUY 2843.78@0.80470892} 130305 : { BUY 2843.78@0.80470892} 130304 : { SELL 22059.81@0.8079342} 130303 : { SELL 22059.81@0.8079342} 
Mon Nov 10 00:05:24 EST 2014 , 4 , 2 , 2 , 130306 : { BUY 2843.78@0.80470892} 130305 : { BUY 2843.78@0.80470892} 130304 : { SELL 22059.81@0.8079342} 130303 : { SELL 22059.81@0.8079342} 
Mon Nov 10 00:08:25 EST 2014 , 4 , 2 , 2 , 130306 : { BUY 2843.78@0.80470892} 130305 : { BUY 2843.78@0.80470892} 130304 : { SELL 22059.81@0.8079342} 130303 : { SELL 22059.81@0.8079342} 
Mon Nov 10 00:11:26 EST 2014 , 4 , 2 , 2 , 130306 : { BUY 2843.78@0.80470892} 130305 : { BUY 2843.78@0.80470892} 130304 : { SELL 22059.81@0.8079342} 130303 : { SELL 22059.81@0.8079342} 
Mon Nov 10 00:14:27 EST 2014 , 4 , 2 , 2 , 130306 : { BUY 2843.78@0.80470892} 130305 : { BUY 2843.78@0.80470892} 130304 : { SELL 22059.81@0.8079342} 130303 : { SELL 22059.81@0.8079342} 
Mon Nov 10 00:17:28 EST 2014 , 4 , 2 , 2 , 130306 : { BUY 2843.78@0.80470892} 130305 : { BUY 2843.78@0.80470892} 130304 : { SELL 22059.81@0.8079342} 130303 : { SELL 22059.81@0.8079342} 
Mon Nov 10 00:20:29 EST 2014 , 4 , 2 , 2 , 130306 : { BUY 2843.78@0.80470892} 130305 : { BUY 2843.78@0.80470892} 130304 : { SELL 22059.81@0.8079342} 130303 : { SELL 22059.81@0.8079342} 
Mon Nov 10 00:23:30 EST 2014 , 4 , 2 , 2 , 130306 : { BUY 2843.78@0.80470892} 130305 : { BUY 2843.78@0.80470892} 130304 : { SELL 22059.81@0.8079342} 130303 : { SELL 22059.81@0.8079342} 
Mon Nov 10 00:26:31 EST 2014 , 4 , 2 , 2 , 130306 : { BUY 2843.78@0.80470892} 130305 : { BUY 2843.78@0.80470892} 130304 : { SELL 22059.81@0.8079342} 130303 : { SELL 22059.81@0.8079342} 
Mon Nov 10 00:29:32 EST 2014 , 4 , 2 , 2 , 130306 : { BUY 2843.78@0.80470892} 130305 : { BUY 2843.78@0.80470892} 130304 : { SELL 22059.81@0.8079342} 130303 : { SELL 22059.81@0.8079342} 
Mon Nov 10 00:32:33 EST 2014 , 4 , 2 , 2 , 130306 : { BUY 2843.78@0.80470892} 130305 : { BUY 2843.78@0.80470892} 130304 : { SELL 22059.81@0.8079342} 130303 : { SELL 22059.81@0.8079342} 
Mon Nov 10 00:35:34 EST 2014 , 4 , 2 , 2 , 130306 : { BUY 2843.78@0.80470892} 130305 : { BUY 2843.78@0.80470892} 130304 : { SELL 22059.81@0.8079342} 130303 : { SELL 22059.81@0.8079342} 
Mon Nov 10 00:38:35 EST 2014 , 4 , 2 , 2 , 130306 : { BUY 2843.78@0.80470892} 130305 : { BUY 2843.78@0.80470892} 130304 : { SELL 22059.81@0.8079342} 130303 : { SELL 22059.81@0.8079342} 
Mon Nov 10 00:41:36 EST 2014 , 4 , 2 , 2 , 130306 : { BUY 2843.78@0.80470892} 130305 : { BUY 2843.78@0.80470892} 130304 : { SELL 22059.81@0.8079342} 130303 : { SELL 22059.81@0.8079342} 
Mon Nov 10 00:44:37 EST 2014 , 4 , 2 , 2 , 130306 : { BUY 2843.78@0.80470892} 130305 : { BUY 2843.78@0.80470892} 130304 : { SELL 22059.81@0.8079342} 130303 : { SELL 22059.81@0.8079342} 
Mon Nov 10 00:47:38 EST 2014 , 4 , 2 , 2 , 130306 : { BUY 2843.78@0.80470892} 130305 : { BUY 2843.78@0.80470892} 130304 : { SELL 22059.81@0.8079342} 130303 : { SELL 22059.81@0.8079342} 
Mon Nov 10 00:50:39 EST 2014 , 4 , 2 , 2 , 130306 : { BUY 2843.78@0.80470892} 130305 : { BUY 2843.78@0.80470892} 130304 : { SELL 22059.81@0.8079342} 130303 : { SELL 22059.81@0.8079342} 
Mon Nov 10 00:53:40 EST 2014 , 4 , 2 , 2 , 130306 : { BUY 2843.78@0.80470892} 130305 : { BUY 2843.78@0.80470892} 130304 : { SELL 22059.81@0.8079342} 130303 : { SELL 22059.81@0.8079342} 
Mon Nov 10 00:56:41 EST 2014 , 4 , 2 , 2 , 130306 : { BUY 2843.78@0.80470892} 130305 : { BUY 2843.78@0.80470892} 130304 : { SELL 22059.81@0.8079342} 130303 : { SELL 22059.81@0.8079342} 
Mon Nov 10 00:59:42 EST 2014 , 4 , 2 , 2 , 130306 : { BUY 2843.78@0.80470892} 130305 : { BUY 2843.78@0.80470892} 130304 : { SELL 22059.81@0.8079342} 130303 : { SELL 22059.81@0.8079342} 
Mon Nov 10 01:02:43 EST 2014 , 4 , 2 , 2 , 130306 : { BUY 2843.78@0.80470892} 130305 : { BUY 2843.78@0.80470892} 130304 : { SELL 22059.81@0.8079342} 130303 : { SELL 22059.81@0.8079342} 
Mon Nov 10 01:05:44 EST 2014 , 4 , 2 , 2 , 130306 : { BUY 2843.78@0.80470892} 130305 : { BUY 2843.78@0.80470892} 130304 : { SELL 22059.81@0.8079342} 130303 : { SELL 22059.81@0.8079342} 
Mon Nov 10 01:08:45 EST 2014 , 4 , 2 , 2 , 130306 : { BUY 2843.78@0.80470892} 130305 : { BUY 2843.78@0.80470892} 130304 : { SELL 22059.81@0.8079342} 130303 : { SELL 22059.81@0.8079342} 
Mon Nov 10 01:11:46 EST 2014 , 4 , 2 , 2 , 130306 : { BUY 2843.78@0.80470892} 130305 : { BUY 2843.78@0.80470892} 130304 : { SELL 22059.81@0.8079342} 130303 : { SELL 22059.81@0.8079342} 
Mon Nov 10 01:14:47 EST 2014 , 4 , 2 , 2 , 130306 : { BUY 2843.78@0.80470892} 130305 : { BUY 2843.78@0.80470892} 130304 : { SELL 22059.81@0.8079342} 130303 : { SELL 22059.81@0.8079342} 
Mon Nov 10 01:17:48 EST 2014 , 4 , 2 , 2 , 130306 : { BUY 2843.78@0.80470892} 130305 : { BUY 2843.78@0.80470892} 130304 : { SELL 22059.81@0.8079342} 130303 : { SELL 22059.81@0.8079342} 
Mon Nov 10 01:20:49 EST 2014 , 4 , 2 , 2 , 130306 : { BUY 2843.78@0.80470892} 130305 : { BUY 2843.78@0.80470892} 130304 : { SELL 22059.81@0.8079342} 130303 : { SELL 22059.81@0.8079342} 
Mon Nov 10 01:23:50 EST 2014 , 4 , 2 , 2 , 130306 : { BUY 2843.78@0.80470892} 130305 : { BUY 2843.78@0.80470892} 130304 : { SELL 22059.81@0.8079342} 130303 : { SELL 22059.81@0.8079342} 
Mon Nov 10 01:26:51 EST 2014 , 4 , 2 , 2 , 130306 : { BUY 2843.78@0.80470892} 130305 : { BUY 2843.78@0.80470892} 130304 : { SELL 22059.81@0.8079342} 130303 : { SELL 22059.81@0.8079342} 
Mon Nov 10 01:29:52 EST 2014 , 4 , 2 , 2 , 130306 : { BUY 2843.78@0.80470892} 130305 : { BUY 2843.78@0.80470892} 130304 : { SELL 22059.81@0.8079342} 130303 : { SELL 22059.81@0.8079342} 
Mon Nov 10 01:32:53 EST 2014 , 4 , 2 , 2 , 130306 : { BUY 2843.78@0.80470892} 130305 : { BUY 2843.78@0.80470892} 130304 : { SELL 22059.81@0.8079342} 130303 : { SELL 22059.81@0.8079342} 
Mon Nov 10 01:35:54 EST 2014 , 4 , 2 , 2 , 130306 : { BUY 2843.78@0.80470892} 130305 : { BUY 2843.78@0.80470892} 130304 : { SELL 22059.81@0.8079342} 130303 : { SELL 22059.81@0.8079342} 
Mon Nov 10 01:38:55 EST 2014 , 4 , 2 , 2 , 130306 : { BUY 2843.78@0.80470892} 130305 : { BUY 2843.78@0.80470892} 130304 : { SELL 22059.81@0.8079342} 130303 : { SELL 22059.81@0.8079342} 
Mon Nov 10 01:41:56 EST 2014 , 4 , 2 , 2 , 130306 : { BUY 2843.78@0.80470892} 130305 : { BUY 2843.78@0.80470892} 130304 : { SELL 22059.81@0.8079342} 130303 : { SELL 22059.81@0.8079342} 
Mon Nov 10 01:44:57 EST 2014 , 4 , 2 , 2 , 130306 : { BUY 2843.78@0.80470892} 130305 : { BUY 2843.78@0.80470892} 130304 : { SELL 22059.81@0.8079342} 130303 : { SELL 22059.81@0.8079342} 
Mon Nov 10 01:47:58 EST 2014 , 4 , 2 , 2 , 130306 : { BUY 2843.78@0.80470892} 130305 : { BUY 2843.78@0.80470892} 130304 : { SELL 22059.81@0.8079342} 130303 : { SELL 22059.81@0.8079342} 
Mon Nov 10 01:50:59 EST 2014 , 4 , 2 , 2 , 130306 : { BUY 2843.78@0.80470892} 130305 : { BUY 2843.78@0.80470892} 130304 : { SELL 22059.81@0.8079342} 130303 : { SELL 22059.81@0.8079342} 
Mon Nov 10 01:54:00 EST 2014 , 4 , 2 , 2 , 130306 : { BUY 2843.78@0.80470892} 130305 : { BUY 2843.78@0.80470892} 130304 : { SELL 22059.81@0.8079342} 130303 : { SELL 22059.81@0.8079342} 
Mon Nov 10 01:57:01 EST 2014 , 4 , 2 , 2 , 130306 : { BUY 2843.78@0.80470892} 130305 : { BUY 2843.78@0.80470892} 130304 : { SELL 22059.81@0.8079342} 130303 : { SELL 22059.81@0.8079342} 
Mon Nov 10 02:00:02 EST 2014 , 4 , 2 , 2 , 130306 : { BUY 2843.78@0.80470892} 130305 : { BUY 2843.78@0.80470892} 130304 : { SELL 22059.81@0.8079342} 130303 : { SELL 22059.81@0.8079342} 
Mon Nov 10 02:03:03 EST 2014 , 4 , 2 , 2 , 130306 : { BUY 2843.78@0.80470892} 130305 : { BUY 2843.78@0.80470892} 130304 : { SELL 22059.81@0.8079342} 130303 : { SELL 22059.81@0.8079342} 
Mon Nov 10 02:06:04 EST 2014 , 4 , 2 , 2 , 130306 : { BUY 2843.78@0.80470892} 130305 : { BUY 2843.78@0.80470892} 130304 : { SELL 22059.81@0.8079342} 130303 : { SELL 22059.81@0.8079342} 
Mon Nov 10 02:09:05 EST 2014 , 4 , 2 , 2 , 130306 : { BUY 2843.78@0.80470892} 130305 : { BUY 2843.78@0.80470892} 130304 : { SELL 22059.81@0.8079342} 130303 : { SELL 22059.81@0.8079342} 
Mon Nov 10 02:12:06 EST 2014 , 4 , 2 , 2 , 130306 : { BUY 2843.78@0.80470892} 130305 : { BUY 2843.78@0.80470892} 130304 : { SELL 22059.81@0.8079342} 130303 : { SELL 22059.81@0.8079342} 
Mon Nov 10 02:15:07 EST 2014 , 4 , 2 , 2 , 130306 : { BUY 2843.78@0.80470892} 130305 : { BUY 2843.78@0.80470892} 130304 : { SELL 22059.81@0.8079342} 130303 : { SELL 22059.81@0.8079342} 
Mon Nov 10 02:18:08 EST 2014 , 4 , 2 , 2 , 130306 : { BUY 2843.78@0.80470892} 130305 : { BUY 2843.78@0.80470892} 130304 : { SELL 22059.81@0.8079342} 130303 : { SELL 22059.81@0.8079342} 
Mon Nov 10 02:21:09 EST 2014 , 4 , 2 , 2 , 130306 : { BUY 2843.78@0.80470892} 130305 : { BUY 2843.78@0.80470892} 130304 : { SELL 22059.81@0.8079342} 130303 : { SELL 22059.81@0.8079342} 
Mon Nov 10 02:24:10 EST 2014 , 4 , 2 , 2 , 130306 : { BUY 2843.78@0.80470892} 130305 : { BUY 2843.78@0.80470892} 130304 : { SELL 22059.81@0.8079342} 130303 : { SELL 22059.81@0.8079342} 
Mon Nov 10 02:27:11 EST 2014 , 4 , 2 , 2 , 130306 : { BUY 2843.78@0.80470892} 130305 : { BUY 2843.78@0.80470892} 130304 : { SELL 22059.81@0.8079342} 130303 : { SELL 22059.81@0.8079342} 
Mon Nov 10 02:30:12 EST 2014 , 4 , 2 , 2 , 130306 : { BUY 2843.78@0.80470892} 130305 : { BUY 2843.78@0.80470892} 130304 : { SELL 22059.81@0.8079342} 130303 : { SELL 22059.81@0.8079342} 
Mon Nov 10 02:33:13 EST 2014 , 4 , 2 , 2 , 130306 : { BUY 2843.78@0.80470892} 130305 : { BUY 2843.78@0.80470892} 130304 : { SELL 22059.81@0.8079342} 130303 : { SELL 22059.81@0.8079342} 
Mon Nov 10 02:36:14 EST 2014 , 4 , 2 , 2 , 130306 : { BUY 2843.78@0.80470892} 130305 : { BUY 2843.78@0.80470892} 130304 : { SELL 22059.81@0.8079342} 130303 : { SELL 22059.81@0.8079342} 
Mon Nov 10 02:39:15 EST 2014 , 4 , 2 , 2 , 130306 : { BUY 2843.78@0.80470892} 130305 : { BUY 2843.78@0.80470892} 130304 : { SELL 22059.81@0.8079342} 130303 : { SELL 22059.81@0.8079342} 
Mon Nov 10 02:42:16 EST 2014 , 4 , 2 , 2 , 130306 : { BUY 2843.78@0.80470892} 130305 : { BUY 2843.78@0.80470892} 130304 : { SELL 22059.81@0.8079342} 130303 : { SELL 22059.81@0.8079342} 
Mon Nov 10 02:45:17 EST 2014 , 4 , 2 , 2 , 130306 : { BUY 2843.78@0.80470892} 130305 : { BUY 2843.78@0.80470892} 130304 : { SELL 22059.81@0.8079342} 130303 : { SELL 22059.81@0.8079342} 
Mon Nov 10 02:48:18 EST 2014 , 4 , 2 , 2 , 130306 : { BUY 2843.78@0.80470892} 130305 : { BUY 2843.78@0.80470892} 130304 : { SELL 22059.81@0.8079342} 130303 : { SELL 22059.81@0.8079342} 
Mon Nov 10 02:51:19 EST 2014 , 4 , 2 , 2 , 130306 : { BUY 2843.78@0.80470892} 130305 : { BUY 2843.78@0.80470892} 130304 : { SELL 22059.81@0.8079342} 130303 : { SELL 22059.81@0.8079342} 
Mon Nov 10 02:54:20 EST 2014 , 4 , 2 , 2 , 130306 : { BUY 2843.78@0.80470892} 130305 : { BUY 2843.78@0.80470892} 130304 : { SELL 22059.81@0.8079342} 130303 : { SELL 22059.81@0.8079342} 
Mon Nov 10 02:57:21 EST 2014 , 4 , 2 , 2 , 130306 : { BUY 2843.78@0.80470892} 130305 : { BUY 2843.78@0.80470892} 130304 : { SELL 22059.81@0.8079342} 130303 : { SELL 22059.81@0.8079342} 
Mon Nov 10 03:00:22 EST 2014 , 4 , 2 , 2 , 130306 : { BUY 2843.78@0.80470892} 130305 : { BUY 2843.78@0.80470892} 130304 : { SELL 22059.81@0.8079342} 130303 : { SELL 22059.81@0.8079342} 
Mon Nov 10 03:03:23 EST 2014 , 4 , 2 , 2 , 130306 : { BUY 2843.78@0.80470892} 130305 : { BUY 2843.78@0.80470892} 130304 : { SELL 22059.81@0.8079342} 130303 : { SELL 22059.81@0.8079342} 
Mon Nov 10 03:06:24 EST 2014 , 4 , 2 , 2 , 130306 : { BUY 2843.78@0.80470892} 130305 : { BUY 2843.78@0.80470892} 130304 : { SELL 22059.81@0.8079342} 130303 : { SELL 22059.81@0.8079342} 
Mon Nov 10 03:09:25 EST 2014 , 4 , 2 , 2 , 130306 : { BUY 2843.78@0.80470892} 130305 : { BUY 2843.78@0.80470892} 130304 : { SELL 22059.81@0.8079342} 130303 : { SELL 22059.81@0.8079342} 
Mon Nov 10 03:12:26 EST 2014 , 4 , 2 , 2 , 130306 : { BUY 2843.78@0.80470892} 130305 : { BUY 2843.78@0.80470892} 130304 : { SELL 22059.81@0.8079342} 130303 : { SELL 22059.81@0.8079342} 
Mon Nov 10 03:15:27 EST 2014 , 4 , 2 , 2 , 130306 : { BUY 2843.78@0.80470892} 130305 : { BUY 2843.78@0.80470892} 130304 : { SELL 22059.81@0.8079342} 130303 : { SELL 22059.81@0.8079342} 
Mon Nov 10 03:18:28 EST 2014 , 4 , 2 , 2 , 130306 : { BUY 2843.78@0.80470892} 130305 : { BUY 2843.78@0.80470892} 130304 : { SELL 22059.81@0.8079342} 130303 : { SELL 22059.81@0.8079342} 
Mon Nov 10 03:21:29 EST 2014 , 4 , 2 , 2 , 130306 : { BUY 2843.78@0.80470892} 130305 : { BUY 2843.78@0.80470892} 130304 : { SELL 22059.81@0.8079342} 130303 : { SELL 22059.81@0.8079342} 
Mon Nov 10 03:24:30 EST 2014 , 4 , 2 , 2 , 130306 : { BUY 2843.78@0.80470892} 130305 : { BUY 2843.78@0.80470892} 130304 : { SELL 22059.81@0.8079342} 130303 : { SELL 22059.81@0.8079342} 
Mon Nov 10 03:27:31 EST 2014 , 4 , 2 , 2 , 130306 : { BUY 2843.78@0.80470892} 130305 : { BUY 2843.78@0.80470892} 130304 : { SELL 22059.81@0.8079342} 130303 : { SELL 22059.81@0.8079342} 
Mon Nov 10 03:30:32 EST 2014 , 4 , 2 , 2 , 130306 : { BUY 2843.78@0.80470892} 130305 : { BUY 2843.78@0.80470892} 130304 : { SELL 22059.81@0.8079342} 130303 : { SELL 22059.81@0.8079342} 
Mon Nov 10 03:33:33 EST 2014 , 4 , 2 , 2 , 130306 : { BUY 2843.78@0.80470892} 130305 : { BUY 2843.78@0.80470892} 130304 : { SELL 22059.81@0.8079342} 130303 : { SELL 22059.81@0.8079342} 
Mon Nov 10 03:36:34 EST 2014 , 4 , 2 , 2 , 130306 : { BUY 2843.78@0.80470892} 130305 : { BUY 2843.78@0.80470892} 130304 : { SELL 22059.81@0.8079342} 130303 : { SELL 22059.81@0.8079342} 
Mon Nov 10 03:39:35 EST 2014 , 4 , 2 , 2 , 130306 : { BUY 2843.78@0.80470892} 130305 : { BUY 2843.78@0.80470892} 130304 : { SELL 22059.81@0.8079342} 130303 : { SELL 22059.81@0.8079342} 
Mon Nov 10 03:42:36 EST 2014 , 4 , 2 , 2 , 130306 : { BUY 2843.78@0.80470892} 130305 : { BUY 2843.78@0.80470892} 130304 : { SELL 22059.81@0.8079342} 130303 : { SELL 22059.81@0.8079342} 
Mon Nov 10 03:45:37 EST 2014 , 4 , 2 , 2 , 130306 : { BUY 2843.78@0.80470892} 130305 : { BUY 2843.78@0.80470892} 130304 : { SELL 22059.81@0.8079342} 130303 : { SELL 22059.81@0.8079342} 
Mon Nov 10 03:48:38 EST 2014 , 4 , 2 , 2 , 130306 : { BUY 2843.78@0.80470892} 130305 : { BUY 2843.78@0.80470892} 130304 : { SELL 22059.81@0.8079342} 130303 : { SELL 22059.81@0.8079342} 
Mon Nov 10 03:51:40 EST 2014 , 4 , 2 , 2 , 130306 : { BUY 2843.78@0.80470892} 130305 : { BUY 2843.78@0.80470892} 130304 : { SELL 22059.81@0.8079342} 130303 : { SELL 22059.81@0.8079342} 
Mon Nov 10 03:54:40 EST 2014 , 4 , 2 , 2 , 130306 : { BUY 2843.78@0.80470892} 130305 : { BUY 2843.78@0.80470892} 130304 : { SELL 22059.81@0.8079342} 130303 : { SELL 22059.81@0.8079342} 
Mon Nov 10 03:57:41 EST 2014 , 4 , 2 , 2 , 130306 : { BUY 2843.78@0.80470892} 130305 : { BUY 2843.78@0.80470892} 130304 : { SELL 22059.81@0.8079342} 130303 : { SELL 22059.81@0.8079342} 
Mon Nov 10 04:00:42 EST 2014 , 4 , 2 , 2 , 130306 : { BUY 2843.78@0.80470892} 130305 : { BUY 2843.78@0.80470892} 130304 : { SELL 22059.81@0.8079342} 130303 : { SELL 22059.81@0.8079342} 
Mon Nov 10 04:03:43 EST 2014 , 4 , 2 , 2 , 130306 : { BUY 2843.78@0.80470892} 130305 : { BUY 2843.78@0.80470892} 130304 : { SELL 22059.81@0.8079342} 130303 : { SELL 22059.81@0.8079342} 
Mon Nov 10 04:06:44 EST 2014 , 4 , 2 , 2 , 130306 : { BUY 2843.78@0.80470892} 130305 : { BUY 2843.78@0.80470892} 130304 : { SELL 22059.81@0.8079342} 130303 : { SELL 22059.81@0.8079342} 
Mon Nov 10 04:09:45 EST 2014 , 4 , 2 , 2 , 130306 : { BUY 2843.78@0.80470892} 130305 : { BUY 2843.78@0.80470892} 130304 : { SELL 22059.81@0.8079342} 130303 : { SELL 22059.81@0.8079342} 
Mon Nov 10 04:12:46 EST 2014 , 4 , 2 , 2 , 130306 : { BUY 2843.78@0.80470892} 130305 : { BUY 2843.78@0.80470892} 130304 : { SELL 22059.81@0.8079342} 130303 : { SELL 22059.81@0.8079342} 
Mon Nov 10 04:15:47 EST 2014 , 4 , 2 , 2 , 130306 : { BUY 2843.78@0.80470892} 130305 : { BUY 2843.78@0.80470892} 130304 : { SELL 22059.81@0.8079342} 130303 : { SELL 22059.81@0.8079342} 
Mon Nov 10 04:18:48 EST 2014 , 4 , 2 , 2 , 130306 : { BUY 2843.78@0.80470892} 130305 : { BUY 2843.78@0.80470892} 130304 : { SELL 22059.81@0.8079342} 130303 : { SELL 22059.81@0.8079342} 
Mon Nov 10 04:21:49 EST 2014 , 4 , 2 , 2 , 130306 : { BUY 2843.78@0.80470892} 130305 : { BUY 2843.78@0.80470892} 130304 : { SELL 22059.81@0.8079342} 130303 : { SELL 22059.81@0.8079342} 
Mon Nov 10 04:24:50 EST 2014 , 4 , 2 , 2 , 130306 : { BUY 2843.78@0.80470892} 130305 : { BUY 2843.78@0.80470892} 130304 : { SELL 22059.81@0.8079342} 130303 : { SELL 22059.81@0.8079342} 
Mon Nov 10 04:27:51 EST 2014 , 4 , 2 , 2 , 130306 : { BUY 2843.78@0.80470892} 130305 : { BUY 2843.78@0.80470892} 130304 : { SELL 22059.81@0.8079342} 130303 : { SELL 22059.81@0.8079342} 
Mon Nov 10 04:30:52 EST 2014 , 4 , 2 , 2 , 130306 : { BUY 2843.78@0.80470892} 130305 : { BUY 2843.78@0.80470892} 130304 : { SELL 22059.81@0.8079342} 130303 : { SELL 22059.81@0.8079342} 
Mon Nov 10 04:33:53 EST 2014 , 4 , 2 , 2 , 130306 : { BUY 2843.78@0.80470892} 130305 : { BUY 2843.78@0.80470892} 130304 : { SELL 22059.81@0.8079342} 130303 : { SELL 22059.81@0.8079342} 
Mon Nov 10 04:36:54 EST 2014 , 4 , 2 , 2 , 130306 : { BUY 2843.78@0.80470892} 130305 : { BUY 2843.78@0.80470892} 130304 : { SELL 22059.81@0.8079342} 130303 : { SELL 22059.81@0.8079342} 
Mon Nov 10 04:39:55 EST 2014 , 4 , 2 , 2 , 130306 : { BUY 2843.78@0.80470892} 130305 : { BUY 2843.78@0.80470892} 130304 : { SELL 22059.81@0.8079342} 130303 : { SELL 22059.81@0.8079342} 
Mon Nov 10 04:42:56 EST 2014 , 4 , 2 , 2 , 130306 : { BUY 2843.78@0.80470892} 130305 : { BUY 2843.78@0.80470892} 130304 : { SELL 22059.81@0.8079342} 130303 : { SELL 22059.81@0.8079342} 
Mon Nov 10 04:45:57 EST 2014 , 4 , 2 , 2 , 130306 : { BUY 2843.78@0.80470892} 130305 : { BUY 2843.78@0.80470892} 130304 : { SELL 22059.81@0.8079342} 130303 : { SELL 22059.81@0.8079342} 
Mon Nov 10 04:48:58 EST 2014 , 4 , 2 , 2 , 130306 : { BUY 2843.78@0.80470892} 130305 : { BUY 2843.78@0.80470892} 130304 : { SELL 22059.81@0.8079342} 130303 : { SELL 22059.81@0.8079342} 
Mon Nov 10 04:51:59 EST 2014 , 4 , 2 , 2 , 130306 : { BUY 2843.78@0.80470892} 130305 : { BUY 2843.78@0.80470892} 130304 : { SELL 22059.81@0.8079342} 130303 : { SELL 22059.81@0.8079342} 
Mon Nov 10 04:55:00 EST 2014 , 4 , 2 , 2 , 130306 : { BUY 2843.78@0.80470892} 130305 : { BUY 2843.78@0.80470892} 130304 : { SELL 22059.81@0.8079342} 130303 : { SELL 22059.81@0.8079342} 
Mon Nov 10 04:58:01 EST 2014 , 4 , 2 , 2 , 130306 : { BUY 2843.78@0.80470892} 130305 : { BUY 2843.78@0.80470892} 130304 : { SELL 22059.81@0.8079342} 130303 : { SELL 22059.81@0.8079342} 
Mon Nov 10 05:01:02 EST 2014 , 4 , 2 , 2 , 130306 : { BUY 2843.78@0.80470892} 130305 : { BUY 2843.78@0.80470892} 130304 : { SELL 22059.81@0.8079342} 130303 : { SELL 22059.81@0.8079342} 
Mon Nov 10 05:04:03 EST 2014 , 4 , 2 , 2 , 130306 : { BUY 2843.78@0.80470892} 130305 : { BUY 2843.78@0.80470892} 130304 : { SELL 22059.81@0.8079342} 130303 : { SELL 22059.81@0.8079342} 
Mon Nov 10 05:07:04 EST 2014 , 4 , 2 , 2 , 130306 : { BUY 2843.78@0.80470892} 130305 : { BUY 2843.78@0.80470892} 130304 : { SELL 22059.81@0.8079342} 130303 : { SELL 22059.81@0.8079342} 
Mon Nov 10 05:10:05 EST 2014 , 4 , 2 , 2 , 130306 : { BUY 2843.78@0.80470892} 130305 : { BUY 2843.78@0.80470892} 130304 : { SELL 22059.81@0.8079342} 130303 : { SELL 22059.81@0.8079342} 
Mon Nov 10 05:13:06 EST 2014 , 4 , 2 , 2 , 130306 : { BUY 2843.78@0.80470892} 130305 : { BUY 2843.78@0.80470892} 130304 : { SELL 22059.81@0.8079342} 130303 : { SELL 22059.81@0.8079342} 
Mon Nov 10 05:16:07 EST 2014 , 4 , 2 , 2 , 130306 : { BUY 2843.78@0.80470892} 130305 : { BUY 2843.78@0.80470892} 130304 : { SELL 22059.81@0.8079342} 130303 : { SELL 22059.81@0.8079342} 
Mon Nov 10 05:19:08 EST 2014 , 4 , 2 , 2 , 130306 : { BUY 2843.78@0.80470892} 130305 : { BUY 2843.78@0.80470892} 130304 : { SELL 22059.81@0.8079342} 130303 : { SELL 22059.81@0.8079342} 
Mon Nov 10 05:22:09 EST 2014 , 4 , 2 , 2 , 130306 : { BUY 2843.78@0.80470892} 130305 : { BUY 2843.78@0.80470892} 130304 : { SELL 22059.81@0.8079342} 130303 : { SELL 22059.81@0.8079342} 
Mon Nov 10 05:25:10 EST 2014 , 4 , 2 , 2 , 130306 : { BUY 2843.78@0.80470892} 130305 : { BUY 2843.78@0.80470892} 130304 : { SELL 22059.81@0.8079342} 130303 : { SELL 22059.81@0.8079342} 
Mon Nov 10 05:28:11 EST 2014 , 4 , 2 , 2 , 130306 : { BUY 2843.78@0.80470892} 130305 : { BUY 2843.78@0.80470892} 130304 : { SELL 22059.81@0.8079342} 130303 : { SELL 22059.81@0.8079342} 
Mon Nov 10 05:31:12 EST 2014 , 4 , 2 , 2 , 130306 : { BUY 2843.78@0.80470892} 130305 : { BUY 2843.78@0.80470892} 130304 : { SELL 22059.81@0.8079342} 130303 : { SELL 22059.81@0.8079342} 
Mon Nov 10 05:34:13 EST 2014 , 4 , 2 , 2 , 130306 : { BUY 2843.78@0.80470892} 130305 : { BUY 2843.78@0.80470892} 130304 : { SELL 22059.81@0.8079342} 130303 : { SELL 22059.81@0.8079342} 
Mon Nov 10 05:37:14 EST 2014 , 4 , 2 , 2 , 130306 : { BUY 2843.78@0.80470892} 130305 : { BUY 2843.78@0.80470892} 130304 : { SELL 22059.81@0.8079342} 130303 : { SELL 22059.81@0.8079342} 
Mon Nov 10 05:40:15 EST 2014 , 4 , 2 , 2 , 130306 : { BUY 2843.78@0.80470892} 130305 : { BUY 2843.78@0.80470892} 130304 : { SELL 22059.81@0.8079342} 130303 : { SELL 22059.81@0.8079342} 
Mon Nov 10 05:43:16 EST 2014 , 4 , 2 , 2 , 130306 : { BUY 2843.78@0.80470892} 130305 : { BUY 2843.78@0.80470892} 130304 : { SELL 22059.81@0.8079342} 130303 : { SELL 22059.81@0.8079342} 
Mon Nov 10 05:46:17 EST 2014 , 4 , 2 , 2 , 130306 : { BUY 2843.78@0.80470892} 130305 : { BUY 2843.78@0.80470892} 130304 : { SELL 22059.81@0.8079342} 130303 : { SELL 22059.81@0.8079342} 
Mon Nov 10 05:49:18 EST 2014 , 4 , 2 , 2 , 130306 : { BUY 2843.78@0.80470892} 130305 : { BUY 2843.78@0.80470892} 130304 : { SELL 22059.81@0.8079342} 130303 : { SELL 22059.81@0.8079342} 
Mon Nov 10 05:52:19 EST 2014 , 4 , 2 , 2 , 130306 : { BUY 2843.78@0.80470892} 130305 : { BUY 2843.78@0.80470892} 130304 : { SELL 22059.81@0.8079342} 130303 : { SELL 22059.81@0.8079342} 
Mon Nov 10 05:55:20 EST 2014 , 4 , 2 , 2 , 130306 : { BUY 2843.78@0.80470892} 130305 : { BUY 2843.78@0.80470892} 130304 : { SELL 22059.81@0.8079342} 130303 : { SELL 22059.81@0.8079342} 
Mon Nov 10 05:58:21 EST 2014 , 4 , 2 , 2 , 130306 : { BUY 2843.78@0.80470892} 130305 : { BUY 2843.78@0.80470892} 130304 : { SELL 22059.81@0.8079342} 130303 : { SELL 22059.81@0.8079342} 
Mon Nov 10 06:01:22 EST 2014 , 4 , 2 , 2 , 130306 : { BUY 2843.78@0.80470892} 130305 : { BUY 2843.78@0.80470892} 130304 : { SELL 22059.81@0.8079342} 130303 : { SELL 22059.81@0.8079342} 
Mon Nov 10 06:04:23 EST 2014 , 4 , 2 , 2 , 130306 : { BUY 2843.78@0.80470892} 130305 : { BUY 2843.78@0.80470892} 130304 : { SELL 22059.81@0.8079342} 130303 : { SELL 22059.81@0.8079342} 
Mon Nov 10 06:07:24 EST 2014 , 4 , 2 , 2 , 130306 : { BUY 2843.78@0.80470892} 130305 : { BUY 2843.78@0.80470892} 130304 : { SELL 22059.81@0.8079342} 130303 : { SELL 22059.81@0.8079342} 
Mon Nov 10 06:10:25 EST 2014 , 4 , 2 , 2 , 130306 : { BUY 2843.78@0.80470892} 130305 : { BUY 2843.78@0.80470892} 130304 : { SELL 22059.81@0.8079342} 130303 : { SELL 22059.81@0.8079342} 
Mon Nov 10 06:13:26 EST 2014 , 4 , 2 , 2 , 130306 : { BUY 2843.78@0.80470892} 130305 : { BUY 2843.78@0.80470892} 130304 : { SELL 22059.81@0.8079342} 130303 : { SELL 22059.81@0.8079342} 
Mon Nov 10 06:16:27 EST 2014 , 4 , 2 , 2 , 130306 : { BUY 2843.78@0.80470892} 130305 : { BUY 2843.78@0.80470892} 130304 : { SELL 22059.81@0.8079342} 130303 : { SELL 22059.81@0.8079342} 
Mon Nov 10 06:19:28 EST 2014 , 4 , 2 , 2 , 130306 : { BUY 2843.78@0.80470892} 130305 : { BUY 2843.78@0.80470892} 130304 : { SELL 22059.81@0.8079342} 130303 : { SELL 22059.81@0.8079342} 
Mon Nov 10 06:22:29 EST 2014 , 4 , 2 , 2 , 130306 : { BUY 2843.78@0.80470892} 130305 : { BUY 2843.78@0.80470892} 130304 : { SELL 22059.81@0.8079342} 130303 : { SELL 22059.81@0.8079342} 
Mon Nov 10 06:25:30 EST 2014 , 4 , 2 , 2 , 130306 : { BUY 2843.78@0.80470892} 130305 : { BUY 2843.78@0.80470892} 130304 : { SELL 22059.81@0.8079342} 130303 : { SELL 22059.81@0.8079342} 
Mon Nov 10 06:28:31 EST 2014 , 4 , 2 , 2 , 130306 : { BUY 2843.78@0.80470892} 130305 : { BUY 2843.78@0.80470892} 130304 : { SELL 22059.81@0.8079342} 130303 : { SELL 22059.81@0.8079342} 
Mon Nov 10 06:31:32 EST 2014 , 4 , 2 , 2 , 130306 : { BUY 2843.78@0.80470892} 130305 : { BUY 2843.78@0.80470892} 130304 : { SELL 22059.81@0.8079342} 130303 : { SELL 22059.81@0.8079342} 
Mon Nov 10 06:34:33 EST 2014 , 4 , 2 , 2 , 130306 : { BUY 2843.78@0.80470892} 130305 : { BUY 2843.78@0.80470892} 130304 : { SELL 22059.81@0.8079342} 130303 : { SELL 22059.81@0.8079342} 
Mon Nov 10 06:37:34 EST 2014 , 4 , 2 , 2 , 130306 : { BUY 2843.78@0.80470892} 130305 : { BUY 2843.78@0.80470892} 130304 : { SELL 22059.81@0.8079342} 130303 : { SELL 22059.81@0.8079342} 
Mon Nov 10 06:40:35 EST 2014 , 4 , 2 , 2 , 130306 : { BUY 2843.78@0.80470892} 130305 : { BUY 2843.78@0.80470892} 130304 : { SELL 22059.81@0.8079342} 130303 : { SELL 22059.81@0.8079342} 
Mon Nov 10 06:43:36 EST 2014 , 4 , 2 , 2 , 130306 : { BUY 2843.78@0.80470892} 130305 : { BUY 2843.78@0.80470892} 130304 : { SELL 22059.81@0.8079342} 130303 : { SELL 22059.81@0.8079342} 
Mon Nov 10 06:46:37 EST 2014 , 4 , 2 , 2 , 130306 : { BUY 2843.78@0.80470892} 130305 : { BUY 2346.7@0.80470892} 130304 : { SELL 22059.81@0.8079342} 130303 : { SELL 22059.81@0.8079342} 
Mon Nov 10 06:49:38 EST 2014 , 4 , 2 , 2 , 140021 : { BUY 2595.24@0.80470892} 140020 : { BUY 2595.24@0.80470892} 140019 : { SELL 22307.85@0.8079342} 140018 : { SELL 22307.85@0.8079342} 
Mon Nov 10 06:52:39 EST 2014 , 4 , 2 , 2 , 140021 : { BUY 2595.24@0.80470892} 140020 : { BUY 2595.24@0.80470892} 140019 : { SELL 22307.85@0.8079342} 140018 : { SELL 22307.85@0.8079342} 
Mon Nov 10 06:55:40 EST 2014 , 4 , 2 , 2 , 140021 : { BUY 2595.24@0.80470892} 140020 : { BUY 2595.24@0.80470892} 140019 : { SELL 22307.85@0.8079342} 140018 : { SELL 22307.85@0.8079342} 
Mon Nov 10 06:58:41 EST 2014 , 4 , 2 , 2 , 140021 : { BUY 2595.24@0.80470892} 140020 : { BUY 2595.24@0.80470892} 140019 : { SELL 22307.85@0.8079342} 140018 : { SELL 22307.85@0.8079342} 
Mon Nov 10 07:01:42 EST 2014 , 4 , 2 , 2 , 140021 : { BUY 2595.24@0.80470892} 140020 : { BUY 2595.24@0.80470892} 140019 : { SELL 22307.85@0.8079342} 140018 : { SELL 22307.85@0.8079342} 
Mon Nov 10 07:04:43 EST 2014 , 4 , 2 , 2 , 140021 : { BUY 2595.24@0.80470892} 140020 : { BUY 2595.24@0.80470892} 140019 : { SELL 22307.85@0.8079342} 140018 : { SELL 22307.85@0.8079342} 
Mon Nov 10 07:07:44 EST 2014 , 4 , 2 , 2 , 140021 : { BUY 2595.24@0.80470892} 140020 : { BUY 2595.24@0.80470892} 140019 : { SELL 22307.85@0.8079342} 140018 : { SELL 22307.85@0.8079342} 
Mon Nov 10 07:10:45 EST 2014 , 4 , 2 , 2 , 140021 : { BUY 2595.24@0.80470892} 140020 : { BUY 2595.24@0.80470892} 140019 : { SELL 22307.85@0.8079342} 140018 : { SELL 22307.85@0.8079342} 
Mon Nov 10 07:13:46 EST 2014 , 4 , 2 , 2 , 140021 : { BUY 2595.24@0.80470892} 140020 : { BUY 2595.24@0.80470892} 140019 : { SELL 22307.85@0.8079342} 140018 : { SELL 22307.85@0.8079342} 
Mon Nov 10 07:16:47 EST 2014 , 4 , 2 , 2 , 140021 : { BUY 2595.24@0.80470892} 140020 : { BUY 2595.24@0.80470892} 140019 : { SELL 22307.85@0.8079342} 140018 : { SELL 22307.85@0.8079342} 
Mon Nov 10 07:19:48 EST 2014 , 4 , 2 , 2 , 140021 : { BUY 2595.24@0.80470892} 140020 : { BUY 2595.24@0.80470892} 140019 : { SELL 22307.85@0.8079342} 140018 : { SELL 22307.85@0.8079342} 
Mon Nov 10 07:22:49 EST 2014 , 4 , 2 , 2 , 140021 : { BUY 2595.24@0.80470892} 140020 : { BUY 2595.24@0.80470892} 140019 : { SELL 22307.85@0.8079342} 140018 : { SELL 22307.85@0.8079342} 
Mon Nov 10 07:25:50 EST 2014 , 4 , 2 , 2 , 140021 : { BUY 2595.24@0.80470892} 140020 : { BUY 2595.24@0.80470892} 140019 : { SELL 22307.85@0.8079342} 140018 : { SELL 22307.85@0.8079342} 
Mon Nov 10 07:28:51 EST 2014 , 4 , 2 , 2 , 140021 : { BUY 2595.24@0.80470892} 140020 : { BUY 2595.24@0.80470892} 140019 : { SELL 22307.85@0.8079342} 140018 : { SELL 22307.85@0.8079342} 
Mon Nov 10 07:31:52 EST 2014 , 4 , 2 , 2 , 140021 : { BUY 2595.24@0.80470892} 140020 : { BUY 2595.24@0.80470892} 140019 : { SELL 22307.85@0.8079342} 140018 : { SELL 22307.85@0.8079342} 
Mon Nov 10 07:34:53 EST 2014 , 4 , 2 , 2 , 140021 : { BUY 2595.24@0.80470892} 140020 : { BUY 2595.24@0.80470892} 140019 : { SELL 22307.85@0.8079342} 140018 : { SELL 22307.85@0.8079342} 
Mon Nov 10 07:37:54 EST 2014 , 4 , 2 , 2 , 140021 : { BUY 2595.24@0.80470892} 140020 : { BUY 2595.24@0.80470892} 140019 : { SELL 22307.85@0.8079342} 140018 : { SELL 22307.85@0.8079342} 
Mon Nov 10 07:40:55 EST 2014 , 4 , 2 , 2 , 140021 : { BUY 2595.24@0.80470892} 140020 : { BUY 2595.24@0.80470892} 140019 : { SELL 22307.85@0.8079342} 140018 : { SELL 22307.85@0.8079342} 
Mon Nov 10 07:43:56 EST 2014 , 4 , 2 , 2 , 140021 : { BUY 2595.24@0.80470892} 140020 : { BUY 2595.24@0.80470892} 140019 : { SELL 22307.85@0.8079342} 140018 : { SELL 22307.85@0.8079342} 
Mon Nov 10 07:46:57 EST 2014 , 4 , 2 , 2 , 140021 : { BUY 2595.24@0.80470892} 140020 : { BUY 2595.24@0.80470892} 140019 : { SELL 22307.85@0.8079342} 140018 : { SELL 22307.85@0.8079342} 
Mon Nov 10 07:49:58 EST 2014 , 4 , 2 , 2 , 140021 : { BUY 2595.24@0.80470892} 140020 : { BUY 2595.24@0.80470892} 140019 : { SELL 22307.85@0.8079342} 140018 : { SELL 22307.85@0.8079342} 
Mon Nov 10 07:52:59 EST 2014 , 4 , 2 , 2 , 140021 : { BUY 2595.24@0.80470892} 140020 : { BUY 2595.24@0.80470892} 140019 : { SELL 22307.85@0.8079342} 140018 : { SELL 22307.85@0.8079342} 
Mon Nov 10 07:56:00 EST 2014 , 4 , 2 , 2 , 140021 : { BUY 2595.24@0.80470892} 140020 : { BUY 2595.24@0.80470892} 140019 : { SELL 22307.85@0.8079342} 140018 : { SELL 22307.85@0.8079342} 
Mon Nov 10 07:59:01 EST 2014 , 4 , 2 , 2 , 140021 : { BUY 2595.24@0.80470892} 140020 : { BUY 2595.24@0.80470892} 140019 : { SELL 22307.85@0.8079342} 140018 : { SELL 22307.85@0.8079342} 
Mon Nov 10 08:02:02 EST 2014 , 4 , 2 , 2 , 140021 : { BUY 2595.24@0.80470892} 140020 : { BUY 2595.24@0.80470892} 140019 : { SELL 22307.85@0.8079342} 140018 : { SELL 22307.85@0.8079342} 
Mon Nov 10 08:05:03 EST 2014 , 4 , 2 , 2 , 140021 : { BUY 2595.24@0.80470892} 140020 : { BUY 2595.24@0.80470892} 140019 : { SELL 22307.85@0.8079342} 140018 : { SELL 22307.85@0.8079342} 
Mon Nov 10 08:08:04 EST 2014 , 4 , 2 , 2 , 140021 : { BUY 2595.24@0.80470892} 140020 : { BUY 2595.24@0.80470892} 140019 : { SELL 22307.85@0.8079342} 140018 : { SELL 22307.85@0.8079342} 
Mon Nov 10 08:11:05 EST 2014 , 4 , 2 , 2 , 140021 : { BUY 2595.24@0.80470892} 140020 : { BUY 2595.24@0.80470892} 140019 : { SELL 22307.85@0.8079342} 140018 : { SELL 22307.85@0.8079342} 
Mon Nov 10 08:14:06 EST 2014 , 4 , 2 , 2 , 140021 : { BUY 2595.24@0.80470892} 140020 : { BUY 2595.24@0.80470892} 140019 : { SELL 22307.85@0.8079342} 140018 : { SELL 22307.85@0.8079342} 
Mon Nov 10 08:17:07 EST 2014 , 4 , 2 , 2 , 140021 : { BUY 2595.24@0.80470892} 140020 : { BUY 2595.24@0.80470892} 140019 : { SELL 22307.85@0.8079342} 140018 : { SELL 22307.85@0.8079342} 
Mon Nov 10 08:20:08 EST 2014 , 4 , 2 , 2 , 140021 : { BUY 2595.24@0.80470892} 140020 : { BUY 2595.24@0.80470892} 140019 : { SELL 22307.85@0.8079342} 140018 : { SELL 22307.85@0.8079342} 
Mon Nov 10 08:23:09 EST 2014 , 4 , 2 , 2 , 140021 : { BUY 2595.24@0.80470892} 140020 : { BUY 2595.24@0.80470892} 140019 : { SELL 22307.85@0.8079342} 140018 : { SELL 22307.85@0.8079342} 
Mon Nov 10 08:26:10 EST 2014 , 4 , 2 , 2 , 140021 : { BUY 2595.24@0.80470892} 140020 : { BUY 2595.24@0.80470892} 140019 : { SELL 22307.85@0.8079342} 140018 : { SELL 22307.85@0.8079342} 
Mon Nov 10 08:29:11 EST 2014 , 4 , 2 , 2 , 140021 : { BUY 2595.24@0.80470892} 140020 : { BUY 2595.24@0.80470892} 140019 : { SELL 22307.85@0.8079342} 140018 : { SELL 22307.85@0.8079342} 
Mon Nov 10 08:32:12 EST 2014 , 4 , 2 , 2 , 140021 : { BUY 2595.24@0.80470892} 140020 : { BUY 2595.24@0.80470892} 140019 : { SELL 22307.85@0.8079342} 140018 : { SELL 22307.85@0.8079342} 
Mon Nov 10 08:35:13 EST 2014 , 4 , 2 , 2 , 140021 : { BUY 2595.24@0.80470892} 140020 : { BUY 2595.24@0.80470892} 140019 : { SELL 22307.85@0.8079342} 140018 : { SELL 22307.85@0.8079342} 
Mon Nov 10 08:38:14 EST 2014 , 4 , 2 , 2 , 140021 : { BUY 2595.24@0.80470892} 140020 : { BUY 2595.24@0.80470892} 140019 : { SELL 22307.85@0.8079342} 140018 : { SELL 22307.85@0.8079342} 
Mon Nov 10 08:41:15 EST 2014 , 4 , 2 , 2 , 140021 : { BUY 2595.24@0.80470892} 140020 : { BUY 2595.24@0.80470892} 140019 : { SELL 22307.85@0.8079342} 140018 : { SELL 22307.85@0.8079342} 
Mon Nov 10 08:44:16 EST 2014 , 4 , 2 , 2 , 140021 : { BUY 2595.24@0.80470892} 140020 : { BUY 2595.24@0.80470892} 140019 : { SELL 22307.85@0.8079342} 140018 : { SELL 22307.85@0.8079342} 
Mon Nov 10 08:47:17 EST 2014 , 4 , 2 , 2 , 140021 : { BUY 2595.24@0.80470892} 140020 : { BUY 2595.24@0.80470892} 140019 : { SELL 22307.85@0.8079342} 140018 : { SELL 22307.85@0.8079342} 
Mon Nov 10 08:50:18 EST 2014 , 4 , 2 , 2 , 140021 : { BUY 2595.24@0.80470892} 140020 : { BUY 2595.24@0.80470892} 140019 : { SELL 22307.85@0.8079342} 140018 : { SELL 22307.85@0.8079342} 
Mon Nov 10 08:53:20 EST 2014 , 4 , 2 , 2 , 140021 : { BUY 2595.24@0.80470892} 140020 : { BUY 2595.24@0.80470892} 140019 : { SELL 22307.85@0.8079342} 140018 : { SELL 22307.85@0.8079342} 
Mon Nov 10 08:56:20 EST 2014 , 4 , 2 , 2 , 140021 : { BUY 2595.24@0.80470892} 140020 : { BUY 2595.24@0.80470892} 140019 : { SELL 22307.85@0.8079342} 140018 : { SELL 22307.85@0.8079342} 
Mon Nov 10 08:59:21 EST 2014 , 4 , 2 , 2 , 140021 : { BUY 2595.24@0.80470892} 140020 : { BUY 2595.24@0.80470892} 140019 : { SELL 22307.85@0.8079342} 140018 : { SELL 22307.85@0.8079342} 
Mon Nov 10 09:02:22 EST 2014 , 4 , 2 , 2 , 140021 : { BUY 2595.24@0.80470892} 140020 : { BUY 2595.24@0.80470892} 140019 : { SELL 22307.85@0.8079342} 140018 : { SELL 22307.85@0.8079342} 
Mon Nov 10 09:05:23 EST 2014 , 4 , 2 , 2 , 140021 : { BUY 2595.24@0.80470892} 140020 : { BUY 2595.24@0.80470892} 140019 : { SELL 22307.85@0.8079342} 140018 : { SELL 22307.85@0.8079342} 
Mon Nov 10 09:08:24 EST 2014 , 4 , 2 , 2 , 140021 : { BUY 2595.24@0.80470892} 140020 : { BUY 2595.24@0.80470892} 140019 : { SELL 22307.85@0.8079342} 140018 : { SELL 22307.85@0.8079342} 
Mon Nov 10 09:11:25 EST 2014 , 4 , 2 , 2 , 140021 : { BUY 2595.24@0.80470892} 140020 : { BUY 2595.24@0.80470892} 140019 : { SELL 22307.85@0.8079342} 140018 : { SELL 22307.85@0.8079342} 
Mon Nov 10 09:14:26 EST 2014 , 4 , 2 , 2 , 140021 : { BUY 2595.24@0.80470892} 140020 : { BUY 2595.24@0.80470892} 140019 : { SELL 22307.85@0.8079342} 140018 : { SELL 22307.85@0.8079342} 
Mon Nov 10 09:17:27 EST 2014 , 4 , 2 , 2 , 140021 : { BUY 2595.24@0.80470892} 140020 : { BUY 2595.24@0.80470892} 140019 : { SELL 22307.85@0.8079342} 140018 : { SELL 22307.85@0.8079342} 
Mon Nov 10 09:20:28 EST 2014 , 4 , 2 , 2 , 140021 : { BUY 2595.24@0.80470892} 140020 : { BUY 2595.24@0.80470892} 140019 : { SELL 22307.85@0.8079342} 140018 : { SELL 22307.85@0.8079342} 
Mon Nov 10 09:23:29 EST 2014 , 4 , 2 , 2 , 140021 : { BUY 2595.24@0.80470892} 140020 : { BUY 2595.24@0.80470892} 140019 : { SELL 22307.85@0.8079342} 140018 : { SELL 22307.85@0.8079342} 
Mon Nov 10 09:26:30 EST 2014 , 4 , 2 , 2 , 140021 : { BUY 2595.24@0.80470892} 140020 : { BUY 2595.24@0.80470892} 140019 : { SELL 22307.85@0.8079342} 140018 : { SELL 22307.85@0.8079342} 
Mon Nov 10 09:29:31 EST 2014 , 4 , 2 , 2 , 140021 : { BUY 2595.24@0.80470892} 140020 : { BUY 2595.24@0.80470892} 140019 : { SELL 22307.85@0.8079342} 140018 : { SELL 22307.85@0.8079342} 
Mon Nov 10 09:32:32 EST 2014 , 4 , 2 , 2 , 140021 : { BUY 2595.24@0.80470892} 140020 : { BUY 2595.24@0.80470892} 140019 : { SELL 22307.85@0.8079342} 140018 : { SELL 22307.85@0.8079342} 
Mon Nov 10 09:35:33 EST 2014 , 4 , 2 , 2 , 140021 : { BUY 2595.24@0.80470892} 140020 : { BUY 2595.24@0.80470892} 140019 : { SELL 22307.85@0.8079342} 140018 : { SELL 22307.85@0.8079342} 
Mon Nov 10 09:38:34 EST 2014 , 4 , 2 , 2 , 140021 : { BUY 2595.24@0.80470892} 140020 : { BUY 2595.24@0.80470892} 140019 : { SELL 22307.85@0.8079342} 140018 : { SELL 22307.85@0.8079342} 
Mon Nov 10 09:41:35 EST 2014 , 4 , 2 , 2 , 140021 : { BUY 2595.24@0.80470892} 140020 : { BUY 2595.24@0.80470892} 140019 : { SELL 22307.85@0.8079342} 140018 : { SELL 22307.85@0.8079342} 
Mon Nov 10 09:44:36 EST 2014 , 4 , 2 , 2 , 140021 : { BUY 2595.24@0.80470892} 140020 : { BUY 2595.24@0.80470892} 140019 : { SELL 22307.85@0.8079342} 140018 : { SELL 22307.85@0.8079342} 
Mon Nov 10 09:47:37 EST 2014 , 4 , 2 , 2 , 140021 : { BUY 2595.24@0.80470892} 140020 : { BUY 2595.24@0.80470892} 140019 : { SELL 22307.85@0.8079342} 140018 : { SELL 22307.85@0.8079342} 
Mon Nov 10 09:50:38 EST 2014 , 4 , 2 , 2 , 140021 : { BUY 2595.24@0.80470892} 140020 : { BUY 2595.24@0.80470892} 140019 : { SELL 22307.85@0.8079342} 140018 : { SELL 22307.85@0.8079342} 
Mon Nov 10 09:53:39 EST 2014 , 4 , 2 , 2 , 140021 : { BUY 2595.24@0.80470892} 140020 : { BUY 2595.24@0.80470892} 140019 : { SELL 22307.85@0.8079342} 140018 : { SELL 22307.85@0.8079342} 
Mon Nov 10 09:56:40 EST 2014 , 4 , 2 , 2 , 140021 : { BUY 2595.24@0.80470892} 140020 : { BUY 2595.24@0.80470892} 140019 : { SELL 22307.85@0.8079342} 140018 : { SELL 22307.85@0.8079342} 
Mon Nov 10 09:59:41 EST 2014 , 4 , 2 , 2 , 140021 : { BUY 2595.24@0.80470892} 140020 : { BUY 2595.24@0.80470892} 140019 : { SELL 22307.85@0.8079342} 140018 : { SELL 22307.85@0.8079342} 
Mon Nov 10 10:02:42 EST 2014 , 4 , 2 , 2 , 140021 : { BUY 2595.24@0.80470892} 140020 : { BUY 2595.24@0.80470892} 140019 : { SELL 22307.85@0.8079342} 140018 : { SELL 22307.85@0.8079342} 
Mon Nov 10 10:05:43 EST 2014 , 4 , 2 , 2 , 140021 : { BUY 2595.24@0.80470892} 140020 : { BUY 2595.24@0.80470892} 140019 : { SELL 22307.85@0.8079342} 140018 : { SELL 22307.85@0.8079342} 
Mon Nov 10 10:08:44 EST 2014 , 4 , 2 , 2 , 140021 : { BUY 2595.24@0.80470892} 140020 : { BUY 2595.24@0.80470892} 140019 : { SELL 22307.85@0.8079342} 140018 : { SELL 22307.85@0.8079342} 
Mon Nov 10 10:11:45 EST 2014 , 4 , 2 , 2 , 140021 : { BUY 2595.24@0.80470892} 140020 : { BUY 2595.24@0.80470892} 140019 : { SELL 22307.85@0.8079342} 140018 : { SELL 22307.85@0.8079342} 
Mon Nov 10 10:14:46 EST 2014 , 4 , 2 , 2 , 140021 : { BUY 2595.24@0.80470892} 140020 : { BUY 2595.24@0.80470892} 140019 : { SELL 22307.85@0.8079342} 140018 : { SELL 22307.85@0.8079342} 
Mon Nov 10 10:17:47 EST 2014 , 4 , 2 , 2 , 140021 : { BUY 2595.24@0.80470892} 140020 : { BUY 2595.24@0.80470892} 140019 : { SELL 22307.85@0.8079342} 140018 : { SELL 22307.85@0.8079342} 
Mon Nov 10 10:20:48 EST 2014 , 4 , 2 , 2 , 140021 : { BUY 2595.24@0.80470892} 140020 : { BUY 2595.24@0.80470892} 140019 : { SELL 22307.85@0.8079342} 140018 : { SELL 22307.85@0.8079342} 
Mon Nov 10 10:23:49 EST 2014 , 4 , 2 , 2 , 140021 : { BUY 2595.24@0.80470892} 140020 : { BUY 2595.24@0.80470892} 140019 : { SELL 22307.85@0.8079342} 140018 : { SELL 22307.85@0.8079342} 
Mon Nov 10 10:26:50 EST 2014 , 4 , 2 , 2 , 140021 : { BUY 2595.24@0.80470892} 140020 : { BUY 2595.24@0.80470892} 140019 : { SELL 22307.85@0.8079342} 140018 : { SELL 22307.85@0.8079342} 
Mon Nov 10 10:29:51 EST 2014 , 4 , 2 , 2 , 140021 : { BUY 2595.24@0.80470892} 140020 : { BUY 2595.24@0.80470892} 140019 : { SELL 22307.85@0.8079342} 140018 : { SELL 22307.85@0.8079342} 
Mon Nov 10 10:32:52 EST 2014 , 4 , 2 , 2 , 140021 : { BUY 2595.24@0.80470892} 140020 : { BUY 2595.24@0.80470892} 140019 : { SELL 22307.85@0.8079342} 140018 : { SELL 22307.85@0.8079342} 
Mon Nov 10 10:35:53 EST 2014 , 4 , 2 , 2 , 140021 : { BUY 2595.24@0.80470892} 140020 : { BUY 2595.24@0.80470892} 140019 : { SELL 22307.85@0.8079342} 140018 : { SELL 22307.85@0.8079342} 
Mon Nov 10 10:38:54 EST 2014 , 4 , 2 , 2 , 140021 : { BUY 2595.24@0.80470892} 140020 : { BUY 2595.24@0.80470892} 140019 : { SELL 22307.85@0.8079342} 140018 : { SELL 22307.85@0.8079342} 
Mon Nov 10 10:41:55 EST 2014 , 4 , 2 , 2 , 140021 : { BUY 2595.24@0.80470892} 140020 : { BUY 2595.24@0.80470892} 140019 : { SELL 22307.85@0.8079342} 140018 : { SELL 22307.85@0.8079342} 
Mon Nov 10 10:44:56 EST 2014 , 4 , 2 , 2 , 140021 : { BUY 2595.24@0.80470892} 140020 : { BUY 2595.24@0.80470892} 140019 : { SELL 22307.85@0.8079342} 140018 : { SELL 22307.85@0.8079342} 
Mon Nov 10 10:47:57 EST 2014 , 4 , 2 , 2 , 140021 : { BUY 2595.24@0.80470892} 140020 : { BUY 2595.24@0.80470892} 140019 : { SELL 22307.85@0.8079342} 140018 : { SELL 22307.85@0.8079342} 
Mon Nov 10 10:50:58 EST 2014 , 4 , 2 , 2 , 140021 : { BUY 2595.24@0.80470892} 140020 : { BUY 2595.24@0.80470892} 140019 : { SELL 22307.85@0.8079342} 140018 : { SELL 22307.85@0.8079342} 
Mon Nov 10 10:53:59 EST 2014 , 4 , 2 , 2 , 140021 : { BUY 2595.24@0.80470892} 140020 : { BUY 2595.24@0.80470892} 140019 : { SELL 22307.85@0.8079342} 140018 : { SELL 22307.85@0.8079342} 
Mon Nov 10 10:57:00 EST 2014 , 4 , 2 , 2 , 140021 : { BUY 2595.24@0.80470892} 140020 : { BUY 2595.24@0.80470892} 140019 : { SELL 22307.85@0.8079342} 140018 : { SELL 22307.85@0.8079342} 
Mon Nov 10 11:00:01 EST 2014 , 4 , 2 , 2 , 140021 : { BUY 2595.24@0.80470892} 140020 : { BUY 2595.24@0.80470892} 140019 : { SELL 22307.85@0.8079342} 140018 : { SELL 22307.85@0.8079342} 
Mon Nov 10 11:03:02 EST 2014 , 4 , 2 , 2 , 140021 : { BUY 2595.24@0.80470892} 140020 : { BUY 2595.24@0.80470892} 140019 : { SELL 22307.85@0.8079342} 140018 : { SELL 22307.85@0.8079342} 
Mon Nov 10 11:06:03 EST 2014 , 4 , 2 , 2 , 140021 : { BUY 2595.24@0.80470892} 140020 : { BUY 2595.24@0.80470892} 140019 : { SELL 22307.85@0.8079342} 140018 : { SELL 22307.85@0.8079342} 
Mon Nov 10 11:09:04 EST 2014 , 4 , 2 , 2 , 140021 : { BUY 2595.24@0.80470892} 140020 : { BUY 2595.24@0.80470892} 140019 : { SELL 22307.85@0.8079342} 140018 : { SELL 22307.85@0.8079342} 
Mon Nov 10 11:12:05 EST 2014 , 4 , 2 , 2 , 140021 : { BUY 2595.24@0.80470892} 140020 : { BUY 2595.24@0.80470892} 140019 : { SELL 22307.85@0.8079342} 140018 : { SELL 22307.85@0.8079342} 
Mon Nov 10 11:15:06 EST 2014 , 4 , 2 , 2 , 140021 : { BUY 2595.24@0.80470892} 140020 : { BUY 2595.24@0.80470892} 140019 : { SELL 22307.85@0.8079342} 140018 : { SELL 22307.85@0.8079342} 
Mon Nov 10 11:18:07 EST 2014 , 4 , 2 , 2 , 140021 : { BUY 2595.24@0.80470892} 140020 : { BUY 2595.24@0.80470892} 140019 : { SELL 22307.85@0.8079342} 140018 : { SELL 22307.85@0.8079342} 
Mon Nov 10 11:21:08 EST 2014 , 4 , 2 , 2 , 140021 : { BUY 2595.24@0.80470892} 140020 : { BUY 2595.24@0.80470892} 140019 : { SELL 22307.85@0.8079342} 140018 : { SELL 22307.85@0.8079342} 
Mon Nov 10 11:24:09 EST 2014 , 4 , 2 , 2 , 140021 : { BUY 2595.24@0.80470892} 140020 : { BUY 2595.24@0.80470892} 140019 : { SELL 22307.85@0.8079342} 140018 : { SELL 22307.85@0.8079342} 
Mon Nov 10 11:27:10 EST 2014 , 4 , 2 , 2 , 140021 : { BUY 2595.24@0.80470892} 140020 : { BUY 2595.24@0.80470892} 140019 : { SELL 22307.85@0.8079342} 140018 : { SELL 22307.85@0.8079342} 
Mon Nov 10 11:30:11 EST 2014 , 4 , 2 , 2 , 140021 : { BUY 2595.24@0.80470892} 140020 : { BUY 2595.24@0.80470892} 140019 : { SELL 22307.85@0.8079342} 140018 : { SELL 22307.85@0.8079342} 
Mon Nov 10 11:33:12 EST 2014 , 4 , 2 , 2 , 140021 : { BUY 2595.24@0.80470892} 140020 : { BUY 2595.24@0.80470892} 140019 : { SELL 22307.85@0.8079342} 140018 : { SELL 22307.85@0.8079342} 
Mon Nov 10 11:36:13 EST 2014 , 4 , 2 , 2 , 140021 : { BUY 2595.24@0.80470892} 140020 : { BUY 2595.24@0.80470892} 140019 : { SELL 22307.85@0.8079342} 140018 : { SELL 22307.85@0.8079342} 
Mon Nov 10 11:39:14 EST 2014 , 4 , 2 , 2 , 140021 : { BUY 2595.24@0.80470892} 140020 : { BUY 2595.24@0.80470892} 140019 : { SELL 22307.85@0.8079342} 140018 : { SELL 22307.85@0.8079342} 
Mon Nov 10 11:42:15 EST 2014 , 4 , 2 , 2 , 140021 : { BUY 2595.24@0.80470892} 140020 : { BUY 2595.24@0.80470892} 140019 : { SELL 22307.85@0.8079342} 140018 : { SELL 22307.85@0.8079342} 
Mon Nov 10 11:45:16 EST 2014 , 4 , 2 , 2 , 140021 : { BUY 2595.24@0.80470892} 140020 : { BUY 2595.24@0.80470892} 140019 : { SELL 22307.85@0.8079342} 140018 : { SELL 22307.85@0.8079342} 
Mon Nov 10 11:48:17 EST 2014 , 4 , 2 , 2 , 140021 : { BUY 2595.24@0.80470892} 140020 : { BUY 2595.24@0.80470892} 140019 : { SELL 22307.85@0.8079342} 140018 : { SELL 22307.85@0.8079342} 
Mon Nov 10 11:51:18 EST 2014 , 4 , 2 , 2 , 140021 : { BUY 2595.24@0.80470892} 140020 : { BUY 2595.24@0.80470892} 140019 : { SELL 22307.85@0.8079342} 140018 : { SELL 22307.85@0.8079342} 
Mon Nov 10 11:54:19 EST 2014 , 4 , 2 , 2 , 140021 : { BUY 2595.24@0.80470892} 140020 : { BUY 2595.24@0.80470892} 140019 : { SELL 22307.85@0.8079342} 140018 : { SELL 22307.85@0.8079342} 
Mon Nov 10 11:57:21 EST 2014 , 4 , 2 , 2 , 140021 : { BUY 2595.24@0.80470892} 140020 : { BUY 2595.24@0.80470892} 140019 : { SELL 22307.85@0.8079342} 140018 : { SELL 22307.85@0.8079342} 
Mon Nov 10 12:00:21 EST 2014 , 4 , 2 , 2 , 140021 : { BUY 2595.24@0.80470892} 140020 : { BUY 2595.24@0.80470892} 140019 : { SELL 22307.85@0.8079342} 140018 : { SELL 22307.85@0.8079342} 
Mon Nov 10 12:03:22 EST 2014 , 4 , 2 , 2 , 140021 : { BUY 2595.24@0.80470892} 140020 : { BUY 2595.24@0.80470892} 140019 : { SELL 22307.85@0.8079342} 140018 : { SELL 22307.85@0.8079342} 
Mon Nov 10 12:06:23 EST 2014 , 4 , 2 , 2 , 140021 : { BUY 2595.24@0.80470892} 140020 : { BUY 2595.24@0.80470892} 140019 : { SELL 22307.85@0.8079342} 140018 : { SELL 22307.85@0.8079342} 
Mon Nov 10 12:09:24 EST 2014 , 4 , 2 , 2 , 140021 : { BUY 2595.24@0.80470892} 140020 : { BUY 2595.24@0.80470892} 140019 : { SELL 22307.85@0.8079342} 140018 : { SELL 22307.85@0.8079342} 
Mon Nov 10 12:12:25 EST 2014 , 4 , 2 , 2 , 140021 : { BUY 2595.24@0.80470892} 140020 : { BUY 2595.24@0.80470892} 140019 : { SELL 22307.85@0.8079342} 140018 : { SELL 22307.85@0.8079342} 
Mon Nov 10 12:15:26 EST 2014 , 4 , 2 , 2 , 140021 : { BUY 2595.24@0.80470892} 140020 : { BUY 2595.24@0.80470892} 140019 : { SELL 22307.85@0.8079342} 140018 : { SELL 22307.85@0.8079342} 
Mon Nov 10 12:18:27 EST 2014 , 4 , 2 , 2 , 140021 : { BUY 2595.24@0.80470892} 140020 : { BUY 2595.24@0.80470892} 140019 : { SELL 22307.85@0.8079342} 140018 : { SELL 22307.85@0.8079342} 
Mon Nov 10 12:21:28 EST 2014 , 4 , 2 , 2 , 140021 : { BUY 2595.24@0.80470892} 140020 : { BUY 2595.24@0.80470892} 140019 : { SELL 22307.85@0.8079342} 140018 : { SELL 22307.85@0.8079342} 
Mon Nov 10 12:24:29 EST 2014 , 4 , 2 , 2 , 140021 : { BUY 2595.24@0.80470892} 140020 : { BUY 2595.24@0.80470892} 140019 : { SELL 22307.85@0.8079342} 140018 : { SELL 22307.85@0.8079342} 
Mon Nov 10 12:27:30 EST 2014 , 4 , 2 , 2 , 140021 : { BUY 2595.24@0.80470892} 140020 : { BUY 2595.24@0.80470892} 140019 : { SELL 22307.85@0.8079342} 140018 : { SELL 22307.85@0.8079342} 
Mon Nov 10 12:30:31 EST 2014 , 4 , 2 , 2 , 140021 : { BUY 2595.24@0.80470892} 140020 : { BUY 2595.24@0.80470892} 140019 : { SELL 22307.85@0.8079342} 140018 : { SELL 22307.85@0.8079342} 
Mon Nov 10 12:33:32 EST 2014 , 4 , 2 , 2 , 140021 : { BUY 2595.24@0.80470892} 140020 : { BUY 2595.24@0.80470892} 140019 : { SELL 22307.85@0.8079342} 140018 : { SELL 22307.85@0.8079342} 
Mon Nov 10 12:36:33 EST 2014 , 4 , 2 , 2 , 140021 : { BUY 2595.24@0.80470892} 140020 : { BUY 2595.24@0.80470892} 140019 : { SELL 22307.85@0.8079342} 140018 : { SELL 22307.85@0.8079342} 
Mon Nov 10 12:39:34 EST 2014 , 4 , 2 , 2 , 140021 : { BUY 2595.24@0.80470892} 140020 : { BUY 2595.24@0.80470892} 140019 : { SELL 22307.85@0.8079342} 140018 : { SELL 22307.85@0.8079342} 
Mon Nov 10 12:42:35 EST 2014 , 4 , 2 , 2 , 140021 : { BUY 2595.24@0.80470892} 140020 : { BUY 2595.24@0.80470892} 140019 : { SELL 22307.85@0.8079342} 140018 : { SELL 22307.85@0.8079342} 
Mon Nov 10 12:45:36 EST 2014 , 4 , 2 , 2 , 140021 : { BUY 2595.24@0.80470892} 140020 : { BUY 2595.24@0.80470892} 140019 : { SELL 22307.85@0.8079342} 140018 : { SELL 22307.85@0.8079342} 
Mon Nov 10 12:48:37 EST 2014 , 4 , 2 , 2 , 140021 : { BUY 2595.24@0.80470892} 140020 : { BUY 2595.24@0.80470892} 140019 : { SELL 22307.85@0.8079342} 140018 : { SELL 22307.85@0.8079342} 
Mon Nov 10 12:51:38 EST 2014 , 4 , 2 , 2 , 140021 : { BUY 2595.24@0.80470892} 140020 : { BUY 2595.24@0.80470892} 140019 : { SELL 22307.85@0.8079342} 140018 : { SELL 22307.85@0.8079342} 
Mon Nov 10 12:54:39 EST 2014 , 4 , 2 , 2 , 140021 : { BUY 2595.24@0.80470892} 140020 : { BUY 2595.24@0.80470892} 140019 : { SELL 22307.85@0.8079342} 140018 : { SELL 22307.85@0.8079342} 
Mon Nov 10 12:57:40 EST 2014 , 4 , 2 , 2 , 140021 : { BUY 2595.24@0.80470892} 140020 : { BUY 2595.24@0.80470892} 140019 : { SELL 22307.85@0.8079342} 140018 : { SELL 22307.85@0.8079342} 
Mon Nov 10 13:00:41 EST 2014 , 4 , 2 , 2 , 140021 : { BUY 2595.24@0.80470892} 140020 : { BUY 2595.24@0.80470892} 140019 : { SELL 22307.85@0.8079342} 140018 : { SELL 22307.85@0.8079342} 
Mon Nov 10 13:03:42 EST 2014 , 4 , 2 , 2 , 140021 : { BUY 2595.24@0.80470892} 140020 : { BUY 2595.24@0.80470892} 140019 : { SELL 22307.85@0.8079342} 140018 : { SELL 22307.85@0.8079342} 
Mon Nov 10 13:06:43 EST 2014 , 4 , 2 , 2 , 140021 : { BUY 2595.24@0.80470892} 140020 : { BUY 2595.24@0.80470892} 140019 : { SELL 22307.85@0.8079342} 140018 : { SELL 22307.85@0.8079342} 
Mon Nov 10 13:09:44 EST 2014 , 4 , 2 , 2 , 140021 : { BUY 2595.24@0.80470892} 140020 : { BUY 2595.24@0.80470892} 140019 : { SELL 22307.85@0.8079342} 140018 : { SELL 22307.85@0.8079342} 
Mon Nov 10 13:12:45 EST 2014 , 4 , 2 , 2 , 140021 : { BUY 2595.24@0.80470892} 140020 : { BUY 2595.24@0.80470892} 140019 : { SELL 22307.85@0.8079342} 140018 : { SELL 22307.85@0.8079342} 
Mon Nov 10 13:15:46 EST 2014 , 4 , 2 , 2 , 140021 : { BUY 2595.24@0.80470892} 140020 : { BUY 2595.24@0.80470892} 140019 : { SELL 22307.85@0.8079342} 140018 : { SELL 22307.85@0.8079342} 
Mon Nov 10 13:18:47 EST 2014 , 4 , 2 , 2 , 140021 : { BUY 2595.24@0.80470892} 140020 : { BUY 2595.24@0.80470892} 140019 : { SELL 22307.85@0.8079342} 140018 : { SELL 22307.85@0.8079342} 
Mon Nov 10 13:21:48 EST 2014 , 4 , 2 , 2 , 140021 : { BUY 2595.24@0.80470892} 140020 : { BUY 2595.24@0.80470892} 140019 : { SELL 22307.85@0.8079342} 140018 : { SELL 22307.85@0.8079342} 
Mon Nov 10 13:24:49 EST 2014 , 4 , 2 , 2 , 140021 : { BUY 2595.24@0.80470892} 140020 : { BUY 2595.24@0.80470892} 140019 : { SELL 22307.85@0.8079342} 140018 : { SELL 22307.85@0.8079342} 
Mon Nov 10 13:27:50 EST 2014 , 4 , 2 , 2 , 140021 : { BUY 2595.24@0.80470892} 140020 : { BUY 2595.24@0.80470892} 140019 : { SELL 22307.85@0.8079342} 140018 : { SELL 22307.85@0.8079342} 
Mon Nov 10 13:30:51 EST 2014 , 4 , 2 , 2 , 140021 : { BUY 2595.24@0.80470892} 140020 : { BUY 2595.24@0.80470892} 140019 : { SELL 22307.85@0.8079342} 140018 : { SELL 22307.85@0.8079342} 
Mon Nov 10 13:33:52 EST 2014 , 4 , 2 , 2 , 140021 : { BUY 2595.24@0.80470892} 140020 : { BUY 2595.24@0.80470892} 140019 : { SELL 22307.85@0.8079342} 140018 : { SELL 22307.85@0.8079342} 
Mon Nov 10 13:36:53 EST 2014 , 4 , 2 , 2 , 140021 : { BUY 2595.24@0.80470892} 140020 : { BUY 2595.24@0.80470892} 140019 : { SELL 22307.85@0.8079342} 140018 : { SELL 22307.85@0.8079342} 
Mon Nov 10 13:39:54 EST 2014 , 4 , 2 , 2 , 140021 : { BUY 2595.24@0.80470892} 140020 : { BUY 2595.24@0.80470892} 140019 : { SELL 22307.85@0.8079342} 140018 : { SELL 22307.85@0.8079342} 
Mon Nov 10 13:42:55 EST 2014 , 4 , 2 , 2 , 140021 : { BUY 2595.24@0.80470892} 140020 : { BUY 2595.24@0.80470892} 140019 : { SELL 22307.85@0.8079342} 140018 : { SELL 22307.85@0.8079342} 
Mon Nov 10 13:45:56 EST 2014 , 4 , 2 , 2 , 140021 : { BUY 2595.24@0.80470892} 140020 : { BUY 2595.24@0.80470892} 140019 : { SELL 22307.85@0.8079342} 140018 : { SELL 22307.85@0.8079342} 
Mon Nov 10 13:48:57 EST 2014 , 4 , 2 , 2 , 140021 : { BUY 2595.24@0.80470892} 140020 : { BUY 2595.24@0.80470892} 140019 : { SELL 22307.85@0.8079342} 140018 : { SELL 22307.85@0.8079342} 
Mon Nov 10 13:51:58 EST 2014 , 4 , 2 , 2 , 140021 : { BUY 2595.24@0.80470892} 140020 : { BUY 2595.24@0.80470892} 140019 : { SELL 22307.85@0.8079342} 140018 : { SELL 22307.85@0.8079342} 
Mon Nov 10 13:55:00 EST 2014 , 4 , 2 , 2 , 140021 : { BUY 2595.24@0.80470892} 140020 : { BUY 2595.24@0.80470892} 140019 : { SELL 22307.85@0.8079342} 140018 : { SELL 22307.85@0.8079342} 
Mon Nov 10 13:58:00 EST 2014 , 4 , 2 , 2 , 140021 : { BUY 2595.24@0.80470892} 140020 : { BUY 2595.24@0.80470892} 140019 : { SELL 22307.85@0.8079342} 140018 : { SELL 22307.85@0.8079342} 
Mon Nov 10 14:01:01 EST 2014 , 4 , 2 , 2 , 140021 : { BUY 2595.24@0.80470892} 140020 : { BUY 2595.24@0.80470892} 140019 : { SELL 22307.85@0.8079342} 140018 : { SELL 22307.85@0.8079342} 
Mon Nov 10 14:04:02 EST 2014 , 4 , 2 , 2 , 140021 : { BUY 2595.24@0.80470892} 140020 : { BUY 2595.24@0.80470892} 140019 : { SELL 22307.85@0.8079342} 140018 : { SELL 22307.85@0.8079342} 
Mon Nov 10 14:07:03 EST 2014 , 4 , 2 , 2 , 140021 : { BUY 2595.24@0.80470892} 140020 : { BUY 2595.24@0.80470892} 140019 : { SELL 22307.85@0.8079342} 140018 : { SELL 22307.85@0.8079342} 
Mon Nov 10 14:10:04 EST 2014 , 4 , 2 , 2 , 140021 : { BUY 2595.24@0.80470892} 140020 : { BUY 2595.24@0.80470892} 140019 : { SELL 22307.85@0.8079342} 140018 : { SELL 22307.85@0.8079342} 
Mon Nov 10 14:13:05 EST 2014 , 4 , 2 , 2 , 140021 : { BUY 2595.24@0.80470892} 140020 : { BUY 2595.24@0.80470892} 140019 : { SELL 22307.85@0.8079342} 140018 : { SELL 22307.85@0.8079342} 
Mon Nov 10 14:16:06 EST 2014 , 4 , 2 , 2 , 140021 : { BUY 2595.24@0.80470892} 140020 : { BUY 2595.24@0.80470892} 140019 : { SELL 22307.85@0.8079342} 140018 : { SELL 22307.85@0.8079342} 
Mon Nov 10 14:19:07 EST 2014 , 4 , 2 , 2 , 140021 : { BUY 2595.24@0.80470892} 140020 : { BUY 2595.24@0.80470892} 140019 : { SELL 22307.85@0.8079342} 140018 : { SELL 22307.85@0.8079342} 
Mon Nov 10 14:22:08 EST 2014 , 4 , 2 , 2 , 140021 : { BUY 2595.24@0.80470892} 140020 : { BUY 2595.24@0.80470892} 140019 : { SELL 22307.85@0.8079342} 140018 : { SELL 22307.85@0.8079342} 
Mon Nov 10 14:25:09 EST 2014 , 4 , 2 , 2 , 140021 : { BUY 2595.24@0.80470892} 140020 : { BUY 2595.24@0.80470892} 140019 : { SELL 22307.85@0.8079342} 140018 : { SELL 22307.85@0.8079342} 
Mon Nov 10 14:28:10 EST 2014 , 4 , 2 , 2 , 140021 : { BUY 2595.24@0.80470892} 140020 : { BUY 2595.24@0.80470892} 140019 : { SELL 22307.85@0.8079342} 140018 : { SELL 22307.85@0.8079342} 
Mon Nov 10 14:31:11 EST 2014 , 4 , 2 , 2 , 140021 : { BUY 2595.24@0.80470892} 140020 : { BUY 2595.24@0.80470892} 140019 : { SELL 22307.85@0.8079342} 140018 : { SELL 22307.85@0.8079342} 
Mon Nov 10 14:34:12 EST 2014 , 4 , 2 , 2 , 140021 : { BUY 2595.24@0.80470892} 140020 : { BUY 2595.24@0.80470892} 140019 : { SELL 22307.85@0.8079342} 140018 : { SELL 22307.85@0.8079342} 
Mon Nov 10 14:37:13 EST 2014 , 4 , 2 , 2 , 140021 : { BUY 2595.24@0.80470892} 140020 : { BUY 2595.24@0.80470892} 140019 : { SELL 22307.85@0.8079342} 140018 : { SELL 22307.85@0.8079342} 
Mon Nov 10 14:40:14 EST 2014 , 4 , 2 , 2 , 140021 : { BUY 2595.24@0.80470892} 140020 : { BUY 2595.24@0.80470892} 140019 : { SELL 22307.85@0.8079342} 140018 : { SELL 22307.85@0.8079342} 
Mon Nov 10 14:43:15 EST 2014 , 4 , 2 , 2 , 140021 : { BUY 2595.24@0.80470892} 140020 : { BUY 2595.24@0.80470892} 140019 : { SELL 22307.85@0.8079342} 140018 : { SELL 22307.85@0.8079342} 
Mon Nov 10 14:46:16 EST 2014 , 4 , 2 , 2 , 140021 : { BUY 2595.24@0.80470892} 140020 : { BUY 2595.24@0.80470892} 140019 : { SELL 22307.85@0.8079342} 140018 : { SELL 22307.85@0.8079342} 
Mon Nov 10 14:49:17 EST 2014 , 4 , 2 , 2 , 140021 : { BUY 2595.24@0.80470892} 140020 : { BUY 2595.24@0.80470892} 140019 : { SELL 22307.85@0.8079342} 140018 : { SELL 22307.85@0.8079342} 
Mon Nov 10 14:52:18 EST 2014 , 4 , 2 , 2 , 140021 : { BUY 2595.24@0.80470892} 140020 : { BUY 2595.24@0.80470892} 140019 : { SELL 22307.85@0.8079342} 140018 : { SELL 22307.85@0.8079342} 
Mon Nov 10 14:55:19 EST 2014 , 4 , 2 , 2 , 140021 : { BUY 2595.24@0.80470892} 140020 : { BUY 2595.24@0.80470892} 140019 : { SELL 22307.85@0.8079342} 140018 : { SELL 22307.85@0.8079342} 
Mon Nov 10 14:58:20 EST 2014 , 4 , 2 , 2 , 140021 : { BUY 2595.24@0.80470892} 140020 : { BUY 2595.24@0.80470892} 140019 : { SELL 22307.85@0.8079342} 140018 : { SELL 22307.85@0.8079342} 
Mon Nov 10 15:01:21 EST 2014 , 4 , 2 , 2 , 140021 : { BUY 2595.24@0.80470892} 140020 : { BUY 2595.24@0.80470892} 140019 : { SELL 22307.85@0.8079342} 140018 : { SELL 22307.85@0.8079342} 
Mon Nov 10 15:04:22 EST 2014 , 4 , 2 , 2 , 140021 : { BUY 2595.24@0.80470892} 140020 : { BUY 2595.24@0.80470892} 140019 : { SELL 22307.85@0.8079342} 140018 : { SELL 22307.85@0.8079342} 
Mon Nov 10 15:07:23 EST 2014 , 4 , 2 , 2 , 140021 : { BUY 2595.24@0.80470892} 140020 : { BUY 2595.24@0.80470892} 140019 : { SELL 22307.85@0.8079342} 140018 : { SELL 22307.85@0.8079342} 
Mon Nov 10 15:10:24 EST 2014 , 4 , 2 , 2 , 140021 : { BUY 2595.24@0.80470892} 140020 : { BUY 2595.24@0.80470892} 140019 : { SELL 22307.85@0.8079342} 140018 : { SELL 22307.85@0.8079342} 
Mon Nov 10 15:13:25 EST 2014 , 4 , 2 , 2 , 140021 : { BUY 2595.24@0.80470892} 140020 : { BUY 2595.24@0.80470892} 140019 : { SELL 22307.85@0.8079342} 140018 : { SELL 22307.85@0.8079342} 
Mon Nov 10 15:16:26 EST 2014 , 4 , 2 , 2 , 140021 : { BUY 2595.24@0.80470892} 140020 : { BUY 2595.24@0.80470892} 140019 : { SELL 22307.85@0.8079342} 140018 : { SELL 22307.85@0.8079342} 
Mon Nov 10 15:19:27 EST 2014 , 4 , 2 , 2 , 140021 : { BUY 2595.24@0.80470892} 140020 : { BUY 2595.24@0.80470892} 140019 : { SELL 22307.85@0.8079342} 140018 : { SELL 22307.85@0.8079342} 
Mon Nov 10 15:22:28 EST 2014 , 4 , 2 , 2 , 140021 : { BUY 2595.24@0.80470892} 140020 : { BUY 2595.24@0.80470892} 140019 : { SELL 22307.85@0.8079342} 140018 : { SELL 22307.85@0.8079342} 
Mon Nov 10 15:25:29 EST 2014 , 4 , 2 , 2 , 140021 : { BUY 2595.24@0.80470892} 140020 : { BUY 2595.24@0.80470892} 140019 : { SELL 22307.85@0.8079342} 140018 : { SELL 22307.85@0.8079342} 
Mon Nov 10 15:28:30 EST 2014 , 4 , 2 , 2 , 140021 : { BUY 2595.24@0.80470892} 140020 : { BUY 2595.24@0.80470892} 140019 : { SELL 22307.85@0.8079342} 140018 : { SELL 22307.85@0.8079342} 
Mon Nov 10 15:31:31 EST 2014 , 4 , 2 , 2 , 140021 : { BUY 2595.24@0.80470892} 140020 : { BUY 2595.24@0.80470892} 140019 : { SELL 22307.85@0.8079342} 140018 : { SELL 22307.85@0.8079342} 
Mon Nov 10 15:34:32 EST 2014 , 4 , 2 , 2 , 140021 : { BUY 2595.24@0.80470892} 140020 : { BUY 2595.24@0.80470892} 140019 : { SELL 22307.85@0.8079342} 140018 : { SELL 22307.85@0.8079342} 
Mon Nov 10 15:37:33 EST 2014 , 4 , 2 , 2 , 140021 : { BUY 2595.24@0.80470892} 140020 : { BUY 2595.24@0.80470892} 140019 : { SELL 22307.85@0.8079342} 140018 : { SELL 22307.85@0.8079342} 
Mon Nov 10 15:40:34 EST 2014 , 4 , 2 , 2 , 140021 : { BUY 2595.24@0.80470892} 140020 : { BUY 2595.24@0.80470892} 140019 : { SELL 22307.85@0.8079342} 140018 : { SELL 22307.85@0.8079342} 
Mon Nov 10 15:43:35 EST 2014 , 4 , 2 , 2 , 140021 : { BUY 2595.24@0.80470892} 140020 : { BUY 2595.24@0.80470892} 140019 : { SELL 22307.85@0.8079342} 140018 : { SELL 22307.85@0.8079342} 
Mon Nov 10 15:46:36 EST 2014 , 4 , 2 , 2 , 140021 : { BUY 2595.24@0.80470892} 140020 : { BUY 2595.24@0.80470892} 140019 : { SELL 22307.85@0.8079342} 140018 : { SELL 22307.85@0.8079342} 
Mon Nov 10 15:49:37 EST 2014 , 4 , 2 , 2 , 140021 : { BUY 2595.24@0.80470892} 140020 : { BUY 2595.24@0.80470892} 140019 : { SELL 22307.85@0.8079342} 140018 : { SELL 22307.85@0.8079342} 
Mon Nov 10 15:52:38 EST 2014 , 4 , 2 , 2 , 140021 : { BUY 2595.24@0.80470892} 140020 : { BUY 2595.24@0.80470892} 140019 : { SELL 22307.85@0.8079342} 140018 : { SELL 22307.85@0.8079342} 
Mon Nov 10 15:55:39 EST 2014 , 4 , 2 , 2 , 140021 : { BUY 2595.24@0.80470892} 140020 : { BUY 2595.24@0.80470892} 140019 : { SELL 22307.85@0.8079342} 140018 : { SELL 22307.85@0.8079342} 
Mon Nov 10 15:58:40 EST 2014 , 4 , 2 , 2 , 140021 : { BUY 2595.24@0.80470892} 140020 : { BUY 2595.24@0.80470892} 140019 : { SELL 22307.85@0.8079342} 140018 : { SELL 22307.85@0.8079342} 
Mon Nov 10 16:01:41 EST 2014 , 4 , 2 , 2 , 140021 : { BUY 2595.24@0.80470892} 140020 : { BUY 2595.24@0.80470892} 140019 : { SELL 22307.85@0.8079342} 140018 : { SELL 22307.85@0.8079342} 
Mon Nov 10 16:04:42 EST 2014 , 4 , 2 , 2 , 140021 : { BUY 2595.24@0.80470892} 140020 : { BUY 2595.24@0.80470892} 140019 : { SELL 22307.85@0.8079342} 140018 : { SELL 22307.85@0.8079342} 
Mon Nov 10 16:07:43 EST 2014 , 4 , 2 , 2 , 140021 : { BUY 2595.24@0.80470892} 140020 : { BUY 2595.24@0.80470892} 140019 : { SELL 22307.85@0.8079342} 140018 : { SELL 22307.85@0.8079342} 
Mon Nov 10 16:10:44 EST 2014 , 4 , 2 , 2 , 140021 : { BUY 2595.24@0.80470892} 140020 : { BUY 2595.24@0.80470892} 140019 : { SELL 22307.85@0.8079342} 140018 : { SELL 22307.85@0.8079342} 
Mon Nov 10 16:13:45 EST 2014 , 4 , 2 , 2 , 140021 : { BUY 2595.24@0.80470892} 140020 : { BUY 2595.24@0.80470892} 140019 : { SELL 22307.85@0.8079342} 140018 : { SELL 22307.85@0.8079342} 
Mon Nov 10 16:16:46 EST 2014 , 4 , 2 , 2 , 140021 : { BUY 2595.24@0.80470892} 140020 : { BUY 2595.24@0.80470892} 140019 : { SELL 22307.85@0.8079342} 140018 : { SELL 22307.85@0.8079342} 
Mon Nov 10 16:19:47 EST 2014 , 4 , 2 , 2 , 140021 : { BUY 2595.24@0.80470892} 140020 : { BUY 2595.24@0.80470892} 140019 : { SELL 22307.85@0.8079342} 140018 : { SELL 22307.85@0.8079342} 
Mon Nov 10 16:22:48 EST 2014 , 4 , 2 , 2 , 140021 : { BUY 2595.24@0.80470892} 140020 : { BUY 2595.24@0.80470892} 140019 : { SELL 22307.85@0.8079342} 140018 : { SELL 22307.85@0.8079342} 
Mon Nov 10 16:25:49 EST 2014 , 4 , 2 , 2 , 140021 : { BUY 2595.24@0.80470892} 140020 : { BUY 2595.24@0.80470892} 140019 : { SELL 22307.85@0.8079342} 140018 : { SELL 22307.85@0.8079342} 
Mon Nov 10 16:28:50 EST 2014 , 4 , 2 , 2 , 140021 : { BUY 2595.24@0.80470892} 140020 : { BUY 2595.24@0.80470892} 140019 : { SELL 22307.85@0.8079342} 140018 : { SELL 22307.85@0.8079342} 
Mon Nov 10 16:31:51 EST 2014 , 4 , 2 , 2 , 140021 : { BUY 2595.24@0.80470892} 140020 : { BUY 2595.24@0.80470892} 140019 : { SELL 22307.85@0.8079342} 140018 : { SELL 22307.85@0.8079342} 
Mon Nov 10 16:34:52 EST 2014 , 4 , 2 , 2 , 140021 : { BUY 2595.24@0.80470892} 140020 : { BUY 2595.24@0.80470892} 140019 : { SELL 22307.85@0.8079342} 140018 : { SELL 22307.85@0.8079342} 
Mon Nov 10 16:37:53 EST 2014 , 4 , 2 , 2 , 140021 : { BUY 2595.24@0.80470892} 140020 : { BUY 2595.24@0.80470892} 140019 : { SELL 22307.85@0.8079342} 140018 : { SELL 22307.85@0.8079342} 
Mon Nov 10 16:40:54 EST 2014 , 4 , 2 , 2 , 140021 : { BUY 2595.24@0.80470892} 140020 : { BUY 2595.24@0.80470892} 140019 : { SELL 22307.85@0.8079342} 140018 : { SELL 22307.85@0.8079342} 
Mon Nov 10 16:43:55 EST 2014 , 4 , 2 , 2 , 140021 : { BUY 2595.24@0.80470892} 140020 : { BUY 2595.24@0.80470892} 140019 : { SELL 22307.85@0.8079342} 140018 : { SELL 22307.85@0.8079342} 
Mon Nov 10 16:46:56 EST 2014 , 4 , 2 , 2 , 140021 : { BUY 2595.24@0.80470892} 140020 : { BUY 2595.24@0.80470892} 140019 : { SELL 22307.85@0.8079342} 140018 : { SELL 22307.85@0.8079342} 
Mon Nov 10 16:49:57 EST 2014 , 4 , 2 , 2 , 140021 : { BUY 2595.24@0.80470892} 140020 : { BUY 2595.24@0.80470892} 140019 : { SELL 22307.85@0.8079342} 140018 : { SELL 22307.85@0.8079342} 
Mon Nov 10 16:52:58 EST 2014 , 4 , 2 , 2 , 140021 : { BUY 2595.24@0.80470892} 140020 : { BUY 2595.24@0.80470892} 140019 : { SELL 22307.85@0.8079342} 140018 : { SELL 22307.85@0.8079342} 
Mon Nov 10 16:55:59 EST 2014 , 4 , 2 , 2 , 140021 : { BUY 2595.24@0.80470892} 140020 : { BUY 2595.24@0.80470892} 140019 : { SELL 22307.85@0.8079342} 140018 : { SELL 22307.85@0.8079342} 
Mon Nov 10 16:59:00 EST 2014 , 4 , 2 , 2 , 140021 : { BUY 2595.24@0.80470892} 140020 : { BUY 2595.24@0.80470892} 140019 : { SELL 22307.85@0.8079342} 140018 : { SELL 22307.85@0.8079342} 
Mon Nov 10 17:02:01 EST 2014 , 4 , 2 , 2 , 140021 : { BUY 2595.24@0.80470892} 140020 : { BUY 2595.24@0.80470892} 140019 : { SELL 22307.85@0.8079342} 140018 : { SELL 22307.85@0.8079342} 
Mon Nov 10 17:05:02 EST 2014 , 4 , 2 , 2 , 140021 : { BUY 2595.24@0.80470892} 140020 : { BUY 2595.24@0.80470892} 140019 : { SELL 22307.85@0.8079342} 140018 : { SELL 22307.85@0.8079342} 
Mon Nov 10 17:08:03 EST 2014 , 4 , 2 , 2 , 140021 : { BUY 2595.24@0.80470892} 140020 : { BUY 2595.24@0.80470892} 140019 : { SELL 22307.85@0.8079342} 140018 : { SELL 22307.85@0.8079342} 
Mon Nov 10 17:11:04 EST 2014 , 4 , 2 , 2 , 140021 : { BUY 2595.24@0.80470892} 140020 : { BUY 2595.24@0.80470892} 140019 : { SELL 22307.85@0.8079342} 140018 : { SELL 22307.85@0.8079342} 
Mon Nov 10 17:14:05 EST 2014 , 4 , 2 , 2 , 140021 : { BUY 2595.24@0.80470892} 140020 : { BUY 2595.24@0.80470892} 140019 : { SELL 22307.85@0.8079342} 140018 : { SELL 22307.85@0.8079342} 
Mon Nov 10 17:17:06 EST 2014 , 4 , 2 , 2 , 140021 : { BUY 2595.24@0.80470892} 140020 : { BUY 2595.24@0.80470892} 140019 : { SELL 22307.85@0.8079342} 140018 : { SELL 22307.85@0.8079342} 
Mon Nov 10 17:20:07 EST 2014 , 4 , 2 , 2 , 140021 : { BUY 2595.24@0.80470892} 140020 : { BUY 2595.24@0.80470892} 140019 : { SELL 22307.85@0.8079342} 140018 : { SELL 22307.85@0.8079342} 
Mon Nov 10 17:23:08 EST 2014 , 4 , 2 , 2 , 140021 : { BUY 2595.24@0.80470892} 140020 : { BUY 2595.24@0.80470892} 140019 : { SELL 22307.85@0.8079342} 140018 : { SELL 22307.85@0.8079342} 
Mon Nov 10 17:26:09 EST 2014 , 4 , 2 , 2 , 140021 : { BUY 2595.24@0.80470892} 140020 : { BUY 2595.24@0.80470892} 140019 : { SELL 22307.85@0.8079342} 140018 : { SELL 22307.85@0.8079342} 
Mon Nov 10 17:29:10 EST 2014 , 4 , 2 , 2 , 140021 : { BUY 2595.24@0.80470892} 140020 : { BUY 2595.24@0.80470892} 140019 : { SELL 22307.85@0.8079342} 140018 : { SELL 22307.85@0.8079342} 
Mon Nov 10 17:32:11 EST 2014 , 4 , 2 , 2 , 140021 : { BUY 2595.24@0.80470892} 140020 : { BUY 2595.24@0.80470892} 140019 : { SELL 22307.85@0.8079342} 140018 : { SELL 22307.85@0.8079342} 
Mon Nov 10 17:35:12 EST 2014 , 4 , 2 , 2 , 140021 : { BUY 2595.24@0.80470892} 140020 : { BUY 2595.24@0.80470892} 140019 : { SELL 22307.85@0.8079342} 140018 : { SELL 22307.85@0.8079342} 
Mon Nov 10 17:38:13 EST 2014 , 4 , 2 , 2 , 140021 : { BUY 2595.24@0.80470892} 140020 : { BUY 2595.24@0.80470892} 140019 : { SELL 22307.85@0.8079342} 140018 : { SELL 22307.85@0.8079342} 
Mon Nov 10 17:41:14 EST 2014 , 4 , 2 , 2 , 140021 : { BUY 2595.24@0.80470892} 140020 : { BUY 2595.24@0.80470892} 140019 : { SELL 22307.85@0.8079342} 140018 : { SELL 22307.85@0.8079342} 
Mon Nov 10 17:44:15 EST 2014 , 4 , 2 , 2 , 140021 : { BUY 2595.24@0.80470892} 140020 : { BUY 2595.24@0.80470892} 140019 : { SELL 22307.85@0.8079342} 140018 : { SELL 22307.85@0.8079342} 
Mon Nov 10 17:47:16 EST 2014 , 4 , 2 , 2 , 140021 : { BUY 2595.24@0.80470892} 140020 : { BUY 2595.24@0.80470892} 140019 : { SELL 22307.85@0.8079342} 140018 : { SELL 22307.85@0.8079342} 
Mon Nov 10 17:50:17 EST 2014 , 4 , 2 , 2 , 140021 : { BUY 2595.24@0.80470892} 140020 : { BUY 2595.24@0.80470892} 140019 : { SELL 22307.85@0.8079342} 140018 : { SELL 22307.85@0.8079342} 
Mon Nov 10 17:53:18 EST 2014 , 4 , 2 , 2 , 140021 : { BUY 2595.24@0.80470892} 140020 : { BUY 2595.24@0.80470892} 140019 : { SELL 22307.85@0.8079342} 140018 : { SELL 22307.85@0.8079342} 
Mon Nov 10 17:56:19 EST 2014 , 4 , 2 , 2 , 140021 : { BUY 2595.24@0.80470892} 140020 : { BUY 2595.24@0.80470892} 140019 : { SELL 22307.85@0.8079342} 140018 : { SELL 22307.85@0.8079342} 
Mon Nov 10 17:59:20 EST 2014 , 4 , 2 , 2 , 140021 : { BUY 2595.24@0.80470892} 140020 : { BUY 2595.24@0.80470892} 140019 : { SELL 22307.85@0.8079342} 140018 : { SELL 22307.85@0.8079342} 
Mon Nov 10 18:02:21 EST 2014 , 4 , 2 , 2 , 140021 : { BUY 2595.24@0.80470892} 140020 : { BUY 2595.24@0.80470892} 140019 : { SELL 22307.85@0.8079342} 140018 : { SELL 22307.85@0.8079342} 
Mon Nov 10 18:05:22 EST 2014 , 4 , 2 , 2 , 140021 : { BUY 2595.24@0.80470892} 140020 : { BUY 2595.24@0.80470892} 140019 : { SELL 22307.85@0.8079342} 140018 : { SELL 22307.85@0.8079342} 
Mon Nov 10 18:08:23 EST 2014 , 4 , 2 , 2 , 140021 : { BUY 2595.24@0.80470892} 140020 : { BUY 2595.24@0.80470892} 140019 : { SELL 22307.85@0.8079342} 140018 : { SELL 22307.85@0.8079342} 
Mon Nov 10 18:11:24 EST 2014 , 4 , 2 , 2 , 140021 : { BUY 2595.24@0.80470892} 140020 : { BUY 2595.24@0.80470892} 140019 : { SELL 22307.85@0.8079342} 140018 : { SELL 22307.85@0.8079342} 
Mon Nov 10 18:14:25 EST 2014 , 4 , 2 , 2 , 140021 : { BUY 2595.24@0.80470892} 140020 : { BUY 2595.24@0.80470892} 140019 : { SELL 22307.85@0.8079342} 140018 : { SELL 22307.85@0.8079342} 
Mon Nov 10 18:17:26 EST 2014 , 4 , 2 , 2 , 140021 : { BUY 2595.24@0.80470892} 140020 : { BUY 2595.24@0.80470892} 140019 : { SELL 22307.85@0.8079342} 140018 : { SELL 22307.85@0.8079342} 
Mon Nov 10 18:20:27 EST 2014 , 4 , 2 , 2 , 140021 : { BUY 2595.24@0.80470892} 140020 : { BUY 2595.24@0.80470892} 140019 : { SELL 22307.85@0.8079342} 140018 : { SELL 22307.85@0.8079342} 
Mon Nov 10 18:23:28 EST 2014 , 4 , 2 , 2 , 140021 : { BUY 2595.24@0.80470892} 140020 : { BUY 2595.24@0.80470892} 140019 : { SELL 22307.85@0.8079342} 140018 : { SELL 22307.85@0.8079342} 
Mon Nov 10 18:26:29 EST 2014 , 4 , 2 , 2 , 140021 : { BUY 2595.24@0.80470892} 140020 : { BUY 2595.24@0.80470892} 140019 : { SELL 22307.85@0.8079342} 140018 : { SELL 22307.85@0.8079342} 
Mon Nov 10 18:29:30 EST 2014 , 4 , 2 , 2 , 140021 : { BUY 2595.24@0.80470892} 140020 : { BUY 2595.24@0.80470892} 140019 : { SELL 22307.85@0.8079342} 140018 : { SELL 22307.85@0.8079342} 
Mon Nov 10 18:32:31 EST 2014 , 4 , 2 , 2 , 140021 : { BUY 2595.24@0.80470892} 140020 : { BUY 2595.24@0.80470892} 140019 : { SELL 22307.85@0.8079342} 140018 : { SELL 22307.85@0.8079342} 
Mon Nov 10 18:35:32 EST 2014 , 4 , 2 , 2 , 140021 : { BUY 2595.24@0.80470892} 140020 : { BUY 2595.24@0.80470892} 140019 : { SELL 22307.85@0.8079342} 140018 : { SELL 22307.85@0.8079342} 
Mon Nov 10 18:38:33 EST 2014 , 4 , 2 , 2 , 140021 : { BUY 2595.24@0.80470892} 140020 : { BUY 2595.24@0.80470892} 140019 : { SELL 22307.85@0.8079342} 140018 : { SELL 22307.85@0.8079342} 
Mon Nov 10 18:41:34 EST 2014 , 4 , 2 , 2 , 140021 : { BUY 2595.24@0.80470892} 140020 : { BUY 2595.24@0.80470892} 140019 : { SELL 22307.85@0.8079342} 140018 : { SELL 22307.85@0.8079342} 
Mon Nov 10 18:44:35 EST 2014 , 4 , 2 , 2 , 140021 : { BUY 2595.24@0.80470892} 140020 : { BUY 2595.24@0.80470892} 140019 : { SELL 22307.85@0.8079342} 140018 : { SELL 22307.85@0.8079342} 
Mon Nov 10 18:47:36 EST 2014 , 4 , 2 , 2 , 140021 : { BUY 2595.24@0.80470892} 140020 : { BUY 2595.24@0.80470892} 140019 : { SELL 22307.85@0.8079342} 140018 : { SELL 22307.85@0.8079342} 
Mon Nov 10 18:50:37 EST 2014 , 4 , 2 , 2 , 140021 : { BUY 2595.24@0.80470892} 140020 : { BUY 2595.24@0.80470892} 140019 : { SELL 22307.85@0.8079342} 140018 : { SELL 22307.85@0.8079342} 
Mon Nov 10 18:53:38 EST 2014 , 4 , 2 , 2 , 140021 : { BUY 2595.24@0.80470892} 140020 : { BUY 2595.24@0.80470892} 140019 : { SELL 22307.85@0.8079342} 140018 : { SELL 22307.85@0.8079342} 
Mon Nov 10 18:56:40 EST 2014 , 4 , 2 , 2 , 140021 : { BUY 2595.24@0.80470892} 140020 : { BUY 2595.24@0.80470892} 140019 : { SELL 22307.85@0.8079342} 140018 : { SELL 22307.85@0.8079342} 
Mon Nov 10 18:59:40 EST 2014 , 4 , 2 , 2 , 140021 : { BUY 2595.24@0.80470892} 140020 : { BUY 2595.24@0.80470892} 140019 : { SELL 22307.85@0.8079342} 140018 : { SELL 22307.85@0.8079342} 
Mon Nov 10 19:02:41 EST 2014 , 4 , 2 , 2 , 140021 : { BUY 2595.24@0.80470892} 140020 : { BUY 2595.24@0.80470892} 140019 : { SELL 22307.85@0.8079342} 140018 : { SELL 22307.85@0.8079342} 
Mon Nov 10 19:05:42 EST 2014 , 4 , 2 , 2 , 140021 : { BUY 2595.24@0.80470892} 140020 : { BUY 2595.24@0.80470892} 140019 : { SELL 22307.85@0.8079342} 140018 : { SELL 22307.85@0.8079342} 
Mon Nov 10 19:08:43 EST 2014 , 4 , 2 , 2 , 140021 : { BUY 2595.24@0.80470892} 140020 : { BUY 2595.24@0.80470892} 140019 : { SELL 22307.85@0.8079342} 140018 : { SELL 22307.85@0.8079342} 
Mon Nov 10 19:11:44 EST 2014 , 4 , 2 , 2 , 140021 : { BUY 2595.24@0.80470892} 140020 : { BUY 2595.24@0.80470892} 140019 : { SELL 22307.85@0.8079342} 140018 : { SELL 22307.85@0.8079342} 
Mon Nov 10 19:14:45 EST 2014 , 4 , 2 , 2 , 140021 : { BUY 2595.24@0.80470892} 140020 : { BUY 2595.24@0.80470892} 140019 : { SELL 22307.85@0.8079342} 140018 : { SELL 22307.85@0.8079342} 
Mon Nov 10 19:17:46 EST 2014 , 4 , 2 , 2 , 140021 : { BUY 2595.24@0.80470892} 140020 : { BUY 2595.24@0.80470892} 140019 : { SELL 22307.85@0.8079342} 140018 : { SELL 22307.85@0.8079342} 
Mon Nov 10 19:20:47 EST 2014 , 4 , 2 , 2 , 140021 : { BUY 2595.24@0.80470892} 140020 : { BUY 2595.24@0.80470892} 140019 : { SELL 22307.85@0.8079342} 140018 : { SELL 22307.85@0.8079342} 
Mon Nov 10 19:23:48 EST 2014 , 4 , 2 , 2 , 140021 : { BUY 2595.24@0.80470892} 140020 : { BUY 2595.24@0.80470892} 140019 : { SELL 22307.85@0.8079342} 140018 : { SELL 22307.85@0.8079342} 
Mon Nov 10 19:26:49 EST 2014 , 4 , 2 , 2 , 140021 : { BUY 2595.24@0.80470892} 140020 : { BUY 2595.24@0.80470892} 140019 : { SELL 22307.85@0.8079342} 140018 : { SELL 22307.85@0.8079342} 
Mon Nov 10 19:29:50 EST 2014 , 4 , 2 , 2 , 140021 : { BUY 2595.24@0.80470892} 140020 : { BUY 2595.24@0.80470892} 140019 : { SELL 22307.85@0.8079342} 140018 : { SELL 22307.85@0.8079342} 
Mon Nov 10 19:32:51 EST 2014 , 4 , 2 , 2 , 140021 : { BUY 2595.24@0.80470892} 140020 : { BUY 2595.24@0.80470892} 140019 : { SELL 22307.85@0.8079342} 140018 : { SELL 22307.85@0.8079342} 
Mon Nov 10 19:35:52 EST 2014 , 4 , 2 , 2 , 140021 : { BUY 2595.24@0.80470892} 140020 : { BUY 2595.24@0.80470892} 140019 : { SELL 22307.85@0.8079342} 140018 : { SELL 22307.85@0.8079342} 
Mon Nov 10 19:38:53 EST 2014 , 4 , 2 , 2 , 140021 : { BUY 2595.24@0.80470892} 140020 : { BUY 2595.24@0.80470892} 140019 : { SELL 22307.85@0.8079342} 140018 : { SELL 22307.85@0.8079342} 
Mon Nov 10 19:41:54 EST 2014 , 4 , 2 , 2 , 140021 : { BUY 2595.24@0.80470892} 140020 : { BUY 2595.24@0.80470892} 140019 : { SELL 22307.85@0.8079342} 140018 : { SELL 22307.85@0.8079342} 
Mon Nov 10 19:44:55 EST 2014 , 4 , 2 , 2 , 140021 : { BUY 2595.24@0.80470892} 140020 : { BUY 2595.24@0.80470892} 140019 : { SELL 22307.85@0.8079342} 140018 : { SELL 22307.85@0.8079342} 
Mon Nov 10 19:47:56 EST 2014 , 4 , 2 , 2 , 140021 : { BUY 2595.24@0.80470892} 140020 : { BUY 2595.24@0.80470892} 140019 : { SELL 22307.85@0.8079342} 140018 : { SELL 22307.85@0.8079342} 
Mon Nov 10 19:50:57 EST 2014 , 4 , 2 , 2 , 140021 : { BUY 2595.24@0.80470892} 140020 : { BUY 2595.24@0.80470892} 140019 : { SELL 22307.85@0.8079342} 140018 : { SELL 22307.85@0.8079342} 
Mon Nov 10 19:53:58 EST 2014 , 4 , 2 , 2 , 140021 : { BUY 2595.24@0.80470892} 140020 : { BUY 2595.24@0.80470892} 140019 : { SELL 22307.85@0.8079342} 140018 : { SELL 22307.85@0.8079342} 
Mon Nov 10 19:56:59 EST 2014 , 4 , 2 , 2 , 140021 : { BUY 2595.24@0.80470892} 140020 : { BUY 2595.24@0.80470892} 140019 : { SELL 22307.85@0.8079342} 140018 : { SELL 22307.85@0.8079342} 
Mon Nov 10 20:00:00 EST 2014 , 4 , 2 , 2 , 140021 : { BUY 2595.24@0.80470892} 140020 : { BUY 2595.24@0.80470892} 140019 : { SELL 22307.85@0.8079342} 140018 : { SELL 22307.85@0.8079342} 
Mon Nov 10 20:03:01 EST 2014 , 4 , 2 , 2 , 140021 : { BUY 2595.24@0.80470892} 140020 : { BUY 2595.24@0.80470892} 140019 : { SELL 22307.85@0.8079342} 140018 : { SELL 22307.85@0.8079342} 
Mon Nov 10 20:06:02 EST 2014 , 4 , 2 , 2 , 140021 : { BUY 2595.24@0.80470892} 140020 : { BUY 2595.24@0.80470892} 140019 : { SELL 22307.85@0.8079342} 140018 : { SELL 22307.85@0.8079342} 
Mon Nov 10 20:09:03 EST 2014 , 4 , 2 , 2 , 140021 : { BUY 2595.24@0.80470892} 140020 : { BUY 2595.24@0.80470892} 140019 : { SELL 22307.85@0.8079342} 140018 : { SELL 22307.85@0.8079342} 
Mon Nov 10 20:12:04 EST 2014 , 4 , 2 , 2 , 140021 : { BUY 2595.24@0.80470892} 140020 : { BUY 2595.24@0.80470892} 140019 : { SELL 22307.85@0.8079342} 140018 : { SELL 22307.85@0.8079342} 
Mon Nov 10 20:15:05 EST 2014 , 4 , 2 , 2 , 140021 : { BUY 2595.24@0.80470892} 140020 : { BUY 2595.24@0.80470892} 140019 : { SELL 22307.85@0.8079342} 140018 : { SELL 22307.85@0.8079342} 
Mon Nov 10 20:18:06 EST 2014 , 4 , 2 , 2 , 140021 : { BUY 2595.24@0.80470892} 140020 : { BUY 2595.24@0.80470892} 140019 : { SELL 22307.85@0.8079342} 140018 : { SELL 22307.85@0.8079342} 
Mon Nov 10 20:21:07 EST 2014 , 4 , 2 , 2 , 140021 : { BUY 2595.24@0.80470892} 140020 : { BUY 2595.24@0.80470892} 140019 : { SELL 22307.85@0.8079342} 140018 : { SELL 22307.85@0.8079342} 
Mon Nov 10 20:24:08 EST 2014 , 4 , 2 , 2 , 140021 : { BUY 2595.24@0.80470892} 140020 : { BUY 2595.24@0.80470892} 140019 : { SELL 22307.85@0.8079342} 140018 : { SELL 22307.85@0.8079342} 
Mon Nov 10 20:27:09 EST 2014 , 4 , 2 , 2 , 140021 : { BUY 2595.24@0.80470892} 140020 : { BUY 2595.24@0.80470892} 140019 : { SELL 22307.85@0.8079342} 140018 : { SELL 22307.85@0.8079342} 
Mon Nov 10 20:30:10 EST 2014 , 4 , 2 , 2 , 140021 : { BUY 2595.24@0.80470892} 140020 : { BUY 2595.24@0.80470892} 140019 : { SELL 22307.85@0.8079342} 140018 : { SELL 22307.85@0.8079342} 
Mon Nov 10 20:33:11 EST 2014 , 4 , 2 , 2 , 140021 : { BUY 2595.24@0.80470892} 140020 : { BUY 2595.24@0.80470892} 140019 : { SELL 22307.85@0.8079342} 140018 : { SELL 22307.85@0.8079342} 
Mon Nov 10 20:36:12 EST 2014 , 4 , 2 , 2 , 140021 : { BUY 2595.24@0.80470892} 140020 : { BUY 2595.24@0.80470892} 140019 : { SELL 22307.85@0.8079342} 140018 : { SELL 22307.85@0.8079342} 
Mon Nov 10 20:39:13 EST 2014 , 4 , 2 , 2 , 140021 : { BUY 2595.24@0.80470892} 140020 : { BUY 2595.24@0.80470892} 140019 : { SELL 22307.85@0.8079342} 140018 : { SELL 22307.85@0.8079342} 
Mon Nov 10 20:42:14 EST 2014 , 4 , 2 , 2 , 140021 : { BUY 2595.24@0.80470892} 140020 : { BUY 2595.24@0.80470892} 140019 : { SELL 22307.85@0.8079342} 140018 : { SELL 22307.85@0.8079342} 
Mon Nov 10 20:45:15 EST 2014 , 4 , 2 , 2 , 140021 : { BUY 2595.24@0.80470892} 140020 : { BUY 2595.24@0.80470892} 140019 : { SELL 22307.85@0.8079342} 140018 : { SELL 22307.85@0.8079342} 
Mon Nov 10 20:48:16 EST 2014 , 4 , 2 , 2 , 140021 : { BUY 2595.24@0.80470892} 140020 : { BUY 2595.24@0.80470892} 140019 : { SELL 22307.85@0.8079342} 140018 : { SELL 22307.85@0.8079342} 
Mon Nov 10 20:51:17 EST 2014 , 4 , 2 , 2 , 140021 : { BUY 2595.24@0.80470892} 140020 : { BUY 2595.24@0.80470892} 140019 : { SELL 22307.85@0.8079342} 140018 : { SELL 22307.85@0.8079342} 
Mon Nov 10 20:54:18 EST 2014 , 4 , 2 , 2 , 140021 : { BUY 2595.24@0.80470892} 140020 : { BUY 2595.24@0.80470892} 140019 : { SELL 22307.85@0.8079342} 140018 : { SELL 22307.85@0.8079342} 
Mon Nov 10 20:57:19 EST 2014 , 4 , 2 , 2 , 140021 : { BUY 2595.24@0.80470892} 140020 : { BUY 2595.24@0.80470892} 140019 : { SELL 22307.85@0.8079342} 140018 : { SELL 22307.85@0.8079342} 
Mon Nov 10 21:00:20 EST 2014 , 4 , 2 , 2 , 140021 : { BUY 2595.24@0.80470892} 140020 : { BUY 2595.24@0.80470892} 140019 : { SELL 22307.85@0.8079342} 140018 : { SELL 22307.85@0.8079342} 
Mon Nov 10 21:03:21 EST 2014 , 4 , 2 , 2 , 140021 : { BUY 2595.24@0.80470892} 140020 : { BUY 2595.24@0.80470892} 140019 : { SELL 22307.85@0.8079342} 140018 : { SELL 22307.85@0.8079342} 
Mon Nov 10 21:06:22 EST 2014 , 4 , 2 , 2 , 140021 : { BUY 2595.24@0.80470892} 140020 : { BUY 2595.24@0.80470892} 140019 : { SELL 22307.85@0.8079342} 140018 : { SELL 22307.85@0.8079342} 
Mon Nov 10 21:09:23 EST 2014 , 4 , 2 , 2 , 140021 : { BUY 2595.24@0.80470892} 140020 : { BUY 2595.24@0.80470892} 140019 : { SELL 22307.85@0.8079342} 140018 : { SELL 22307.85@0.8079342} 
Mon Nov 10 21:12:24 EST 2014 , 4 , 2 , 2 , 140021 : { BUY 2595.24@0.80470892} 140020 : { BUY 2595.24@0.80470892} 140019 : { SELL 22307.85@0.8079342} 140018 : { SELL 22307.85@0.8079342} 
Mon Nov 10 21:15:25 EST 2014 , 4 , 2 , 2 , 140021 : { BUY 2595.24@0.80470892} 140020 : { BUY 2595.24@0.80470892} 140019 : { SELL 22307.85@0.8079342} 140018 : { SELL 22307.85@0.8079342} 
Mon Nov 10 21:18:26 EST 2014 , 4 , 2 , 2 , 140021 : { BUY 2595.24@0.80470892} 140020 : { BUY 2595.24@0.80470892} 140019 : { SELL 22307.85@0.8079342} 140018 : { SELL 22307.85@0.8079342} 
Mon Nov 10 21:21:27 EST 2014 , 4 , 2 , 2 , 140021 : { BUY 2595.24@0.80470892} 140020 : { BUY 2595.24@0.80470892} 140019 : { SELL 22307.85@0.8079342} 140018 : { SELL 22307.85@0.8079342} 
Mon Nov 10 21:24:28 EST 2014 , 4 , 2 , 2 , 140021 : { BUY 2595.24@0.80470892} 140020 : { BUY 2595.24@0.80470892} 140019 : { SELL 22307.85@0.8079342} 140018 : { SELL 22307.85@0.8079342} 
Mon Nov 10 21:27:29 EST 2014 , 4 , 2 , 2 , 140021 : { BUY 2595.24@0.80470892} 140020 : { BUY 2595.24@0.80470892} 140019 : { SELL 22307.85@0.8079342} 140018 : { SELL 22307.85@0.8079342} 
Mon Nov 10 21:30:30 EST 2014 , 4 , 2 , 2 , 140021 : { BUY 2595.24@0.80470892} 140020 : { BUY 2595.24@0.80470892} 140019 : { SELL 22307.85@0.8079342} 140018 : { SELL 22307.85@0.8079342} 
Mon Nov 10 21:33:31 EST 2014 , 4 , 2 , 2 , 140021 : { BUY 2595.24@0.80470892} 140020 : { BUY 2595.24@0.80470892} 140019 : { SELL 22307.85@0.8079342} 140018 : { SELL 22307.85@0.8079342} 
Mon Nov 10 21:36:32 EST 2014 , 4 , 2 , 2 , 140021 : { BUY 2595.24@0.80470892} 140020 : { BUY 2595.24@0.80470892} 140019 : { SELL 22307.85@0.8079342} 140018 : { SELL 22307.85@0.8079342} 
Mon Nov 10 21:39:33 EST 2014 , 4 , 2 , 2 , 140021 : { BUY 2595.24@0.80470892} 140020 : { BUY 2595.24@0.80470892} 140019 : { SELL 22307.85@0.8079342} 140018 : { SELL 22307.85@0.8079342} 
Mon Nov 10 21:42:34 EST 2014 , 4 , 2 , 2 , 140021 : { BUY 2595.24@0.80470892} 140020 : { BUY 2595.24@0.80470892} 140019 : { SELL 22307.85@0.8079342} 140018 : { SELL 22307.85@0.8079342} 
Mon Nov 10 21:45:35 EST 2014 , 4 , 2 , 2 , 140021 : { BUY 2595.24@0.80470892} 140020 : { BUY 2595.24@0.80470892} 140019 : { SELL 22307.85@0.8079342} 140018 : { SELL 22307.85@0.8079342} 
Mon Nov 10 21:48:36 EST 2014 , 4 , 2 , 2 , 140021 : { BUY 2595.24@0.80470892} 140020 : { BUY 2595.24@0.80470892} 140019 : { SELL 22307.85@0.8079342} 140018 : { SELL 22307.85@0.8079342} 
Mon Nov 10 21:51:37 EST 2014 , 4 , 2 , 2 , 140021 : { BUY 2595.24@0.80470892} 140020 : { BUY 2595.24@0.80470892} 140019 : { SELL 22307.85@0.8079342} 140018 : { SELL 22307.85@0.8079342} 
Mon Nov 10 21:54:38 EST 2014 , 4 , 2 , 2 , 140021 : { BUY 2595.24@0.80470892} 140020 : { BUY 2595.24@0.80470892} 140019 : { SELL 22307.85@0.8079342} 140018 : { SELL 22307.85@0.8079342} 
Mon Nov 10 21:57:39 EST 2014 , 4 , 2 , 2 , 140021 : { BUY 2595.24@0.80470892} 140020 : { BUY 2595.24@0.80470892} 140019 : { SELL 22307.85@0.8079342} 140018 : { SELL 22307.85@0.8079342} 
Mon Nov 10 22:00:40 EST 2014 , 4 , 2 , 2 , 140021 : { BUY 2595.24@0.80470892} 140020 : { BUY 2595.24@0.80470892} 140019 : { SELL 22307.85@0.8079342} 140018 : { SELL 22307.85@0.8079342} 
Mon Nov 10 22:03:41 EST 2014 , 4 , 2 , 2 , 140021 : { BUY 2595.24@0.80470892} 140020 : { BUY 2595.24@0.80470892} 140019 : { SELL 22307.85@0.8079342} 140018 : { SELL 22307.85@0.8079342} 
Mon Nov 10 22:06:42 EST 2014 , 4 , 2 , 2 , 140021 : { BUY 2595.24@0.80470892} 140020 : { BUY 2595.24@0.80470892} 140019 : { SELL 22307.85@0.8079342} 140018 : { SELL 22307.85@0.8079342} 
Mon Nov 10 22:09:43 EST 2014 , 4 , 2 , 2 , 140021 : { BUY 2595.24@0.80470892} 140020 : { BUY 2595.24@0.80470892} 140019 : { SELL 22307.85@0.8079342} 140018 : { SELL 22307.85@0.8079342} 
Mon Nov 10 22:12:44 EST 2014 , 4 , 2 , 2 , 140021 : { BUY 2595.24@0.80470892} 140020 : { BUY 2595.24@0.80470892} 140019 : { SELL 22307.85@0.8079342} 140018 : { SELL 22307.85@0.8079342} 
Mon Nov 10 22:15:45 EST 2014 , 4 , 2 , 2 , 140021 : { BUY 2595.24@0.80470892} 140020 : { BUY 2595.24@0.80470892} 140019 : { SELL 22307.85@0.8079342} 140018 : { SELL 22307.85@0.8079342} 
Mon Nov 10 22:18:46 EST 2014 , 4 , 2 , 2 , 140021 : { BUY 2595.24@0.80470892} 140020 : { BUY 2595.24@0.80470892} 140019 : { SELL 22307.85@0.8079342} 140018 : { SELL 22307.85@0.8079342} 
Mon Nov 10 22:21:47 EST 2014 , 4 , 2 , 2 , 140021 : { BUY 2595.24@0.80470892} 140020 : { BUY 2595.24@0.80470892} 140019 : { SELL 22307.85@0.8079342} 140018 : { SELL 22307.85@0.8079342} 
Mon Nov 10 22:24:48 EST 2014 , 4 , 2 , 2 , 140021 : { BUY 2595.24@0.80470892} 140020 : { BUY 2595.24@0.80470892} 140019 : { SELL 22307.85@0.8079342} 140018 : { SELL 22307.85@0.8079342} 
Mon Nov 10 22:27:49 EST 2014 , 4 , 2 , 2 , 140021 : { BUY 2595.24@0.80470892} 140020 : { BUY 2595.24@0.80470892} 140019 : { SELL 22307.85@0.8079342} 140018 : { SELL 22307.85@0.8079342} 
Mon Nov 10 22:30:50 EST 2014 , 4 , 2 , 2 , 140021 : { BUY 2595.24@0.80470892} 140020 : { BUY 2595.24@0.80470892} 140019 : { SELL 22307.85@0.8079342} 140018 : { SELL 22307.85@0.8079342} 
Mon Nov 10 22:33:51 EST 2014 , 4 , 2 , 2 , 140021 : { BUY 2595.24@0.80470892} 140020 : { BUY 2595.24@0.80470892} 140019 : { SELL 22307.85@0.8079342} 140018 : { SELL 22307.85@0.8079342} 
Mon Nov 10 22:36:52 EST 2014 , 4 , 2 , 2 , 140021 : { BUY 2595.24@0.80470892} 140020 : { BUY 2595.24@0.80470892} 140019 : { SELL 22307.85@0.8079342} 140018 : { SELL 22307.85@0.8079342} 
Mon Nov 10 22:39:53 EST 2014 , 4 , 2 , 2 , 140021 : { BUY 2595.24@0.80470892} 140020 : { BUY 2595.24@0.80470892} 140019 : { SELL 22307.85@0.8079342} 140018 : { SELL 22307.85@0.8079342} 
Mon Nov 10 22:42:54 EST 2014 , 4 , 2 , 2 , 140021 : { BUY 2595.24@0.80470892} 140020 : { BUY 2595.24@0.80470892} 140019 : { SELL 22307.85@0.8079342} 140018 : { SELL 22307.85@0.8079342} 
Mon Nov 10 22:45:55 EST 2014 , 4 , 2 , 2 , 140021 : { BUY 2595.24@0.80470892} 140020 : { BUY 2595.24@0.80470892} 140019 : { SELL 22307.85@0.8079342} 140018 : { SELL 22307.85@0.8079342} 
Mon Nov 10 22:48:56 EST 2014 , 4 , 2 , 2 , 140021 : { BUY 2595.24@0.80470892} 140020 : { BUY 2595.24@0.80470892} 140019 : { SELL 22307.85@0.8079342} 140018 : { SELL 22307.85@0.8079342} 
Mon Nov 10 22:51:57 EST 2014 , 4 , 2 , 2 , 140021 : { BUY 2595.24@0.80470892} 140020 : { BUY 2595.24@0.80470892} 140019 : { SELL 22307.85@0.8079342} 140018 : { SELL 22307.85@0.8079342} 
Mon Nov 10 22:54:58 EST 2014 , 4 , 2 , 2 , 140021 : { BUY 2595.24@0.80470892} 140020 : { BUY 2595.24@0.80470892} 140019 : { SELL 22307.85@0.8079342} 140018 : { SELL 22307.85@0.8079342} 
Mon Nov 10 22:57:59 EST 2014 , 4 , 2 , 2 , 140021 : { BUY 2595.24@0.80470892} 140020 : { BUY 2595.24@0.80470892} 140019 : { SELL 22307.85@0.8079342} 140018 : { SELL 22307.85@0.8079342} 
Mon Nov 10 23:01:00 EST 2014 , 4 , 2 , 2 , 140021 : { BUY 2595.24@0.80470892} 140020 : { BUY 2595.24@0.80470892} 140019 : { SELL 22307.85@0.8079342} 140018 : { SELL 22307.85@0.8079342} 
Mon Nov 10 23:04:01 EST 2014 , 4 , 2 , 2 , 140021 : { BUY 2595.24@0.80470892} 140020 : { BUY 2595.24@0.80470892} 140019 : { SELL 22307.85@0.8079342} 140018 : { SELL 22307.85@0.8079342} 
Mon Nov 10 23:07:02 EST 2014 , 4 , 2 , 2 , 140021 : { BUY 2595.24@0.80470892} 140020 : { BUY 2595.24@0.80470892} 140019 : { SELL 22307.85@0.8079342} 140018 : { SELL 22307.85@0.8079342} 
Mon Nov 10 23:10:03 EST 2014 , 4 , 2 , 2 , 140021 : { BUY 2595.24@0.80470892} 140020 : { BUY 2595.24@0.80470892} 140019 : { SELL 22307.85@0.8079342} 140018 : { SELL 22307.85@0.8079342} 
Mon Nov 10 23:13:04 EST 2014 , 4 , 2 , 2 , 140021 : { BUY 2595.24@0.80470892} 140020 : { BUY 2595.24@0.80470892} 140019 : { SELL 22307.85@0.8079342} 140018 : { SELL 22307.85@0.8079342} 
Mon Nov 10 23:16:05 EST 2014 , 4 , 2 , 2 , 140021 : { BUY 2595.24@0.80470892} 140020 : { BUY 2595.24@0.80470892} 140019 : { SELL 22307.85@0.8079342} 140018 : { SELL 22307.85@0.8079342} 
Mon Nov 10 23:19:06 EST 2014 , 4 , 2 , 2 , 140021 : { BUY 2595.24@0.80470892} 140020 : { BUY 2595.24@0.80470892} 140019 : { SELL 22307.85@0.8079342} 140018 : { SELL 22307.85@0.8079342} 
Mon Nov 10 23:22:07 EST 2014 , 4 , 2 , 2 , 140021 : { BUY 2595.24@0.80470892} 140020 : { BUY 2595.24@0.80470892} 140019 : { SELL 22307.85@0.8079342} 140018 : { SELL 22307.85@0.8079342} 
Mon Nov 10 23:25:08 EST 2014 , 4 , 2 , 2 , 140021 : { BUY 2595.24@0.80470892} 140020 : { BUY 2595.24@0.80470892} 140019 : { SELL 22307.85@0.8079342} 140018 : { SELL 22307.85@0.8079342} 
Mon Nov 10 23:28:09 EST 2014 , 4 , 2 , 2 , 140021 : { BUY 2595.24@0.80470892} 140020 : { BUY 2595.24@0.80470892} 140019 : { SELL 22307.85@0.8079342} 140018 : { SELL 22307.85@0.8079342} 
Mon Nov 10 23:31:10 EST 2014 , 4 , 2 , 2 , 140021 : { BUY 2595.24@0.80470892} 140020 : { BUY 2595.24@0.80470892} 140019 : { SELL 22307.85@0.8079342} 140018 : { SELL 22307.85@0.8079342} 
Mon Nov 10 23:34:11 EST 2014 , 4 , 2 , 2 , 140021 : { BUY 2595.24@0.80470892} 140020 : { BUY 2595.24@0.80470892} 140019 : { SELL 22307.85@0.8079342} 140018 : { SELL 22307.85@0.8079342} 
Mon Nov 10 23:37:12 EST 2014 , 4 , 2 , 2 , 140021 : { BUY 2595.24@0.80470892} 140020 : { BUY 2595.24@0.80470892} 140019 : { SELL 22307.85@0.8079342} 140018 : { SELL 22307.85@0.8079342} 
Mon Nov 10 23:40:13 EST 2014 , 4 , 2 , 2 , 140021 : { BUY 2595.24@0.80470892} 140020 : { BUY 2595.24@0.80470892} 140019 : { SELL 22307.85@0.8079342} 140018 : { SELL 22307.85@0.8079342} 
Mon Nov 10 23:43:14 EST 2014 , 4 , 2 , 2 , 140021 : { BUY 2595.24@0.80470892} 140020 : { BUY 2595.24@0.80470892} 140019 : { SELL 22307.85@0.8079342} 140018 : { SELL 22307.85@0.8079342} 
Mon Nov 10 23:46:15 EST 2014 , 4 , 2 , 2 , 140021 : { BUY 2595.24@0.80470892} 140020 : { BUY 2595.24@0.80470892} 140019 : { SELL 22307.85@0.8079342} 140018 : { SELL 22307.85@0.8079342} 
Mon Nov 10 23:49:16 EST 2014 , 4 , 2 , 2 , 140021 : { BUY 2595.24@0.80470892} 140020 : { BUY 2595.24@0.80470892} 140019 : { SELL 22307.85@0.8079342} 140018 : { SELL 22307.85@0.8079342} 
Mon Nov 10 23:52:17 EST 2014 , 4 , 2 , 2 , 140021 : { BUY 2595.24@0.80470892} 140020 : { BUY 2595.24@0.80470892} 140019 : { SELL 22307.85@0.8079342} 140018 : { SELL 22307.85@0.8079342} 
Mon Nov 10 23:55:18 EST 2014 , 4 , 2 , 2 , 140021 : { BUY 2595.24@0.80470892} 140020 : { BUY 2595.24@0.80470892} 140019 : { SELL 22307.85@0.8079342} 140018 : { SELL 22307.85@0.8079342} 
Mon Nov 10 23:58:20 EST 2014 , 4 , 2 , 2 , 140021 : { BUY 2595.24@0.80470892} 140020 : { BUY 2595.24@0.80470892} 140019 : { SELL 22307.85@0.8079342} 140018 : { SELL 22307.85@0.8079342} 
Tue Nov 11 00:01:20 EST 2014 , 4 , 2 , 2 , 140021 : { BUY 2595.24@0.80470892} 140020 : { BUY 2595.24@0.80470892} 140019 : { SELL 22307.85@0.8079342} 140018 : { SELL 22307.85@0.8079342} 
Tue Nov 11 00:04:21 EST 2014 , 4 , 2 , 2 , 140021 : { BUY 2595.24@0.80470892} 140020 : { BUY 2595.24@0.80470892} 140019 : { SELL 22307.85@0.8079342} 140018 : { SELL 22307.85@0.8079342} 
Tue Nov 11 00:07:22 EST 2014 , 4 , 2 , 2 , 140021 : { BUY 2595.24@0.80470892} 140020 : { BUY 2595.24@0.80470892} 140019 : { SELL 22307.85@0.8079342} 140018 : { SELL 22307.85@0.8079342} 
Tue Nov 11 00:10:23 EST 2014 , 4 , 2 , 2 , 140021 : { BUY 2595.24@0.80470892} 140020 : { BUY 2595.24@0.80470892} 140019 : { SELL 22307.85@0.8079342} 140018 : { SELL 22307.85@0.8079342} 
Tue Nov 11 00:13:24 EST 2014 , 4 , 2 , 2 , 140021 : { BUY 2595.24@0.80470892} 140020 : { BUY 2595.24@0.80470892} 140019 : { SELL 22307.85@0.8079342} 140018 : { SELL 22307.85@0.8079342} 
Tue Nov 11 00:16:25 EST 2014 , 4 , 2 , 2 , 140021 : { BUY 2595.24@0.80470892} 140020 : { BUY 2595.24@0.80470892} 140019 : { SELL 22307.85@0.8079342} 140018 : { SELL 22307.85@0.8079342} 
Tue Nov 11 00:19:26 EST 2014 , 4 , 2 , 2 , 140021 : { BUY 2595.24@0.80470892} 140020 : { BUY 2595.24@0.80470892} 140019 : { SELL 22307.85@0.8079342} 140018 : { SELL 22307.85@0.8079342} 
Tue Nov 11 00:22:27 EST 2014 , 4 , 2 , 2 , 140021 : { BUY 2595.24@0.80470892} 140020 : { BUY 2595.24@0.80470892} 140019 : { SELL 22307.85@0.8079342} 140018 : { SELL 22307.85@0.8079342} 
Tue Nov 11 00:25:28 EST 2014 , 4 , 2 , 2 , 140021 : { BUY 2595.24@0.80470892} 140020 : { BUY 2595.24@0.80470892} 140019 : { SELL 22307.85@0.8079342} 140018 : { SELL 22307.85@0.8079342} 
Tue Nov 11 00:28:29 EST 2014 , 4 , 2 , 2 , 140021 : { BUY 2595.24@0.80470892} 140020 : { BUY 2595.24@0.80470892} 140019 : { SELL 22307.85@0.8079342} 140018 : { SELL 22307.85@0.8079342} 
Tue Nov 11 00:31:30 EST 2014 , 4 , 2 , 2 , 140021 : { BUY 2595.24@0.80470892} 140020 : { BUY 2595.24@0.80470892} 140019 : { SELL 22307.85@0.8079342} 140018 : { SELL 22307.85@0.8079342} 
Tue Nov 11 00:34:31 EST 2014 , 4 , 2 , 2 , 140021 : { BUY 2595.24@0.80470892} 140020 : { BUY 2595.24@0.80470892} 140019 : { SELL 22307.85@0.8079342} 140018 : { SELL 22307.85@0.8079342} 
Tue Nov 11 00:37:32 EST 2014 , 4 , 2 , 2 , 140021 : { BUY 2595.24@0.80470892} 140020 : { BUY 2595.24@0.80470892} 140019 : { SELL 22307.85@0.8079342} 140018 : { SELL 22307.85@0.8079342} 
Tue Nov 11 00:40:33 EST 2014 , 4 , 2 , 2 , 140021 : { BUY 2595.24@0.80470892} 140020 : { BUY 2595.24@0.80470892} 140019 : { SELL 22307.85@0.8079342} 140018 : { SELL 22307.85@0.8079342} 
Tue Nov 11 00:43:34 EST 2014 , 4 , 2 , 2 , 140021 : { BUY 2595.24@0.80470892} 140020 : { BUY 2595.24@0.80470892} 140019 : { SELL 22307.85@0.8079342} 140018 : { SELL 22307.85@0.8079342} 
Tue Nov 11 00:46:35 EST 2014 , 4 , 2 , 2 , 140021 : { BUY 2595.24@0.80470892} 140020 : { BUY 2595.24@0.80470892} 140019 : { SELL 22307.85@0.8079342} 140018 : { SELL 22307.85@0.8079342} 
Tue Nov 11 00:49:36 EST 2014 , 4 , 2 , 2 , 140021 : { BUY 2595.24@0.80470892} 140020 : { BUY 2595.24@0.80470892} 140019 : { SELL 22307.85@0.8079342} 140018 : { SELL 22307.85@0.8079342} 
Tue Nov 11 00:52:37 EST 2014 , 4 , 2 , 2 , 140021 : { BUY 2595.24@0.80470892} 140020 : { BUY 2595.24@0.80470892} 140019 : { SELL 22307.85@0.8079342} 140018 : { SELL 22307.85@0.8079342} 
Tue Nov 11 00:55:38 EST 2014 , 4 , 2 , 2 , 140021 : { BUY 2595.24@0.80470892} 140020 : { BUY 2595.24@0.80470892} 140019 : { SELL 22307.85@0.8079342} 140018 : { SELL 22307.85@0.8079342} 
Tue Nov 11 00:58:39 EST 2014 , 4 , 2 , 2 , 140021 : { BUY 2595.24@0.80470892} 140020 : { BUY 2595.24@0.80470892} 140019 : { SELL 22307.85@0.8079342} 140018 : { SELL 22307.85@0.8079342} 
Tue Nov 11 01:01:40 EST 2014 , 4 , 2 , 2 , 140021 : { BUY 2595.24@0.80470892} 140020 : { BUY 2595.24@0.80470892} 140019 : { SELL 22307.85@0.8079342} 140018 : { SELL 22307.85@0.8079342} 
Tue Nov 11 01:04:41 EST 2014 , 4 , 2 , 2 , 140021 : { BUY 2595.24@0.80470892} 140020 : { BUY 2595.24@0.80470892} 140019 : { SELL 22307.85@0.8079342} 140018 : { SELL 22307.85@0.8079342} 
Tue Nov 11 01:07:42 EST 2014 , 4 , 2 , 2 , 140021 : { BUY 2595.24@0.80470892} 140020 : { BUY 2595.24@0.80470892} 140019 : { SELL 22307.85@0.8079342} 140018 : { SELL 22307.85@0.8079342} 
Tue Nov 11 01:10:43 EST 2014 , 4 , 2 , 2 , 140021 : { BUY 2595.24@0.80470892} 140020 : { BUY 2595.24@0.80470892} 140019 : { SELL 22307.85@0.8079342} 140018 : { SELL 22307.85@0.8079342} 
Tue Nov 11 01:13:44 EST 2014 , 4 , 2 , 2 , 140021 : { BUY 2595.24@0.80470892} 140020 : { BUY 2595.24@0.80470892} 140019 : { SELL 22307.85@0.8079342} 140018 : { SELL 22307.85@0.8079342} 
Tue Nov 11 01:16:45 EST 2014 , 4 , 2 , 2 , 140021 : { BUY 2595.24@0.80470892} 140020 : { BUY 2595.24@0.80470892} 140019 : { SELL 22307.85@0.8079342} 140018 : { SELL 22307.85@0.8079342} 
Tue Nov 11 01:19:46 EST 2014 , 4 , 2 , 2 , 140021 : { BUY 2595.24@0.80470892} 140020 : { BUY 2595.24@0.80470892} 140019 : { SELL 22307.85@0.8079342} 140018 : { SELL 22307.85@0.8079342} 
Tue Nov 11 01:22:47 EST 2014 , 4 , 2 , 2 , 140021 : { BUY 2595.24@0.80470892} 140020 : { BUY 2595.24@0.80470892} 140019 : { SELL 22307.85@0.8079342} 140018 : { SELL 22307.85@0.8079342} 
Tue Nov 11 01:25:48 EST 2014 , 4 , 2 , 2 , 140021 : { BUY 2595.24@0.80470892} 140020 : { BUY 2595.24@0.80470892} 140019 : { SELL 22307.85@0.8079342} 140018 : { SELL 22307.85@0.8079342} 
Tue Nov 11 01:28:49 EST 2014 , 4 , 2 , 2 , 140021 : { BUY 2595.24@0.80470892} 140020 : { BUY 2595.24@0.80470892} 140019 : { SELL 22307.85@0.8079342} 140018 : { SELL 22307.85@0.8079342} 
Tue Nov 11 01:31:50 EST 2014 , 4 , 2 , 2 , 140021 : { BUY 2595.24@0.80470892} 140020 : { BUY 2595.24@0.80470892} 140019 : { SELL 22307.85@0.8079342} 140018 : { SELL 22307.85@0.8079342} 
Tue Nov 11 01:34:51 EST 2014 , 4 , 2 , 2 , 140021 : { BUY 2595.24@0.80470892} 140020 : { BUY 2595.24@0.80470892} 140019 : { SELL 22307.85@0.8079342} 140018 : { SELL 22307.85@0.8079342} 
Tue Nov 11 01:37:52 EST 2014 , 4 , 2 , 2 , 140021 : { BUY 2595.24@0.80470892} 140020 : { BUY 2595.24@0.80470892} 140019 : { SELL 22307.85@0.8079342} 140018 : { SELL 22307.85@0.8079342} 
Tue Nov 11 01:40:53 EST 2014 , 4 , 2 , 2 , 140021 : { BUY 2595.24@0.80470892} 140020 : { BUY 2595.24@0.80470892} 140019 : { SELL 22307.85@0.8079342} 140018 : { SELL 22307.85@0.8079342} 
Tue Nov 11 01:43:54 EST 2014 , 4 , 2 , 2 , 140021 : { BUY 2595.24@0.80470892} 140020 : { BUY 2595.24@0.80470892} 140019 : { SELL 22307.85@0.8079342} 140018 : { SELL 22307.85@0.8079342} 
Tue Nov 11 01:46:55 EST 2014 , 4 , 2 , 2 , 140021 : { BUY 2595.24@0.80470892} 140020 : { BUY 2595.24@0.80470892} 140019 : { SELL 22307.85@0.8079342} 140018 : { SELL 22307.85@0.8079342} 
Tue Nov 11 01:49:56 EST 2014 , 4 , 2 , 2 , 140021 : { BUY 2595.24@0.80470892} 140020 : { BUY 2595.24@0.80470892} 140019 : { SELL 22307.85@0.8079342} 140018 : { SELL 22307.85@0.8079342} 
Tue Nov 11 01:52:57 EST 2014 , 4 , 2 , 2 , 140021 : { BUY 2595.24@0.80470892} 140020 : { BUY 2595.24@0.80470892} 140019 : { SELL 22307.85@0.8079342} 140018 : { SELL 22307.85@0.8079342} 
Tue Nov 11 01:55:58 EST 2014 , 4 , 2 , 2 , 140021 : { BUY 2595.24@0.80470892} 140020 : { BUY 2595.24@0.80470892} 140019 : { SELL 22307.85@0.8079342} 140018 : { SELL 22307.85@0.8079342} 
Tue Nov 11 01:58:59 EST 2014 , 4 , 2 , 2 , 140021 : { BUY 2595.24@0.80470892} 140020 : { BUY 2595.24@0.80470892} 140019 : { SELL 22307.85@0.8079342} 140018 : { SELL 22307.85@0.8079342} 
Tue Nov 11 02:02:00 EST 2014 , 4 , 2 , 2 , 140021 : { BUY 2595.24@0.80470892} 140020 : { BUY 2595.24@0.80470892} 140019 : { SELL 22307.85@0.8079342} 140018 : { SELL 22307.85@0.8079342} 
Tue Nov 11 02:05:01 EST 2014 , 4 , 2 , 2 , 140021 : { BUY 2595.24@0.80470892} 140020 : { BUY 2595.24@0.80470892} 140019 : { SELL 22307.85@0.8079342} 140018 : { SELL 22307.85@0.8079342} 
Tue Nov 11 02:08:02 EST 2014 , 4 , 2 , 2 , 140021 : { BUY 2595.24@0.80470892} 140020 : { BUY 2595.24@0.80470892} 140019 : { SELL 22307.85@0.8079342} 140018 : { SELL 22307.85@0.8079342} 
Tue Nov 11 02:11:03 EST 2014 , 4 , 2 , 2 , 140021 : { BUY 2595.24@0.80470892} 140020 : { BUY 2595.24@0.80470892} 140019 : { SELL 22307.85@0.8079342} 140018 : { SELL 22307.85@0.8079342} 
Tue Nov 11 02:14:04 EST 2014 , 4 , 2 , 2 , 140021 : { BUY 2595.24@0.80470892} 140020 : { BUY 2595.24@0.80470892} 140019 : { SELL 22307.85@0.8079342} 140018 : { SELL 22307.85@0.8079342} 
Tue Nov 11 02:17:05 EST 2014 , 4 , 2 , 2 , 140021 : { BUY 2595.24@0.80470892} 140020 : { BUY 2595.24@0.80470892} 140019 : { SELL 22307.85@0.8079342} 140018 : { SELL 22307.85@0.8079342} 
Tue Nov 11 02:20:06 EST 2014 , 4 , 2 , 2 , 140021 : { BUY 2595.24@0.80470892} 140020 : { BUY 2595.24@0.80470892} 140019 : { SELL 22307.85@0.8079342} 140018 : { SELL 22307.85@0.8079342} 
Tue Nov 11 02:23:07 EST 2014 , 4 , 2 , 2 , 140021 : { BUY 2595.24@0.80470892} 140020 : { BUY 2595.24@0.80470892} 140019 : { SELL 22307.85@0.8079342} 140018 : { SELL 22307.85@0.8079342} 
Tue Nov 11 02:26:08 EST 2014 , 4 , 2 , 2 , 140021 : { BUY 2595.24@0.80470892} 140020 : { BUY 2595.24@0.80470892} 140019 : { SELL 22307.85@0.8079342} 140018 : { SELL 22307.85@0.8079342} 
Tue Nov 11 02:29:09 EST 2014 , 4 , 2 , 2 , 140021 : { BUY 2595.24@0.80470892} 140020 : { BUY 2595.24@0.80470892} 140019 : { SELL 22307.85@0.8079342} 140018 : { SELL 22307.85@0.8079342} 
Tue Nov 11 02:32:10 EST 2014 , 4 , 2 , 2 , 140021 : { BUY 2595.24@0.80470892} 140020 : { BUY 2595.24@0.80470892} 140019 : { SELL 22307.85@0.8079342} 140018 : { SELL 22307.85@0.8079342} 
Tue Nov 11 02:35:11 EST 2014 , 4 , 2 , 2 , 140021 : { BUY 2595.24@0.80470892} 140020 : { BUY 2595.24@0.80470892} 140019 : { SELL 22307.85@0.8079342} 140018 : { SELL 22307.85@0.8079342} 
Tue Nov 11 02:38:12 EST 2014 , 4 , 2 , 2 , 140021 : { BUY 2595.24@0.80470892} 140020 : { BUY 2595.24@0.80470892} 140019 : { SELL 22307.85@0.8079342} 140018 : { SELL 22307.85@0.8079342} 
Tue Nov 11 02:41:13 EST 2014 , 4 , 2 , 2 , 140021 : { BUY 2595.24@0.80470892} 140020 : { BUY 2595.24@0.80470892} 140019 : { SELL 22307.85@0.8079342} 140018 : { SELL 22307.85@0.8079342} 
Tue Nov 11 02:44:14 EST 2014 , 4 , 2 , 2 , 140021 : { BUY 2595.24@0.80470892} 140020 : { BUY 2595.24@0.80470892} 140019 : { SELL 22307.85@0.8079342} 140018 : { SELL 22307.85@0.8079342} 
Tue Nov 11 02:47:15 EST 2014 , 4 , 2 , 2 , 140021 : { BUY 2595.24@0.80470892} 140020 : { BUY 2595.24@0.80470892} 140019 : { SELL 22307.85@0.8079342} 140018 : { SELL 22307.85@0.8079342} 
Tue Nov 11 02:50:16 EST 2014 , 4 , 2 , 2 , 140021 : { BUY 2595.24@0.80470892} 140020 : { BUY 2595.24@0.80470892} 140019 : { SELL 22307.85@0.8079342} 140018 : { SELL 22307.85@0.8079342} 
Tue Nov 11 02:53:17 EST 2014 , 4 , 2 , 2 , 140021 : { BUY 2595.24@0.80470892} 140020 : { BUY 2595.24@0.80470892} 140019 : { SELL 22307.85@0.8079342} 140018 : { SELL 22307.85@0.8079342} 
Tue Nov 11 02:56:18 EST 2014 , 4 , 2 , 2 , 140021 : { BUY 2595.24@0.80470892} 140020 : { BUY 2595.24@0.80470892} 140019 : { SELL 22307.85@0.8079342} 140018 : { SELL 22307.85@0.8079342} 
Tue Nov 11 02:59:19 EST 2014 , 4 , 2 , 2 , 140021 : { BUY 2595.24@0.80470892} 140020 : { BUY 2595.24@0.80470892} 140019 : { SELL 22307.85@0.8079342} 140018 : { SELL 22307.85@0.8079342} 
Tue Nov 11 03:02:20 EST 2014 , 4 , 2 , 2 , 140021 : { BUY 2595.24@0.80470892} 140020 : { BUY 2595.24@0.80470892} 140019 : { SELL 22307.85@0.8079342} 140018 : { SELL 22307.85@0.8079342} 
Tue Nov 11 03:05:21 EST 2014 , 4 , 2 , 2 , 140021 : { BUY 2595.24@0.80470892} 140020 : { BUY 2595.24@0.80470892} 140019 : { SELL 22307.85@0.8079342} 140018 : { SELL 22307.85@0.8079342} 
Tue Nov 11 03:08:22 EST 2014 , 4 , 2 , 2 , 140021 : { BUY 2595.24@0.80470892} 140020 : { BUY 2595.24@0.80470892} 140019 : { SELL 22307.85@0.8079342} 140018 : { SELL 22307.85@0.8079342} 
Tue Nov 11 03:11:23 EST 2014 , 4 , 2 , 2 , 140021 : { BUY 2595.24@0.80470892} 140020 : { BUY 2595.24@0.80470892} 140019 : { SELL 22307.85@0.8079342} 140018 : { SELL 22307.85@0.8079342} 
Tue Nov 11 03:14:24 EST 2014 , 4 , 2 , 2 , 140021 : { BUY 2595.24@0.80470892} 140020 : { BUY 2595.24@0.80470892} 140019 : { SELL 22307.85@0.8079342} 140018 : { SELL 22307.85@0.8079342} 
Tue Nov 11 03:17:25 EST 2014 , 4 , 2 , 2 , 140021 : { BUY 2595.24@0.80470892} 140020 : { BUY 2595.24@0.80470892} 140019 : { SELL 22307.85@0.8079342} 140018 : { SELL 22307.85@0.8079342} 
Tue Nov 11 03:20:26 EST 2014 , 4 , 2 , 2 , 140021 : { BUY 2595.24@0.80470892} 140020 : { BUY 2595.24@0.80470892} 140019 : { SELL 22307.85@0.8079342} 140018 : { SELL 22307.85@0.8079342} 
Tue Nov 11 03:23:27 EST 2014 , 4 , 2 , 2 , 140021 : { BUY 2595.24@0.80470892} 140020 : { BUY 2595.24@0.80470892} 140019 : { SELL 22307.85@0.8079342} 140018 : { SELL 22307.85@0.8079342} 
Tue Nov 11 03:26:28 EST 2014 , 4 , 2 , 2 , 140021 : { BUY 2595.24@0.80470892} 140020 : { BUY 2595.24@0.80470892} 140019 : { SELL 22307.85@0.8079342} 140018 : { SELL 22307.85@0.8079342} 
Tue Nov 11 03:29:29 EST 2014 , 4 , 2 , 2 , 140021 : { BUY 2595.24@0.80470892} 140020 : { BUY 2595.24@0.80470892} 140019 : { SELL 22307.85@0.8079342} 140018 : { SELL 22307.85@0.8079342} 
Tue Nov 11 03:32:30 EST 2014 , 4 , 2 , 2 , 140021 : { BUY 2595.24@0.80470892} 140020 : { BUY 2595.24@0.80470892} 140019 : { SELL 22307.85@0.8079342} 140018 : { SELL 22307.85@0.8079342} 
Tue Nov 11 03:35:31 EST 2014 , 4 , 2 , 2 , 140021 : { BUY 2595.24@0.80470892} 140020 : { BUY 2595.24@0.80470892} 140019 : { SELL 22307.85@0.8079342} 140018 : { SELL 22307.85@0.8079342} 
Tue Nov 11 03:38:32 EST 2014 , 4 , 2 , 2 , 140021 : { BUY 2595.24@0.80470892} 140020 : { BUY 2595.24@0.80470892} 140019 : { SELL 22307.85@0.8079342} 140018 : { SELL 22307.85@0.8079342} 
Tue Nov 11 03:41:33 EST 2014 , 4 , 2 , 2 , 140021 : { BUY 2595.24@0.80470892} 140020 : { BUY 2595.24@0.80470892} 140019 : { SELL 22307.85@0.8079342} 140018 : { SELL 22307.85@0.8079342} 
Tue Nov 11 03:44:34 EST 2014 , 4 , 2 , 2 , 140021 : { BUY 2595.24@0.80470892} 140020 : { BUY 2595.24@0.80470892} 140019 : { SELL 22307.85@0.8079342} 140018 : { SELL 22307.85@0.8079342} 
Tue Nov 11 03:47:35 EST 2014 , 4 , 2 , 2 , 140021 : { BUY 2595.24@0.80470892} 140020 : { BUY 2595.24@0.80470892} 140019 : { SELL 22307.85@0.8079342} 140018 : { SELL 22307.85@0.8079342} 
Tue Nov 11 03:50:36 EST 2014 , 4 , 2 , 2 , 140021 : { BUY 2595.24@0.80470892} 140020 : { BUY 2595.24@0.80470892} 140019 : { SELL 22307.85@0.8079342} 140018 : { SELL 22307.85@0.8079342} 
Tue Nov 11 03:53:37 EST 2014 , 4 , 2 , 2 , 140021 : { BUY 2595.24@0.80470892} 140020 : { BUY 2595.24@0.80470892} 140019 : { SELL 22307.85@0.8079342} 140018 : { SELL 22307.85@0.8079342} 
Tue Nov 11 03:56:38 EST 2014 , 4 , 2 , 2 , 140021 : { BUY 2595.24@0.80470892} 140020 : { BUY 2595.24@0.80470892} 140019 : { SELL 22307.85@0.8079342} 140018 : { SELL 22307.85@0.8079342} 
Tue Nov 11 03:59:39 EST 2014 , 4 , 2 , 2 , 140021 : { BUY 2595.24@0.80470892} 140020 : { BUY 2595.24@0.80470892} 140019 : { SELL 22307.85@0.8079342} 140018 : { SELL 22307.85@0.8079342} 
Tue Nov 11 04:02:40 EST 2014 , 4 , 2 , 2 , 140021 : { BUY 2595.24@0.80470892} 140020 : { BUY 2595.24@0.80470892} 140019 : { SELL 22307.85@0.8079342} 140018 : { SELL 22307.85@0.8079342} 
Tue Nov 11 04:05:41 EST 2014 , 4 , 2 , 2 , 140021 : { BUY 2595.24@0.80470892} 140020 : { BUY 2595.24@0.80470892} 140019 : { SELL 22307.85@0.8079342} 140018 : { SELL 22307.85@0.8079342} 
Tue Nov 11 04:08:42 EST 2014 , 4 , 2 , 2 , 140021 : { BUY 2595.24@0.80470892} 140020 : { BUY 2595.24@0.80470892} 140019 : { SELL 22307.85@0.8079342} 140018 : { SELL 22307.85@0.8079342} 
Tue Nov 11 04:11:43 EST 2014 , 4 , 2 , 2 , 140021 : { BUY 2595.24@0.80470892} 140020 : { BUY 2595.24@0.80470892} 140019 : { SELL 22307.85@0.8079342} 140018 : { SELL 22307.85@0.8079342} 
Tue Nov 11 04:14:44 EST 2014 , 4 , 2 , 2 , 140021 : { BUY 2595.24@0.80470892} 140020 : { BUY 2595.24@0.80470892} 140019 : { SELL 22307.85@0.8079342} 140018 : { SELL 22307.85@0.8079342} 
Tue Nov 11 04:17:45 EST 2014 , 4 , 2 , 2 , 140021 : { BUY 2595.24@0.80470892} 140020 : { BUY 2595.24@0.80470892} 140019 : { SELL 22307.85@0.8079342} 140018 : { SELL 22307.85@0.8079342} 
Tue Nov 11 04:20:46 EST 2014 , 4 , 2 , 2 , 140021 : { BUY 2595.24@0.80470892} 140020 : { BUY 2595.24@0.80470892} 140019 : { SELL 22307.85@0.8079342} 140018 : { SELL 22307.85@0.8079342} 
Tue Nov 11 04:23:47 EST 2014 , 4 , 2 , 2 , 140021 : { BUY 2595.24@0.80470892} 140020 : { BUY 2595.24@0.80470892} 140019 : { SELL 22307.85@0.8079342} 140018 : { SELL 22307.85@0.8079342} 
Tue Nov 11 04:26:48 EST 2014 , 4 , 2 , 2 , 140021 : { BUY 2595.24@0.80470892} 140020 : { BUY 2595.24@0.80470892} 140019 : { SELL 22307.85@0.8079342} 140018 : { SELL 22307.85@0.8079342} 
Tue Nov 11 04:29:49 EST 2014 , 4 , 2 , 2 , 140021 : { BUY 2595.24@0.80470892} 140020 : { BUY 2595.24@0.80470892} 140019 : { SELL 22307.85@0.8079342} 140018 : { SELL 22307.85@0.8079342} 
Tue Nov 11 04:32:50 EST 2014 , 4 , 2 , 2 , 140021 : { BUY 2595.24@0.80470892} 140020 : { BUY 2595.24@0.80470892} 140019 : { SELL 22307.85@0.8079342} 140018 : { SELL 22307.85@0.8079342} 
Tue Nov 11 04:35:51 EST 2014 , 4 , 2 , 2 , 140021 : { BUY 2595.24@0.80470892} 140020 : { BUY 2595.24@0.80470892} 140019 : { SELL 22307.85@0.8079342} 140018 : { SELL 22307.85@0.8079342} 
Tue Nov 11 04:38:52 EST 2014 , 4 , 2 , 2 , 140021 : { BUY 2595.24@0.80470892} 140020 : { BUY 2595.24@0.80470892} 140019 : { SELL 22307.85@0.8079342} 140018 : { SELL 22307.85@0.8079342} 
Tue Nov 11 04:41:53 EST 2014 , 4 , 2 , 2 , 140021 : { BUY 2595.24@0.80470892} 140020 : { BUY 2595.24@0.80470892} 140019 : { SELL 22307.85@0.8079342} 140018 : { SELL 22307.85@0.8079342} 
Tue Nov 11 04:44:54 EST 2014 , 4 , 2 , 2 , 140021 : { BUY 2595.24@0.80470892} 140020 : { BUY 2595.24@0.80470892} 140019 : { SELL 22307.85@0.8079342} 140018 : { SELL 22307.85@0.8079342} 
Tue Nov 11 04:47:55 EST 2014 , 4 , 2 , 2 , 140021 : { BUY 2595.24@0.80470892} 140020 : { BUY 2595.24@0.80470892} 140019 : { SELL 22307.85@0.8079342} 140018 : { SELL 22307.85@0.8079342} 
Tue Nov 11 04:50:56 EST 2014 , 4 , 2 , 2 , 140021 : { BUY 2595.24@0.80470892} 140020 : { BUY 2595.24@0.80470892} 140019 : { SELL 22307.85@0.8079342} 140018 : { SELL 22307.85@0.8079342} 
Tue Nov 11 04:53:57 EST 2014 , 4 , 2 , 2 , 140021 : { BUY 2595.24@0.80470892} 140020 : { BUY 2595.24@0.80470892} 140019 : { SELL 22307.85@0.8079342} 140018 : { SELL 22307.85@0.8079342} 
Tue Nov 11 04:56:58 EST 2014 , 4 , 2 , 2 , 140021 : { BUY 2595.24@0.80470892} 140020 : { BUY 2595.24@0.80470892} 140019 : { SELL 22307.85@0.8079342} 140018 : { SELL 22307.85@0.8079342} 
Tue Nov 11 05:00:00 EST 2014 , 4 , 2 , 2 , 140021 : { BUY 2595.24@0.80470892} 140020 : { BUY 2595.24@0.80470892} 140019 : { SELL 22307.85@0.8079342} 140018 : { SELL 22307.85@0.8079342} 
Tue Nov 11 05:03:00 EST 2014 , 4 , 2 , 2 , 140021 : { BUY 2595.24@0.80470892} 140020 : { BUY 2595.24@0.80470892} 140019 : { SELL 22307.85@0.8079342} 140018 : { SELL 22307.85@0.8079342} 
Tue Nov 11 05:06:01 EST 2014 , 4 , 2 , 2 , 140021 : { BUY 2595.24@0.80470892} 140020 : { BUY 2595.24@0.80470892} 140019 : { SELL 22307.85@0.8079342} 140018 : { SELL 22307.85@0.8079342} 
Tue Nov 11 05:09:02 EST 2014 , 4 , 2 , 2 , 140021 : { BUY 2595.24@0.80470892} 140020 : { BUY 2595.24@0.80470892} 140019 : { SELL 22307.85@0.8079342} 140018 : { SELL 22307.85@0.8079342} 
Tue Nov 11 05:12:03 EST 2014 , 4 , 2 , 2 , 140021 : { BUY 2595.24@0.80470892} 140020 : { BUY 2595.24@0.80470892} 140019 : { SELL 22307.85@0.8079342} 140018 : { SELL 22307.85@0.8079342} 
Tue Nov 11 05:15:04 EST 2014 , 4 , 2 , 2 , 140021 : { BUY 2595.24@0.80470892} 140020 : { BUY 2595.24@0.80470892} 140019 : { SELL 22307.85@0.8079342} 140018 : { SELL 22307.85@0.8079342} 
Tue Nov 11 05:18:05 EST 2014 , 4 , 2 , 2 , 140021 : { BUY 2595.24@0.80470892} 140020 : { BUY 2595.24@0.80470892} 140019 : { SELL 22307.85@0.8079342} 140018 : { SELL 22307.85@0.8079342} 
Tue Nov 11 05:21:06 EST 2014 , 4 , 2 , 2 , 140021 : { BUY 2595.24@0.80470892} 140020 : { BUY 2595.24@0.80470892} 140019 : { SELL 22307.85@0.8079342} 140018 : { SELL 22307.85@0.8079342} 
Tue Nov 11 05:24:07 EST 2014 , 4 , 2 , 2 , 140021 : { BUY 2595.24@0.80470892} 140020 : { BUY 2595.24@0.80470892} 140019 : { SELL 22307.85@0.8079342} 140018 : { SELL 22307.85@0.8079342} 
Tue Nov 11 05:27:08 EST 2014 , 4 , 2 , 2 , 140021 : { BUY 2595.24@0.80470892} 140020 : { BUY 2595.24@0.80470892} 140019 : { SELL 22307.85@0.8079342} 140018 : { SELL 22307.85@0.8079342} 
Tue Nov 11 05:30:09 EST 2014 , 4 , 2 , 2 , 140021 : { BUY 2595.24@0.80470892} 140020 : { BUY 2595.24@0.80470892} 140019 : { SELL 22307.85@0.8079342} 140018 : { SELL 22307.85@0.8079342} 
Tue Nov 11 05:33:10 EST 2014 , 4 , 2 , 2 , 140021 : { BUY 2595.24@0.80470892} 140020 : { BUY 2595.24@0.80470892} 140019 : { SELL 22307.85@0.8079342} 140018 : { SELL 22307.85@0.8079342} 
Tue Nov 11 05:36:11 EST 2014 , 4 , 2 , 2 , 140021 : { BUY 2595.24@0.80470892} 140020 : { BUY 2595.24@0.80470892} 140019 : { SELL 22307.85@0.8079342} 140018 : { SELL 22307.85@0.8079342} 
Tue Nov 11 05:39:12 EST 2014 , 4 , 2 , 2 , 140021 : { BUY 2595.24@0.80470892} 140020 : { BUY 2595.24@0.80470892} 140019 : { SELL 22307.85@0.8079342} 140018 : { SELL 22307.85@0.8079342} 
Tue Nov 11 05:42:13 EST 2014 , 4 , 2 , 2 , 140021 : { BUY 2595.24@0.80470892} 140020 : { BUY 2595.24@0.80470892} 140019 : { SELL 22307.85@0.8079342} 140018 : { SELL 22307.85@0.8079342} 
Tue Nov 11 05:45:14 EST 2014 , 4 , 2 , 2 , 140021 : { BUY 2595.24@0.80470892} 140020 : { BUY 2595.24@0.80470892} 140019 : { SELL 22307.85@0.8079342} 140018 : { SELL 22307.85@0.8079342} 
Tue Nov 11 05:48:15 EST 2014 , 4 , 2 , 2 , 140021 : { BUY 2595.24@0.80470892} 140020 : { BUY 2595.24@0.80470892} 140019 : { SELL 22307.85@0.8079342} 140018 : { SELL 22307.85@0.8079342} 
Tue Nov 11 05:51:16 EST 2014 , 4 , 2 , 2 , 140021 : { BUY 2595.24@0.80470892} 140020 : { BUY 2595.24@0.80470892} 140019 : { SELL 22307.85@0.8079342} 140018 : { SELL 22307.85@0.8079342} 
Tue Nov 11 05:54:17 EST 2014 , 4 , 2 , 2 , 140021 : { BUY 2595.24@0.80470892} 140020 : { BUY 2595.24@0.80470892} 140019 : { SELL 22307.85@0.8079342} 140018 : { SELL 22307.85@0.8079342} 
Tue Nov 11 05:57:18 EST 2014 , 4 , 2 , 2 , 140021 : { BUY 2595.24@0.80470892} 140020 : { BUY 2595.24@0.80470892} 140019 : { SELL 22307.85@0.8079342} 140018 : { SELL 22307.85@0.8079342} 
Tue Nov 11 06:00:19 EST 2014 , 4 , 2 , 2 , 140021 : { BUY 2595.24@0.80470892} 140020 : { BUY 2595.24@0.80470892} 140019 : { SELL 22307.85@0.8079342} 140018 : { SELL 22307.85@0.8079342} 
Tue Nov 11 06:03:20 EST 2014 , 4 , 2 , 2 , 140021 : { BUY 2595.24@0.80470892} 140020 : { BUY 2595.24@0.80470892} 140019 : { SELL 22307.85@0.8079342} 140018 : { SELL 22307.85@0.8079342} 
Tue Nov 11 06:06:21 EST 2014 , 4 , 2 , 2 , 140021 : { BUY 2595.24@0.80470892} 140020 : { BUY 2595.24@0.80470892} 140019 : { SELL 22307.85@0.8079342} 140018 : { SELL 22307.85@0.8079342} 
Tue Nov 11 06:09:22 EST 2014 , 4 , 2 , 2 , 140021 : { BUY 2595.24@0.80470892} 140020 : { BUY 2595.24@0.80470892} 140019 : { SELL 22307.85@0.8079342} 140018 : { SELL 22307.85@0.8079342} 
Tue Nov 11 06:12:23 EST 2014 , 4 , 2 , 2 , 140021 : { BUY 2595.24@0.80470892} 140020 : { BUY 2595.24@0.80470892} 140019 : { SELL 22307.85@0.8079342} 140018 : { SELL 22307.85@0.8079342} 
Tue Nov 11 06:15:24 EST 2014 , 4 , 2 , 2 , 140021 : { BUY 2595.24@0.80470892} 140020 : { BUY 2595.24@0.80470892} 140019 : { SELL 22307.85@0.8079342} 140018 : { SELL 22307.85@0.8079342} 
Tue Nov 11 06:18:25 EST 2014 , 4 , 2 , 2 , 140021 : { BUY 2595.24@0.80470892} 140020 : { BUY 2595.24@0.80470892} 140019 : { SELL 22307.85@0.8079342} 140018 : { SELL 22307.85@0.8079342} 
Tue Nov 11 06:21:26 EST 2014 , 4 , 2 , 2 , 140021 : { BUY 2595.24@0.80470892} 140020 : { BUY 2595.24@0.80470892} 140019 : { SELL 22307.85@0.8079342} 140018 : { SELL 22307.85@0.8079342} 
Tue Nov 11 06:24:27 EST 2014 , 4 , 2 , 2 , 140021 : { BUY 2595.24@0.80470892} 140020 : { BUY 2595.24@0.80470892} 140019 : { SELL 22307.85@0.8079342} 140018 : { SELL 22307.85@0.8079342} 
Tue Nov 11 06:27:28 EST 2014 , 4 , 2 , 2 , 140021 : { BUY 2595.24@0.80470892} 140020 : { BUY 2595.24@0.80470892} 140019 : { SELL 22307.85@0.8079342} 140018 : { SELL 22307.85@0.8079342} 
Tue Nov 11 06:30:29 EST 2014 , 4 , 2 , 2 , 140021 : { BUY 2595.24@0.80470892} 140020 : { BUY 2595.24@0.80470892} 140019 : { SELL 22307.85@0.8079342} 140018 : { SELL 22307.85@0.8079342} 
Tue Nov 11 06:33:30 EST 2014 , 4 , 2 , 2 , 140021 : { BUY 2595.24@0.80470892} 140020 : { BUY 2595.24@0.80470892} 140019 : { SELL 22307.85@0.8079342} 140018 : { SELL 22307.85@0.8079342} 
Tue Nov 11 06:36:31 EST 2014 , 4 , 2 , 2 , 140021 : { BUY 2595.24@0.80470892} 140020 : { BUY 2595.24@0.80470892} 140019 : { SELL 22307.85@0.8079342} 140018 : { SELL 22307.85@0.8079342} 
Tue Nov 11 06:39:32 EST 2014 , 4 , 2 , 2 , 140021 : { BUY 2595.24@0.80470892} 140020 : { BUY 2595.24@0.80470892} 140019 : { SELL 22307.85@0.8079342} 140018 : { SELL 22307.85@0.8079342} 
Tue Nov 11 06:42:33 EST 2014 , 4 , 2 , 2 , 140021 : { BUY 2595.24@0.80470892} 140020 : { BUY 2595.24@0.80470892} 140019 : { SELL 22307.85@0.8079342} 140018 : { SELL 22307.85@0.8079342} 
Tue Nov 11 06:45:34 EST 2014 , 4 , 2 , 2 , 140021 : { BUY 2595.24@0.80470892} 140020 : { BUY 2595.24@0.80470892} 140019 : { SELL 22307.85@0.8079342} 140018 : { SELL 22307.85@0.8079342} 
Tue Nov 11 06:48:35 EST 2014 , 4 , 2 , 2 , 140021 : { BUY 2595.24@0.80470892} 140020 : { BUY 2595.24@0.80470892} 140019 : { SELL 22307.85@0.8079342} 140018 : { SELL 22307.85@0.8079342} 
Tue Nov 11 06:51:36 EST 2014 , 4 , 2 , 2 , 140021 : { BUY 2595.24@0.80470892} 140020 : { BUY 2595.24@0.80470892} 140019 : { SELL 22307.85@0.8079342} 140018 : { SELL 22307.85@0.8079342} 
Tue Nov 11 06:54:37 EST 2014 , 4 , 2 , 2 , 140021 : { BUY 2595.24@0.80470892} 140020 : { BUY 2595.24@0.80470892} 140019 : { SELL 22307.85@0.8079342} 140018 : { SELL 22307.85@0.8079342} 
Tue Nov 11 06:57:38 EST 2014 , 4 , 2 , 2 , 140021 : { BUY 2595.24@0.80470892} 140020 : { BUY 2595.24@0.80470892} 140019 : { SELL 22307.85@0.8079342} 140018 : { SELL 22307.85@0.8079342} 
Tue Nov 11 07:00:39 EST 2014 , 4 , 2 , 2 , 140021 : { BUY 2595.24@0.80470892} 140020 : { BUY 2595.24@0.80470892} 140019 : { SELL 22307.85@0.8079342} 140018 : { SELL 22307.85@0.8079342} 
Tue Nov 11 07:03:40 EST 2014 , 4 , 2 , 2 , 140021 : { BUY 2595.24@0.80470892} 140020 : { BUY 2595.24@0.80470892} 140019 : { SELL 22307.85@0.8079342} 140018 : { SELL 22307.85@0.8079342} 
Tue Nov 11 07:06:41 EST 2014 , 4 , 2 , 2 , 140021 : { BUY 2595.24@0.80470892} 140020 : { BUY 2595.24@0.80470892} 140019 : { SELL 22307.85@0.8079342} 140018 : { SELL 22307.85@0.8079342} 
Tue Nov 11 07:09:42 EST 2014 , 4 , 2 , 2 , 140021 : { BUY 2595.24@0.80470892} 140020 : { BUY 2595.24@0.80470892} 140019 : { SELL 22307.85@0.8079342} 140018 : { SELL 22307.85@0.8079342} 
Tue Nov 11 07:12:43 EST 2014 , 4 , 2 , 2 , 140021 : { BUY 2595.24@0.80470892} 140020 : { BUY 2595.24@0.80470892} 140019 : { SELL 22307.85@0.8079342} 140018 : { SELL 22307.85@0.8079342} 
Tue Nov 11 07:15:44 EST 2014 , 4 , 2 , 2 , 140021 : { BUY 2595.24@0.80470892} 140020 : { BUY 2595.24@0.80470892} 140019 : { SELL 22307.85@0.8079342} 140018 : { SELL 22307.85@0.8079342} 
Tue Nov 11 07:18:45 EST 2014 , 4 , 2 , 2 , 140021 : { BUY 2595.24@0.80470892} 140020 : { BUY 2595.24@0.80470892} 140019 : { SELL 22307.85@0.8079342} 140018 : { SELL 22307.85@0.8079342} 
Tue Nov 11 07:21:46 EST 2014 , 4 , 2 , 2 , 140021 : { BUY 2595.24@0.80470892} 140020 : { BUY 2595.24@0.80470892} 140019 : { SELL 22307.85@0.8079342} 140018 : { SELL 22307.85@0.8079342} 
Tue Nov 11 07:24:47 EST 2014 , 4 , 2 , 2 , 140021 : { BUY 2595.24@0.80470892} 140020 : { BUY 2595.24@0.80470892} 140019 : { SELL 22307.85@0.8079342} 140018 : { SELL 22307.85@0.8079342} 
Tue Nov 11 07:27:48 EST 2014 , 4 , 2 , 2 , 140021 : { BUY 2595.24@0.80470892} 140020 : { BUY 2595.24@0.80470892} 140019 : { SELL 22307.85@0.8079342} 140018 : { SELL 22307.85@0.8079342} 
Tue Nov 11 07:30:49 EST 2014 , 4 , 2 , 2 , 140021 : { BUY 2595.24@0.80470892} 140020 : { BUY 2595.24@0.80470892} 140019 : { SELL 22307.85@0.8079342} 140018 : { SELL 22307.85@0.8079342} 
Tue Nov 11 07:33:50 EST 2014 , 4 , 2 , 2 , 140021 : { BUY 2595.24@0.80470892} 140020 : { BUY 2595.24@0.80470892} 140019 : { SELL 22307.85@0.8079342} 140018 : { SELL 22307.85@0.8079342} 
Tue Nov 11 07:36:51 EST 2014 , 4 , 2 , 2 , 140021 : { BUY 2595.24@0.80470892} 140020 : { BUY 2595.24@0.80470892} 140019 : { SELL 22307.85@0.8079342} 140018 : { SELL 22307.85@0.8079342} 
Tue Nov 11 07:39:52 EST 2014 , 4 , 2 , 2 , 140021 : { BUY 2595.24@0.80470892} 140020 : { BUY 2595.24@0.80470892} 140019 : { SELL 22307.85@0.8079342} 140018 : { SELL 22307.85@0.8079342} 
Tue Nov 11 07:42:53 EST 2014 , 4 , 2 , 2 , 140021 : { BUY 2595.24@0.80470892} 140020 : { BUY 2595.24@0.80470892} 140019 : { SELL 22307.85@0.8079342} 140018 : { SELL 22307.85@0.8079342} 
Tue Nov 11 07:45:54 EST 2014 , 4 , 2 , 2 , 140021 : { BUY 2595.24@0.80470892} 140020 : { BUY 2595.24@0.80470892} 140019 : { SELL 22307.85@0.8079342} 140018 : { SELL 22307.85@0.8079342} 
Tue Nov 11 07:48:55 EST 2014 , 4 , 2 , 2 , 140021 : { BUY 2595.24@0.80470892} 140020 : { BUY 2595.24@0.80470892} 140019 : { SELL 22307.85@0.8079342} 140018 : { SELL 22307.85@0.8079342} 
Tue Nov 11 07:51:56 EST 2014 , 4 , 2 , 2 , 140021 : { BUY 2595.24@0.80470892} 140020 : { BUY 2595.24@0.80470892} 140019 : { SELL 22307.85@0.8079342} 140018 : { SELL 22307.85@0.8079342} 
Tue Nov 11 07:54:57 EST 2014 , 4 , 2 , 2 , 140021 : { BUY 2595.24@0.80470892} 140020 : { BUY 2595.24@0.80470892} 140019 : { SELL 22307.85@0.8079342} 140018 : { SELL 22307.85@0.8079342} 
Tue Nov 11 07:57:58 EST 2014 , 4 , 2 , 2 , 140021 : { BUY 2595.24@0.80470892} 140020 : { BUY 2595.24@0.80470892} 140019 : { SELL 22307.85@0.8079342} 140018 : { SELL 22307.85@0.8079342} 
Tue Nov 11 08:00:59 EST 2014 , 4 , 2 , 2 , 140021 : { BUY 2595.24@0.80470892} 140020 : { BUY 2595.24@0.80470892} 140019 : { SELL 22307.85@0.8079342} 140018 : { SELL 22307.85@0.8079342} 
Tue Nov 11 08:04:00 EST 2014 , 4 , 2 , 2 , 140021 : { BUY 2595.24@0.80470892} 140020 : { BUY 2595.24@0.80470892} 140019 : { SELL 22307.85@0.8079342} 140018 : { SELL 22307.85@0.8079342} 
Tue Nov 11 08:07:01 EST 2014 , 4 , 2 , 2 , 140021 : { BUY 2595.24@0.80470892} 140020 : { BUY 2595.24@0.80470892} 140019 : { SELL 22307.85@0.8079342} 140018 : { SELL 22307.85@0.8079342} 
Tue Nov 11 08:10:02 EST 2014 , 4 , 2 , 2 , 140021 : { BUY 2595.24@0.80470892} 140020 : { BUY 2595.24@0.80470892} 140019 : { SELL 22307.85@0.8079342} 140018 : { SELL 22307.85@0.8079342} 
Tue Nov 11 08:13:03 EST 2014 , 4 , 2 , 2 , 140021 : { BUY 2595.24@0.80470892} 140020 : { BUY 2595.24@0.80470892} 140019 : { SELL 22307.85@0.8079342} 140018 : { SELL 22307.85@0.8079342} 
Tue Nov 11 08:16:04 EST 2014 , 4 , 2 , 2 , 140021 : { BUY 2595.24@0.80470892} 140020 : { BUY 2595.24@0.80470892} 140019 : { SELL 22307.85@0.8079342} 140018 : { SELL 22307.85@0.8079342} 
Tue Nov 11 08:19:05 EST 2014 , 4 , 2 , 2 , 140021 : { BUY 2595.24@0.80470892} 140020 : { BUY 2595.24@0.80470892} 140019 : { SELL 22307.85@0.8079342} 140018 : { SELL 22307.85@0.8079342} 
Tue Nov 11 08:22:06 EST 2014 , 4 , 2 , 2 , 140021 : { BUY 2595.24@0.80470892} 140020 : { BUY 2595.24@0.80470892} 140019 : { SELL 22307.85@0.8079342} 140018 : { SELL 22307.85@0.8079342} 
Tue Nov 11 08:25:07 EST 2014 , 4 , 2 , 2 , 140021 : { BUY 2595.24@0.80470892} 140020 : { BUY 2595.24@0.80470892} 140019 : { SELL 22307.85@0.8079342} 140018 : { SELL 22307.85@0.8079342} 
Tue Nov 11 08:28:08 EST 2014 , 4 , 2 , 2 , 140021 : { BUY 2595.24@0.80470892} 140020 : { BUY 2595.24@0.80470892} 140019 : { SELL 22307.85@0.8079342} 140018 : { SELL 22307.85@0.8079342} 
Tue Nov 11 08:31:09 EST 2014 , 4 , 2 , 2 , 140021 : { BUY 2595.24@0.80470892} 140020 : { BUY 2595.24@0.80470892} 140019 : { SELL 22307.85@0.8079342} 140018 : { SELL 22307.85@0.8079342} 
Tue Nov 11 08:34:10 EST 2014 , 4 , 2 , 2 , 140021 : { BUY 2595.24@0.80470892} 140020 : { BUY 2595.24@0.80470892} 140019 : { SELL 22307.85@0.8079342} 140018 : { SELL 22307.85@0.8079342} 
Tue Nov 11 08:37:11 EST 2014 , 4 , 2 , 2 , 140021 : { BUY 2595.24@0.80470892} 140020 : { BUY 2595.24@0.80470892} 140019 : { SELL 22307.85@0.8079342} 140018 : { SELL 22307.85@0.8079342} 
Tue Nov 11 08:40:12 EST 2014 , 4 , 2 , 2 , 140021 : { BUY 2595.24@0.80470892} 140020 : { BUY 2595.24@0.80470892} 140019 : { SELL 22307.85@0.8079342} 140018 : { SELL 22307.85@0.8079342} 
Tue Nov 11 08:43:13 EST 2014 , 4 , 2 , 2 , 140021 : { BUY 2595.24@0.80470892} 140020 : { BUY 2595.24@0.80470892} 140019 : { SELL 22307.85@0.8079342} 140018 : { SELL 22307.85@0.8079342} 
Tue Nov 11 08:46:14 EST 2014 , 4 , 2 , 2 , 140021 : { BUY 2595.24@0.80470892} 140020 : { BUY 2595.24@0.80470892} 140019 : { SELL 22307.85@0.8079342} 140018 : { SELL 22307.85@0.8079342} 
Tue Nov 11 08:49:15 EST 2014 , 4 , 2 , 2 , 140021 : { BUY 2595.24@0.80470892} 140020 : { BUY 2595.24@0.80470892} 140019 : { SELL 22307.85@0.8079342} 140018 : { SELL 22307.85@0.8079342} 
Tue Nov 11 08:52:16 EST 2014 , 4 , 2 , 2 , 140021 : { BUY 2595.24@0.80470892} 140020 : { BUY 2595.24@0.80470892} 140019 : { SELL 22307.85@0.8079342} 140018 : { SELL 22307.85@0.8079342} 
Tue Nov 11 08:55:17 EST 2014 , 4 , 2 , 2 , 140021 : { BUY 2595.24@0.80470892} 140020 : { BUY 2595.24@0.80470892} 140019 : { SELL 22307.85@0.8079342} 140018 : { SELL 22307.85@0.8079342} 
Tue Nov 11 08:58:18 EST 2014 , 4 , 2 , 2 , 140021 : { BUY 2595.24@0.80470892} 140020 : { BUY 2595.24@0.80470892} 140019 : { SELL 22307.85@0.8079342} 140018 : { SELL 22307.85@0.8079342} 
Tue Nov 11 09:01:19 EST 2014 , 4 , 2 , 2 , 140021 : { BUY 2595.24@0.80470892} 140020 : { BUY 2595.24@0.80470892} 140019 : { SELL 22307.85@0.8079342} 140018 : { SELL 22307.85@0.8079342} 
Tue Nov 11 09:04:20 EST 2014 , 4 , 2 , 2 , 140021 : { BUY 2595.24@0.80470892} 140020 : { BUY 2595.24@0.80470892} 140019 : { SELL 22307.85@0.8079342} 140018 : { SELL 22307.85@0.8079342} 
Tue Nov 11 09:07:21 EST 2014 , 4 , 2 , 2 , 140021 : { BUY 2595.24@0.80470892} 140020 : { BUY 2595.24@0.80470892} 140019 : { SELL 22307.85@0.8079342} 140018 : { SELL 22307.85@0.8079342} 
Tue Nov 11 09:10:22 EST 2014 , 4 , 2 , 2 , 140021 : { BUY 2595.24@0.80470892} 140020 : { BUY 2595.24@0.80470892} 140019 : { SELL 22307.85@0.8079342} 140018 : { SELL 22307.85@0.8079342} 
Tue Nov 11 09:13:23 EST 2014 , 4 , 2 , 2 , 140021 : { BUY 2595.24@0.80470892} 140020 : { BUY 2595.24@0.80470892} 140019 : { SELL 22307.85@0.8079342} 140018 : { SELL 22307.85@0.8079342} 
Tue Nov 11 09:16:24 EST 2014 , 4 , 2 , 2 , 140021 : { BUY 2595.24@0.80470892} 140020 : { BUY 2595.24@0.80470892} 140019 : { SELL 22307.85@0.8079342} 140018 : { SELL 22307.85@0.8079342} 
Tue Nov 11 09:19:25 EST 2014 , 4 , 2 , 2 , 140021 : { BUY 2595.24@0.80470892} 140020 : { BUY 2595.24@0.80470892} 140019 : { SELL 22307.85@0.8079342} 140018 : { SELL 22307.85@0.8079342} 
Tue Nov 11 09:22:26 EST 2014 , 4 , 2 , 2 , 140021 : { BUY 2595.24@0.80470892} 140020 : { BUY 2595.24@0.80470892} 140019 : { SELL 22307.85@0.8079342} 140018 : { SELL 22307.85@0.8079342} 
Tue Nov 11 09:25:27 EST 2014 , 4 , 2 , 2 , 140021 : { BUY 2595.24@0.80470892} 140020 : { BUY 2595.24@0.80470892} 140019 : { SELL 22307.85@0.8079342} 140018 : { SELL 22307.85@0.8079342} 
Tue Nov 11 09:28:28 EST 2014 , 4 , 2 , 2 , 140021 : { BUY 2595.24@0.80470892} 140020 : { BUY 2595.24@0.80470892} 140019 : { SELL 22307.85@0.8079342} 140018 : { SELL 22307.85@0.8079342} 
Tue Nov 11 09:31:29 EST 2014 , 4 , 2 , 2 , 140021 : { BUY 2595.24@0.80470892} 140020 : { BUY 2595.24@0.80470892} 140019 : { SELL 22307.85@0.8079342} 140018 : { SELL 22307.85@0.8079342} 
Tue Nov 11 09:34:30 EST 2014 , 4 , 2 , 2 , 140021 : { BUY 2595.24@0.80470892} 140020 : { BUY 2595.24@0.80470892} 140019 : { SELL 22307.85@0.8079342} 140018 : { SELL 22307.85@0.8079342} 
Tue Nov 11 09:37:31 EST 2014 , 4 , 2 , 2 , 140021 : { BUY 2595.24@0.80470892} 140020 : { BUY 2595.24@0.80470892} 140019 : { SELL 22307.85@0.8079342} 140018 : { SELL 22307.85@0.8079342} 
Tue Nov 11 09:40:32 EST 2014 , 4 , 2 , 2 , 140021 : { BUY 2595.24@0.80470892} 140020 : { BUY 2595.24@0.80470892} 140019 : { SELL 22307.85@0.8079342} 140018 : { SELL 22307.85@0.8079342} 
Tue Nov 11 09:43:33 EST 2014 , 4 , 2 , 2 , 140021 : { BUY 2595.24@0.80470892} 140020 : { BUY 2595.24@0.80470892} 140019 : { SELL 22307.85@0.8079342} 140018 : { SELL 22307.85@0.8079342} 
Tue Nov 11 09:46:34 EST 2014 , 4 , 2 , 2 , 140021 : { BUY 2595.24@0.80470892} 140020 : { BUY 2595.24@0.80470892} 140019 : { SELL 22307.85@0.8079342} 140018 : { SELL 22307.85@0.8079342} 
Tue Nov 11 09:49:35 EST 2014 , 4 , 2 , 2 , 140021 : { BUY 2595.24@0.80470892} 140020 : { BUY 2595.24@0.80470892} 140019 : { SELL 22307.85@0.8079342} 140018 : { SELL 22307.85@0.8079342} 
Tue Nov 11 09:52:36 EST 2014 , 4 , 2 , 2 , 140021 : { BUY 2595.24@0.80470892} 140020 : { BUY 2595.24@0.80470892} 140019 : { SELL 22307.85@0.8079342} 140018 : { SELL 22307.85@0.8079342} 
Tue Nov 11 09:55:37 EST 2014 , 4 , 2 , 2 , 140021 : { BUY 2595.24@0.80470892} 140020 : { BUY 2595.24@0.80470892} 140019 : { SELL 22307.85@0.8079342} 140018 : { SELL 22307.85@0.8079342} 
Tue Nov 11 09:58:38 EST 2014 , 4 , 2 , 2 , 140021 : { BUY 2595.24@0.80470892} 140020 : { BUY 2595.24@0.80470892} 140019 : { SELL 22307.85@0.8079342} 140018 : { SELL 22307.85@0.8079342} 
Tue Nov 11 10:01:40 EST 2014 , 4 , 2 , 2 , 140021 : { BUY 2595.24@0.80470892} 140020 : { BUY 2595.24@0.80470892} 140019 : { SELL 22307.85@0.8079342} 140018 : { SELL 22307.85@0.8079342} 
Tue Nov 11 10:04:40 EST 2014 , 4 , 2 , 2 , 140021 : { BUY 2595.24@0.80470892} 140020 : { BUY 2595.24@0.80470892} 140019 : { SELL 22307.85@0.8079342} 140018 : { SELL 22307.85@0.8079342} 
Tue Nov 11 10:07:41 EST 2014 , 4 , 2 , 2 , 140021 : { BUY 2595.24@0.80470892} 140020 : { BUY 2595.24@0.80470892} 140019 : { SELL 22307.85@0.8079342} 140018 : { SELL 22307.85@0.8079342} 
Tue Nov 11 10:10:42 EST 2014 , 4 , 2 , 2 , 140021 : { BUY 2595.24@0.80470892} 140020 : { BUY 2595.24@0.80470892} 140019 : { SELL 22307.85@0.8079342} 140018 : { SELL 22307.85@0.8079342} 
Tue Nov 11 10:13:43 EST 2014 , 4 , 2 , 2 , 140021 : { BUY 2595.24@0.80470892} 140020 : { BUY 2595.24@0.80470892} 140019 : { SELL 22307.85@0.8079342} 140018 : { SELL 22307.85@0.8079342} 
Tue Nov 11 10:16:44 EST 2014 , 4 , 2 , 2 , 140021 : { BUY 2595.24@0.80470892} 140020 : { BUY 2595.24@0.80470892} 140019 : { SELL 22307.85@0.8079342} 140018 : { SELL 22307.85@0.8079342} 
Tue Nov 11 10:19:45 EST 2014 , 4 , 2 , 2 , 140021 : { BUY 2595.24@0.80470892} 140020 : { BUY 2595.24@0.80470892} 140019 : { SELL 22307.85@0.8079342} 140018 : { SELL 22307.85@0.8079342} 
Tue Nov 11 10:22:46 EST 2014 , 4 , 2 , 2 , 140021 : { BUY 2595.24@0.80470892} 140020 : { BUY 2595.24@0.80470892} 140019 : { SELL 22307.85@0.8079342} 140018 : { SELL 22307.85@0.8079342} 
Tue Nov 11 10:25:47 EST 2014 , 4 , 2 , 2 , 140021 : { BUY 2595.24@0.80470892} 140020 : { BUY 2595.24@0.80470892} 140019 : { SELL 22307.85@0.8079342} 140018 : { SELL 22307.85@0.8079342} 
Tue Nov 11 10:28:48 EST 2014 , 4 , 2 , 2 , 140021 : { BUY 2595.24@0.80470892} 140020 : { BUY 2595.24@0.80470892} 140019 : { SELL 22307.85@0.8079342} 140018 : { SELL 22307.85@0.8079342} 
Tue Nov 11 10:31:49 EST 2014 , 4 , 2 , 2 , 140021 : { BUY 2595.24@0.80470892} 140020 : { BUY 2595.24@0.80470892} 140019 : { SELL 22307.85@0.8079342} 140018 : { SELL 22307.85@0.8079342} 
Tue Nov 11 10:34:50 EST 2014 , 4 , 2 , 2 , 140021 : { BUY 2595.24@0.80470892} 140020 : { BUY 2595.24@0.80470892} 140019 : { SELL 22307.85@0.8079342} 140018 : { SELL 22307.85@0.8079342} 
Tue Nov 11 10:37:51 EST 2014 , 4 , 2 , 2 , 140021 : { BUY 2595.24@0.80470892} 140020 : { BUY 2595.24@0.80470892} 140019 : { SELL 22307.85@0.8079342} 140018 : { SELL 22307.85@0.8079342} 
Tue Nov 11 10:40:52 EST 2014 , 4 , 2 , 2 , 140021 : { BUY 2595.24@0.80470892} 140020 : { BUY 2595.24@0.80470892} 140019 : { SELL 22307.85@0.8079342} 140018 : { SELL 22307.85@0.8079342} 
Tue Nov 11 10:43:53 EST 2014 , 4 , 2 , 2 , 140021 : { BUY 2595.24@0.80470892} 140020 : { BUY 2595.24@0.80470892} 140019 : { SELL 22307.85@0.8079342} 140018 : { SELL 22307.85@0.8079342} 
Tue Nov 11 10:46:54 EST 2014 , 4 , 2 , 2 , 140021 : { BUY 2595.24@0.80470892} 140020 : { BUY 2595.24@0.80470892} 140019 : { SELL 22307.85@0.8079342} 140018 : { SELL 22307.85@0.8079342} 
Tue Nov 11 10:49:55 EST 2014 , 4 , 2 , 2 , 140021 : { BUY 2595.24@0.80470892} 140020 : { BUY 2595.24@0.80470892} 140019 : { SELL 22307.85@0.8079342} 140018 : { SELL 22307.85@0.8079342} 
Tue Nov 11 10:52:56 EST 2014 , 4 , 2 , 2 , 140021 : { BUY 2595.24@0.80470892} 140020 : { BUY 2595.24@0.80470892} 140019 : { SELL 22307.85@0.8079342} 140018 : { SELL 22307.85@0.8079342} 
Tue Nov 11 10:55:57 EST 2014 , 4 , 2 , 2 , 140021 : { BUY 2595.24@0.80470892} 140020 : { BUY 2595.24@0.80470892} 140019 : { SELL 22307.85@0.8079342} 140018 : { SELL 22307.85@0.8079342} 
Tue Nov 11 10:58:58 EST 2014 , 4 , 2 , 2 , 140021 : { BUY 2595.24@0.80470892} 140020 : { BUY 2595.24@0.80470892} 140019 : { SELL 22307.85@0.8079342} 140018 : { SELL 22307.85@0.8079342} 
Tue Nov 11 11:01:59 EST 2014 , 4 , 2 , 2 , 140021 : { BUY 2595.24@0.80470892} 140020 : { BUY 2595.24@0.80470892} 140019 : { SELL 22307.85@0.8079342} 140018 : { SELL 22307.85@0.8079342} 
Tue Nov 11 11:05:00 EST 2014 , 4 , 2 , 2 , 140021 : { BUY 2595.24@0.80470892} 140020 : { BUY 2595.24@0.80470892} 140019 : { SELL 22307.85@0.8079342} 140018 : { SELL 22307.85@0.8079342} 
Tue Nov 11 11:08:01 EST 2014 , 4 , 2 , 2 , 140021 : { BUY 2595.24@0.80470892} 140020 : { BUY 2595.24@0.80470892} 140019 : { SELL 22307.85@0.8079342} 140018 : { SELL 22307.85@0.8079342} 
Tue Nov 11 11:11:02 EST 2014 , 4 , 2 , 2 , 140021 : { BUY 2595.24@0.80470892} 140020 : { BUY 2595.24@0.80470892} 140019 : { SELL 22307.85@0.8079342} 140018 : { SELL 22307.85@0.8079342} 
Tue Nov 11 11:14:03 EST 2014 , 4 , 2 , 2 , 140021 : { BUY 2595.24@0.80470892} 140020 : { BUY 2595.24@0.80470892} 140019 : { SELL 22307.85@0.8079342} 140018 : { SELL 22307.85@0.8079342} 
Tue Nov 11 11:17:04 EST 2014 , 4 , 2 , 2 , 140021 : { BUY 2595.24@0.80470892} 140020 : { BUY 2595.24@0.80470892} 140019 : { SELL 22307.85@0.8079342} 140018 : { SELL 22307.85@0.8079342} 
Tue Nov 11 11:20:05 EST 2014 , 4 , 2 , 2 , 140021 : { BUY 2595.24@0.80470892} 140020 : { BUY 2595.24@0.80470892} 140019 : { SELL 22307.85@0.8079342} 140018 : { SELL 22307.85@0.8079342} 
Tue Nov 11 11:23:06 EST 2014 , 4 , 2 , 2 , 140021 : { BUY 2595.24@0.80470892} 140020 : { BUY 2595.24@0.80470892} 140019 : { SELL 22307.85@0.8079342} 140018 : { SELL 22307.85@0.8079342} 
Tue Nov 11 11:26:07 EST 2014 , 4 , 2 , 2 , 140021 : { BUY 2595.24@0.80470892} 140020 : { BUY 2595.24@0.80470892} 140019 : { SELL 22307.85@0.8079342} 140018 : { SELL 22307.85@0.8079342} 
Tue Nov 11 11:29:08 EST 2014 , 4 , 2 , 2 , 140021 : { BUY 2595.24@0.80470892} 140020 : { BUY 2595.24@0.80470892} 140019 : { SELL 22307.85@0.8079342} 140018 : { SELL 22307.85@0.8079342} 
Tue Nov 11 11:32:09 EST 2014 , 4 , 2 , 2 , 140021 : { BUY 2595.24@0.80470892} 140020 : { BUY 2595.24@0.80470892} 140019 : { SELL 22307.85@0.8079342} 140018 : { SELL 22307.85@0.8079342} 
Tue Nov 11 11:35:10 EST 2014 , 4 , 2 , 2 , 140021 : { BUY 2595.24@0.80470892} 140020 : { BUY 2595.24@0.80470892} 140019 : { SELL 22307.85@0.8079342} 140018 : { SELL 22307.85@0.8079342} 
Tue Nov 11 11:38:11 EST 2014 , 4 , 2 , 2 , 140021 : { BUY 2595.24@0.80470892} 140020 : { BUY 2595.24@0.80470892} 140019 : { SELL 22307.85@0.8079342} 140018 : { SELL 22307.85@0.8079342} 
Tue Nov 11 11:41:12 EST 2014 , 4 , 2 , 2 , 140021 : { BUY 2595.24@0.80470892} 140020 : { BUY 2595.24@0.80470892} 140019 : { SELL 22307.85@0.8079342} 140018 : { SELL 22307.85@0.8079342} 
Tue Nov 11 11:44:13 EST 2014 , 4 , 2 , 2 , 140021 : { BUY 2595.24@0.80470892} 140020 : { BUY 2595.24@0.80470892} 140019 : { SELL 22307.85@0.8079342} 140018 : { SELL 22307.85@0.8079342} 
Tue Nov 11 11:47:14 EST 2014 , 4 , 2 , 2 , 140021 : { BUY 2595.24@0.80470892} 140020 : { BUY 2595.24@0.80470892} 140019 : { SELL 22307.85@0.8079342} 140018 : { SELL 22307.85@0.8079342} 
Tue Nov 11 11:50:15 EST 2014 , 4 , 2 , 2 , 140021 : { BUY 2595.24@0.80470892} 140020 : { BUY 2595.24@0.80470892} 140019 : { SELL 22307.85@0.8079342} 140018 : { SELL 22307.85@0.8079342} 
Tue Nov 11 11:53:16 EST 2014 , 4 , 2 , 2 , 140021 : { BUY 2595.24@0.80470892} 140020 : { BUY 2595.24@0.80470892} 140019 : { SELL 22307.85@0.8079342} 140018 : { SELL 22307.85@0.8079342} 
Tue Nov 11 11:56:17 EST 2014 , 4 , 2 , 2 , 140021 : { BUY 2595.24@0.80470892} 140020 : { BUY 2595.24@0.80470892} 140019 : { SELL 22307.85@0.8079342} 140018 : { SELL 22307.85@0.8079342} 
Tue Nov 11 11:59:18 EST 2014 , 4 , 2 , 2 , 140021 : { BUY 2595.24@0.80470892} 140020 : { BUY 2595.24@0.80470892} 140019 : { SELL 22307.85@0.8079342} 140018 : { SELL 22307.85@0.8079342} 
Tue Nov 11 12:02:19 EST 2014 , 4 , 2 , 2 , 140021 : { BUY 2595.24@0.80470892} 140020 : { BUY 2595.24@0.80470892} 140019 : { SELL 22307.85@0.8079342} 140018 : { SELL 22307.85@0.8079342} 
Tue Nov 11 12:05:20 EST 2014 , 4 , 2 , 2 , 140021 : { BUY 2595.24@0.80470892} 140020 : { BUY 2595.24@0.80470892} 140019 : { SELL 22307.85@0.8079342} 140018 : { SELL 22307.85@0.8079342} 
Tue Nov 11 12:08:21 EST 2014 , 4 , 2 , 2 , 140021 : { BUY 2595.24@0.80470892} 140020 : { BUY 2595.24@0.80470892} 140019 : { SELL 22307.85@0.8079342} 140018 : { SELL 22307.85@0.8079342} 
Tue Nov 11 12:11:22 EST 2014 , 4 , 2 , 2 , 140021 : { BUY 2595.24@0.80470892} 140020 : { BUY 2595.24@0.80470892} 140019 : { SELL 22307.85@0.8079342} 140018 : { SELL 22307.85@0.8079342} 
Tue Nov 11 12:14:23 EST 2014 , 4 , 2 , 2 , 140021 : { BUY 2595.24@0.80470892} 140020 : { BUY 2595.24@0.80470892} 140019 : { SELL 22307.85@0.8079342} 140018 : { SELL 22307.85@0.8079342} 
Tue Nov 11 12:17:24 EST 2014 , 4 , 2 , 2 , 140021 : { BUY 2595.24@0.80470892} 140020 : { BUY 2595.24@0.80470892} 140019 : { SELL 22307.85@0.8079342} 140018 : { SELL 22307.85@0.8079342} 
Tue Nov 11 12:20:25 EST 2014 , 4 , 2 , 2 , 140021 : { BUY 2595.24@0.80470892} 140020 : { BUY 2595.24@0.80470892} 140019 : { SELL 22307.85@0.8079342} 140018 : { SELL 22307.85@0.8079342} 
Tue Nov 11 12:23:26 EST 2014 , 4 , 2 , 2 , 140021 : { BUY 2595.24@0.80470892} 140020 : { BUY 2595.24@0.80470892} 140019 : { SELL 22307.85@0.8079342} 140018 : { SELL 22307.85@0.8079342} 
Tue Nov 11 12:26:27 EST 2014 , 4 , 2 , 2 , 140021 : { BUY 2595.24@0.80470892} 140020 : { BUY 2595.24@0.80470892} 140019 : { SELL 22307.85@0.8079342} 140018 : { SELL 22307.85@0.8079342} 
Tue Nov 11 12:29:28 EST 2014 , 4 , 2 , 2 , 140021 : { BUY 2595.24@0.80470892} 140020 : { BUY 2595.24@0.80470892} 140019 : { SELL 22307.85@0.8079342} 140018 : { SELL 22307.85@0.8079342} 
Tue Nov 11 12:32:29 EST 2014 , 4 , 2 , 2 , 140021 : { BUY 2595.24@0.80470892} 140020 : { BUY 2595.24@0.80470892} 140019 : { SELL 22307.85@0.8079342} 140018 : { SELL 22307.85@0.8079342} 
Tue Nov 11 12:35:30 EST 2014 , 4 , 2 , 2 , 140021 : { BUY 2595.24@0.80470892} 140020 : { BUY 2595.24@0.80470892} 140019 : { SELL 22307.85@0.8079342} 140018 : { SELL 22307.85@0.8079342} 
Tue Nov 11 12:38:31 EST 2014 , 4 , 2 , 2 , 140021 : { BUY 2595.24@0.80470892} 140020 : { BUY 2595.24@0.80470892} 140019 : { SELL 22307.85@0.8079342} 140018 : { SELL 22307.85@0.8079342} 
Tue Nov 11 12:41:32 EST 2014 , 4 , 2 , 2 , 140021 : { BUY 2595.24@0.80470892} 140020 : { BUY 2595.24@0.80470892} 140019 : { SELL 22307.85@0.8079342} 140018 : { SELL 22307.85@0.8079342} 
Tue Nov 11 12:44:33 EST 2014 , 4 , 2 , 2 , 140021 : { BUY 2595.24@0.80470892} 140020 : { BUY 2595.24@0.80470892} 140019 : { SELL 22307.85@0.8079342} 140018 : { SELL 22307.85@0.8079342} 
Tue Nov 11 12:47:34 EST 2014 , 4 , 2 , 2 , 140021 : { BUY 2595.24@0.80470892} 140020 : { BUY 2595.24@0.80470892} 140019 : { SELL 22307.85@0.8079342} 140018 : { SELL 22307.85@0.8079342} 
Tue Nov 11 12:50:35 EST 2014 , 4 , 2 , 2 , 140021 : { BUY 2595.24@0.80470892} 140020 : { BUY 2595.24@0.80470892} 140019 : { SELL 22307.85@0.8079342} 140018 : { SELL 22307.85@0.8079342} 
Tue Nov 11 12:53:36 EST 2014 , 4 , 2 , 2 , 140021 : { BUY 2595.24@0.80470892} 140020 : { BUY 2595.24@0.80470892} 140019 : { SELL 22307.85@0.8079342} 140018 : { SELL 22307.85@0.8079342} 
Tue Nov 11 12:56:37 EST 2014 , 4 , 2 , 2 , 140021 : { BUY 2595.24@0.80470892} 140020 : { BUY 2595.24@0.80470892} 140019 : { SELL 22307.85@0.8079342} 140018 : { SELL 22307.85@0.8079342} 
Tue Nov 11 12:59:38 EST 2014 , 4 , 2 , 2 , 140021 : { BUY 2595.24@0.80470892} 140020 : { BUY 2595.24@0.80470892} 140019 : { SELL 22307.85@0.8079342} 140018 : { SELL 22307.85@0.8079342} 
Tue Nov 11 13:02:39 EST 2014 , 4 , 2 , 2 , 140021 : { BUY 2595.24@0.80470892} 140020 : { BUY 2595.24@0.80470892} 140019 : { SELL 22307.85@0.8079342} 140018 : { SELL 22307.85@0.8079342} 
Tue Nov 11 13:05:40 EST 2014 , 4 , 2 , 2 , 140021 : { BUY 2595.24@0.80470892} 140020 : { BUY 2595.24@0.80470892} 140019 : { SELL 22307.85@0.8079342} 140018 : { SELL 22307.85@0.8079342} 
Tue Nov 11 13:08:41 EST 2014 , 4 , 2 , 2 , 140021 : { BUY 2595.24@0.80470892} 140020 : { BUY 2595.24@0.80470892} 140019 : { SELL 22307.85@0.8079342} 140018 : { SELL 22307.85@0.8079342} 
Tue Nov 11 13:11:42 EST 2014 , 4 , 2 , 2 , 140021 : { BUY 2595.24@0.80470892} 140020 : { BUY 2595.24@0.80470892} 140019 : { SELL 22307.85@0.8079342} 140018 : { SELL 22307.85@0.8079342} 
Tue Nov 11 13:14:43 EST 2014 , 4 , 2 , 2 , 140021 : { BUY 2595.24@0.80470892} 140020 : { BUY 2595.24@0.80470892} 140019 : { SELL 22307.85@0.8079342} 140018 : { SELL 22307.85@0.8079342} 
Tue Nov 11 13:17:44 EST 2014 , 4 , 2 , 2 , 140021 : { BUY 2595.24@0.80470892} 140020 : { BUY 2595.24@0.80470892} 140019 : { SELL 22307.85@0.8079342} 140018 : { SELL 22307.85@0.8079342} 
Tue Nov 11 13:20:45 EST 2014 , 4 , 2 , 2 , 140021 : { BUY 2595.24@0.80470892} 140020 : { BUY 2595.24@0.80470892} 140019 : { SELL 22307.85@0.8079342} 140018 : { SELL 22307.85@0.8079342} 
Tue Nov 11 13:23:46 EST 2014 , 4 , 2 , 2 , 140021 : { BUY 2595.24@0.80470892} 140020 : { BUY 2595.24@0.80470892} 140019 : { SELL 22307.85@0.8079342} 140018 : { SELL 22307.85@0.8079342} 
Tue Nov 11 13:26:47 EST 2014 , 4 , 2 , 2 , 140021 : { BUY 2595.24@0.80470892} 140020 : { BUY 2595.24@0.80470892} 140019 : { SELL 22307.85@0.8079342} 140018 : { SELL 22307.85@0.8079342} 
Tue Nov 11 13:29:48 EST 2014 , 4 , 2 , 2 , 140021 : { BUY 2595.24@0.80470892} 140020 : { BUY 2595.24@0.80470892} 140019 : { SELL 22307.85@0.8079342} 140018 : { SELL 22307.85@0.8079342} 
Tue Nov 11 13:32:49 EST 2014 , 4 , 2 , 2 , 140021 : { BUY 2595.24@0.80470892} 140020 : { BUY 2595.24@0.80470892} 140019 : { SELL 22307.85@0.8079342} 140018 : { SELL 22307.85@0.8079342} 
Tue Nov 11 13:35:50 EST 2014 , 4 , 2 , 2 , 140021 : { BUY 2595.24@0.80470892} 140020 : { BUY 2595.24@0.80470892} 140019 : { SELL 22307.85@0.8079342} 140018 : { SELL 22307.85@0.8079342} 
Tue Nov 11 13:38:51 EST 2014 , 4 , 2 , 2 , 140021 : { BUY 2595.24@0.80470892} 140020 : { BUY 2595.24@0.80470892} 140019 : { SELL 22307.85@0.8079342} 140018 : { SELL 22307.85@0.8079342} 
Tue Nov 11 13:41:52 EST 2014 , 4 , 2 , 2 , 140021 : { BUY 2595.24@0.80470892} 140020 : { BUY 2595.24@0.80470892} 140019 : { SELL 22307.85@0.8079342} 140018 : { SELL 22307.85@0.8079342} 
Tue Nov 11 13:44:53 EST 2014 , 4 , 2 , 2 , 140021 : { BUY 2595.24@0.80470892} 140020 : { BUY 2595.24@0.80470892} 140019 : { SELL 22307.85@0.8079342} 140018 : { SELL 22307.85@0.8079342} 
Tue Nov 11 13:47:54 EST 2014 , 4 , 2 , 2 , 140021 : { BUY 2595.24@0.80470892} 140020 : { BUY 2595.24@0.80470892} 140019 : { SELL 22307.85@0.8079342} 140018 : { SELL 22307.85@0.8079342} 
Tue Nov 11 13:50:55 EST 2014 , 4 , 2 , 2 , 140021 : { BUY 2595.24@0.80470892} 140020 : { BUY 2595.24@0.80470892} 140019 : { SELL 22307.85@0.8079342} 140018 : { SELL 22307.85@0.8079342} 
Tue Nov 11 13:53:56 EST 2014 , 4 , 2 , 2 , 140021 : { BUY 2595.24@0.80470892} 140020 : { BUY 2595.24@0.80470892} 140019 : { SELL 22307.85@0.8079342} 140018 : { SELL 22307.85@0.8079342} 
Tue Nov 11 13:56:57 EST 2014 , 4 , 2 , 2 , 140021 : { BUY 2595.24@0.80470892} 140020 : { BUY 2595.24@0.80470892} 140019 : { SELL 22307.85@0.8079342} 140018 : { SELL 22307.85@0.8079342} 
Tue Nov 11 13:59:58 EST 2014 , 4 , 2 , 2 , 140021 : { BUY 2595.24@0.80470892} 140020 : { BUY 2595.24@0.80470892} 140019 : { SELL 22307.85@0.8079342} 140018 : { SELL 22307.85@0.8079342} 
Tue Nov 11 14:02:59 EST 2014 , 4 , 2 , 2 , 140021 : { BUY 2595.24@0.80470892} 140020 : { BUY 2595.24@0.80470892} 140019 : { SELL 22307.85@0.8079342} 140018 : { SELL 22307.85@0.8079342} 
Tue Nov 11 14:06:00 EST 2014 , 4 , 2 , 2 , 140021 : { BUY 2595.24@0.80470892} 140020 : { BUY 2595.24@0.80470892} 140019 : { SELL 22307.85@0.8079342} 140018 : { SELL 22307.85@0.8079342} 
Tue Nov 11 14:09:01 EST 2014 , 4 , 2 , 2 , 140021 : { BUY 2595.24@0.80470892} 140020 : { BUY 2595.24@0.80470892} 140019 : { SELL 22307.85@0.8079342} 140018 : { SELL 22307.85@0.8079342} 
Tue Nov 11 14:12:02 EST 2014 , 4 , 2 , 2 , 140021 : { BUY 2595.24@0.80470892} 140020 : { BUY 2595.24@0.80470892} 140019 : { SELL 22307.85@0.8079342} 140018 : { SELL 22307.85@0.8079342} 
Tue Nov 11 14:15:03 EST 2014 , 4 , 2 , 2 , 140021 : { BUY 2595.24@0.80470892} 140020 : { BUY 2595.24@0.80470892} 140019 : { SELL 22307.85@0.8079342} 140018 : { SELL 22307.85@0.8079342} 
Tue Nov 11 14:18:04 EST 2014 , 4 , 2 , 2 , 140021 : { BUY 2595.24@0.80470892} 140020 : { BUY 2595.24@0.80470892} 140019 : { SELL 22307.85@0.8079342} 140018 : { SELL 22307.85@0.8079342} 
Tue Nov 11 14:21:05 EST 2014 , 4 , 2 , 2 , 140021 : { BUY 2595.24@0.80470892} 140020 : { BUY 2595.24@0.80470892} 140019 : { SELL 22307.85@0.8079342} 140018 : { SELL 22307.85@0.8079342} 
Tue Nov 11 14:24:06 EST 2014 , 4 , 2 , 2 , 140021 : { BUY 2595.24@0.80470892} 140020 : { BUY 2595.24@0.80470892} 140019 : { SELL 22307.85@0.8079342} 140018 : { SELL 22307.85@0.8079342} 
Tue Nov 11 14:27:07 EST 2014 , 4 , 2 , 2 , 140021 : { BUY 2595.24@0.80470892} 140020 : { BUY 2595.24@0.80470892} 140019 : { SELL 22307.85@0.8079342} 140018 : { SELL 22307.85@0.8079342} 
Tue Nov 11 14:30:08 EST 2014 , 4 , 2 , 2 , 140021 : { BUY 2595.24@0.80470892} 140020 : { BUY 2595.24@0.80470892} 140019 : { SELL 22307.85@0.8079342} 140018 : { SELL 22307.85@0.8079342} 
Tue Nov 11 14:33:09 EST 2014 , 4 , 2 , 2 , 140021 : { BUY 2595.24@0.80470892} 140020 : { BUY 2595.24@0.80470892} 140019 : { SELL 22307.85@0.8079342} 140018 : { SELL 22307.85@0.8079342} 
Tue Nov 11 14:36:10 EST 2014 , 4 , 2 , 2 , 140021 : { BUY 2595.24@0.80470892} 140020 : { BUY 2595.24@0.80470892} 140019 : { SELL 22307.85@0.8079342} 140018 : { SELL 22307.85@0.8079342} 
Tue Nov 11 14:39:11 EST 2014 , 4 , 2 , 2 , 140021 : { BUY 2595.24@0.80470892} 140020 : { BUY 2595.24@0.80470892} 140019 : { SELL 22307.85@0.8079342} 140018 : { SELL 22307.85@0.8079342} 
Tue Nov 11 14:42:12 EST 2014 , 4 , 2 , 2 , 140021 : { BUY 2595.24@0.80470892} 140020 : { BUY 2595.24@0.80470892} 140019 : { SELL 22307.85@0.8079342} 140018 : { SELL 22307.85@0.8079342} 
Tue Nov 11 14:45:13 EST 2014 , 4 , 2 , 2 , 140021 : { BUY 2595.24@0.80470892} 140020 : { BUY 2595.24@0.80470892} 140019 : { SELL 22307.85@0.8079342} 140018 : { SELL 22307.85@0.8079342} 
Tue Nov 11 14:48:14 EST 2014 , 4 , 2 , 2 , 140021 : { BUY 2595.24@0.80470892} 140020 : { BUY 2595.24@0.80470892} 140019 : { SELL 22307.85@0.8079342} 140018 : { SELL 22307.85@0.8079342} 
Tue Nov 11 14:51:15 EST 2014 , 4 , 2 , 2 , 140021 : { BUY 2595.24@0.80470892} 140020 : { BUY 2595.24@0.80470892} 140019 : { SELL 22307.85@0.8079342} 140018 : { SELL 22307.85@0.8079342} 
Tue Nov 11 14:54:16 EST 2014 , 4 , 2 , 2 , 140021 : { BUY 2595.24@0.80470892} 140020 : { BUY 2595.24@0.80470892} 140019 : { SELL 22307.85@0.8079342} 140018 : { SELL 22307.85@0.8079342} 
Tue Nov 11 14:57:17 EST 2014 , 4 , 2 , 2 , 140021 : { BUY 2595.24@0.80470892} 140020 : { BUY 2595.24@0.80470892} 140019 : { SELL 22307.85@0.8079342} 140018 : { SELL 22307.85@0.8079342} 
Tue Nov 11 15:00:18 EST 2014 , 4 , 2 , 2 , 140021 : { BUY 2595.24@0.80470892} 140020 : { BUY 2595.24@0.80470892} 140019 : { SELL 22307.85@0.8079342} 140018 : { SELL 22307.85@0.8079342} 
Tue Nov 11 15:03:19 EST 2014 , 4 , 2 , 2 , 140021 : { BUY 2595.24@0.80470892} 140020 : { BUY 2595.24@0.80470892} 140019 : { SELL 22307.85@0.8079342} 140018 : { SELL 22307.85@0.8079342} 
Tue Nov 11 15:06:20 EST 2014 , 4 , 2 , 2 , 140021 : { BUY 2595.24@0.80470892} 140020 : { BUY 2595.24@0.80470892} 140019 : { SELL 22307.85@0.8079342} 140018 : { SELL 22307.85@0.8079342} 
Tue Nov 11 15:09:21 EST 2014 , 4 , 2 , 2 , 140021 : { BUY 2595.24@0.80470892} 140020 : { BUY 2595.24@0.80470892} 140019 : { SELL 22307.85@0.8079342} 140018 : { SELL 22307.85@0.8079342} 
Tue Nov 11 15:12:22 EST 2014 , 4 , 2 , 2 , 140021 : { BUY 2595.24@0.80470892} 140020 : { BUY 2595.24@0.80470892} 140019 : { SELL 22307.85@0.8079342} 140018 : { SELL 22307.85@0.8079342} 
Tue Nov 11 15:15:23 EST 2014 , 4 , 2 , 2 , 140021 : { BUY 2595.24@0.80470892} 140020 : { BUY 2595.24@0.80470892} 140019 : { SELL 22307.85@0.8079342} 140018 : { SELL 22307.85@0.8079342} 
Tue Nov 11 15:18:24 EST 2014 , 4 , 2 , 2 , 140021 : { BUY 2595.24@0.80470892} 140020 : { BUY 2595.24@0.80470892} 140019 : { SELL 22307.85@0.8079342} 140018 : { SELL 22307.85@0.8079342} 
Tue Nov 11 15:21:25 EST 2014 , 4 , 2 , 2 , 140021 : { BUY 2595.24@0.80470892} 140020 : { BUY 2595.24@0.80470892} 140019 : { SELL 22307.85@0.8079342} 140018 : { SELL 22307.85@0.8079342} 
Tue Nov 11 15:24:26 EST 2014 , 4 , 2 , 2 , 140021 : { BUY 2595.24@0.80470892} 140020 : { BUY 2595.24@0.80470892} 140019 : { SELL 22307.85@0.8079342} 140018 : { SELL 22307.85@0.8079342} 
Tue Nov 11 15:27:27 EST 2014 , 4 , 2 , 2 , 140021 : { BUY 2595.24@0.80470892} 140020 : { BUY 2595.24@0.80470892} 140019 : { SELL 22307.85@0.8079342} 140018 : { SELL 22307.85@0.8079342} 
Tue Nov 11 15:30:28 EST 2014 , 4 , 2 , 2 , 140021 : { BUY 2595.24@0.80470892} 140020 : { BUY 2595.24@0.80470892} 140019 : { SELL 22307.85@0.8079342} 140018 : { SELL 22307.85@0.8079342} 
Tue Nov 11 15:33:29 EST 2014 , 4 , 2 , 2 , 140021 : { BUY 2595.24@0.80470892} 140020 : { BUY 2595.24@0.80470892} 140019 : { SELL 22307.85@0.8079342} 140018 : { SELL 22307.85@0.8079342} 
Tue Nov 11 15:36:30 EST 2014 , 4 , 2 , 2 , 140021 : { BUY 2595.24@0.80470892} 140020 : { BUY 2595.24@0.80470892} 140019 : { SELL 22307.85@0.8079342} 140018 : { SELL 22307.85@0.8079342} 
Tue Nov 11 15:39:31 EST 2014 , 4 , 2 , 2 , 140021 : { BUY 2595.24@0.80470892} 140020 : { BUY 2595.24@0.80470892} 140019 : { SELL 22307.85@0.8079342} 140018 : { SELL 22307.85@0.8079342} 
Tue Nov 11 15:42:32 EST 2014 , 4 , 2 , 2 , 140021 : { BUY 2595.24@0.80470892} 140020 : { BUY 2595.24@0.80470892} 140019 : { SELL 22307.85@0.8079342} 140018 : { SELL 22307.85@0.8079342} 
Tue Nov 11 15:45:33 EST 2014 , 4 , 2 , 2 , 140021 : { BUY 2595.24@0.80470892} 140020 : { BUY 2595.24@0.80470892} 140019 : { SELL 22307.85@0.8079342} 140018 : { SELL 22307.85@0.8079342} 
Tue Nov 11 15:48:34 EST 2014 , 4 , 2 , 2 , 140021 : { BUY 2595.24@0.80470892} 140020 : { BUY 2595.24@0.80470892} 140019 : { SELL 22307.85@0.8079342} 140018 : { SELL 22307.85@0.8079342} 
Tue Nov 11 15:51:35 EST 2014 , 4 , 2 , 2 , 140021 : { BUY 2595.24@0.80470892} 140020 : { BUY 2595.24@0.80470892} 140019 : { SELL 22307.85@0.8079342} 140018 : { SELL 22307.85@0.8079342} 
Tue Nov 11 15:54:36 EST 2014 , 4 , 2 , 2 , 140021 : { BUY 2595.24@0.80470892} 140020 : { BUY 2595.24@0.80470892} 140019 : { SELL 22307.85@0.8079342} 140018 : { SELL 22307.85@0.8079342} 
Tue Nov 11 15:57:37 EST 2014 , 4 , 2 , 2 , 140021 : { BUY 2595.24@0.80470892} 140020 : { BUY 2595.24@0.80470892} 140019 : { SELL 22307.85@0.8079342} 140018 : { SELL 22307.85@0.8079342} 
Tue Nov 11 16:00:38 EST 2014 , 4 , 2 , 2 , 140021 : { BUY 2595.24@0.80470892} 140020 : { BUY 2595.24@0.80470892} 140019 : { SELL 22307.85@0.8079342} 140018 : { SELL 22307.85@0.8079342} 
Tue Nov 11 16:03:39 EST 2014 , 4 , 2 , 2 , 140021 : { BUY 2595.24@0.80470892} 140020 : { BUY 2595.24@0.80470892} 140019 : { SELL 22307.85@0.8079342} 140018 : { SELL 22307.85@0.8079342} 
Tue Nov 11 16:06:40 EST 2014 , 4 , 2 , 2 , 140021 : { BUY 2595.24@0.80470892} 140020 : { BUY 2595.24@0.80470892} 140019 : { SELL 22307.85@0.8079342} 140018 : { SELL 22307.85@0.8079342} 
Tue Nov 11 16:09:41 EST 2014 , 4 , 2 , 2 , 140021 : { BUY 2595.24@0.80470892} 140020 : { BUY 2595.24@0.80470892} 140019 : { SELL 22307.85@0.8079342} 140018 : { SELL 22307.85@0.8079342} 
Tue Nov 11 16:12:42 EST 2014 , 4 , 2 , 2 , 140021 : { BUY 2595.24@0.80470892} 140020 : { BUY 2595.24@0.80470892} 140019 : { SELL 22307.85@0.8079342} 140018 : { SELL 22307.85@0.8079342} 
Tue Nov 11 16:15:43 EST 2014 , 4 , 2 , 2 , 140021 : { BUY 2595.24@0.80470892} 140020 : { BUY 2595.24@0.80470892} 140019 : { SELL 22307.85@0.8079342} 140018 : { SELL 22307.85@0.8079342} 
Tue Nov 11 16:18:44 EST 2014 , 4 , 2 , 2 , 140021 : { BUY 2595.24@0.80470892} 140020 : { BUY 2595.24@0.80470892} 140019 : { SELL 22307.85@0.8079342} 140018 : { SELL 22307.85@0.8079342} 
Tue Nov 11 16:21:45 EST 2014 , 4 , 2 , 2 , 140021 : { BUY 2595.24@0.80470892} 140020 : { BUY 2595.24@0.80470892} 140019 : { SELL 22307.85@0.8079342} 140018 : { SELL 22307.85@0.8079342} 
Tue Nov 11 16:24:46 EST 2014 , 4 , 2 , 2 , 140021 : { BUY 2595.24@0.80470892} 140020 : { BUY 2595.24@0.80470892} 140019 : { SELL 22307.85@0.8079342} 140018 : { SELL 22307.85@0.8079342} 
Tue Nov 11 16:27:47 EST 2014 , 4 , 2 , 2 , 140021 : { BUY 2595.24@0.80470892} 140020 : { BUY 2595.24@0.80470892} 140019 : { SELL 22307.85@0.8079342} 140018 : { SELL 22307.85@0.8079342} 
Tue Nov 11 16:30:48 EST 2014 , 4 , 2 , 2 , 140021 : { BUY 2595.24@0.80470892} 140020 : { BUY 2595.24@0.80470892} 140019 : { SELL 22307.85@0.8079342} 140018 : { SELL 22307.85@0.8079342} 
Tue Nov 11 16:33:49 EST 2014 , 4 , 2 , 2 , 140021 : { BUY 2595.24@0.80470892} 140020 : { BUY 2595.24@0.80470892} 140019 : { SELL 22307.85@0.8079342} 140018 : { SELL 22307.85@0.8079342} 
Tue Nov 11 16:36:50 EST 2014 , 4 , 2 , 2 , 140021 : { BUY 2595.24@0.80470892} 140020 : { BUY 2595.24@0.80470892} 140019 : { SELL 22307.85@0.8079342} 140018 : { SELL 22307.85@0.8079342} 
Tue Nov 11 16:39:51 EST 2014 , 4 , 2 , 2 , 140021 : { BUY 2595.24@0.80470892} 140020 : { BUY 2595.24@0.80470892} 140019 : { SELL 22307.85@0.8079342} 140018 : { SELL 22307.85@0.8079342} 
Tue Nov 11 16:42:52 EST 2014 , 4 , 2 , 2 , 140021 : { BUY 2595.24@0.80470892} 140020 : { BUY 2595.24@0.80470892} 140019 : { SELL 22307.85@0.8079342} 140018 : { SELL 22307.85@0.8079342} 
Tue Nov 11 16:45:53 EST 2014 , 4 , 2 , 2 , 140021 : { BUY 2595.24@0.80470892} 140020 : { BUY 2595.24@0.80470892} 140019 : { SELL 22307.85@0.8079342} 140018 : { SELL 22307.85@0.8079342} 
Tue Nov 11 16:48:54 EST 2014 , 4 , 2 , 2 , 140021 : { BUY 2595.24@0.80470892} 140020 : { BUY 2595.24@0.80470892} 140019 : { SELL 22307.85@0.8079342} 140018 : { SELL 22307.85@0.8079342} 
Tue Nov 11 16:51:55 EST 2014 , 4 , 2 , 2 , 140021 : { BUY 2595.24@0.80470892} 140020 : { BUY 2595.24@0.80470892} 140019 : { SELL 22307.85@0.8079342} 140018 : { SELL 22307.85@0.8079342} 
Tue Nov 11 16:54:56 EST 2014 , 4 , 2 , 2 , 140021 : { BUY 2595.24@0.80470892} 140020 : { BUY 2595.24@0.80470892} 140019 : { SELL 22307.85@0.8079342} 140018 : { SELL 22307.85@0.8079342} 
Tue Nov 11 16:57:57 EST 2014 , 4 , 2 , 2 , 140021 : { BUY 2595.24@0.80470892} 140020 : { BUY 2595.24@0.80470892} 140019 : { SELL 22307.85@0.8079342} 140018 : { SELL 22307.85@0.8079342} 
Tue Nov 11 17:00:58 EST 2014 , 4 , 2 , 2 , 140021 : { BUY 2595.24@0.80470892} 140020 : { BUY 2595.24@0.80470892} 140019 : { SELL 22307.85@0.8079342} 140018 : { SELL 22307.85@0.8079342} 
Tue Nov 11 17:03:59 EST 2014 , 4 , 2 , 2 , 140021 : { BUY 2595.24@0.80470892} 140020 : { BUY 2595.24@0.80470892} 140019 : { SELL 22307.85@0.8079342} 140018 : { SELL 22307.85@0.8079342} 
Tue Nov 11 17:07:00 EST 2014 , 4 , 2 , 2 , 140021 : { BUY 2595.24@0.80470892} 140020 : { BUY 2595.24@0.80470892} 140019 : { SELL 22307.85@0.8079342} 140018 : { SELL 22307.85@0.8079342} 
Tue Nov 11 17:10:01 EST 2014 , 4 , 2 , 2 , 140021 : { BUY 2595.24@0.80470892} 140020 : { BUY 2595.24@0.80470892} 140019 : { SELL 22307.85@0.8079342} 140018 : { SELL 22307.85@0.8079342} 
Tue Nov 11 17:13:02 EST 2014 , 4 , 2 , 2 , 140021 : { BUY 2595.24@0.80470892} 140020 : { BUY 2595.24@0.80470892} 140019 : { SELL 22307.85@0.8079342} 140018 : { SELL 22307.85@0.8079342} 
Tue Nov 11 17:16:03 EST 2014 , 4 , 2 , 2 , 140021 : { BUY 2595.24@0.80470892} 140020 : { BUY 2595.24@0.80470892} 140019 : { SELL 22307.85@0.8079342} 140018 : { SELL 22307.85@0.8079342} 
Tue Nov 11 17:19:04 EST 2014 , 4 , 2 , 2 , 140021 : { BUY 2595.24@0.80470892} 140020 : { BUY 2595.24@0.80470892} 140019 : { SELL 22307.85@0.8079342} 140018 : { SELL 22307.85@0.8079342} 
Tue Nov 11 17:22:05 EST 2014 , 4 , 2 , 2 , 140021 : { BUY 2595.24@0.80470892} 140020 : { BUY 2595.24@0.80470892} 140019 : { SELL 22307.85@0.8079342} 140018 : { SELL 22307.85@0.8079342} 
Tue Nov 11 17:25:06 EST 2014 , 4 , 2 , 2 , 140021 : { BUY 2595.24@0.80470892} 140020 : { BUY 2595.24@0.80470892} 140019 : { SELL 22307.85@0.8079342} 140018 : { SELL 22307.85@0.8079342} 
Tue Nov 11 17:28:07 EST 2014 , 4 , 2 , 2 , 140021 : { BUY 2595.24@0.80470892} 140020 : { BUY 2595.24@0.80470892} 140019 : { SELL 22307.85@0.8079342} 140018 : { SELL 22307.85@0.8079342} 
Tue Nov 11 17:31:08 EST 2014 , 4 , 2 , 2 , 140021 : { BUY 2595.24@0.80470892} 140020 : { BUY 2595.24@0.80470892} 140019 : { SELL 22307.85@0.8079342} 140018 : { SELL 22307.85@0.8079342} 
Tue Nov 11 17:34:09 EST 2014 , 4 , 2 , 2 , 140021 : { BUY 2595.24@0.80470892} 140020 : { BUY 2595.24@0.80470892} 140019 : { SELL 22307.85@0.8079342} 140018 : { SELL 22307.85@0.8079342} 
Tue Nov 11 17:37:10 EST 2014 , 4 , 2 , 2 , 140021 : { BUY 2595.24@0.80470892} 140020 : { BUY 2595.24@0.80470892} 140019 : { SELL 22307.85@0.8079342} 140018 : { SELL 22307.85@0.8079342} 
Tue Nov 11 17:40:11 EST 2014 , 4 , 2 , 2 , 140021 : { BUY 2595.24@0.80470892} 140020 : { BUY 2595.24@0.80470892} 140019 : { SELL 22307.85@0.8079342} 140018 : { SELL 22307.85@0.8079342} 
Tue Nov 11 17:43:12 EST 2014 , 4 , 2 , 2 , 140021 : { BUY 2595.24@0.80470892} 140020 : { BUY 2595.24@0.80470892} 140019 : { SELL 22307.85@0.8079342} 140018 : { SELL 22307.85@0.8079342} 
Tue Nov 11 17:46:13 EST 2014 , 4 , 2 , 2 , 140021 : { BUY 2595.24@0.80470892} 140020 : { BUY 2595.24@0.80470892} 140019 : { SELL 22307.85@0.8079342} 140018 : { SELL 22307.85@0.8079342} 
Tue Nov 11 17:49:14 EST 2014 , 4 , 2 , 2 , 140021 : { BUY 2595.24@0.80470892} 140020 : { BUY 2595.24@0.80470892} 140019 : { SELL 22307.85@0.8079342} 140018 : { SELL 22307.85@0.8079342} 
Tue Nov 11 17:52:15 EST 2014 , 4 , 2 , 2 , 140021 : { BUY 2595.24@0.80470892} 140020 : { BUY 2595.24@0.80470892} 140019 : { SELL 22307.85@0.8079342} 140018 : { SELL 22307.85@0.8079342} 
Tue Nov 11 17:55:16 EST 2014 , 4 , 2 , 2 , 140021 : { BUY 2595.24@0.80470892} 140020 : { BUY 2595.24@0.80470892} 140019 : { SELL 22307.85@0.8079342} 140018 : { SELL 22307.85@0.8079342} 
Tue Nov 11 17:58:17 EST 2014 , 4 , 2 , 2 , 140021 : { BUY 2595.24@0.80470892} 140020 : { BUY 2595.24@0.80470892} 140019 : { SELL 22307.85@0.8079342} 140018 : { SELL 22307.85@0.8079342} 
Tue Nov 11 18:01:18 EST 2014 , 4 , 2 , 2 , 140021 : { BUY 2595.24@0.80470892} 140020 : { BUY 2595.24@0.80470892} 140019 : { SELL 22307.85@0.8079342} 140018 : { SELL 22307.85@0.8079342} 
Tue Nov 11 18:04:19 EST 2014 , 4 , 2 , 2 , 140021 : { BUY 2595.24@0.80470892} 140020 : { BUY 2595.24@0.80470892} 140019 : { SELL 22307.85@0.8079342} 140018 : { SELL 22307.85@0.8079342} 
Tue Nov 11 18:07:20 EST 2014 , 4 , 2 , 2 , 140021 : { BUY 2595.24@0.80470892} 140020 : { BUY 2595.24@0.80470892} 140019 : { SELL 22307.85@0.8079342} 140018 : { SELL 22307.85@0.8079342} 
Tue Nov 11 18:10:21 EST 2014 , 4 , 2 , 2 , 140021 : { BUY 2595.24@0.80470892} 140020 : { BUY 2595.24@0.80470892} 140019 : { SELL 22307.85@0.8079342} 140018 : { SELL 22307.85@0.8079342} 
Tue Nov 11 18:13:22 EST 2014 , 4 , 2 , 2 , 140021 : { BUY 2595.24@0.80470892} 140020 : { BUY 2595.24@0.80470892} 140019 : { SELL 22307.85@0.8079342} 140018 : { SELL 22307.85@0.8079342} 
Tue Nov 11 18:16:23 EST 2014 , 4 , 2 , 2 , 140021 : { BUY 2595.24@0.80470892} 140020 : { BUY 2595.24@0.80470892} 140019 : { SELL 22307.85@0.8079342} 140018 : { SELL 22307.85@0.8079342} 
Tue Nov 11 18:19:24 EST 2014 , 4 , 2 , 2 , 140021 : { BUY 2595.24@0.80470892} 140020 : { BUY 2595.24@0.80470892} 140019 : { SELL 22307.85@0.8079342} 140018 : { SELL 22307.85@0.8079342} 
Tue Nov 11 18:22:25 EST 2014 , 4 , 2 , 2 , 140021 : { BUY 2595.24@0.80470892} 140020 : { BUY 2595.24@0.80470892} 140019 : { SELL 22307.85@0.8079342} 140018 : { SELL 22307.85@0.8079342} 
Tue Nov 11 18:25:26 EST 2014 , 4 , 2 , 2 , 140021 : { BUY 2595.24@0.80470892} 140020 : { BUY 2595.24@0.80470892} 140019 : { SELL 22307.85@0.8079342} 140018 : { SELL 22307.85@0.8079342} 
Tue Nov 11 18:28:27 EST 2014 , 4 , 2 , 2 , 140021 : { BUY 2595.24@0.80470892} 140020 : { BUY 2595.24@0.80470892} 140019 : { SELL 22307.85@0.8079342} 140018 : { SELL 22307.85@0.8079342} 
Tue Nov 11 18:31:28 EST 2014 , 4 , 2 , 2 , 140021 : { BUY 2595.24@0.80470892} 140020 : { BUY 2595.24@0.80470892} 140019 : { SELL 22307.85@0.8079342} 140018 : { SELL 22307.85@0.8079342} 
Tue Nov 11 18:34:29 EST 2014 , 4 , 2 , 2 , 140021 : { BUY 2595.24@0.80470892} 140020 : { BUY 2595.24@0.80470892} 140019 : { SELL 22307.85@0.8079342} 140018 : { SELL 22307.85@0.8079342} 
Tue Nov 11 18:37:30 EST 2014 , 4 , 2 , 2 , 140021 : { BUY 2595.24@0.80470892} 140020 : { BUY 2595.24@0.80470892} 140019 : { SELL 22307.85@0.8079342} 140018 : { SELL 22307.85@0.8079342} 
Tue Nov 11 18:40:31 EST 2014 , 4 , 2 , 2 , 140021 : { BUY 2595.24@0.80470892} 140020 : { BUY 2595.24@0.80470892} 140019 : { SELL 22307.85@0.8079342} 140018 : { SELL 22307.85@0.8079342} 
Tue Nov 11 18:43:32 EST 2014 , 4 , 2 , 2 , 140021 : { BUY 2595.24@0.80470892} 140020 : { BUY 2595.24@0.80470892} 140019 : { SELL 22307.85@0.8079342} 140018 : { SELL 22307.85@0.8079342} 
Tue Nov 11 18:46:33 EST 2014 , 4 , 2 , 2 , 140021 : { BUY 2595.24@0.80470892} 140020 : { BUY 2595.24@0.80470892} 140019 : { SELL 22307.85@0.8079342} 140018 : { SELL 22307.85@0.8079342} 
Tue Nov 11 18:49:34 EST 2014 , 4 , 2 , 2 , 140021 : { BUY 2595.24@0.80470892} 140020 : { BUY 2595.24@0.80470892} 140019 : { SELL 22307.85@0.8079342} 140018 : { SELL 22307.85@0.8079342} 
Tue Nov 11 18:52:35 EST 2014 , 4 , 2 , 2 , 140021 : { BUY 2595.24@0.80470892} 140020 : { BUY 2595.24@0.80470892} 140019 : { SELL 22307.85@0.8079342} 140018 : { SELL 22307.85@0.8079342} 
Tue Nov 11 18:55:36 EST 2014 , 4 , 2 , 2 , 140021 : { BUY 2595.24@0.80470892} 140020 : { BUY 2595.24@0.80470892} 140019 : { SELL 22307.85@0.8079342} 140018 : { SELL 22307.85@0.8079342} 
Tue Nov 11 18:58:37 EST 2014 , 4 , 2 , 2 , 140021 : { BUY 2595.24@0.80470892} 140020 : { BUY 2595.24@0.80470892} 140019 : { SELL 22307.85@0.8079342} 140018 : { SELL 22307.85@0.8079342} 
Tue Nov 11 19:01:38 EST 2014 , 4 , 2 , 2 , 140021 : { BUY 2595.24@0.80470892} 140020 : { BUY 2595.24@0.80470892} 140019 : { SELL 22307.85@0.8079342} 140018 : { SELL 22307.85@0.8079342} 
Tue Nov 11 19:04:39 EST 2014 , 4 , 2 , 2 , 140021 : { BUY 2595.24@0.80470892} 140020 : { BUY 2595.24@0.80470892} 140019 : { SELL 22307.85@0.8079342} 140018 : { SELL 22307.85@0.8079342} 
Tue Nov 11 19:07:40 EST 2014 , 4 , 2 , 2 , 140021 : { BUY 2595.24@0.80470892} 140020 : { BUY 2595.24@0.80470892} 140019 : { SELL 22307.85@0.8079342} 140018 : { SELL 22307.85@0.8079342} 
Tue Nov 11 19:10:41 EST 2014 , 4 , 2 , 2 , 140021 : { BUY 2595.24@0.80470892} 140020 : { BUY 2595.24@0.80470892} 140019 : { SELL 22307.85@0.8079342} 140018 : { SELL 22307.85@0.8079342} 
Tue Nov 11 19:13:42 EST 2014 , 4 , 2 , 2 , 140021 : { BUY 2595.24@0.80470892} 140020 : { BUY 2595.24@0.80470892} 140019 : { SELL 22307.85@0.8079342} 140018 : { SELL 22307.85@0.8079342} 
Tue Nov 11 19:16:43 EST 2014 , 4 , 2 , 2 , 140021 : { BUY 2595.24@0.80470892} 140020 : { BUY 2595.24@0.80470892} 140019 : { SELL 22307.85@0.8079342} 140018 : { SELL 22307.85@0.8079342} 
Tue Nov 11 19:19:44 EST 2014 , 4 , 2 , 2 , 140021 : { BUY 2595.24@0.80470892} 140020 : { BUY 2595.24@0.80470892} 140019 : { SELL 22307.85@0.8079342} 140018 : { SELL 22307.85@0.8079342} 
Tue Nov 11 19:22:45 EST 2014 , 4 , 2 , 2 , 140021 : { BUY 2595.24@0.80470892} 140020 : { BUY 2595.24@0.80470892} 140019 : { SELL 22307.85@0.8079342} 140018 : { SELL 22307.85@0.8079342} 
Tue Nov 11 19:25:46 EST 2014 , 4 , 2 , 2 , 140021 : { BUY 2595.24@0.80470892} 140020 : { BUY 2595.24@0.80470892} 140019 : { SELL 22307.85@0.8079342} 140018 : { SELL 22307.85@0.8079342} 
Tue Nov 11 19:28:47 EST 2014 , 4 , 2 , 2 , 140021 : { BUY 2595.24@0.80470892} 140020 : { BUY 2595.24@0.80470892} 140019 : { SELL 22307.85@0.8079342} 140018 : { SELL 22307.85@0.8079342} 
Tue Nov 11 19:31:48 EST 2014 , 4 , 2 , 2 , 140021 : { BUY 2595.24@0.80470892} 140020 : { BUY 2595.24@0.80470892} 140019 : { SELL 22307.85@0.8079342} 140018 : { SELL 22307.85@0.8079342} 
Tue Nov 11 19:34:49 EST 2014 , 4 , 2 , 2 , 140021 : { BUY 2595.24@0.80470892} 140020 : { BUY 2595.24@0.80470892} 140019 : { SELL 22307.85@0.8079342} 140018 : { SELL 22307.85@0.8079342} 
Tue Nov 11 19:37:50 EST 2014 , 4 , 2 , 2 , 140021 : { BUY 2595.24@0.80470892} 140020 : { BUY 2595.24@0.80470892} 140019 : { SELL 22307.85@0.8079342} 140018 : { SELL 22307.85@0.8079342} 
Tue Nov 11 19:40:51 EST 2014 , 4 , 2 , 2 , 140021 : { BUY 2595.24@0.80470892} 140020 : { BUY 2595.24@0.80470892} 140019 : { SELL 22307.85@0.8079342} 140018 : { SELL 22307.85@0.8079342} 
Tue Nov 11 19:43:52 EST 2014 , 4 , 2 , 2 , 140021 : { BUY 2595.24@0.80470892} 140020 : { BUY 2595.24@0.80470892} 140019 : { SELL 22307.85@0.8079342} 140018 : { SELL 22307.85@0.8079342} 
Tue Nov 11 19:46:53 EST 2014 , 4 , 2 , 2 , 140021 : { BUY 2595.24@0.80470892} 140020 : { BUY 2454.95@0.80470892} 140019 : { SELL 22307.85@0.8079342} 140018 : { SELL 22307.85@0.8079342} 
Tue Nov 11 19:49:54 EST 2014 , 4 , 2 , 2 , 143582 : { BUY 2525.09@0.80470892} 143581 : { BUY 2525.09@0.80470892} 143580 : { SELL 22377.86@0.8079342} 143579 : { SELL 22377.86@0.8079342} 
Tue Nov 11 19:52:55 EST 2014 , 4 , 2 , 2 , 143582 : { BUY 2525.09@0.80470892} 143581 : { BUY 2525.09@0.80470892} 143580 : { SELL 22377.86@0.8079342} 143579 : { SELL 22377.86@0.8079342} 
Tue Nov 11 19:55:56 EST 2014 , 4 , 2 , 2 , 143582 : { BUY 2525.09@0.80470892} 143581 : { BUY 2525.09@0.80470892} 143580 : { SELL 22377.86@0.8079342} 143579 : { SELL 22377.86@0.8079342} 
Tue Nov 11 19:58:57 EST 2014 , 4 , 2 , 2 , 143582 : { BUY 2525.09@0.80470892} 143581 : { BUY 2525.09@0.80470892} 143580 : { SELL 22377.86@0.8079342} 143579 : { SELL 22377.86@0.8079342} 
Tue Nov 11 20:01:58 EST 2014 , 4 , 2 , 2 , 143582 : { BUY 2525.09@0.80470892} 143581 : { BUY 2525.09@0.80470892} 143580 : { SELL 22377.86@0.8079342} 143579 : { SELL 22377.86@0.8079342} 
Tue Nov 11 20:05:00 EST 2014 , 4 , 2 , 2 , 143582 : { BUY 2525.09@0.80470892} 143581 : { BUY 2525.09@0.80470892} 143580 : { SELL 22377.86@0.8079342} 143579 : { SELL 22377.86@0.8079342} 
Tue Nov 11 20:08:00 EST 2014 , 4 , 2 , 2 , 143582 : { BUY 2525.09@0.80470892} 143581 : { BUY 2525.09@0.80470892} 143580 : { SELL 22377.86@0.8079342} 143579 : { SELL 22377.86@0.8079342} 
Tue Nov 11 20:11:01 EST 2014 , 4 , 2 , 2 , 143582 : { BUY 2525.09@0.80470892} 143581 : { BUY 2525.09@0.80470892} 143580 : { SELL 22377.86@0.8079342} 143579 : { SELL 22377.86@0.8079342} 
Tue Nov 11 20:14:02 EST 2014 , 4 , 2 , 2 , 143582 : { BUY 2525.09@0.80470892} 143581 : { BUY 2525.09@0.80470892} 143580 : { SELL 22377.86@0.8079342} 143579 : { SELL 22377.86@0.8079342} 
Tue Nov 11 20:17:03 EST 2014 , 4 , 2 , 2 , 143582 : { BUY 2525.09@0.80470892} 143581 : { BUY 2525.09@0.80470892} 143580 : { SELL 22377.86@0.8079342} 143579 : { SELL 22377.86@0.8079342} 
Tue Nov 11 20:20:04 EST 2014 , 4 , 2 , 2 , 143582 : { BUY 2525.09@0.80470892} 143581 : { BUY 2525.09@0.80470892} 143580 : { SELL 22377.86@0.8079342} 143579 : { SELL 22377.86@0.8079342} 
Tue Nov 11 20:23:05 EST 2014 , 4 , 2 , 2 , 143582 : { BUY 2525.09@0.80470892} 143581 : { BUY 2525.09@0.80470892} 143580 : { SELL 22377.86@0.8079342} 143579 : { SELL 22377.86@0.8079342} 
Tue Nov 11 20:26:06 EST 2014 , 4 , 2 , 2 , 143582 : { BUY 2525.09@0.80470892} 143581 : { BUY 2525.09@0.80470892} 143580 : { SELL 22377.86@0.8079342} 143579 : { SELL 22377.86@0.8079342} 
Tue Nov 11 20:29:07 EST 2014 , 4 , 2 , 2 , 143582 : { BUY 2525.09@0.80470892} 143581 : { BUY 2525.09@0.80470892} 143580 : { SELL 22377.86@0.8079342} 143579 : { SELL 22377.86@0.8079342} 
Tue Nov 11 20:32:08 EST 2014 , 4 , 2 , 2 , 143582 : { BUY 2525.09@0.80470892} 143581 : { BUY 2525.09@0.80470892} 143580 : { SELL 22377.86@0.8079342} 143579 : { SELL 22377.86@0.8079342} 
Tue Nov 11 20:35:09 EST 2014 , 4 , 2 , 2 , 143582 : { BUY 2525.09@0.80470892} 143581 : { BUY 2525.09@0.80470892} 143580 : { SELL 22377.86@0.8079342} 143579 : { SELL 22377.86@0.8079342} 
Tue Nov 11 20:38:10 EST 2014 , 4 , 2 , 2 , 143582 : { BUY 2525.09@0.80470892} 143581 : { BUY 2525.09@0.80470892} 143580 : { SELL 22377.86@0.8079342} 143579 : { SELL 22377.86@0.8079342} 
Tue Nov 11 20:41:11 EST 2014 , 4 , 2 , 2 , 143582 : { BUY 2525.09@0.80470892} 143581 : { BUY 2525.09@0.80470892} 143580 : { SELL 22377.86@0.8079342} 143579 : { SELL 22377.86@0.8079342} 
Tue Nov 11 20:44:12 EST 2014 , 4 , 2 , 2 , 143582 : { BUY 2525.09@0.80470892} 143581 : { BUY 2525.09@0.80470892} 143580 : { SELL 22377.86@0.8079342} 143579 : { SELL 22377.86@0.8079342} 
Tue Nov 11 20:47:13 EST 2014 , 4 , 2 , 2 , 143582 : { BUY 2525.09@0.80470892} 143581 : { BUY 2525.09@0.80470892} 143580 : { SELL 22377.86@0.8079342} 143579 : { SELL 22377.86@0.8079342} 
Tue Nov 11 20:50:14 EST 2014 , 4 , 2 , 2 , 143582 : { BUY 2525.09@0.80470892} 143581 : { BUY 2525.09@0.80470892} 143580 : { SELL 22377.86@0.8079342} 143579 : { SELL 22377.86@0.8079342} 
Tue Nov 11 20:53:15 EST 2014 , 4 , 2 , 2 , 143582 : { BUY 2525.09@0.80470892} 143581 : { BUY 2525.09@0.80470892} 143580 : { SELL 22377.86@0.8079342} 143579 : { SELL 22377.86@0.8079342} 
Tue Nov 11 20:56:16 EST 2014 , 4 , 2 , 2 , 143582 : { BUY 2525.09@0.80470892} 143581 : { BUY 2525.09@0.80470892} 143580 : { SELL 22377.86@0.8079342} 143579 : { SELL 22377.86@0.8079342} 
Tue Nov 11 20:59:17 EST 2014 , 4 , 2 , 2 , 143582 : { BUY 2525.09@0.80470892} 143581 : { BUY 2525.09@0.80470892} 143580 : { SELL 22377.86@0.8079342} 143579 : { SELL 22377.86@0.8079342} 
Tue Nov 11 21:02:18 EST 2014 , 4 , 2 , 2 , 143582 : { BUY 2525.09@0.80470892} 143581 : { BUY 2525.09@0.80470892} 143580 : { SELL 22377.86@0.8079342} 143579 : { SELL 22377.86@0.8079342} 
Tue Nov 11 21:05:19 EST 2014 , 4 , 2 , 2 , 143582 : { BUY 2525.09@0.80470892} 143581 : { BUY 2525.09@0.80470892} 143580 : { SELL 22377.86@0.8079342} 143579 : { SELL 22377.86@0.8079342} 
Tue Nov 11 21:08:20 EST 2014 , 4 , 2 , 2 , 143582 : { BUY 2525.09@0.80470892} 143581 : { BUY 2525.09@0.80470892} 143580 : { SELL 22377.86@0.8079342} 143579 : { SELL 22377.86@0.8079342} 
Tue Nov 11 21:11:21 EST 2014 , 4 , 2 , 2 , 143582 : { BUY 2525.09@0.80470892} 143581 : { BUY 2525.09@0.80470892} 143580 : { SELL 22377.86@0.8079342} 143579 : { SELL 22377.86@0.8079342} 
Tue Nov 11 21:14:22 EST 2014 , 4 , 2 , 2 , 143582 : { BUY 2525.09@0.80470892} 143581 : { BUY 2525.09@0.80470892} 143580 : { SELL 22377.86@0.8079342} 143579 : { SELL 22377.86@0.8079342} 
Tue Nov 11 21:17:23 EST 2014 , 4 , 2 , 2 , 143582 : { BUY 2525.09@0.80470892} 143581 : { BUY 2525.09@0.80470892} 143580 : { SELL 22377.86@0.8079342} 143579 : { SELL 22377.86@0.8079342} 
Tue Nov 11 21:20:24 EST 2014 , 4 , 2 , 2 , 143582 : { BUY 2525.09@0.80470892} 143581 : { BUY 2525.09@0.80470892} 143580 : { SELL 22377.86@0.8079342} 143579 : { SELL 22377.86@0.8079342} 
Tue Nov 11 21:23:25 EST 2014 , 4 , 2 , 2 , 143582 : { BUY 2525.09@0.80470892} 143581 : { BUY 2525.09@0.80470892} 143580 : { SELL 22377.86@0.8079342} 143579 : { SELL 22377.86@0.8079342} 
Tue Nov 11 21:26:26 EST 2014 , 4 , 2 , 2 , 143582 : { BUY 2525.09@0.80470892} 143581 : { BUY 2525.09@0.80470892} 143580 : { SELL 22377.86@0.8079342} 143579 : { SELL 22377.86@0.8079342} 
Tue Nov 11 21:29:27 EST 2014 , 4 , 2 , 2 , 143582 : { BUY 2525.09@0.80470892} 143581 : { BUY 2525.09@0.80470892} 143580 : { SELL 22377.86@0.8079342} 143579 : { SELL 22377.86@0.8079342} 
Tue Nov 11 21:32:28 EST 2014 , 4 , 2 , 2 , 143582 : { BUY 2525.09@0.80470892} 143581 : { BUY 2525.09@0.80470892} 143580 : { SELL 22377.86@0.8079342} 143579 : { SELL 22377.86@0.8079342} 
Tue Nov 11 21:35:29 EST 2014 , 4 , 2 , 2 , 143582 : { BUY 2525.09@0.80470892} 143581 : { BUY 2525.09@0.80470892} 143580 : { SELL 22377.86@0.8079342} 143579 : { SELL 22377.86@0.8079342} 
Tue Nov 11 21:38:30 EST 2014 , 4 , 2 , 2 , 143582 : { BUY 2525.09@0.80470892} 143581 : { BUY 2525.09@0.80470892} 143580 : { SELL 22377.86@0.8079342} 143579 : { SELL 22377.86@0.8079342} 
Tue Nov 11 21:41:31 EST 2014 , 4 , 2 , 2 , 143582 : { BUY 2525.09@0.80470892} 143581 : { BUY 2525.09@0.80470892} 143580 : { SELL 22377.86@0.8079342} 143579 : { SELL 22377.86@0.8079342} 
Tue Nov 11 21:44:32 EST 2014 , 4 , 2 , 2 , 143582 : { BUY 2525.09@0.80470892} 143581 : { BUY 2525.09@0.80470892} 143580 : { SELL 22377.86@0.8079342} 143579 : { SELL 22377.86@0.8079342} 
Tue Nov 11 21:47:33 EST 2014 , 4 , 2 , 2 , 143582 : { BUY 2525.09@0.80470892} 143581 : { BUY 2525.09@0.80470892} 143580 : { SELL 22377.86@0.8079342} 143579 : { SELL 22377.86@0.8079342} 
Tue Nov 11 21:50:34 EST 2014 , 4 , 2 , 2 , 143582 : { BUY 2525.09@0.80470892} 143581 : { BUY 2525.09@0.80470892} 143580 : { SELL 22377.86@0.8079342} 143579 : { SELL 22377.86@0.8079342} 
Tue Nov 11 21:53:35 EST 2014 , 4 , 2 , 2 , 143582 : { BUY 2525.09@0.80470892} 143581 : { BUY 2525.09@0.80470892} 143580 : { SELL 22377.86@0.8079342} 143579 : { SELL 22377.86@0.8079342} 
Tue Nov 11 21:56:36 EST 2014 , 4 , 2 , 2 , 143582 : { BUY 2525.09@0.80470892} 143581 : { BUY 2525.09@0.80470892} 143580 : { SELL 22377.86@0.8079342} 143579 : { SELL 22377.86@0.8079342} 
Tue Nov 11 21:59:37 EST 2014 , 4 , 2 , 2 , 143582 : { BUY 2525.09@0.80470892} 143581 : { BUY 2525.09@0.80470892} 143580 : { SELL 22377.86@0.8079342} 143579 : { SELL 22377.86@0.8079342} 
Tue Nov 11 22:02:38 EST 2014 , 4 , 2 , 2 , 143582 : { BUY 2525.09@0.80470892} 143581 : { BUY 2525.09@0.80470892} 143580 : { SELL 22377.86@0.8079342} 143579 : { SELL 22377.86@0.8079342} 
Tue Nov 11 22:05:39 EST 2014 , 4 , 2 , 2 , 143582 : { BUY 2525.09@0.80470892} 143581 : { BUY 2525.09@0.80470892} 143580 : { SELL 22377.86@0.8079342} 143579 : { SELL 22377.86@0.8079342} 
Tue Nov 11 22:08:40 EST 2014 , 4 , 2 , 2 , 143582 : { BUY 2525.09@0.80470892} 143581 : { BUY 2525.09@0.80470892} 143580 : { SELL 22377.86@0.8079342} 143579 : { SELL 22377.86@0.8079342} 
Tue Nov 11 22:11:41 EST 2014 , 4 , 2 , 2 , 143582 : { BUY 2525.09@0.80470892} 143581 : { BUY 2525.09@0.80470892} 143580 : { SELL 22377.86@0.8079342} 143579 : { SELL 22377.86@0.8079342} 
Tue Nov 11 22:14:42 EST 2014 , 4 , 2 , 2 , 143582 : { BUY 2525.09@0.80470892} 143581 : { BUY 2525.09@0.80470892} 143580 : { SELL 22377.86@0.8079342} 143579 : { SELL 22377.86@0.8079342} 
Tue Nov 11 22:17:43 EST 2014 , 4 , 2 , 2 , 143582 : { BUY 2525.09@0.80470892} 143581 : { BUY 2525.09@0.80470892} 143580 : { SELL 22377.86@0.8079342} 143579 : { SELL 22377.86@0.8079342} 
Tue Nov 11 22:20:44 EST 2014 , 4 , 2 , 2 , 143582 : { BUY 2525.09@0.80470892} 143581 : { BUY 2525.09@0.80470892} 143580 : { SELL 22377.86@0.8079342} 143579 : { SELL 22377.86@0.8079342} 
Tue Nov 11 22:23:45 EST 2014 , 4 , 2 , 2 , 143582 : { BUY 2525.09@0.80470892} 143581 : { BUY 2525.09@0.80470892} 143580 : { SELL 22377.86@0.8079342} 143579 : { SELL 22377.86@0.8079342} 
Tue Nov 11 22:26:46 EST 2014 , 4 , 2 , 2 , 143582 : { BUY 2525.09@0.80470892} 143581 : { BUY 2525.09@0.80470892} 143580 : { SELL 22377.86@0.8079342} 143579 : { SELL 22377.86@0.8079342} 
Tue Nov 11 22:29:47 EST 2014 , 4 , 2 , 2 , 143582 : { BUY 2525.09@0.80470892} 143581 : { BUY 2525.09@0.80470892} 143580 : { SELL 22377.86@0.8079342} 143579 : { SELL 22377.86@0.8079342} 
Tue Nov 11 22:32:48 EST 2014 , 4 , 2 , 2 , 143582 : { BUY 2525.09@0.80470892} 143581 : { BUY 2525.09@0.80470892} 143580 : { SELL 22377.86@0.8079342} 143579 : { SELL 22377.86@0.8079342} 
Tue Nov 11 22:35:49 EST 2014 , 4 , 2 , 2 , 143582 : { BUY 2525.09@0.80470892} 143581 : { BUY 2525.09@0.80470892} 143580 : { SELL 22377.86@0.8079342} 143579 : { SELL 22377.86@0.8079342} 
Tue Nov 11 22:38:50 EST 2014 , 4 , 2 , 2 , 143582 : { BUY 2525.09@0.80470892} 143581 : { BUY 2525.09@0.80470892} 143580 : { SELL 22377.86@0.8079342} 143579 : { SELL 22377.86@0.8079342} 
Tue Nov 11 22:41:51 EST 2014 , 4 , 2 , 2 , 143582 : { BUY 2525.09@0.80470892} 143581 : { BUY 2525.09@0.80470892} 143580 : { SELL 22377.86@0.8079342} 143579 : { SELL 22377.86@0.8079342} 
Tue Nov 11 22:44:52 EST 2014 , 4 , 2 , 2 , 143582 : { BUY 2525.09@0.80470892} 143581 : { BUY 2525.09@0.80470892} 143580 : { SELL 22377.86@0.8079342} 143579 : { SELL 22377.86@0.8079342} 
Tue Nov 11 22:47:53 EST 2014 , 4 , 2 , 2 , 143582 : { BUY 2525.09@0.80470892} 143581 : { BUY 2525.09@0.80470892} 143580 : { SELL 22377.86@0.8079342} 143579 : { SELL 22377.86@0.8079342} 
Tue Nov 11 22:50:54 EST 2014 , 4 , 2 , 2 , 143582 : { BUY 2525.09@0.80470892} 143581 : { BUY 2525.09@0.80470892} 143580 : { SELL 22377.86@0.8079342} 143579 : { SELL 22377.86@0.8079342} 
Tue Nov 11 22:53:55 EST 2014 , 4 , 2 , 2 , 143582 : { BUY 2525.09@0.80470892} 143581 : { BUY 2525.09@0.80470892} 143580 : { SELL 22377.86@0.8079342} 143579 : { SELL 22377.86@0.8079342} 
Tue Nov 11 22:56:56 EST 2014 , 4 , 2 , 2 , 143582 : { BUY 2525.09@0.80470892} 143581 : { BUY 2525.09@0.80470892} 143580 : { SELL 22377.86@0.8079342} 143579 : { SELL 22377.86@0.8079342} 
Tue Nov 11 22:59:57 EST 2014 , 4 , 2 , 2 , 143582 : { BUY 2525.09@0.80470892} 143581 : { BUY 2525.09@0.80470892} 143580 : { SELL 22377.86@0.8079342} 143579 : { SELL 22377.86@0.8079342} 
Tue Nov 11 23:02:58 EST 2014 , 4 , 2 , 2 , 143582 : { BUY 2525.09@0.80470892} 143581 : { BUY 2525.09@0.80470892} 143580 : { SELL 22377.86@0.8079342} 143579 : { SELL 22377.86@0.8079342} 
Tue Nov 11 23:05:59 EST 2014 , 4 , 2 , 2 , 143582 : { BUY 2525.09@0.80470892} 143581 : { BUY 2525.09@0.80470892} 143580 : { SELL 22377.86@0.8079342} 143579 : { SELL 22377.86@0.8079342} 
Tue Nov 11 23:09:00 EST 2014 , 4 , 2 , 2 , 143582 : { BUY 2525.09@0.80470892} 143581 : { BUY 2525.09@0.80470892} 143580 : { SELL 22377.86@0.8079342} 143579 : { SELL 22377.86@0.8079342} 
Tue Nov 11 23:12:01 EST 2014 , 4 , 2 , 2 , 143582 : { BUY 2525.09@0.80470892} 143581 : { BUY 2525.09@0.80470892} 143580 : { SELL 22377.86@0.8079342} 143579 : { SELL 22377.86@0.8079342} 
Tue Nov 11 23:15:02 EST 2014 , 4 , 2 , 2 , 143582 : { BUY 2525.09@0.80470892} 143581 : { BUY 2525.09@0.80470892} 143580 : { SELL 22377.86@0.8079342} 143579 : { SELL 22377.86@0.8079342} 
Tue Nov 11 23:18:03 EST 2014 , 4 , 2 , 2 , 143582 : { BUY 2525.09@0.80470892} 143581 : { BUY 2525.09@0.80470892} 143580 : { SELL 22377.86@0.8079342} 143579 : { SELL 22377.86@0.8079342} 
Tue Nov 11 23:21:04 EST 2014 , 4 , 2 , 2 , 143582 : { BUY 2525.09@0.80470892} 143581 : { BUY 2525.09@0.80470892} 143580 : { SELL 22377.86@0.8079342} 143579 : { SELL 22377.86@0.8079342} 
Tue Nov 11 23:24:05 EST 2014 , 4 , 2 , 2 , 143582 : { BUY 2525.09@0.80470892} 143581 : { BUY 2525.09@0.80470892} 143580 : { SELL 22377.86@0.8079342} 143579 : { SELL 22377.86@0.8079342} 
Tue Nov 11 23:27:06 EST 2014 , 4 , 2 , 2 , 143582 : { BUY 2525.09@0.80470892} 143581 : { BUY 2525.09@0.80470892} 143580 : { SELL 22377.86@0.8079342} 143579 : { SELL 22377.86@0.8079342} 
Tue Nov 11 23:30:07 EST 2014 , 4 , 2 , 2 , 143582 : { BUY 2525.09@0.80470892} 143581 : { BUY 2525.09@0.80470892} 143580 : { SELL 22377.86@0.8079342} 143579 : { SELL 22377.86@0.8079342} 
Tue Nov 11 23:33:08 EST 2014 , 4 , 2 , 2 , 143582 : { BUY 2525.09@0.80470892} 143581 : { BUY 2525.09@0.80470892} 143580 : { SELL 22377.86@0.8079342} 143579 : { SELL 22377.86@0.8079342} 
Tue Nov 11 23:36:09 EST 2014 , 4 , 2 , 2 , 143582 : { BUY 2525.09@0.80470892} 143581 : { BUY 2525.09@0.80470892} 143580 : { SELL 22377.86@0.8079342} 143579 : { SELL 22377.86@0.8079342} 
Tue Nov 11 23:39:10 EST 2014 , 4 , 2 , 2 , 143582 : { BUY 2525.09@0.80470892} 143581 : { BUY 2525.09@0.80470892} 143580 : { SELL 22377.86@0.8079342} 143579 : { SELL 22377.86@0.8079342} 
Tue Nov 11 23:42:11 EST 2014 , 4 , 2 , 2 , 143582 : { BUY 2525.09@0.80470892} 143581 : { BUY 2525.09@0.80470892} 143580 : { SELL 22377.86@0.8079342} 143579 : { SELL 22377.86@0.8079342} 
Tue Nov 11 23:45:12 EST 2014 , 4 , 2 , 2 , 143582 : { BUY 2525.09@0.80470892} 143581 : { BUY 2525.09@0.80470892} 143580 : { SELL 22377.86@0.8079342} 143579 : { SELL 22377.86@0.8079342} 
Tue Nov 11 23:48:13 EST 2014 , 4 , 2 , 2 , 143582 : { BUY 2525.09@0.80470892} 143581 : { BUY 2525.09@0.80470892} 143580 : { SELL 22377.86@0.8079342} 143579 : { SELL 22377.86@0.8079342} 
Tue Nov 11 23:51:14 EST 2014 , 4 , 2 , 2 , 143582 : { BUY 2525.09@0.80470892} 143581 : { BUY 2525.09@0.80470892} 143580 : { SELL 22377.86@0.8079342} 143579 : { SELL 22377.86@0.8079342} 
Tue Nov 11 23:54:15 EST 2014 , 4 , 2 , 2 , 143582 : { BUY 2525.09@0.80470892} 143581 : { BUY 2525.09@0.80470892} 143580 : { SELL 22377.86@0.8079342} 143579 : { SELL 22377.86@0.8079342} 
Tue Nov 11 23:57:16 EST 2014 , 4 , 2 , 2 , 143582 : { BUY 2525.09@0.80470892} 143581 : { BUY 2525.09@0.80470892} 143580 : { SELL 22377.86@0.8079342} 143579 : { SELL 22377.86@0.8079342} 
Wed Nov 12 00:00:17 EST 2014 , 4 , 2 , 2 , 143582 : { BUY 2525.09@0.80470892} 143581 : { BUY 2525.09@0.80470892} 143580 : { SELL 22377.86@0.8079342} 143579 : { SELL 22377.86@0.8079342} 
Wed Nov 12 00:03:18 EST 2014 , 4 , 2 , 2 , 143582 : { BUY 2525.09@0.80470892} 143581 : { BUY 2525.09@0.80470892} 143580 : { SELL 22377.86@0.8079342} 143579 : { SELL 22377.86@0.8079342} 
Wed Nov 12 00:06:19 EST 2014 , 4 , 2 , 2 , 143582 : { BUY 2525.09@0.80470892} 143581 : { BUY 2525.09@0.80470892} 143580 : { SELL 22377.86@0.8079342} 143579 : { SELL 22377.86@0.8079342} 
Wed Nov 12 00:09:20 EST 2014 , 4 , 2 , 2 , 143582 : { BUY 2525.09@0.80470892} 143581 : { BUY 2525.09@0.80470892} 143580 : { SELL 22377.86@0.8079342} 143579 : { SELL 22377.86@0.8079342} 
Wed Nov 12 00:12:21 EST 2014 , 4 , 2 , 2 , 143582 : { BUY 2525.09@0.80470892} 143581 : { BUY 2525.09@0.80470892} 143580 : { SELL 22377.86@0.8079342} 143579 : { SELL 22377.86@0.8079342} 
Wed Nov 12 00:15:22 EST 2014 , 4 , 2 , 2 , 143582 : { BUY 2525.09@0.80470892} 143581 : { BUY 2525.09@0.80470892} 143580 : { SELL 22377.86@0.8079342} 143579 : { SELL 22377.86@0.8079342} 
Wed Nov 12 00:18:23 EST 2014 , 4 , 2 , 2 , 143582 : { BUY 2525.09@0.80470892} 143581 : { BUY 2525.09@0.80470892} 143580 : { SELL 22377.86@0.8079342} 143579 : { SELL 22377.86@0.8079342} 
Wed Nov 12 00:21:24 EST 2014 , 4 , 2 , 2 , 143582 : { BUY 2525.09@0.80470892} 143581 : { BUY 2525.09@0.80470892} 143580 : { SELL 22377.86@0.8079342} 143579 : { SELL 22377.86@0.8079342} 
Wed Nov 12 00:24:25 EST 2014 , 4 , 2 , 2 , 143582 : { BUY 2525.09@0.80470892} 143581 : { BUY 2525.09@0.80470892} 143580 : { SELL 22377.86@0.8079342} 143579 : { SELL 22377.86@0.8079342} 
Wed Nov 12 00:27:26 EST 2014 , 4 , 2 , 2 , 143582 : { BUY 2525.09@0.80470892} 143581 : { BUY 2525.09@0.80470892} 143580 : { SELL 22377.86@0.8079342} 143579 : { SELL 22377.86@0.8079342} 
Wed Nov 12 00:30:27 EST 2014 , 4 , 2 , 2 , 143582 : { BUY 2525.09@0.80470892} 143581 : { BUY 2525.09@0.80470892} 143580 : { SELL 22377.86@0.8079342} 143579 : { SELL 22377.86@0.8079342} 
Wed Nov 12 00:33:28 EST 2014 , 4 , 2 , 2 , 143582 : { BUY 2525.09@0.80470892} 143581 : { BUY 2525.09@0.80470892} 143580 : { SELL 22377.86@0.8079342} 143579 : { SELL 22377.86@0.8079342} 
Wed Nov 12 00:36:29 EST 2014 , 4 , 2 , 2 , 143582 : { BUY 2525.09@0.80470892} 143581 : { BUY 2525.09@0.80470892} 143580 : { SELL 22377.86@0.8079342} 143579 : { SELL 22377.86@0.8079342} 
Wed Nov 12 00:39:30 EST 2014 , 4 , 2 , 2 , 143582 : { BUY 2525.09@0.80470892} 143581 : { BUY 2525.09@0.80470892} 143580 : { SELL 22377.86@0.8079342} 143579 : { SELL 22377.86@0.8079342} 
Wed Nov 12 00:42:31 EST 2014 , 4 , 2 , 2 , 143582 : { BUY 2525.09@0.80470892} 143581 : { BUY 2525.09@0.80470892} 143580 : { SELL 22377.86@0.8079342} 143579 : { SELL 22377.86@0.8079342} 
Wed Nov 12 00:45:32 EST 2014 , 4 , 2 , 2 , 143582 : { BUY 2525.09@0.80470892} 143581 : { BUY 2525.09@0.80470892} 143580 : { SELL 22377.86@0.8079342} 143579 : { SELL 22377.86@0.8079342} 
Wed Nov 12 00:48:33 EST 2014 , 4 , 2 , 2 , 143582 : { BUY 2525.09@0.80470892} 143581 : { BUY 2525.09@0.80470892} 143580 : { SELL 22377.86@0.8079342} 143579 : { SELL 22377.86@0.8079342} 
Wed Nov 12 00:51:34 EST 2014 , 4 , 2 , 2 , 143582 : { BUY 2525.09@0.80470892} 143581 : { BUY 2525.09@0.80470892} 143580 : { SELL 22377.86@0.8079342} 143579 : { SELL 22377.86@0.8079342} 
Wed Nov 12 00:54:35 EST 2014 , 4 , 2 , 2 , 143582 : { BUY 2525.09@0.80470892} 143581 : { BUY 2525.09@0.80470892} 143580 : { SELL 22377.86@0.8079342} 143579 : { SELL 22377.86@0.8079342} 
Wed Nov 12 00:57:36 EST 2014 , 4 , 2 , 2 , 143582 : { BUY 2525.09@0.80470892} 143581 : { BUY 2525.09@0.80470892} 143580 : { SELL 22377.86@0.8079342} 143579 : { SELL 22377.86@0.8079342} 
Wed Nov 12 01:00:37 EST 2014 , 4 , 2 , 2 , 143582 : { BUY 2525.09@0.80470892} 143581 : { BUY 2525.09@0.80470892} 143580 : { SELL 22377.86@0.8079342} 143579 : { SELL 22377.86@0.8079342} 
Wed Nov 12 01:03:38 EST 2014 , 4 , 2 , 2 , 143582 : { BUY 2525.09@0.80470892} 143581 : { BUY 2525.09@0.80470892} 143580 : { SELL 22377.86@0.8079342} 143579 : { SELL 22377.86@0.8079342} 
Wed Nov 12 01:06:40 EST 2014 , 4 , 2 , 2 , 143582 : { BUY 2525.09@0.80470892} 143581 : { BUY 2525.09@0.80470892} 143580 : { SELL 22377.86@0.8079342} 143579 : { SELL 22377.86@0.8079342} 
Wed Nov 12 01:09:40 EST 2014 , 4 , 2 , 2 , 143582 : { BUY 2525.09@0.80470892} 143581 : { BUY 2525.09@0.80470892} 143580 : { SELL 22377.86@0.8079342} 143579 : { SELL 22377.86@0.8079342} 
Wed Nov 12 01:12:41 EST 2014 , 4 , 2 , 2 , 143582 : { BUY 2525.09@0.80470892} 143581 : { BUY 2525.09@0.80470892} 143580 : { SELL 22377.86@0.8079342} 143579 : { SELL 22377.86@0.8079342} 
Wed Nov 12 01:15:42 EST 2014 , 4 , 2 , 2 , 143582 : { BUY 2525.09@0.80470892} 143581 : { BUY 2525.09@0.80470892} 143580 : { SELL 22377.86@0.8079342} 143579 : { SELL 22377.86@0.8079342} 
Wed Nov 12 01:18:43 EST 2014 , 4 , 2 , 2 , 143582 : { BUY 2525.09@0.80470892} 143581 : { BUY 2525.09@0.80470892} 143580 : { SELL 22377.86@0.8079342} 143579 : { SELL 22377.86@0.8079342} 
Wed Nov 12 01:21:44 EST 2014 , 4 , 2 , 2 , 143582 : { BUY 2525.09@0.80470892} 143581 : { BUY 2525.09@0.80470892} 143580 : { SELL 22377.86@0.8079342} 143579 : { SELL 22377.86@0.8079342} 
Wed Nov 12 01:24:45 EST 2014 , 4 , 2 , 2 , 143582 : { BUY 2525.09@0.80470892} 143581 : { BUY 2525.09@0.80470892} 143580 : { SELL 22377.86@0.8079342} 143579 : { SELL 22377.86@0.8079342} 
Wed Nov 12 01:27:46 EST 2014 , 4 , 2 , 2 , 143582 : { BUY 2525.09@0.80470892} 143581 : { BUY 2525.09@0.80470892} 143580 : { SELL 22377.86@0.8079342} 143579 : { SELL 22377.86@0.8079342} 
Wed Nov 12 01:30:47 EST 2014 , 4 , 2 , 2 , 143582 : { BUY 2525.09@0.80470892} 143581 : { BUY 2525.09@0.80470892} 143580 : { SELL 22377.86@0.8079342} 143579 : { SELL 22377.86@0.8079342} 
Wed Nov 12 01:33:48 EST 2014 , 4 , 2 , 2 , 143582 : { BUY 2525.09@0.80470892} 143581 : { BUY 2525.09@0.80470892} 143580 : { SELL 22377.86@0.8079342} 143579 : { SELL 22377.86@0.8079342} 
Wed Nov 12 01:36:49 EST 2014 , 4 , 2 , 2 , 143582 : { BUY 2525.09@0.80470892} 143581 : { BUY 2525.09@0.80470892} 143580 : { SELL 22377.86@0.8079342} 143579 : { SELL 22377.86@0.8079342} 
Wed Nov 12 01:39:50 EST 2014 , 4 , 2 , 2 , 143582 : { BUY 2525.09@0.80470892} 143581 : { BUY 2525.09@0.80470892} 143580 : { SELL 22377.86@0.8079342} 143579 : { SELL 22377.86@0.8079342} 
Wed Nov 12 01:42:51 EST 2014 , 4 , 2 , 2 , 143582 : { BUY 2525.09@0.80470892} 143581 : { BUY 2525.09@0.80470892} 143580 : { SELL 22377.86@0.8079342} 143579 : { SELL 22377.86@0.8079342} 
Wed Nov 12 01:45:52 EST 2014 , 4 , 2 , 2 , 143582 : { BUY 2525.09@0.80470892} 143581 : { BUY 2525.09@0.80470892} 143580 : { SELL 22377.86@0.8079342} 143579 : { SELL 22377.86@0.8079342} 
Wed Nov 12 01:48:53 EST 2014 , 4 , 2 , 2 , 143582 : { BUY 2525.09@0.80470892} 143581 : { BUY 2525.09@0.80470892} 143580 : { SELL 22377.86@0.8079342} 143579 : { SELL 22377.86@0.8079342} 
Wed Nov 12 01:51:54 EST 2014 , 4 , 2 , 2 , 143582 : { BUY 2525.09@0.80470892} 143581 : { BUY 2525.09@0.80470892} 143580 : { SELL 22377.86@0.8079342} 143579 : { SELL 22377.86@0.8079342} 
Wed Nov 12 01:54:55 EST 2014 , 4 , 2 , 2 , 143582 : { BUY 2525.09@0.80470892} 143581 : { BUY 2525.09@0.80470892} 143580 : { SELL 22377.86@0.8079342} 143579 : { SELL 22377.86@0.8079342} 
Wed Nov 12 01:57:56 EST 2014 , 4 , 2 , 2 , 143582 : { BUY 2525.09@0.80470892} 143581 : { BUY 2525.09@0.80470892} 143580 : { SELL 22377.86@0.8079342} 143579 : { SELL 22377.86@0.8079342} 
Wed Nov 12 02:00:57 EST 2014 , 4 , 2 , 2 , 143582 : { BUY 2525.09@0.80470892} 143581 : { BUY 2525.09@0.80470892} 143580 : { SELL 22377.86@0.8079342} 143579 : { SELL 22377.86@0.8079342} 
Wed Nov 12 02:03:58 EST 2014 , 4 , 2 , 2 , 143582 : { BUY 2525.09@0.80470892} 143581 : { BUY 2525.09@0.80470892} 143580 : { SELL 22377.86@0.8079342} 143579 : { SELL 22377.86@0.8079342} 
Wed Nov 12 02:06:59 EST 2014 , 4 , 2 , 2 , 143582 : { BUY 2525.09@0.80470892} 143581 : { BUY 2525.09@0.80470892} 143580 : { SELL 22377.86@0.8079342} 143579 : { SELL 22377.86@0.8079342} 
Wed Nov 12 02:10:00 EST 2014 , 4 , 2 , 2 , 143582 : { BUY 2525.09@0.80470892} 143581 : { BUY 2525.09@0.80470892} 143580 : { SELL 22377.86@0.8079342} 143579 : { SELL 22377.86@0.8079342} 
Wed Nov 12 02:13:01 EST 2014 , 4 , 2 , 2 , 143582 : { BUY 2525.09@0.80470892} 143581 : { BUY 2525.09@0.80470892} 143580 : { SELL 22377.86@0.8079342} 143579 : { SELL 22377.86@0.8079342} 
Wed Nov 12 02:16:02 EST 2014 , 4 , 2 , 2 , 143582 : { BUY 2525.09@0.80470892} 143581 : { BUY 2525.09@0.80470892} 143580 : { SELL 22377.86@0.8079342} 143579 : { SELL 22377.86@0.8079342} 
Wed Nov 12 02:19:03 EST 2014 , 4 , 2 , 2 , 143582 : { BUY 2525.09@0.80470892} 143581 : { BUY 2525.09@0.80470892} 143580 : { SELL 22377.86@0.8079342} 143579 : { SELL 22377.86@0.8079342} 
Wed Nov 12 02:22:04 EST 2014 , 4 , 2 , 2 , 143582 : { BUY 2525.09@0.80470892} 143581 : { BUY 2525.09@0.80470892} 143580 : { SELL 22377.86@0.8079342} 143579 : { SELL 22377.86@0.8079342} 
Wed Nov 12 02:25:05 EST 2014 , 4 , 2 , 2 , 143582 : { BUY 2525.09@0.80470892} 143581 : { BUY 2525.09@0.80470892} 143580 : { SELL 22377.86@0.8079342} 143579 : { SELL 22377.86@0.8079342} 
Wed Nov 12 02:28:06 EST 2014 , 4 , 2 , 2 , 143582 : { BUY 2525.09@0.80470892} 143581 : { BUY 2525.09@0.80470892} 143580 : { SELL 22377.86@0.8079342} 143579 : { SELL 22377.86@0.8079342} 
Wed Nov 12 02:31:07 EST 2014 , 4 , 2 , 2 , 143582 : { BUY 2525.09@0.80470892} 143581 : { BUY 2525.09@0.80470892} 143580 : { SELL 22377.86@0.8079342} 143579 : { SELL 22377.86@0.8079342} 
Wed Nov 12 02:34:08 EST 2014 , 4 , 2 , 2 , 143582 : { BUY 2525.09@0.80470892} 143581 : { BUY 2525.09@0.80470892} 143580 : { SELL 22377.86@0.8079342} 143579 : { SELL 22377.86@0.8079342} 
Wed Nov 12 02:37:09 EST 2014 , 4 , 2 , 2 , 143582 : { BUY 2525.09@0.80470892} 143581 : { BUY 2525.09@0.80470892} 143580 : { SELL 22377.86@0.8079342} 143579 : { SELL 22377.86@0.8079342} 
Wed Nov 12 02:40:10 EST 2014 , 4 , 2 , 2 , 143582 : { BUY 2525.09@0.80470892} 143581 : { BUY 2525.09@0.80470892} 143580 : { SELL 22377.86@0.8079342} 143579 : { SELL 22377.86@0.8079342} 
Wed Nov 12 02:43:11 EST 2014 , 4 , 2 , 2 , 143582 : { BUY 2525.09@0.80470892} 143581 : { BUY 2525.09@0.80470892} 143580 : { SELL 22377.86@0.8079342} 143579 : { SELL 22377.86@0.8079342} 
Wed Nov 12 02:46:12 EST 2014 , 4 , 2 , 2 , 143582 : { BUY 2525.09@0.80470892} 143581 : { BUY 2525.09@0.80470892} 143580 : { SELL 22377.86@0.8079342} 143579 : { SELL 22377.86@0.8079342} 
Wed Nov 12 02:49:13 EST 2014 , 4 , 2 , 2 , 143582 : { BUY 2525.09@0.80470892} 143581 : { BUY 2525.09@0.80470892} 143580 : { SELL 22377.86@0.8079342} 143579 : { SELL 22377.86@0.8079342} 
Wed Nov 12 02:52:14 EST 2014 , 4 , 2 , 2 , 143582 : { BUY 2525.09@0.80470892} 143581 : { BUY 2525.09@0.80470892} 143580 : { SELL 22377.86@0.8079342} 143579 : { SELL 22377.86@0.8079342} 
Wed Nov 12 02:55:15 EST 2014 , 4 , 2 , 2 , 143582 : { BUY 2525.09@0.80470892} 143581 : { BUY 2525.09@0.80470892} 143580 : { SELL 22377.86@0.8079342} 143579 : { SELL 22377.86@0.8079342} 
Wed Nov 12 02:58:16 EST 2014 , 4 , 2 , 2 , 143582 : { BUY 2525.09@0.80470892} 143581 : { BUY 2525.09@0.80470892} 143580 : { SELL 22377.86@0.8079342} 143579 : { SELL 22377.86@0.8079342} 
Wed Nov 12 03:01:17 EST 2014 , 4 , 2 , 2 , 143582 : { BUY 2525.09@0.80470892} 143581 : { BUY 2525.09@0.80470892} 143580 : { SELL 22377.86@0.8079342} 143579 : { SELL 22377.86@0.8079342} 
Wed Nov 12 03:04:18 EST 2014 , 4 , 2 , 2 , 143582 : { BUY 2525.09@0.80470892} 143581 : { BUY 2525.09@0.80470892} 143580 : { SELL 22377.86@0.8079342} 143579 : { SELL 22377.86@0.8079342} 
Wed Nov 12 03:07:19 EST 2014 , 4 , 2 , 2 , 143582 : { BUY 2525.09@0.80470892} 143581 : { BUY 2525.09@0.80470892} 143580 : { SELL 22377.86@0.8079342} 143579 : { SELL 22377.86@0.8079342} 
Wed Nov 12 03:10:20 EST 2014 , 4 , 2 , 2 , 143582 : { BUY 2525.09@0.80470892} 143581 : { BUY 2525.09@0.80470892} 143580 : { SELL 22377.86@0.8079342} 143579 : { SELL 22377.86@0.8079342} 
Wed Nov 12 03:13:21 EST 2014 , 4 , 2 , 2 , 143582 : { BUY 2525.09@0.80470892} 143581 : { BUY 2525.09@0.80470892} 143580 : { SELL 22377.86@0.8079342} 143579 : { SELL 22377.86@0.8079342} 
Wed Nov 12 03:16:22 EST 2014 , 4 , 2 , 2 , 143582 : { BUY 2525.09@0.80470892} 143581 : { BUY 2525.09@0.80470892} 143580 : { SELL 22377.86@0.8079342} 143579 : { SELL 22377.86@0.8079342} 
Wed Nov 12 03:19:23 EST 2014 , 4 , 2 , 2 , 143582 : { BUY 2525.09@0.80470892} 143581 : { BUY 2525.09@0.80470892} 143580 : { SELL 22377.86@0.8079342} 143579 : { SELL 22377.86@0.8079342} 
Wed Nov 12 03:22:24 EST 2014 , 4 , 2 , 2 , 143582 : { BUY 2525.09@0.80470892} 143581 : { BUY 2525.09@0.80470892} 143580 : { SELL 22377.86@0.8079342} 143579 : { SELL 22377.86@0.8079342} 
Wed Nov 12 03:25:25 EST 2014 , 4 , 2 , 2 , 143582 : { BUY 2525.09@0.80470892} 143581 : { BUY 2525.09@0.80470892} 143580 : { SELL 22377.86@0.8079342} 143579 : { SELL 22377.86@0.8079342} 
Wed Nov 12 03:28:26 EST 2014 , 4 , 2 , 2 , 143582 : { BUY 2525.09@0.80470892} 143581 : { BUY 2525.09@0.80470892} 143580 : { SELL 22377.86@0.8079342} 143579 : { SELL 22377.86@0.8079342} 
Wed Nov 12 03:31:27 EST 2014 , 4 , 2 , 2 , 143582 : { BUY 2525.09@0.80470892} 143581 : { BUY 2525.09@0.80470892} 143580 : { SELL 22377.86@0.8079342} 143579 : { SELL 22377.86@0.8079342} 
Wed Nov 12 03:34:28 EST 2014 , 4 , 2 , 2 , 143582 : { BUY 2525.09@0.80470892} 143581 : { BUY 2525.09@0.80470892} 143580 : { SELL 22377.86@0.8079342} 143579 : { SELL 22377.86@0.8079342} 
Wed Nov 12 03:37:29 EST 2014 , 4 , 2 , 2 , 143582 : { BUY 2525.09@0.80470892} 143581 : { BUY 2525.09@0.80470892} 143580 : { SELL 22377.86@0.8079342} 143579 : { SELL 22377.86@0.8079342} 
Wed Nov 12 03:40:30 EST 2014 , 4 , 2 , 2 , 143582 : { BUY 2525.09@0.80470892} 143581 : { BUY 2525.09@0.80470892} 143580 : { SELL 22377.86@0.8079342} 143579 : { SELL 22377.86@0.8079342} 
Wed Nov 12 03:43:31 EST 2014 , 4 , 2 , 2 , 143582 : { BUY 2525.09@0.80470892} 143581 : { BUY 2525.09@0.80470892} 143580 : { SELL 22377.86@0.8079342} 143579 : { SELL 22377.86@0.8079342} 
Wed Nov 12 03:46:32 EST 2014 , 4 , 2 , 2 , 143582 : { BUY 2525.09@0.80470892} 143581 : { BUY 2525.09@0.80470892} 143580 : { SELL 22377.86@0.8079342} 143579 : { SELL 22377.86@0.8079342} 
Wed Nov 12 03:49:33 EST 2014 , 4 , 2 , 2 , 143582 : { BUY 2525.09@0.80470892} 143581 : { BUY 2525.09@0.80470892} 143580 : { SELL 22377.86@0.8079342} 143579 : { SELL 22377.86@0.8079342} 
Wed Nov 12 03:52:34 EST 2014 , 4 , 2 , 2 , 143582 : { BUY 2525.09@0.80470892} 143581 : { BUY 2525.09@0.80470892} 143580 : { SELL 22377.86@0.8079342} 143579 : { SELL 22377.86@0.8079342} 
Wed Nov 12 03:55:35 EST 2014 , 4 , 2 , 2 , 143582 : { BUY 2525.09@0.80470892} 143581 : { BUY 2525.09@0.80470892} 143580 : { SELL 22377.86@0.8079342} 143579 : { SELL 22377.86@0.8079342} 
Wed Nov 12 03:58:36 EST 2014 , 4 , 2 , 2 , 143582 : { BUY 2525.09@0.80470892} 143581 : { BUY 2525.09@0.80470892} 143580 : { SELL 22377.86@0.8079342} 143579 : { SELL 22377.86@0.8079342} 
Wed Nov 12 04:01:37 EST 2014 , 4 , 2 , 2 , 143582 : { BUY 2525.09@0.80470892} 143581 : { BUY 2525.09@0.80470892} 143580 : { SELL 22377.86@0.8079342} 143579 : { SELL 22377.86@0.8079342} 
Wed Nov 12 04:04:38 EST 2014 , 4 , 2 , 2 , 143582 : { BUY 2525.09@0.80470892} 143581 : { BUY 2525.09@0.80470892} 143580 : { SELL 22377.86@0.8079342} 143579 : { SELL 22377.86@0.8079342} 
Wed Nov 12 04:07:39 EST 2014 , 4 , 2 , 2 , 143582 : { BUY 2525.09@0.80470892} 143581 : { BUY 2525.09@0.80470892} 143580 : { SELL 22377.86@0.8079342} 143579 : { SELL 22377.86@0.8079342} 
Wed Nov 12 04:10:40 EST 2014 , 4 , 2 , 2 , 143582 : { BUY 2525.09@0.80470892} 143581 : { BUY 2525.09@0.80470892} 143580 : { SELL 22377.86@0.8079342} 143579 : { SELL 22377.86@0.8079342} 
Wed Nov 12 04:13:41 EST 2014 , 4 , 2 , 2 , 143582 : { BUY 2525.09@0.80470892} 143581 : { BUY 2525.09@0.80470892} 143580 : { SELL 22377.86@0.8079342} 143579 : { SELL 22377.86@0.8079342} 
Wed Nov 12 04:16:42 EST 2014 , 4 , 2 , 2 , 143582 : { BUY 2525.09@0.80470892} 143581 : { BUY 2525.09@0.80470892} 143580 : { SELL 22377.86@0.8079342} 143579 : { SELL 22377.86@0.8079342} 
Wed Nov 12 04:19:43 EST 2014 , 4 , 2 , 2 , 143582 : { BUY 2525.09@0.80470892} 143581 : { BUY 2525.09@0.80470892} 143580 : { SELL 22377.86@0.8079342} 143579 : { SELL 22377.86@0.8079342} 
Wed Nov 12 04:22:44 EST 2014 , 4 , 2 , 2 , 143582 : { BUY 2525.09@0.80470892} 143581 : { BUY 2525.09@0.80470892} 143580 : { SELL 22377.86@0.8079342} 143579 : { SELL 22377.86@0.8079342} 
Wed Nov 12 04:25:45 EST 2014 , 4 , 2 , 2 , 143582 : { BUY 2525.09@0.80470892} 143581 : { BUY 2525.09@0.80470892} 143580 : { SELL 22377.86@0.8079342} 143579 : { SELL 22377.86@0.8079342} 
Wed Nov 12 04:28:46 EST 2014 , 4 , 2 , 2 , 143582 : { BUY 2525.09@0.80470892} 143581 : { BUY 2525.09@0.80470892} 143580 : { SELL 22377.86@0.8079342} 143579 : { SELL 22377.86@0.8079342} 
Wed Nov 12 04:31:47 EST 2014 , 4 , 2 , 2 , 143582 : { BUY 2525.09@0.80470892} 143581 : { BUY 2525.09@0.80470892} 143580 : { SELL 22377.86@0.8079342} 143579 : { SELL 22377.86@0.8079342} 
Wed Nov 12 04:34:48 EST 2014 , 4 , 2 , 2 , 143582 : { BUY 2525.09@0.80470892} 143581 : { BUY 2525.09@0.80470892} 143580 : { SELL 22377.86@0.8079342} 143579 : { SELL 22377.86@0.8079342} 
Wed Nov 12 04:37:49 EST 2014 , 4 , 2 , 2 , 143582 : { BUY 2525.09@0.80470892} 143581 : { BUY 2525.09@0.80470892} 143580 : { SELL 22377.86@0.8079342} 143579 : { SELL 22377.86@0.8079342} 
Wed Nov 12 04:40:50 EST 2014 , 4 , 2 , 2 , 143582 : { BUY 2525.09@0.80470892} 143581 : { BUY 2525.09@0.80470892} 143580 : { SELL 22377.86@0.8079342} 143579 : { SELL 22377.86@0.8079342} 
Wed Nov 12 04:43:51 EST 2014 , 4 , 2 , 2 , 143582 : { BUY 2525.09@0.80470892} 143581 : { BUY 2525.09@0.80470892} 143580 : { SELL 22377.86@0.8079342} 143579 : { SELL 22377.86@0.8079342} 
Wed Nov 12 04:46:52 EST 2014 , 4 , 2 , 2 , 143582 : { BUY 2525.09@0.80470892} 143581 : { BUY 2525.09@0.80470892} 143580 : { SELL 22377.86@0.8079342} 143579 : { SELL 22377.86@0.8079342} 
Wed Nov 12 04:49:53 EST 2014 , 4 , 2 , 2 , 143582 : { BUY 2525.09@0.80470892} 143581 : { BUY 2525.09@0.80470892} 143580 : { SELL 22377.86@0.8079342} 143579 : { SELL 22377.86@0.8079342} 
Wed Nov 12 04:52:54 EST 2014 , 4 , 2 , 2 , 143582 : { BUY 2525.09@0.80470892} 143581 : { BUY 2525.09@0.80470892} 143580 : { SELL 22377.86@0.8079342} 143579 : { SELL 22377.86@0.8079342} 
Wed Nov 12 04:55:55 EST 2014 , 4 , 2 , 2 , 143582 : { BUY 2525.09@0.80470892} 143581 : { BUY 2525.09@0.80470892} 143580 : { SELL 22377.86@0.8079342} 143579 : { SELL 22377.86@0.8079342} 
Wed Nov 12 04:58:56 EST 2014 , 4 , 2 , 2 , 143582 : { BUY 2525.09@0.80470892} 143581 : { BUY 2525.09@0.80470892} 143580 : { SELL 22377.86@0.8079342} 143579 : { SELL 22377.86@0.8079342} 
Wed Nov 12 05:01:57 EST 2014 , 4 , 2 , 2 , 143582 : { BUY 2525.09@0.80470892} 143581 : { BUY 2525.09@0.80470892} 143580 : { SELL 22377.86@0.8079342} 143579 : { SELL 22377.86@0.8079342} 
Wed Nov 12 05:04:58 EST 2014 , 4 , 2 , 2 , 143582 : { BUY 2525.09@0.80470892} 143581 : { BUY 2525.09@0.80470892} 143580 : { SELL 22377.86@0.8079342} 143579 : { SELL 22377.86@0.8079342} 
Wed Nov 12 05:07:59 EST 2014 , 4 , 2 , 2 , 143582 : { BUY 2525.09@0.80470892} 143581 : { BUY 2525.09@0.80470892} 143580 : { SELL 22377.86@0.8079342} 143579 : { SELL 22377.86@0.8079342} 
Wed Nov 12 05:11:00 EST 2014 , 4 , 2 , 2 , 143582 : { BUY 2525.09@0.80470892} 143581 : { BUY 2525.09@0.80470892} 143580 : { SELL 22377.86@0.8079342} 143579 : { SELL 22377.86@0.8079342} 
Wed Nov 12 05:14:01 EST 2014 , 4 , 2 , 2 , 143582 : { BUY 2525.09@0.80470892} 143581 : { BUY 2525.09@0.80470892} 143580 : { SELL 22377.86@0.8079342} 143579 : { SELL 22377.86@0.8079342} 
Wed Nov 12 05:17:02 EST 2014 , 4 , 2 , 2 , 143582 : { BUY 2525.09@0.80470892} 143581 : { BUY 2525.09@0.80470892} 143580 : { SELL 22377.86@0.8079342} 143579 : { SELL 22377.86@0.8079342} 
Wed Nov 12 05:20:03 EST 2014 , 4 , 2 , 2 , 143582 : { BUY 2525.09@0.80470892} 143581 : { BUY 2525.09@0.80470892} 143580 : { SELL 22377.86@0.8079342} 143579 : { SELL 22377.86@0.8079342} 
Wed Nov 12 05:23:04 EST 2014 , 4 , 2 , 2 , 143582 : { BUY 2525.09@0.80470892} 143581 : { BUY 2525.09@0.80470892} 143580 : { SELL 22377.86@0.8079342} 143579 : { SELL 22377.86@0.8079342} 
Wed Nov 12 05:26:05 EST 2014 , 4 , 2 , 2 , 143582 : { BUY 2525.09@0.80470892} 143581 : { BUY 2525.09@0.80470892} 143580 : { SELL 22377.86@0.8079342} 143579 : { SELL 22377.86@0.8079342} 
Wed Nov 12 05:29:06 EST 2014 , 4 , 2 , 2 , 143582 : { BUY 2525.09@0.80470892} 143581 : { BUY 2525.09@0.80470892} 143580 : { SELL 22377.86@0.8079342} 143579 : { SELL 22377.86@0.8079342} 
Wed Nov 12 05:32:07 EST 2014 , 4 , 2 , 2 , 143582 : { BUY 2525.09@0.80470892} 143581 : { BUY 2525.09@0.80470892} 143580 : { SELL 22377.86@0.8079342} 143579 : { SELL 22377.86@0.8079342} 
Wed Nov 12 05:35:08 EST 2014 , 4 , 2 , 2 , 143582 : { BUY 2525.09@0.80470892} 143581 : { BUY 2525.09@0.80470892} 143580 : { SELL 22377.86@0.8079342} 143579 : { SELL 22377.86@0.8079342} 
Wed Nov 12 05:38:09 EST 2014 , 4 , 2 , 2 , 143582 : { BUY 2525.09@0.80470892} 143581 : { BUY 2525.09@0.80470892} 143580 : { SELL 22377.86@0.8079342} 143579 : { SELL 22377.86@0.8079342} 
Wed Nov 12 05:41:10 EST 2014 , 4 , 2 , 2 , 143582 : { BUY 2525.09@0.80470892} 143581 : { BUY 2525.09@0.80470892} 143580 : { SELL 22377.86@0.8079342} 143579 : { SELL 22377.86@0.8079342} 
Wed Nov 12 05:44:11 EST 2014 , 4 , 2 , 2 , 143582 : { BUY 2525.09@0.80470892} 143581 : { BUY 2525.09@0.80470892} 143580 : { SELL 22377.86@0.8079342} 143579 : { SELL 22377.86@0.8079342} 
Wed Nov 12 05:47:12 EST 2014 , 4 , 2 , 2 , 143582 : { BUY 2525.09@0.80470892} 143581 : { BUY 2525.09@0.80470892} 143580 : { SELL 22377.86@0.8079342} 143579 : { SELL 22377.86@0.8079342} 
Wed Nov 12 05:50:13 EST 2014 , 4 , 2 , 2 , 143582 : { BUY 2525.09@0.80470892} 143581 : { BUY 2525.09@0.80470892} 143580 : { SELL 22377.86@0.8079342} 143579 : { SELL 22377.86@0.8079342} 
Wed Nov 12 05:53:14 EST 2014 , 4 , 2 , 2 , 143582 : { BUY 2525.09@0.80470892} 143581 : { BUY 2525.09@0.80470892} 143580 : { SELL 22377.86@0.8079342} 143579 : { SELL 22377.86@0.8079342} 
Wed Nov 12 05:56:15 EST 2014 , 4 , 2 , 2 , 143582 : { BUY 2525.09@0.80470892} 143581 : { BUY 2525.09@0.80470892} 143580 : { SELL 22377.86@0.8079342} 143579 : { SELL 22377.86@0.8079342} 
Wed Nov 12 05:59:16 EST 2014 , 4 , 2 , 2 , 143582 : { BUY 2525.09@0.80470892} 143581 : { BUY 2525.09@0.80470892} 143580 : { SELL 22377.86@0.8079342} 143579 : { SELL 22377.86@0.8079342} 
Wed Nov 12 06:02:17 EST 2014 , 4 , 2 , 2 , 143582 : { BUY 2525.09@0.80470892} 143581 : { BUY 2525.09@0.80470892} 143580 : { SELL 22377.86@0.8079342} 143579 : { SELL 22377.86@0.8079342} 
Wed Nov 12 06:05:18 EST 2014 , 4 , 2 , 2 , 143582 : { BUY 2525.09@0.80470892} 143581 : { BUY 2525.09@0.80470892} 143580 : { SELL 22377.86@0.8079342} 143579 : { SELL 22377.86@0.8079342} 
Wed Nov 12 06:08:20 EST 2014 , 4 , 2 , 2 , 143582 : { BUY 2525.09@0.80470892} 143581 : { BUY 2525.09@0.80470892} 143580 : { SELL 22377.86@0.8079342} 143579 : { SELL 22377.86@0.8079342} 
Wed Nov 12 06:11:20 EST 2014 , 4 , 2 , 2 , 143582 : { BUY 2525.09@0.80470892} 143581 : { BUY 2525.09@0.80470892} 143580 : { SELL 22377.86@0.8079342} 143579 : { SELL 22377.86@0.8079342} 
Wed Nov 12 06:14:21 EST 2014 , 4 , 2 , 2 , 143582 : { BUY 2525.09@0.80470892} 143581 : { BUY 2525.09@0.80470892} 143580 : { SELL 22377.86@0.8079342} 143579 : { SELL 22377.86@0.8079342} 
Wed Nov 12 06:17:22 EST 2014 , 4 , 2 , 2 , 143582 : { BUY 2525.09@0.80470892} 143581 : { BUY 2525.09@0.80470892} 143580 : { SELL 22377.86@0.8079342} 143579 : { SELL 22377.86@0.8079342} 
Wed Nov 12 06:20:23 EST 2014 , 4 , 2 , 2 , 143582 : { BUY 2525.09@0.80470892} 143581 : { BUY 2525.09@0.80470892} 143580 : { SELL 22377.86@0.8079342} 143579 : { SELL 22377.86@0.8079342} 
Wed Nov 12 06:23:24 EST 2014 , 4 , 2 , 2 , 143582 : { BUY 2525.09@0.80470892} 143581 : { BUY 2525.09@0.80470892} 143580 : { SELL 22377.86@0.8079342} 143579 : { SELL 22377.86@0.8079342} 
Wed Nov 12 06:26:25 EST 2014 , 4 , 2 , 2 , 143582 : { BUY 2525.09@0.80470892} 143581 : { BUY 2525.09@0.80470892} 143580 : { SELL 22377.86@0.8079342} 143579 : { SELL 22377.86@0.8079342} 
Wed Nov 12 06:29:26 EST 2014 , 4 , 2 , 2 , 143582 : { BUY 2525.09@0.80470892} 143581 : { BUY 2525.09@0.80470892} 143580 : { SELL 22377.86@0.8079342} 143579 : { SELL 22377.86@0.8079342} 
Wed Nov 12 06:32:27 EST 2014 , 4 , 2 , 2 , 143582 : { BUY 2525.09@0.80470892} 143581 : { BUY 2525.09@0.80470892} 143580 : { SELL 22377.86@0.8079342} 143579 : { SELL 22377.86@0.8079342} 
Wed Nov 12 06:35:28 EST 2014 , 4 , 2 , 2 , 143582 : { BUY 2525.09@0.80470892} 143581 : { BUY 2525.09@0.80470892} 143580 : { SELL 22377.86@0.8079342} 143579 : { SELL 22377.86@0.8079342} 
Wed Nov 12 06:38:29 EST 2014 , 4 , 2 , 2 , 143582 : { BUY 2525.09@0.80470892} 143581 : { BUY 2525.09@0.80470892} 143580 : { SELL 22377.86@0.8079342} 143579 : { SELL 22377.86@0.8079342} 
Wed Nov 12 06:41:30 EST 2014 , 4 , 2 , 2 , 143582 : { BUY 2525.09@0.80470892} 143581 : { BUY 2525.09@0.80470892} 143580 : { SELL 22377.86@0.8079342} 143579 : { SELL 22377.86@0.8079342} 
Wed Nov 12 06:44:31 EST 2014 , 4 , 2 , 2 , 143582 : { BUY 2525.09@0.80470892} 143581 : { BUY 2525.09@0.80470892} 143580 : { SELL 22377.86@0.8079342} 143579 : { SELL 22377.86@0.8079342} 
Wed Nov 12 06:47:32 EST 2014 , 4 , 2 , 2 , 143582 : { BUY 2525.09@0.80470892} 143581 : { BUY 2525.09@0.80470892} 143580 : { SELL 22377.86@0.8079342} 143579 : { SELL 22377.86@0.8079342} 
Wed Nov 12 06:50:33 EST 2014 , 4 , 2 , 2 , 143582 : { BUY 2525.09@0.80470892} 143581 : { BUY 2525.09@0.80470892} 143580 : { SELL 22377.86@0.8079342} 143579 : { SELL 22377.86@0.8079342} 
Wed Nov 12 06:53:34 EST 2014 , 4 , 2 , 2 , 143582 : { BUY 2525.09@0.80470892} 143581 : { BUY 2525.09@0.80470892} 143580 : { SELL 22377.86@0.8079342} 143579 : { SELL 22377.86@0.8079342} 
Wed Nov 12 06:56:35 EST 2014 , 4 , 2 , 2 , 143582 : { BUY 2525.09@0.80470892} 143581 : { BUY 2525.09@0.80470892} 143580 : { SELL 22377.86@0.8079342} 143579 : { SELL 22377.86@0.8079342} 
Wed Nov 12 06:59:36 EST 2014 , 4 , 2 , 2 , 143582 : { BUY 2525.09@0.80470892} 143581 : { BUY 2525.09@0.80470892} 143580 : { SELL 22377.86@0.8079342} 143579 : { SELL 22377.86@0.8079342} 
Wed Nov 12 07:02:37 EST 2014 , 4 , 2 , 2 , 143582 : { BUY 2525.09@0.80470892} 143581 : { BUY 2525.09@0.80470892} 143580 : { SELL 22377.86@0.8079342} 143579 : { SELL 22377.86@0.8079342} 
Wed Nov 12 07:05:38 EST 2014 , 4 , 2 , 2 , 143582 : { BUY 2525.09@0.80470892} 143581 : { BUY 2525.09@0.80470892} 143580 : { SELL 22377.86@0.8079342} 143579 : { SELL 22377.86@0.8079342} 
Wed Nov 12 07:08:39 EST 2014 , 4 , 2 , 2 , 143582 : { BUY 2525.09@0.80470892} 143581 : { BUY 2525.09@0.80470892} 143580 : { SELL 22377.86@0.8079342} 143579 : { SELL 22377.86@0.8079342} 
Wed Nov 12 07:11:40 EST 2014 , 4 , 2 , 2 , 143582 : { BUY 2525.09@0.80470892} 143581 : { BUY 2525.09@0.80470892} 143580 : { SELL 22377.86@0.8079342} 143579 : { SELL 22377.86@0.8079342} 
Wed Nov 12 07:14:41 EST 2014 , 4 , 2 , 2 , 143582 : { BUY 2525.09@0.80470892} 143581 : { BUY 2525.09@0.80470892} 143580 : { SELL 22377.86@0.8079342} 143579 : { SELL 22377.86@0.8079342} 
Wed Nov 12 07:17:42 EST 2014 , 4 , 2 , 2 , 143582 : { BUY 2525.09@0.80470892} 143581 : { BUY 2525.09@0.80470892} 143580 : { SELL 22377.86@0.8079342} 143579 : { SELL 22377.86@0.8079342} 
Wed Nov 12 07:20:43 EST 2014 , 4 , 2 , 2 , 143582 : { BUY 2525.09@0.80470892} 143581 : { BUY 2525.09@0.80470892} 143580 : { SELL 22377.86@0.8079342} 143579 : { SELL 22377.86@0.8079342} 
Wed Nov 12 07:23:44 EST 2014 , 4 , 2 , 2 , 143582 : { BUY 2525.09@0.80470892} 143581 : { BUY 2525.09@0.80470892} 143580 : { SELL 22377.86@0.8079342} 143579 : { SELL 22377.86@0.8079342} 
Wed Nov 12 07:26:45 EST 2014 , 4 , 2 , 2 , 143582 : { BUY 2525.09@0.80470892} 143581 : { BUY 2525.09@0.80470892} 143580 : { SELL 22377.86@0.8079342} 143579 : { SELL 22377.86@0.8079342} 
Wed Nov 12 07:29:46 EST 2014 , 4 , 2 , 2 , 143582 : { BUY 2525.09@0.80470892} 143581 : { BUY 2525.09@0.80470892} 143580 : { SELL 22377.86@0.8079342} 143579 : { SELL 22377.86@0.8079342} 
Wed Nov 12 07:32:47 EST 2014 , 4 , 2 , 2 , 143582 : { BUY 2525.09@0.80470892} 143581 : { BUY 2525.09@0.80470892} 143580 : { SELL 22377.86@0.8079342} 143579 : { SELL 22377.86@0.8079342} 
Wed Nov 12 07:35:48 EST 2014 , 4 , 2 , 2 , 143582 : { BUY 2525.09@0.80470892} 143581 : { BUY 2525.09@0.80470892} 143580 : { SELL 22377.86@0.8079342} 143579 : { SELL 22377.86@0.8079342} 
Wed Nov 12 07:38:49 EST 2014 , 4 , 2 , 2 , 143582 : { BUY 2525.09@0.80470892} 143581 : { BUY 2525.09@0.80470892} 143580 : { SELL 22377.86@0.8079342} 143579 : { SELL 22377.86@0.8079342} 
Wed Nov 12 07:41:50 EST 2014 , 4 , 2 , 2 , 143582 : { BUY 2525.09@0.80470892} 143581 : { BUY 2525.09@0.80470892} 143580 : { SELL 22377.86@0.8079342} 143579 : { SELL 22377.86@0.8079342} 
Wed Nov 12 07:44:51 EST 2014 , 4 , 2 , 2 , 143582 : { BUY 2525.09@0.80470892} 143581 : { BUY 2525.09@0.80470892} 143580 : { SELL 22377.86@0.8079342} 143579 : { SELL 22377.86@0.8079342} 
Wed Nov 12 07:47:52 EST 2014 , 4 , 2 , 2 , 143582 : { BUY 2525.09@0.80470892} 143581 : { BUY 2525.09@0.80470892} 143580 : { SELL 22377.86@0.8079342} 143579 : { SELL 22377.86@0.8079342} 
Wed Nov 12 07:50:53 EST 2014 , 4 , 2 , 2 , 143582 : { BUY 2525.09@0.80470892} 143581 : { BUY 2525.09@0.80470892} 143580 : { SELL 22377.86@0.8079342} 143579 : { SELL 22377.86@0.8079342} 
Wed Nov 12 07:53:54 EST 2014 , 4 , 2 , 2 , 143582 : { BUY 2525.09@0.80470892} 143581 : { BUY 2525.09@0.80470892} 143580 : { SELL 22377.86@0.8079342} 143579 : { SELL 22377.86@0.8079342} 
Wed Nov 12 07:56:55 EST 2014 , 4 , 2 , 2 , 143582 : { BUY 2525.09@0.80470892} 143581 : { BUY 2525.09@0.80470892} 143580 : { SELL 22377.86@0.8079342} 143579 : { SELL 22377.86@0.8079342} 
Wed Nov 12 07:59:56 EST 2014 , 4 , 2 , 2 , 143582 : { BUY 2525.09@0.80470892} 143581 : { BUY 2525.09@0.80470892} 143580 : { SELL 22377.86@0.8079342} 143579 : { SELL 22377.86@0.8079342} 
Wed Nov 12 08:02:57 EST 2014 , 4 , 2 , 2 , 143582 : { BUY 2525.09@0.80470892} 143581 : { BUY 2525.09@0.80470892} 143580 : { SELL 22377.86@0.8079342} 143579 : { SELL 22377.86@0.8079342} 
Wed Nov 12 08:05:58 EST 2014 , 4 , 2 , 2 , 143582 : { BUY 2525.09@0.80470892} 143581 : { BUY 2525.09@0.80470892} 143580 : { SELL 22377.86@0.8079342} 143579 : { SELL 22377.86@0.8079342} 
Wed Nov 12 08:08:59 EST 2014 , 4 , 2 , 2 , 143582 : { BUY 2525.09@0.80470892} 143581 : { BUY 2525.09@0.80470892} 143580 : { SELL 22377.86@0.8079342} 143579 : { SELL 22377.86@0.8079342} 
Wed Nov 12 08:12:00 EST 2014 , 4 , 2 , 2 , 143582 : { BUY 2525.09@0.80470892} 143581 : { BUY 2525.09@0.80470892} 143580 : { SELL 22377.86@0.8079342} 143579 : { SELL 22377.86@0.8079342} 
Wed Nov 12 08:15:01 EST 2014 , 4 , 2 , 2 , 143582 : { BUY 2525.09@0.80470892} 143581 : { BUY 2525.09@0.80470892} 143580 : { SELL 22377.86@0.8079342} 143579 : { SELL 22377.86@0.8079342} 
Wed Nov 12 08:18:02 EST 2014 , 4 , 2 , 2 , 143582 : { BUY 2525.09@0.80470892} 143581 : { BUY 2525.09@0.80470892} 143580 : { SELL 22377.86@0.8079342} 143579 : { SELL 22377.86@0.8079342} 
Wed Nov 12 08:21:03 EST 2014 , 4 , 2 , 2 , 143582 : { BUY 2525.09@0.80470892} 143581 : { BUY 2525.09@0.80470892} 143580 : { SELL 22377.86@0.8079342} 143579 : { SELL 22377.86@0.8079342} 
Wed Nov 12 08:24:05 EST 2014 , 4 , 2 , 2 , 143582 : { BUY 2525.09@0.80470892} 143581 : { BUY 2525.09@0.80470892} 143580 : { SELL 22377.86@0.8079342} 143579 : { SELL 22377.86@0.8079342} 
Wed Nov 12 08:27:05 EST 2014 , 4 , 2 , 2 , 143582 : { BUY 2525.09@0.80470892} 143581 : { BUY 2525.09@0.80470892} 143580 : { SELL 22377.86@0.8079342} 143579 : { SELL 22377.86@0.8079342} 
Wed Nov 12 08:30:06 EST 2014 , 4 , 2 , 2 , 143582 : { BUY 2525.09@0.80470892} 143581 : { BUY 2525.09@0.80470892} 143580 : { SELL 22377.86@0.8079342} 143579 : { SELL 22377.86@0.8079342} 
Wed Nov 12 08:33:07 EST 2014 , 4 , 2 , 2 , 143582 : { BUY 2525.09@0.80470892} 143581 : { BUY 2525.09@0.80470892} 143580 : { SELL 22377.86@0.8079342} 143579 : { SELL 22377.86@0.8079342} 
Wed Nov 12 08:36:08 EST 2014 , 4 , 2 , 2 , 143582 : { BUY 2525.09@0.80470892} 143581 : { BUY 2525.09@0.80470892} 143580 : { SELL 22377.86@0.8079342} 143579 : { SELL 22377.86@0.8079342} 
Wed Nov 12 08:39:09 EST 2014 , 4 , 2 , 2 , 143582 : { BUY 2525.09@0.80470892} 143581 : { BUY 2525.09@0.80470892} 143580 : { SELL 22377.86@0.8079342} 143579 : { SELL 22377.86@0.8079342} 
Wed Nov 12 08:42:10 EST 2014 , 4 , 2 , 2 , 143582 : { BUY 2525.09@0.80470892} 143581 : { BUY 2525.09@0.80470892} 143580 : { SELL 22377.86@0.8079342} 143579 : { SELL 22377.86@0.8079342} 
Wed Nov 12 08:45:11 EST 2014 , 4 , 2 , 2 , 143582 : { BUY 2525.09@0.80470892} 143581 : { BUY 2525.09@0.80470892} 143580 : { SELL 22377.86@0.8079342} 143579 : { SELL 22377.86@0.8079342} 
Wed Nov 12 08:48:12 EST 2014 , 4 , 2 , 2 , 143582 : { BUY 2525.09@0.80470892} 143581 : { BUY 2525.09@0.80470892} 143580 : { SELL 22377.86@0.8079342} 143579 : { SELL 22377.86@0.8079342} 
Wed Nov 12 08:51:13 EST 2014 , 4 , 2 , 2 , 143582 : { BUY 2525.09@0.80470892} 143581 : { BUY 2525.09@0.80470892} 143580 : { SELL 22377.86@0.8079342} 143579 : { SELL 22377.86@0.8079342} 
Wed Nov 12 08:54:14 EST 2014 , 4 , 2 , 2 , 143582 : { BUY 2525.09@0.80470892} 143581 : { BUY 2525.09@0.80470892} 143580 : { SELL 22377.86@0.8079342} 143579 : { SELL 22377.86@0.8079342} 
Wed Nov 12 08:57:15 EST 2014 , 4 , 2 , 2 , 143582 : { BUY 2525.09@0.80470892} 143581 : { BUY 2525.09@0.80470892} 143580 : { SELL 22377.86@0.8079342} 143579 : { SELL 22377.86@0.8079342} 
Wed Nov 12 09:00:16 EST 2014 , 4 , 2 , 2 , 143582 : { BUY 2525.09@0.80470892} 143581 : { BUY 2525.09@0.80470892} 143580 : { SELL 22377.86@0.8079342} 143579 : { SELL 22377.86@0.8079342} 
Wed Nov 12 09:03:17 EST 2014 , 4 , 2 , 2 , 143582 : { BUY 2525.09@0.80470892} 143581 : { BUY 2525.09@0.80470892} 143580 : { SELL 22377.86@0.8079342} 143579 : { SELL 22377.86@0.8079342} 
Wed Nov 12 09:06:18 EST 2014 , 4 , 2 , 2 , 143582 : { BUY 2525.09@0.80470892} 143581 : { BUY 2525.09@0.80470892} 143580 : { SELL 22377.86@0.8079342} 143579 : { SELL 22377.86@0.8079342} 
Wed Nov 12 09:09:19 EST 2014 , 4 , 2 , 2 , 143582 : { BUY 2525.09@0.80470892} 143581 : { BUY 2525.09@0.80470892} 143580 : { SELL 22377.86@0.8079342} 143579 : { SELL 22377.86@0.8079342} 
Wed Nov 12 09:12:20 EST 2014 , 4 , 2 , 2 , 143582 : { BUY 2525.09@0.80470892} 143581 : { BUY 2525.09@0.80470892} 143580 : { SELL 22377.86@0.8079342} 143579 : { SELL 22377.86@0.8079342} 
Wed Nov 12 09:15:21 EST 2014 , 4 , 2 , 2 , 143582 : { BUY 2525.09@0.80470892} 143581 : { BUY 2525.09@0.80470892} 143580 : { SELL 22377.86@0.8079342} 143579 : { SELL 22377.86@0.8079342} 
Wed Nov 12 09:18:22 EST 2014 , 4 , 2 , 2 , 143582 : { BUY 2525.09@0.80470892} 143581 : { BUY 2525.09@0.80470892} 143580 : { SELL 22377.86@0.8079342} 143579 : { SELL 22377.86@0.8079342} 
Wed Nov 12 09:21:23 EST 2014 , 4 , 2 , 2 , 143582 : { BUY 2525.09@0.80470892} 143581 : { BUY 2525.09@0.80470892} 143580 : { SELL 22377.86@0.8079342} 143579 : { SELL 22377.86@0.8079342} 
Wed Nov 12 09:24:24 EST 2014 , 4 , 2 , 2 , 143582 : { BUY 2525.09@0.80470892} 143581 : { BUY 2525.09@0.80470892} 143580 : { SELL 22377.86@0.8079342} 143579 : { SELL 22377.86@0.8079342} 
Wed Nov 12 09:27:25 EST 2014 , 4 , 2 , 2 , 143582 : { BUY 2525.09@0.80470892} 143581 : { BUY 2525.09@0.80470892} 143580 : { SELL 22377.86@0.8079342} 143579 : { SELL 22377.86@0.8079342} 
Wed Nov 12 09:30:26 EST 2014 , 4 , 2 , 2 , 143582 : { BUY 2525.09@0.80470892} 143581 : { BUY 2525.09@0.80470892} 143580 : { SELL 22377.86@0.8079342} 143579 : { SELL 22377.86@0.8079342} 
Wed Nov 12 09:33:27 EST 2014 , 4 , 2 , 2 , 143582 : { BUY 2525.09@0.80470892} 143581 : { BUY 2525.09@0.80470892} 143580 : { SELL 22377.86@0.8079342} 143579 : { SELL 22377.86@0.8079342} 
Wed Nov 12 09:36:28 EST 2014 , 4 , 2 , 2 , 143582 : { BUY 2525.09@0.80470892} 143581 : { BUY 2525.09@0.80470892} 143580 : { SELL 22377.86@0.8079342} 143579 : { SELL 22377.86@0.8079342} 
Wed Nov 12 09:39:29 EST 2014 , 4 , 2 , 2 , 143582 : { BUY 2525.09@0.80470892} 143581 : { BUY 2525.09@0.80470892} 143580 : { SELL 22377.86@0.8079342} 143579 : { SELL 22377.86@0.8079342} 
Wed Nov 12 09:42:30 EST 2014 , 4 , 2 , 2 , 143582 : { BUY 2525.09@0.80470892} 143581 : { BUY 2525.09@0.80470892} 143580 : { SELL 22377.86@0.8079342} 143579 : { SELL 22377.86@0.8079342} 
Wed Nov 12 09:45:31 EST 2014 , 4 , 2 , 2 , 143582 : { BUY 2525.09@0.80470892} 143581 : { BUY 2525.09@0.80470892} 143580 : { SELL 22377.86@0.8079342} 143579 : { SELL 22377.86@0.8079342} 
Wed Nov 12 09:48:32 EST 2014 , 4 , 2 , 2 , 143582 : { BUY 2525.09@0.80470892} 143581 : { BUY 2525.09@0.80470892} 143580 : { SELL 22377.86@0.8079342} 143579 : { SELL 22377.86@0.8079342} 
Wed Nov 12 09:51:33 EST 2014 , 4 , 2 , 2 , 143582 : { BUY 2525.09@0.80470892} 143581 : { BUY 2525.09@0.80470892} 143580 : { SELL 22377.86@0.8079342} 143579 : { SELL 22377.86@0.8079342} 
Wed Nov 12 09:54:34 EST 2014 , 4 , 2 , 2 , 143582 : { BUY 2525.09@0.80470892} 143581 : { BUY 2525.09@0.80470892} 143580 : { SELL 22377.86@0.8079342} 143579 : { SELL 22377.86@0.8079342} 
Wed Nov 12 09:57:35 EST 2014 , 4 , 2 , 2 , 143582 : { BUY 2525.09@0.80470892} 143581 : { BUY 2525.09@0.80470892} 143580 : { SELL 22377.86@0.8079342} 143579 : { SELL 22377.86@0.8079342} 
Wed Nov 12 10:00:36 EST 2014 , 4 , 2 , 2 , 143582 : { BUY 2525.09@0.80470892} 143581 : { BUY 2525.09@0.80470892} 143580 : { SELL 22377.86@0.8079342} 143579 : { SELL 22377.86@0.8079342} 
Wed Nov 12 10:03:37 EST 2014 , 4 , 2 , 2 , 143582 : { BUY 2525.09@0.80470892} 143581 : { BUY 2525.09@0.80470892} 143580 : { SELL 22377.86@0.8079342} 143579 : { SELL 22377.86@0.8079342} 
Wed Nov 12 10:06:38 EST 2014 , 4 , 2 , 2 , 143582 : { BUY 2525.09@0.80470892} 143581 : { BUY 2525.09@0.80470892} 143580 : { SELL 22377.86@0.8079342} 143579 : { SELL 22377.86@0.8079342} 
Wed Nov 12 10:09:39 EST 2014 , 4 , 2 , 2 , 143582 : { BUY 2525.09@0.80470892} 143581 : { BUY 2525.09@0.80470892} 143580 : { SELL 22377.86@0.8079342} 143579 : { SELL 22377.86@0.8079342} 
Wed Nov 12 10:12:40 EST 2014 , 4 , 2 , 2 , 143582 : { BUY 2525.09@0.80470892} 143581 : { BUY 2525.09@0.80470892} 143580 : { SELL 22377.86@0.8079342} 143579 : { SELL 22377.86@0.8079342} 
Wed Nov 12 10:15:41 EST 2014 , 4 , 2 , 2 , 143582 : { BUY 2525.09@0.80470892} 143581 : { BUY 2525.09@0.80470892} 143580 : { SELL 22377.86@0.8079342} 143579 : { SELL 22377.86@0.8079342} 
Wed Nov 12 10:18:42 EST 2014 , 4 , 2 , 2 , 143582 : { BUY 2525.09@0.80470892} 143581 : { BUY 2525.09@0.80470892} 143580 : { SELL 22377.86@0.8079342} 143579 : { SELL 22377.86@0.8079342} 
Wed Nov 12 10:21:43 EST 2014 , 4 , 2 , 2 , 143582 : { BUY 2525.09@0.80470892} 143581 : { BUY 2525.09@0.80470892} 143580 : { SELL 22377.86@0.8079342} 143579 : { SELL 22377.86@0.8079342} 
Wed Nov 12 10:24:44 EST 2014 , 4 , 2 , 2 , 143582 : { BUY 2525.09@0.80470892} 143581 : { BUY 2525.09@0.80470892} 143580 : { SELL 22377.86@0.8079342} 143579 : { SELL 22377.86@0.8079342} 
Wed Nov 12 10:27:45 EST 2014 , 4 , 2 , 2 , 143582 : { BUY 2525.09@0.80470892} 143581 : { BUY 2525.09@0.80470892} 143580 : { SELL 22377.86@0.8079342} 143579 : { SELL 22377.86@0.8079342} 
Wed Nov 12 10:30:46 EST 2014 , 4 , 2 , 2 , 143582 : { BUY 2525.09@0.80470892} 143581 : { BUY 2525.09@0.80470892} 143580 : { SELL 22377.86@0.8079342} 143579 : { SELL 22377.86@0.8079342} 
Wed Nov 12 10:33:47 EST 2014 , 4 , 2 , 2 , 143582 : { BUY 2525.09@0.80470892} 143581 : { BUY 2525.09@0.80470892} 143580 : { SELL 22377.86@0.8079342} 143579 : { SELL 22377.86@0.8079342} 
Wed Nov 12 10:36:48 EST 2014 , 4 , 2 , 2 , 143582 : { BUY 2525.09@0.80470892} 143581 : { BUY 2525.09@0.80470892} 143580 : { SELL 22377.86@0.8079342} 143579 : { SELL 22377.86@0.8079342} 
Wed Nov 12 10:39:49 EST 2014 , 4 , 2 , 2 , 143582 : { BUY 2525.09@0.80470892} 143581 : { BUY 2525.09@0.80470892} 143580 : { SELL 22377.86@0.8079342} 143579 : { SELL 22377.86@0.8079342} 
Wed Nov 12 10:42:50 EST 2014 , 4 , 2 , 2 , 143582 : { BUY 2525.09@0.80470892} 143581 : { BUY 2525.09@0.80470892} 143580 : { SELL 22377.86@0.8079342} 143579 : { SELL 22377.86@0.8079342} 
Wed Nov 12 10:45:51 EST 2014 , 4 , 2 , 2 , 143582 : { BUY 2525.09@0.80470892} 143581 : { BUY 2525.09@0.80470892} 143580 : { SELL 22377.86@0.8079342} 143579 : { SELL 22377.86@0.8079342} 
Wed Nov 12 10:48:52 EST 2014 , 4 , 2 , 2 , 143582 : { BUY 2525.09@0.80470892} 143581 : { BUY 2525.09@0.80470892} 143580 : { SELL 22377.86@0.8079342} 143579 : { SELL 22377.86@0.8079342} 
Wed Nov 12 10:51:53 EST 2014 , 4 , 2 , 2 , 143582 : { BUY 2525.09@0.80470892} 143581 : { BUY 2525.09@0.80470892} 143580 : { SELL 22377.86@0.8079342} 143579 : { SELL 22377.86@0.8079342} 
Wed Nov 12 10:54:54 EST 2014 , 4 , 2 , 2 , 143582 : { BUY 2525.09@0.80470892} 143581 : { BUY 2525.09@0.80470892} 143580 : { SELL 22377.86@0.8079342} 143579 : { SELL 22377.86@0.8079342} 
Wed Nov 12 10:57:55 EST 2014 , 4 , 2 , 2 , 143582 : { BUY 2525.09@0.80470892} 143581 : { BUY 2525.09@0.80470892} 143580 : { SELL 22377.86@0.8079342} 143579 : { SELL 22377.86@0.8079342} 
Wed Nov 12 11:00:56 EST 2014 , 4 , 2 , 2 , 143582 : { BUY 2525.09@0.80470892} 143581 : { BUY 2525.09@0.80470892} 143580 : { SELL 22377.86@0.8079342} 143579 : { SELL 22377.86@0.8079342} 
Wed Nov 12 11:03:57 EST 2014 , 4 , 2 , 2 , 143582 : { BUY 2525.09@0.80470892} 143581 : { BUY 2525.09@0.80470892} 143580 : { SELL 22377.86@0.8079342} 143579 : { SELL 22377.86@0.8079342} 
Wed Nov 12 11:06:58 EST 2014 , 4 , 2 , 2 , 143582 : { BUY 2525.09@0.80470892} 143581 : { BUY 2525.09@0.80470892} 143580 : { SELL 22377.86@0.8079342} 143579 : { SELL 22377.86@0.8079342} 
Wed Nov 12 11:10:00 EST 2014 , 4 , 2 , 2 , 143582 : { BUY 2525.09@0.80470892} 143581 : { BUY 2525.09@0.80470892} 143580 : { SELL 22377.86@0.8079342} 143579 : { SELL 22377.86@0.8079342} 
Wed Nov 12 11:13:00 EST 2014 , 4 , 2 , 2 , 143582 : { BUY 2525.09@0.80470892} 143581 : { BUY 2525.09@0.80470892} 143580 : { SELL 22377.86@0.8079342} 143579 : { SELL 22377.86@0.8079342} 
Wed Nov 12 11:16:01 EST 2014 , 4 , 2 , 2 , 143582 : { BUY 2525.09@0.80470892} 143581 : { BUY 2525.09@0.80470892} 143580 : { SELL 22377.86@0.8079342} 143579 : { SELL 22377.86@0.8079342} 
Wed Nov 12 11:19:02 EST 2014 , 4 , 2 , 2 , 143582 : { BUY 2525.09@0.80470892} 143581 : { BUY 2525.09@0.80470892} 143580 : { SELL 22377.86@0.8079342} 143579 : { SELL 22377.86@0.8079342} 
Wed Nov 12 11:22:03 EST 2014 , 4 , 2 , 2 , 143582 : { BUY 2525.09@0.80470892} 143581 : { BUY 2525.09@0.80470892} 143580 : { SELL 22377.86@0.8079342} 143579 : { SELL 22377.86@0.8079342} 
Wed Nov 12 11:25:04 EST 2014 , 4 , 2 , 2 , 143582 : { BUY 2525.09@0.80470892} 143581 : { BUY 2525.09@0.80470892} 143580 : { SELL 22377.86@0.8079342} 143579 : { SELL 22377.86@0.8079342} 
Wed Nov 12 11:28:05 EST 2014 , 4 , 2 , 2 , 143582 : { BUY 2525.09@0.80470892} 143581 : { BUY 2525.09@0.80470892} 143580 : { SELL 22377.86@0.8079342} 143579 : { SELL 22377.86@0.8079342} 
Wed Nov 12 11:31:06 EST 2014 , 4 , 2 , 2 , 143582 : { BUY 2525.09@0.80470892} 143581 : { BUY 2525.09@0.80470892} 143580 : { SELL 22377.86@0.8079342} 143579 : { SELL 22377.86@0.8079342} 
Wed Nov 12 11:34:07 EST 2014 , 4 , 2 , 2 , 143582 : { BUY 2525.09@0.80470892} 143581 : { BUY 2525.09@0.80470892} 143580 : { SELL 22377.86@0.8079342} 143579 : { SELL 22377.86@0.8079342} 
Wed Nov 12 11:37:08 EST 2014 , 4 , 2 , 2 , 143582 : { BUY 2525.09@0.80470892} 143581 : { BUY 2525.09@0.80470892} 143580 : { SELL 22377.86@0.8079342} 143579 : { SELL 22377.86@0.8079342} 
Wed Nov 12 11:40:09 EST 2014 , 4 , 2 , 2 , 143582 : { BUY 2525.09@0.80470892} 143581 : { BUY 2525.09@0.80470892} 143580 : { SELL 22377.86@0.8079342} 143579 : { SELL 22377.86@0.8079342} 
Wed Nov 12 11:43:10 EST 2014 , 4 , 2 , 2 , 143582 : { BUY 2525.09@0.80470892} 143581 : { BUY 2525.09@0.80470892} 143580 : { SELL 22377.86@0.8079342} 143579 : { SELL 22377.86@0.8079342} 
Wed Nov 12 11:46:11 EST 2014 , 4 , 2 , 2 , 143582 : { BUY 2525.09@0.80470892} 143581 : { BUY 2525.09@0.80470892} 143580 : { SELL 22377.86@0.8079342} 143579 : { SELL 22377.86@0.8079342} 
Wed Nov 12 11:49:12 EST 2014 , 4 , 2 , 2 , 143582 : { BUY 2525.09@0.80470892} 143581 : { BUY 2525.09@0.80470892} 143580 : { SELL 22377.86@0.8079342} 143579 : { SELL 22377.86@0.8079342} 
Wed Nov 12 11:52:13 EST 2014 , 4 , 2 , 2 , 143582 : { BUY 2525.09@0.80470892} 143581 : { BUY 2525.09@0.80470892} 143580 : { SELL 22377.86@0.8079342} 143579 : { SELL 22377.86@0.8079342} 
Wed Nov 12 11:55:14 EST 2014 , 4 , 2 , 2 , 143582 : { BUY 2525.09@0.80470892} 143581 : { BUY 2525.09@0.80470892} 143580 : { SELL 22377.86@0.8079342} 143579 : { SELL 22377.86@0.8079342} 
Wed Nov 12 11:58:15 EST 2014 , 4 , 2 , 2 , 143582 : { BUY 2525.09@0.80470892} 143581 : { BUY 2525.09@0.80470892} 143580 : { SELL 22377.86@0.8079342} 143579 : { SELL 22377.86@0.8079342} 
Wed Nov 12 12:01:16 EST 2014 , 4 , 2 , 2 , 143582 : { BUY 2525.09@0.80470892} 143581 : { BUY 2525.09@0.80470892} 143580 : { SELL 22377.86@0.8079342} 143579 : { SELL 22377.86@0.8079342} 
Wed Nov 12 12:04:17 EST 2014 , 4 , 2 , 2 , 143582 : { BUY 2525.09@0.80470892} 143581 : { BUY 2525.09@0.80470892} 143580 : { SELL 22377.86@0.8079342} 143579 : { SELL 22377.86@0.8079342} 
Wed Nov 12 12:07:18 EST 2014 , 4 , 2 , 2 , 143582 : { BUY 2525.09@0.80470892} 143581 : { BUY 2525.09@0.80470892} 143580 : { SELL 22377.86@0.8079342} 143579 : { SELL 22377.86@0.8079342} 
Wed Nov 12 12:10:19 EST 2014 , 4 , 2 , 2 , 143582 : { BUY 2525.09@0.80470892} 143581 : { BUY 2525.09@0.80470892} 143580 : { SELL 22377.86@0.8079342} 143579 : { SELL 22377.86@0.8079342} 
Wed Nov 12 12:13:20 EST 2014 , 4 , 2 , 2 , 143582 : { BUY 2525.09@0.80470892} 143581 : { BUY 2525.09@0.80470892} 143580 : { SELL 22377.86@0.8079342} 143579 : { SELL 22377.86@0.8079342} 
Wed Nov 12 12:16:21 EST 2014 , 4 , 2 , 2 , 143582 : { BUY 2525.09@0.80470892} 143581 : { BUY 2525.09@0.80470892} 143580 : { SELL 22377.86@0.8079342} 143579 : { SELL 22377.86@0.8079342} 
Wed Nov 12 12:19:22 EST 2014 , 4 , 2 , 2 , 143582 : { BUY 2525.09@0.80470892} 143581 : { BUY 2525.09@0.80470892} 143580 : { SELL 22377.86@0.8079342} 143579 : { SELL 22377.86@0.8079342} 
Wed Nov 12 12:22:23 EST 2014 , 4 , 2 , 2 , 143582 : { BUY 2525.09@0.80470892} 143581 : { BUY 2525.09@0.80470892} 143580 : { SELL 22377.86@0.8079342} 143579 : { SELL 22377.86@0.8079342} 
Wed Nov 12 12:25:24 EST 2014 , 4 , 2 , 2 , 143582 : { BUY 2525.09@0.80470892} 143581 : { BUY 2525.09@0.80470892} 143580 : { SELL 22377.86@0.8079342} 143579 : { SELL 22377.86@0.8079342} 
Wed Nov 12 12:28:25 EST 2014 , 4 , 2 , 2 , 143582 : { BUY 2525.09@0.80470892} 143581 : { BUY 2525.09@0.80470892} 143580 : { SELL 22377.86@0.8079342} 143579 : { SELL 22377.86@0.8079342} 
Wed Nov 12 12:31:26 EST 2014 , 4 , 2 , 2 , 143582 : { BUY 2525.09@0.80470892} 143581 : { BUY 2525.09@0.80470892} 143580 : { SELL 22377.86@0.8079342} 143579 : { SELL 22377.86@0.8079342} 
Wed Nov 12 12:34:27 EST 2014 , 4 , 2 , 2 , 143582 : { BUY 2525.09@0.80470892} 143581 : { BUY 2525.09@0.80470892} 143580 : { SELL 22377.86@0.8079342} 143579 : { SELL 22377.86@0.8079342} 
Wed Nov 12 12:37:28 EST 2014 , 4 , 2 , 2 , 143582 : { BUY 2525.09@0.80470892} 143581 : { BUY 2525.09@0.80470892} 143580 : { SELL 22377.86@0.8079342} 143579 : { SELL 22377.86@0.8079342} 
Wed Nov 12 12:40:29 EST 2014 , 4 , 2 , 2 , 143582 : { BUY 2525.09@0.80470892} 143581 : { BUY 2525.09@0.80470892} 143580 : { SELL 22377.86@0.8079342} 143579 : { SELL 22377.86@0.8079342} 
Wed Nov 12 12:43:30 EST 2014 , 4 , 2 , 2 , 143582 : { BUY 2525.09@0.80470892} 143581 : { BUY 2525.09@0.80470892} 143580 : { SELL 22377.86@0.8079342} 143579 : { SELL 22377.86@0.8079342} 
Wed Nov 12 12:46:31 EST 2014 , 4 , 2 , 2 , 143582 : { BUY 2525.09@0.80470892} 143581 : { BUY 2525.09@0.80470892} 143580 : { SELL 22377.86@0.8079342} 143579 : { SELL 22377.86@0.8079342} 
Wed Nov 12 12:49:32 EST 2014 , 4 , 2 , 2 , 143582 : { BUY 2525.09@0.80470892} 143581 : { BUY 2525.09@0.80470892} 143580 : { SELL 22377.86@0.8079342} 143579 : { SELL 22377.86@0.8079342} 
Wed Nov 12 12:52:33 EST 2014 , 4 , 2 , 2 , 143582 : { BUY 2525.09@0.80470892} 143581 : { BUY 2525.09@0.80470892} 143580 : { SELL 22377.86@0.8079342} 143579 : { SELL 22377.86@0.8079342} 
Wed Nov 12 12:55:34 EST 2014 , 4 , 2 , 2 , 143582 : { BUY 2525.09@0.80470892} 143581 : { BUY 2525.09@0.80470892} 143580 : { SELL 22377.86@0.8079342} 143579 : { SELL 22377.86@0.8079342} 
Wed Nov 12 12:58:35 EST 2014 , 4 , 2 , 2 , 143582 : { BUY 2525.09@0.80470892} 143581 : { BUY 2525.09@0.80470892} 143580 : { SELL 22377.86@0.8079342} 143579 : { SELL 22377.86@0.8079342} 
Wed Nov 12 13:01:36 EST 2014 , 4 , 2 , 2 , 143582 : { BUY 2525.09@0.80470892} 143581 : { BUY 2525.09@0.80470892} 143580 : { SELL 22377.86@0.8079342} 143579 : { SELL 22377.86@0.8079342} 
Wed Nov 12 13:04:37 EST 2014 , 4 , 2 , 2 , 143582 : { BUY 2525.09@0.80470892} 143581 : { BUY 2525.09@0.80470892} 143580 : { SELL 22377.86@0.8079342} 143579 : { SELL 22377.86@0.8079342} 
Wed Nov 12 13:07:38 EST 2014 , 4 , 2 , 2 , 143582 : { BUY 2525.09@0.80470892} 143581 : { BUY 2525.09@0.80470892} 143580 : { SELL 22377.86@0.8079342} 143579 : { SELL 22377.86@0.8079342} 
Wed Nov 12 13:10:39 EST 2014 , 4 , 2 , 2 , 143582 : { BUY 2525.09@0.80470892} 143581 : { BUY 2525.09@0.80470892} 143580 : { SELL 22377.86@0.8079342} 143579 : { SELL 22377.86@0.8079342} 
Wed Nov 12 13:13:40 EST 2014 , 4 , 2 , 2 , 143582 : { BUY 2525.09@0.80470892} 143581 : { BUY 2525.09@0.80470892} 143580 : { SELL 22377.86@0.8079342} 143579 : { SELL 22377.86@0.8079342} 
Wed Nov 12 13:16:41 EST 2014 , 4 , 2 , 2 , 143582 : { BUY 2525.09@0.80470892} 143581 : { BUY 2525.09@0.80470892} 143580 : { SELL 22377.86@0.8079342} 143579 : { SELL 22377.86@0.8079342} 
Wed Nov 12 13:19:42 EST 2014 , 4 , 2 , 2 , 143582 : { BUY 2525.09@0.80470892} 143581 : { BUY 2525.09@0.80470892} 143580 : { SELL 22377.86@0.8079342} 143579 : { SELL 22377.86@0.8079342} 
Wed Nov 12 13:22:43 EST 2014 , 4 , 2 , 2 , 143582 : { BUY 2525.09@0.80470892} 143581 : { BUY 2525.09@0.80470892} 143580 : { SELL 22377.86@0.8079342} 143579 : { SELL 22377.86@0.8079342} 
Wed Nov 12 13:25:44 EST 2014 , 4 , 2 , 2 , 143582 : { BUY 2525.09@0.80470892} 143581 : { BUY 2525.09@0.80470892} 143580 : { SELL 22377.86@0.8079342} 143579 : { SELL 22377.86@0.8079342} 
Wed Nov 12 13:28:45 EST 2014 , 4 , 2 , 2 , 143582 : { BUY 2525.09@0.80470892} 143581 : { BUY 2525.09@0.80470892} 143580 : { SELL 22377.86@0.8079342} 143579 : { SELL 22377.86@0.8079342} 
Wed Nov 12 13:31:46 EST 2014 , 4 , 2 , 2 , 143582 : { BUY 2525.09@0.80470892} 143581 : { BUY 2525.09@0.80470892} 143580 : { SELL 22377.86@0.8079342} 143579 : { SELL 22377.86@0.8079342} 
Wed Nov 12 13:34:47 EST 2014 , 4 , 2 , 2 , 143582 : { BUY 2525.09@0.80470892} 143581 : { BUY 2525.09@0.80470892} 143580 : { SELL 22377.86@0.8079342} 143579 : { SELL 22377.86@0.8079342} 
Wed Nov 12 13:37:48 EST 2014 , 4 , 2 , 2 , 143582 : { BUY 2525.09@0.80470892} 143581 : { BUY 2525.09@0.80470892} 143580 : { SELL 22377.86@0.8079342} 143579 : { SELL 22377.86@0.8079342} 
Wed Nov 12 13:40:49 EST 2014 , 4 , 2 , 2 , 143582 : { BUY 2525.09@0.80470892} 143581 : { BUY 2525.09@0.80470892} 143580 : { SELL 22377.86@0.8079342} 143579 : { SELL 22377.86@0.8079342} 
Wed Nov 12 13:43:50 EST 2014 , 4 , 2 , 2 , 143582 : { BUY 2525.09@0.80470892} 143581 : { BUY 2525.09@0.80470892} 143580 : { SELL 22377.86@0.8079342} 143579 : { SELL 22377.86@0.8079342} 
Wed Nov 12 13:46:51 EST 2014 , 4 , 2 , 2 , 143582 : { BUY 2525.09@0.80470892} 143581 : { BUY 2525.09@0.80470892} 143580 : { SELL 22377.86@0.8079342} 143579 : { SELL 22377.86@0.8079342} 
Wed Nov 12 13:49:52 EST 2014 , 4 , 2 , 2 , 143582 : { BUY 2525.09@0.80470892} 143581 : { BUY 2525.09@0.80470892} 143580 : { SELL 22377.86@0.8079342} 143579 : { SELL 22377.86@0.8079342} 
Wed Nov 12 13:52:53 EST 2014 , 4 , 2 , 2 , 143582 : { BUY 2525.09@0.80470892} 143581 : { BUY 2525.09@0.80470892} 143580 : { SELL 22377.86@0.8079342} 143579 : { SELL 22377.86@0.8079342} 
Wed Nov 12 13:55:54 EST 2014 , 4 , 2 , 2 , 143582 : { BUY 2525.09@0.80470892} 143581 : { BUY 2525.09@0.80470892} 143580 : { SELL 22377.86@0.8079342} 143579 : { SELL 22377.86@0.8079342} 
Wed Nov 12 13:58:55 EST 2014 , 4 , 2 , 2 , 143582 : { BUY 2525.09@0.80470892} 143581 : { BUY 2525.09@0.80470892} 143580 : { SELL 22377.86@0.8079342} 143579 : { SELL 22377.86@0.8079342} 
Wed Nov 12 14:01:56 EST 2014 , 4 , 2 , 2 , 143582 : { BUY 2525.09@0.80470892} 143581 : { BUY 2525.09@0.80470892} 143580 : { SELL 22377.86@0.8079342} 143579 : { SELL 22377.86@0.8079342} 
Wed Nov 12 14:04:57 EST 2014 , 4 , 2 , 2 , 143582 : { BUY 2525.09@0.80470892} 143581 : { BUY 2525.09@0.80470892} 143580 : { SELL 22377.86@0.8079342} 143579 : { SELL 22377.86@0.8079342} 
Wed Nov 12 14:07:58 EST 2014 , 4 , 2 , 2 , 143582 : { BUY 2525.09@0.80470892} 143581 : { BUY 2525.09@0.80470892} 143580 : { SELL 22377.86@0.8079342} 143579 : { SELL 22377.86@0.8079342} 
Wed Nov 12 14:10:59 EST 2014 , 4 , 2 , 2 , 143582 : { BUY 2525.09@0.80470892} 143581 : { BUY 2525.09@0.80470892} 143580 : { SELL 22377.86@0.8079342} 143579 : { SELL 22377.86@0.8079342} 
Wed Nov 12 14:14:00 EST 2014 , 4 , 2 , 2 , 143582 : { BUY 2525.09@0.80470892} 143581 : { BUY 2525.09@0.80470892} 143580 : { SELL 22377.86@0.8079342} 143579 : { SELL 22377.86@0.8079342} 
Wed Nov 12 14:17:01 EST 2014 , 4 , 2 , 2 , 143582 : { BUY 2525.09@0.80470892} 143581 : { BUY 2525.09@0.80470892} 143580 : { SELL 22377.86@0.8079342} 143579 : { SELL 22377.86@0.8079342} 
Wed Nov 12 14:20:02 EST 2014 , 4 , 2 , 2 , 143582 : { BUY 2525.09@0.80470892} 143581 : { BUY 2525.09@0.80470892} 143580 : { SELL 22377.86@0.8079342} 143579 : { SELL 22377.86@0.8079342} 
Wed Nov 12 14:23:03 EST 2014 , 4 , 2 , 2 , 143582 : { BUY 2525.09@0.80470892} 143581 : { BUY 2525.09@0.80470892} 143580 : { SELL 22377.86@0.8079342} 143579 : { SELL 22377.86@0.8079342} 
Wed Nov 12 14:26:04 EST 2014 , 4 , 2 , 2 , 143582 : { BUY 2525.09@0.80470892} 143581 : { BUY 2525.09@0.80470892} 143580 : { SELL 22377.86@0.8079342} 143579 : { SELL 22377.86@0.8079342} 
Wed Nov 12 14:29:05 EST 2014 , 4 , 2 , 2 , 143582 : { BUY 2525.09@0.80470892} 143581 : { BUY 2525.09@0.80470892} 143580 : { SELL 22377.86@0.8079342} 143579 : { SELL 22377.86@0.8079342} 
Wed Nov 12 14:32:06 EST 2014 , 4 , 2 , 2 , 143582 : { BUY 2525.09@0.80470892} 143581 : { BUY 2525.09@0.80470892} 143580 : { SELL 22377.86@0.8079342} 143579 : { SELL 22377.86@0.8079342} 
Wed Nov 12 14:35:07 EST 2014 , 4 , 2 , 2 , 143582 : { BUY 2525.09@0.80470892} 143581 : { BUY 2525.09@0.80470892} 143580 : { SELL 22377.86@0.8079342} 143579 : { SELL 22377.86@0.8079342} 
Wed Nov 12 14:38:08 EST 2014 , 4 , 2 , 2 , 143582 : { BUY 2525.09@0.80470892} 143581 : { BUY 2525.09@0.80470892} 143580 : { SELL 22377.86@0.8079342} 143579 : { SELL 22377.86@0.8079342} 
Wed Nov 12 14:41:09 EST 2014 , 4 , 2 , 2 , 143582 : { BUY 2525.09@0.80470892} 143581 : { BUY 2525.09@0.80470892} 143580 : { SELL 22377.86@0.8079342} 143579 : { SELL 22377.86@0.8079342} 
Wed Nov 12 14:44:10 EST 2014 , 4 , 2 , 2 , 143582 : { BUY 2525.09@0.80470892} 143581 : { BUY 2525.09@0.80470892} 143580 : { SELL 22377.86@0.8079342} 143579 : { SELL 22377.86@0.8079342} 
Wed Nov 12 14:47:11 EST 2014 , 4 , 2 , 2 , 143582 : { BUY 2525.09@0.80470892} 143581 : { BUY 2525.09@0.80470892} 143580 : { SELL 22377.86@0.8079342} 143579 : { SELL 22377.86@0.8079342} 
Wed Nov 12 14:50:12 EST 2014 , 4 , 2 , 2 , 143582 : { BUY 2525.09@0.80470892} 143581 : { BUY 2525.09@0.80470892} 143580 : { SELL 22377.86@0.8079342} 143579 : { SELL 22377.86@0.8079342} 
Wed Nov 12 14:53:13 EST 2014 , 4 , 2 , 2 , 143582 : { BUY 2525.09@0.80470892} 143581 : { BUY 2525.09@0.80470892} 143580 : { SELL 22377.86@0.8079342} 143579 : { SELL 22377.86@0.8079342} 
Wed Nov 12 14:56:14 EST 2014 , 4 , 2 , 2 , 143582 : { BUY 2525.09@0.80470892} 143581 : { BUY 2525.09@0.80470892} 143580 : { SELL 22377.86@0.8079342} 143579 : { SELL 22377.86@0.8079342} 
Wed Nov 12 14:59:15 EST 2014 , 4 , 2 , 2 , 143582 : { BUY 2525.09@0.80470892} 143581 : { BUY 2525.09@0.80470892} 143580 : { SELL 22377.86@0.8079342} 143579 : { SELL 22377.86@0.8079342} 
Wed Nov 12 15:02:16 EST 2014 , 4 , 2 , 2 , 143582 : { BUY 2525.09@0.80470892} 143581 : { BUY 2525.09@0.80470892} 143580 : { SELL 22377.86@0.8079342} 143579 : { SELL 22377.86@0.8079342} 
Wed Nov 12 15:05:17 EST 2014 , 4 , 2 , 2 , 143582 : { BUY 2525.09@0.80470892} 143581 : { BUY 2525.09@0.80470892} 143580 : { SELL 22377.86@0.8079342} 143579 : { SELL 22377.86@0.8079342} 
Wed Nov 12 15:08:18 EST 2014 , 4 , 2 , 2 , 143582 : { BUY 2525.09@0.80470892} 143581 : { BUY 2525.09@0.80470892} 143580 : { SELL 22377.86@0.8079342} 143579 : { SELL 22377.86@0.8079342} 
Wed Nov 12 15:11:19 EST 2014 , 4 , 2 , 2 , 143582 : { BUY 2525.09@0.80470892} 143581 : { BUY 2525.09@0.80470892} 143580 : { SELL 22377.86@0.8079342} 143579 : { SELL 22377.86@0.8079342} 
Wed Nov 12 15:14:20 EST 2014 , 4 , 2 , 2 , 143582 : { BUY 2525.09@0.80470892} 143581 : { BUY 2525.09@0.80470892} 143580 : { SELL 22377.86@0.8079342} 143579 : { SELL 22377.86@0.8079342} 
Wed Nov 12 15:17:21 EST 2014 , 4 , 2 , 2 , 143582 : { BUY 2525.09@0.80470892} 143581 : { BUY 2525.09@0.80470892} 143580 : { SELL 22377.86@0.8079342} 143579 : { SELL 22377.86@0.8079342} 
Wed Nov 12 15:20:22 EST 2014 , 4 , 2 , 2 , 143582 : { BUY 2525.09@0.80470892} 143581 : { BUY 2525.09@0.80470892} 143580 : { SELL 22377.86@0.8079342} 143579 : { SELL 22377.86@0.8079342} 
Wed Nov 12 15:23:23 EST 2014 , 4 , 2 , 2 , 143582 : { BUY 2525.09@0.80470892} 143581 : { BUY 2525.09@0.80470892} 143580 : { SELL 22377.86@0.8079342} 143579 : { SELL 22230.89@0.8079342} 
Wed Nov 12 15:26:24 EST 2014 , 4 , 2 , 2 , 146008 : { BUY 2598.72@0.80470892} 146007 : { BUY 2598.72@0.80470892} 146006 : { SELL 22304.37@0.8079342} 146005 : { SELL 22304.37@0.8079342} 
Wed Nov 12 15:29:25 EST 2014 , 4 , 2 , 2 , 146008 : { BUY 2598.72@0.80470892} 146007 : { BUY 2598.72@0.80470892} 146006 : { SELL 22304.37@0.8079342} 146005 : { SELL 22304.37@0.8079342} 
Wed Nov 12 15:32:26 EST 2014 , 4 , 2 , 2 , 146008 : { BUY 2598.72@0.80470892} 146007 : { BUY 2598.72@0.80470892} 146006 : { SELL 22304.37@0.8079342} 146005 : { SELL 22304.37@0.8079342} 
Wed Nov 12 15:35:27 EST 2014 , 4 , 2 , 2 , 146008 : { BUY 2598.72@0.80470892} 146007 : { BUY 2598.72@0.80470892} 146006 : { SELL 22304.37@0.8079342} 146005 : { SELL 22304.37@0.8079342} 
Wed Nov 12 15:38:28 EST 2014 , 4 , 2 , 2 , 146008 : { BUY 2598.72@0.80470892} 146007 : { BUY 2598.72@0.80470892} 146006 : { SELL 22304.37@0.8079342} 146005 : { SELL 22304.37@0.8079342} 
Wed Nov 12 15:41:29 EST 2014 , 4 , 2 , 2 , 146008 : { BUY 2598.72@0.80470892} 146007 : { BUY 2598.72@0.80470892} 146006 : { SELL 22304.37@0.8079342} 146005 : { SELL 22304.37@0.8079342} 
Wed Nov 12 15:44:30 EST 2014 , 4 , 2 , 2 , 146008 : { BUY 2598.72@0.80470892} 146007 : { BUY 2598.72@0.80470892} 146006 : { SELL 22304.37@0.8079342} 146005 : { SELL 22304.37@0.8079342} 
Wed Nov 12 15:47:31 EST 2014 , 4 , 2 , 2 , 146008 : { BUY 2598.72@0.80470892} 146007 : { BUY 2598.72@0.80470892} 146006 : { SELL 22304.37@0.8079342} 146005 : { SELL 22304.37@0.8079342} 
Wed Nov 12 15:50:32 EST 2014 , 4 , 2 , 2 , 146008 : { BUY 2598.72@0.80470892} 146007 : { BUY 2598.72@0.80470892} 146006 : { SELL 22304.37@0.8079342} 146005 : { SELL 22304.37@0.8079342} 
Wed Nov 12 15:53:33 EST 2014 , 4 , 2 , 2 , 146008 : { BUY 2598.72@0.80470892} 146007 : { BUY 2598.72@0.80470892} 146006 : { SELL 22304.37@0.8079342} 146005 : { SELL 22304.37@0.8079342} 
Wed Nov 12 15:56:34 EST 2014 , 4 , 2 , 2 , 146008 : { BUY 2598.72@0.80470892} 146007 : { BUY 2598.72@0.80470892} 146006 : { SELL 22304.37@0.8079342} 146005 : { SELL 22304.37@0.8079342} 
Wed Nov 12 15:59:35 EST 2014 , 4 , 2 , 2 , 146008 : { BUY 2598.72@0.80470892} 146007 : { BUY 2598.72@0.80470892} 146006 : { SELL 22304.37@0.8079342} 146005 : { SELL 22304.37@0.8079342} 
Wed Nov 12 16:02:36 EST 2014 , 4 , 2 , 2 , 146008 : { BUY 2598.72@0.80470892} 146007 : { BUY 2598.72@0.80470892} 146006 : { SELL 22304.37@0.8079342} 146005 : { SELL 22304.37@0.8079342} 
Wed Nov 12 16:05:38 EST 2014 , 4 , 2 , 2 , 146008 : { BUY 2598.72@0.80470892} 146007 : { BUY 2598.72@0.80470892} 146006 : { SELL 22304.37@0.8079342} 146005 : { SELL 22304.37@0.8079342} 
Wed Nov 12 16:08:38 EST 2014 , 4 , 2 , 2 , 146008 : { BUY 2598.72@0.80470892} 146007 : { BUY 2598.72@0.80470892} 146006 : { SELL 22304.37@0.8079342} 146005 : { SELL 22304.37@0.8079342} 
Wed Nov 12 16:11:40 EST 2014 , 4 , 2 , 2 , 146008 : { BUY 2598.72@0.80470892} 146007 : { BUY 2598.72@0.80470892} 146006 : { SELL 22304.37@0.8079342} 146005 : { SELL 22304.37@0.8079342} 
Wed Nov 12 16:14:40 EST 2014 , 4 , 2 , 2 , 146008 : { BUY 2598.72@0.80470892} 146007 : { BUY 2598.72@0.80470892} 146006 : { SELL 22304.37@0.8079342} 146005 : { SELL 22304.37@0.8079342} 
Wed Nov 12 16:17:41 EST 2014 , 4 , 2 , 2 , 146008 : { BUY 2598.72@0.80470892} 146007 : { BUY 2598.72@0.80470892} 146006 : { SELL 22304.37@0.8079342} 146005 : { SELL 22304.37@0.8079342} 
Wed Nov 12 16:20:42 EST 2014 , 4 , 2 , 2 , 146008 : { BUY 2598.72@0.80470892} 146007 : { BUY 2598.72@0.80470892} 146006 : { SELL 22304.37@0.8079342} 146005 : { SELL 22304.37@0.8079342} 
Wed Nov 12 16:23:43 EST 2014 , 4 , 2 , 2 , 146008 : { BUY 2598.72@0.80470892} 146007 : { BUY 2598.72@0.80470892} 146006 : { SELL 22304.37@0.8079342} 146005 : { SELL 22304.37@0.8079342} 
Wed Nov 12 16:26:44 EST 2014 , 4 , 2 , 2 , 146008 : { BUY 2598.72@0.80470892} 146007 : { BUY 2598.72@0.80470892} 146006 : { SELL 22304.37@0.8079342} 146005 : { SELL 22304.37@0.8079342} 
Wed Nov 12 16:29:45 EST 2014 , 4 , 2 , 2 , 146008 : { BUY 2598.72@0.80470892} 146007 : { BUY 2598.72@0.80470892} 146006 : { SELL 22304.37@0.8079342} 146005 : { SELL 22304.37@0.8079342} 
Wed Nov 12 16:32:46 EST 2014 , 4 , 2 , 2 , 146008 : { BUY 2598.72@0.80470892} 146007 : { BUY 2598.72@0.80470892} 146006 : { SELL 22304.37@0.8079342} 146005 : { SELL 22304.37@0.8079342} 
Wed Nov 12 16:35:47 EST 2014 , 4 , 2 , 2 , 146008 : { BUY 2598.72@0.80470892} 146007 : { BUY 2598.72@0.80470892} 146006 : { SELL 22304.37@0.8079342} 146005 : { SELL 22304.37@0.8079342} 
Wed Nov 12 16:38:48 EST 2014 , 4 , 2 , 2 , 146008 : { BUY 2598.72@0.80470892} 146007 : { BUY 2598.72@0.80470892} 146006 : { SELL 22304.37@0.8079342} 146005 : { SELL 22304.37@0.8079342} 
Wed Nov 12 16:41:49 EST 2014 , 4 , 2 , 2 , 146008 : { BUY 2598.72@0.80470892} 146007 : { BUY 2598.72@0.80470892} 146006 : { SELL 22304.37@0.8079342} 146005 : { SELL 22304.37@0.8079342} 
Wed Nov 12 16:44:50 EST 2014 , 4 , 2 , 2 , 146008 : { BUY 2598.72@0.80470892} 146007 : { BUY 2598.72@0.80470892} 146006 : { SELL 22304.37@0.8079342} 146005 : { SELL 22304.37@0.8079342} 
Wed Nov 12 16:47:51 EST 2014 , 4 , 2 , 2 , 146008 : { BUY 2598.72@0.80470892} 146007 : { BUY 2598.72@0.80470892} 146006 : { SELL 22304.37@0.8079342} 146005 : { SELL 22304.37@0.8079342} 
Wed Nov 12 16:50:52 EST 2014 , 4 , 2 , 2 , 146008 : { BUY 2598.72@0.80470892} 146007 : { BUY 2598.72@0.80470892} 146006 : { SELL 22304.37@0.8079342} 146005 : { SELL 22304.37@0.8079342} 
Wed Nov 12 16:53:53 EST 2014 , 4 , 2 , 2 , 146008 : { BUY 2598.72@0.80470892} 146007 : { BUY 2598.72@0.80470892} 146006 : { SELL 22304.37@0.8079342} 146005 : { SELL 22304.37@0.8079342} 
Wed Nov 12 16:56:54 EST 2014 , 4 , 2 , 2 , 146008 : { BUY 2598.72@0.80470892} 146007 : { BUY 2598.72@0.80470892} 146006 : { SELL 22304.37@0.8079342} 146005 : { SELL 22304.37@0.8079342} 
Wed Nov 12 16:59:55 EST 2014 , 4 , 2 , 2 , 146008 : { BUY 2598.72@0.80470892} 146007 : { BUY 2598.72@0.80470892} 146006 : { SELL 22304.37@0.8079342} 146005 : { SELL 22304.37@0.8079342} 
Wed Nov 12 17:02:56 EST 2014 , 4 , 2 , 2 , 146008 : { BUY 2598.72@0.80470892} 146007 : { BUY 2598.72@0.80470892} 146006 : { SELL 22304.37@0.8079342} 146005 : { SELL 22304.37@0.8079342} 
Wed Nov 12 17:05:57 EST 2014 , 4 , 2 , 2 , 146008 : { BUY 2598.72@0.80470892} 146007 : { BUY 2598.72@0.80470892} 146006 : { SELL 22304.37@0.8079342} 146005 : { SELL 22304.37@0.8079342} 
Wed Nov 12 17:08:59 EST 2014 , 4 , 2 , 2 , 146008 : { BUY 2598.72@0.80470892} 146007 : { BUY 2598.72@0.80470892} 146006 : { SELL 22304.37@0.8079342} 146005 : { SELL 22304.37@0.8079342} 
Wed Nov 12 17:11:59 EST 2014 , 4 , 2 , 2 , 146008 : { BUY 2598.72@0.80470892} 146007 : { BUY 2598.72@0.80470892} 146006 : { SELL 22304.37@0.8079342} 146005 : { SELL 22304.37@0.8079342} 
Wed Nov 12 17:15:00 EST 2014 , 4 , 2 , 2 , 146008 : { BUY 2598.72@0.80470892} 146007 : { BUY 2598.72@0.80470892} 146006 : { SELL 22304.37@0.8079342} 146005 : { SELL 22304.37@0.8079342} 
Wed Nov 12 17:18:01 EST 2014 , 4 , 2 , 2 , 146008 : { BUY 2598.72@0.80470892} 146007 : { BUY 2598.72@0.80470892} 146006 : { SELL 22304.37@0.8079342} 146005 : { SELL 22304.37@0.8079342} 
Wed Nov 12 17:21:02 EST 2014 , 4 , 2 , 2 , 146008 : { BUY 2598.72@0.80470892} 146007 : { BUY 2598.72@0.80470892} 146006 : { SELL 22304.37@0.8079342} 146005 : { SELL 22304.37@0.8079342} 
Wed Nov 12 17:24:03 EST 2014 , 4 , 2 , 2 , 146008 : { BUY 2598.72@0.80470892} 146007 : { BUY 2598.72@0.80470892} 146006 : { SELL 22304.37@0.8079342} 146005 : { SELL 22304.37@0.8079342} 
Wed Nov 12 17:27:04 EST 2014 , 4 , 2 , 2 , 146008 : { BUY 2598.72@0.80470892} 146007 : { BUY 2598.72@0.80470892} 146006 : { SELL 22304.37@0.8079342} 146005 : { SELL 22304.37@0.8079342} 
Wed Nov 12 17:30:05 EST 2014 , 4 , 2 , 2 , 146008 : { BUY 2598.72@0.80470892} 146007 : { BUY 2598.72@0.80470892} 146006 : { SELL 22304.37@0.8079342} 146005 : { SELL 22304.37@0.8079342} 
Wed Nov 12 17:33:06 EST 2014 , 4 , 2 , 2 , 146008 : { BUY 2598.72@0.80470892} 146007 : { BUY 2598.72@0.80470892} 146006 : { SELL 22304.37@0.8079342} 146005 : { SELL 22304.37@0.8079342} 
Wed Nov 12 17:36:07 EST 2014 , 4 , 2 , 2 , 146008 : { BUY 2598.72@0.80470892} 146007 : { BUY 2598.72@0.80470892} 146006 : { SELL 22304.37@0.8079342} 146005 : { SELL 22304.37@0.8079342} 
Wed Nov 12 17:39:08 EST 2014 , 4 , 2 , 2 , 146008 : { BUY 2598.72@0.80470892} 146007 : { BUY 2598.72@0.80470892} 146006 : { SELL 22304.37@0.8079342} 146005 : { SELL 22304.37@0.8079342} 
Wed Nov 12 17:42:09 EST 2014 , 4 , 2 , 2 , 146008 : { BUY 2598.72@0.80470892} 146007 : { BUY 2598.72@0.80470892} 146006 : { SELL 22304.37@0.8079342} 146005 : { SELL 22304.37@0.8079342} 
Wed Nov 12 17:45:10 EST 2014 , 4 , 2 , 2 , 146008 : { BUY 2598.72@0.80470892} 146007 : { BUY 2598.72@0.80470892} 146006 : { SELL 22304.37@0.8079342} 146005 : { SELL 22304.37@0.8079342} 
Wed Nov 12 17:48:11 EST 2014 , 4 , 2 , 2 , 146008 : { BUY 2598.72@0.80470892} 146007 : { BUY 2598.72@0.80470892} 146006 : { SELL 22304.37@0.8079342} 146005 : { SELL 22304.37@0.8079342} 
Wed Nov 12 17:51:12 EST 2014 , 4 , 2 , 2 , 146008 : { BUY 2598.72@0.80470892} 146007 : { BUY 2598.72@0.80470892} 146006 : { SELL 22304.37@0.8079342} 146005 : { SELL 22304.37@0.8079342} 
Wed Nov 12 17:54:13 EST 2014 , 4 , 2 , 2 , 146008 : { BUY 2598.72@0.80470892} 146007 : { BUY 2598.72@0.80470892} 146006 : { SELL 22304.37@0.8079342} 146005 : { SELL 22304.37@0.8079342} 
Wed Nov 12 17:57:14 EST 2014 , 4 , 2 , 2 , 146008 : { BUY 2598.72@0.80470892} 146007 : { BUY 2598.72@0.80470892} 146006 : { SELL 22304.37@0.8079342} 146005 : { SELL 22304.37@0.8079342} 
Wed Nov 12 18:00:15 EST 2014 , 4 , 2 , 2 , 146008 : { BUY 2598.72@0.80470892} 146007 : { BUY 2598.72@0.80470892} 146006 : { SELL 22304.37@0.8079342} 146005 : { SELL 22304.37@0.8079342} 
Wed Nov 12 18:03:16 EST 2014 , 4 , 2 , 2 , 146008 : { BUY 2598.72@0.80470892} 146007 : { BUY 2598.72@0.80470892} 146006 : { SELL 22304.37@0.8079342} 146005 : { SELL 22304.37@0.8079342} 
Wed Nov 12 18:06:17 EST 2014 , 4 , 2 , 2 , 146008 : { BUY 2598.72@0.80470892} 146007 : { BUY 2598.72@0.80470892} 146006 : { SELL 22304.37@0.8079342} 146005 : { SELL 22304.37@0.8079342} 
Wed Nov 12 18:09:18 EST 2014 , 4 , 2 , 2 , 146008 : { BUY 2598.72@0.80470892} 146007 : { BUY 2598.72@0.80470892} 146006 : { SELL 22304.37@0.8079342} 146005 : { SELL 22304.37@0.8079342} 
Wed Nov 12 18:12:19 EST 2014 , 4 , 2 , 2 , 146008 : { BUY 2598.72@0.80470892} 146007 : { BUY 2598.72@0.80470892} 146006 : { SELL 22304.37@0.8079342} 146005 : { SELL 22304.37@0.8079342} 
Wed Nov 12 18:15:20 EST 2014 , 4 , 2 , 2 , 146008 : { BUY 2598.72@0.80470892} 146007 : { BUY 2598.72@0.80470892} 146006 : { SELL 22304.37@0.8079342} 146005 : { SELL 22304.37@0.8079342} 
Wed Nov 12 18:18:21 EST 2014 , 4 , 2 , 2 , 146008 : { BUY 2598.72@0.80470892} 146007 : { BUY 2598.72@0.80470892} 146006 : { SELL 22304.37@0.8079342} 146005 : { SELL 22304.37@0.8079342} 
Wed Nov 12 18:21:22 EST 2014 , 4 , 2 , 2 , 146008 : { BUY 2598.72@0.80470892} 146007 : { BUY 2598.72@0.80470892} 146006 : { SELL 22304.37@0.8079342} 146005 : { SELL 22304.37@0.8079342} 
Wed Nov 12 18:24:23 EST 2014 , 4 , 2 , 2 , 146008 : { BUY 2598.72@0.80470892} 146007 : { BUY 2598.72@0.80470892} 146006 : { SELL 22304.37@0.8079342} 146005 : { SELL 22304.37@0.8079342} 
Wed Nov 12 18:27:24 EST 2014 , 4 , 2 , 2 , 146008 : { BUY 2598.72@0.80470892} 146007 : { BUY 2598.72@0.80470892} 146006 : { SELL 22304.37@0.8079342} 146005 : { SELL 22304.37@0.8079342} 
Wed Nov 12 18:30:25 EST 2014 , 4 , 2 , 2 , 146008 : { BUY 2598.72@0.80470892} 146007 : { BUY 2598.72@0.80470892} 146006 : { SELL 22304.37@0.8079342} 146005 : { SELL 22304.37@0.8079342} 
Wed Nov 12 18:33:26 EST 2014 , 4 , 2 , 2 , 146008 : { BUY 2598.72@0.80470892} 146007 : { BUY 2598.72@0.80470892} 146006 : { SELL 22304.37@0.8079342} 146005 : { SELL 22304.37@0.8079342} 
Wed Nov 12 18:36:27 EST 2014 , 4 , 2 , 2 , 146008 : { BUY 2598.72@0.80470892} 146007 : { BUY 2598.72@0.80470892} 146006 : { SELL 22304.37@0.8079342} 146005 : { SELL 22304.37@0.8079342} 
Wed Nov 12 18:39:28 EST 2014 , 4 , 2 , 2 , 146008 : { BUY 2598.72@0.80470892} 146007 : { BUY 2598.72@0.80470892} 146006 : { SELL 22304.37@0.8079342} 146005 : { SELL 22304.37@0.8079342} 
Wed Nov 12 18:42:29 EST 2014 , 4 , 2 , 2 , 146008 : { BUY 2598.72@0.80470892} 146007 : { BUY 2598.72@0.80470892} 146006 : { SELL 22304.37@0.8079342} 146005 : { SELL 22304.37@0.8079342} 
Wed Nov 12 18:45:30 EST 2014 , 4 , 2 , 2 , 146008 : { BUY 2598.72@0.80470892} 146007 : { BUY 2598.72@0.80470892} 146006 : { SELL 22304.37@0.8079342} 146005 : { SELL 22304.37@0.8079342} 
Wed Nov 12 18:48:31 EST 2014 , 4 , 2 , 2 , 146008 : { BUY 2598.72@0.80470892} 146007 : { BUY 2598.72@0.80470892} 146006 : { SELL 22304.37@0.8079342} 146005 : { SELL 22304.37@0.8079342} 
Wed Nov 12 18:51:32 EST 2014 , 4 , 2 , 2 , 146008 : { BUY 2598.72@0.80470892} 146007 : { BUY 2598.72@0.80470892} 146006 : { SELL 22304.37@0.8079342} 146005 : { SELL 22304.37@0.8079342} 
Wed Nov 12 18:54:33 EST 2014 , 4 , 2 , 2 , 146008 : { BUY 2598.72@0.80470892} 146007 : { BUY 2598.72@0.80470892} 146006 : { SELL 22304.37@0.8079342} 146005 : { SELL 22304.37@0.8079342} 
Wed Nov 12 18:57:34 EST 2014 , 4 , 2 , 2 , 146008 : { BUY 2598.72@0.80470892} 146007 : { BUY 2598.72@0.80470892} 146006 : { SELL 22304.37@0.8079342} 146005 : { SELL 22304.37@0.8079342} 
Wed Nov 12 19:00:35 EST 2014 , 4 , 2 , 2 , 146008 : { BUY 2598.72@0.80470892} 146007 : { BUY 2598.72@0.80470892} 146006 : { SELL 22304.37@0.8079342} 146005 : { SELL 22304.37@0.8079342} 
Wed Nov 12 19:03:36 EST 2014 , 4 , 2 , 2 , 146008 : { BUY 2598.72@0.80470892} 146007 : { BUY 2598.72@0.80470892} 146006 : { SELL 22304.37@0.8079342} 146005 : { SELL 22304.37@0.8079342} 
Wed Nov 12 19:06:37 EST 2014 , 4 , 2 , 2 , 146008 : { BUY 2598.72@0.80470892} 146007 : { BUY 2598.72@0.80470892} 146006 : { SELL 22304.37@0.8079342} 146005 : { SELL 22304.37@0.8079342} 
Wed Nov 12 19:09:38 EST 2014 , 4 , 2 , 2 , 146008 : { BUY 2598.72@0.80470892} 146007 : { BUY 2598.72@0.80470892} 146006 : { SELL 22304.37@0.8079342} 146005 : { SELL 22304.37@0.8079342} 
Wed Nov 12 19:12:39 EST 2014 , 4 , 2 , 2 , 146008 : { BUY 2598.72@0.80470892} 146007 : { BUY 2598.72@0.80470892} 146006 : { SELL 22304.37@0.8079342} 146005 : { SELL 22304.37@0.8079342} 
Wed Nov 12 19:15:40 EST 2014 , 4 , 2 , 2 , 146008 : { BUY 2598.72@0.80470892} 146007 : { BUY 2598.72@0.80470892} 146006 : { SELL 22304.37@0.8079342} 146005 : { SELL 22304.37@0.8079342} 
Wed Nov 12 19:18:41 EST 2014 , 4 , 2 , 2 , 146008 : { BUY 2598.72@0.80470892} 146007 : { BUY 2598.72@0.80470892} 146006 : { SELL 22304.37@0.8079342} 146005 : { SELL 22304.37@0.8079342} 
Wed Nov 12 19:21:42 EST 2014 , 4 , 2 , 2 , 146008 : { BUY 2598.72@0.80470892} 146007 : { BUY 2598.72@0.80470892} 146006 : { SELL 22304.37@0.8079342} 146005 : { SELL 22304.37@0.8079342} 
Wed Nov 12 19:24:43 EST 2014 , 4 , 2 , 2 , 146008 : { BUY 2598.72@0.80470892} 146007 : { BUY 2598.72@0.80470892} 146006 : { SELL 22304.37@0.8079342} 146005 : { SELL 22304.37@0.8079342} 
Wed Nov 12 19:27:44 EST 2014 , 4 , 2 , 2 , 146008 : { BUY 2598.72@0.80470892} 146007 : { BUY 2598.72@0.80470892} 146006 : { SELL 22304.37@0.8079342} 146005 : { SELL 22304.37@0.8079342} 
Wed Nov 12 19:30:45 EST 2014 , 4 , 2 , 2 , 146008 : { BUY 2598.72@0.80470892} 146007 : { BUY 2598.72@0.80470892} 146006 : { SELL 22304.37@0.8079342} 146005 : { SELL 22304.37@0.8079342} 
Wed Nov 12 19:33:46 EST 2014 , 4 , 2 , 2 , 146008 : { BUY 2598.72@0.80470892} 146007 : { BUY 2598.72@0.80470892} 146006 : { SELL 22304.37@0.8079342} 146005 : { SELL 22304.37@0.8079342} 
Wed Nov 12 19:36:47 EST 2014 , 4 , 2 , 2 , 146008 : { BUY 2598.72@0.80470892} 146007 : { BUY 2598.72@0.80470892} 146006 : { SELL 22304.37@0.8079342} 146005 : { SELL 22304.37@0.8079342} 
Wed Nov 12 19:39:48 EST 2014 , 4 , 2 , 2 , 146008 : { BUY 2598.72@0.80470892} 146007 : { BUY 2598.72@0.80470892} 146006 : { SELL 22304.37@0.8079342} 146005 : { SELL 22304.37@0.8079342} 
Wed Nov 12 19:42:49 EST 2014 , 4 , 2 , 2 , 146008 : { BUY 2598.72@0.80470892} 146007 : { BUY 2598.72@0.80470892} 146006 : { SELL 22304.37@0.8079342} 146005 : { SELL 22304.37@0.8079342} 
Wed Nov 12 19:45:50 EST 2014 , 4 , 2 , 2 , 146008 : { BUY 2598.72@0.80470892} 146007 : { BUY 2598.72@0.80470892} 146006 : { SELL 22304.37@0.8079342} 146005 : { SELL 22304.37@0.8079342} 
Wed Nov 12 19:48:51 EST 2014 , 4 , 2 , 2 , 146008 : { BUY 2598.72@0.80470892} 146007 : { BUY 2598.72@0.80470892} 146006 : { SELL 22304.37@0.8079342} 146005 : { SELL 22304.37@0.8079342} 
Wed Nov 12 19:51:52 EST 2014 , 4 , 2 , 2 , 146008 : { BUY 2598.72@0.80470892} 146007 : { BUY 2598.72@0.80470892} 146006 : { SELL 22304.37@0.8079342} 146005 : { SELL 22304.37@0.8079342} 
Wed Nov 12 19:54:53 EST 2014 , 4 , 2 , 2 , 146008 : { BUY 2598.72@0.80470892} 146007 : { BUY 2598.72@0.80470892} 146006 : { SELL 22304.37@0.8079342} 146005 : { SELL 22304.37@0.8079342} 
Wed Nov 12 19:57:54 EST 2014 , 4 , 2 , 2 , 146008 : { BUY 2598.72@0.80470892} 146007 : { BUY 2598.72@0.80470892} 146006 : { SELL 22304.37@0.8079342} 146005 : { SELL 22304.37@0.8079342} 
Wed Nov 12 20:00:55 EST 2014 , 4 , 2 , 2 , 146008 : { BUY 2598.72@0.80470892} 146007 : { BUY 2598.72@0.80470892} 146006 : { SELL 22304.37@0.8079342} 146005 : { SELL 22304.37@0.8079342} 
Wed Nov 12 20:03:56 EST 2014 , 4 , 2 , 2 , 146008 : { BUY 2598.72@0.80470892} 146007 : { BUY 2598.72@0.80470892} 146006 : { SELL 22304.37@0.8079342} 146005 : { SELL 22304.37@0.8079342} 
Wed Nov 12 20:06:57 EST 2014 , 4 , 2 , 2 , 146008 : { BUY 2598.72@0.80470892} 146007 : { BUY 2598.72@0.80470892} 146006 : { SELL 22304.37@0.8079342} 146005 : { SELL 22304.37@0.8079342} 
Wed Nov 12 20:09:58 EST 2014 , 4 , 2 , 2 , 146008 : { BUY 2598.72@0.80470892} 146007 : { BUY 2598.72@0.80470892} 146006 : { SELL 22304.37@0.8079342} 146005 : { SELL 22304.37@0.8079342} 
Wed Nov 12 20:12:59 EST 2014 , 4 , 2 , 2 , 146008 : { BUY 2598.72@0.80470892} 146007 : { BUY 2598.72@0.80470892} 146006 : { SELL 22304.37@0.8079342} 146005 : { SELL 22304.37@0.8079342} 
Wed Nov 12 20:16:00 EST 2014 , 4 , 2 , 2 , 146008 : { BUY 2598.72@0.80470892} 146007 : { BUY 2598.72@0.80470892} 146006 : { SELL 22304.37@0.8079342} 146005 : { SELL 22304.37@0.8079342} 
Wed Nov 12 20:19:01 EST 2014 , 4 , 2 , 2 , 146008 : { BUY 2598.72@0.80470892} 146007 : { BUY 2598.72@0.80470892} 146006 : { SELL 22304.37@0.8079342} 146005 : { SELL 22304.37@0.8079342} 
Wed Nov 12 20:22:02 EST 2014 , 4 , 2 , 2 , 146008 : { BUY 2598.72@0.80470892} 146007 : { BUY 2598.72@0.80470892} 146006 : { SELL 22304.37@0.8079342} 146005 : { SELL 22304.37@0.8079342} 
Wed Nov 12 20:25:03 EST 2014 , 4 , 2 , 2 , 146008 : { BUY 2598.72@0.80470892} 146007 : { BUY 2598.72@0.80470892} 146006 : { SELL 22304.37@0.8079342} 146005 : { SELL 22304.37@0.8079342} 
Wed Nov 12 20:28:04 EST 2014 , 4 , 2 , 2 , 146008 : { BUY 2598.72@0.80470892} 146007 : { BUY 2598.72@0.80470892} 146006 : { SELL 22304.37@0.8079342} 146005 : { SELL 22304.37@0.8079342} 
Wed Nov 12 20:31:05 EST 2014 , 4 , 2 , 2 , 146008 : { BUY 2598.72@0.80470892} 146007 : { BUY 2598.72@0.80470892} 146006 : { SELL 22304.37@0.8079342} 146005 : { SELL 22304.37@0.8079342} 
Wed Nov 12 20:34:06 EST 2014 , 4 , 2 , 2 , 146008 : { BUY 2598.72@0.80470892} 146007 : { BUY 2598.72@0.80470892} 146006 : { SELL 22304.37@0.8079342} 146005 : { SELL 22304.37@0.8079342} 
Wed Nov 12 20:37:07 EST 2014 , 4 , 2 , 2 , 146008 : { BUY 2598.72@0.80470892} 146007 : { BUY 2598.72@0.80470892} 146006 : { SELL 22304.37@0.8079342} 146005 : { SELL 22304.37@0.8079342} 
Wed Nov 12 20:40:08 EST 2014 , 4 , 2 , 2 , 146008 : { BUY 2598.72@0.80470892} 146007 : { BUY 2598.72@0.80470892} 146006 : { SELL 22304.37@0.8079342} 146005 : { SELL 22304.37@0.8079342} 
Wed Nov 12 20:43:09 EST 2014 , 4 , 2 , 2 , 146008 : { BUY 2598.72@0.80470892} 146007 : { BUY 2598.72@0.80470892} 146006 : { SELL 22304.37@0.8079342} 146005 : { SELL 22304.37@0.8079342} 
Wed Nov 12 20:46:10 EST 2014 , 4 , 2 , 2 , 146008 : { BUY 2598.72@0.80470892} 146007 : { BUY 2598.72@0.80470892} 146006 : { SELL 22304.37@0.8079342} 146005 : { SELL 22304.37@0.8079342} 
Wed Nov 12 20:49:11 EST 2014 , 4 , 2 , 2 , 146008 : { BUY 2598.72@0.80470892} 146007 : { BUY 2598.72@0.80470892} 146006 : { SELL 22304.37@0.8079342} 146005 : { SELL 22304.37@0.8079342} 
Wed Nov 12 20:52:12 EST 2014 , 4 , 2 , 2 , 146008 : { BUY 2598.72@0.80470892} 146007 : { BUY 2598.72@0.80470892} 146006 : { SELL 22304.37@0.8079342} 146005 : { SELL 22304.37@0.8079342} 
Wed Nov 12 20:55:13 EST 2014 , 4 , 2 , 2 , 146008 : { BUY 2598.72@0.80470892} 146007 : { BUY 2598.72@0.80470892} 146006 : { SELL 22304.37@0.8079342} 146005 : { SELL 22304.37@0.8079342} 
Wed Nov 12 20:58:14 EST 2014 , 4 , 2 , 2 , 146008 : { BUY 2598.72@0.80470892} 146007 : { BUY 2598.72@0.80470892} 146006 : { SELL 22304.37@0.8079342} 146005 : { SELL 22304.37@0.8079342} 
Wed Nov 12 21:01:15 EST 2014 , 4 , 2 , 2 , 146008 : { BUY 2598.72@0.80470892} 146007 : { BUY 2598.72@0.80470892} 146006 : { SELL 22304.37@0.8079342} 146005 : { SELL 22304.37@0.8079342} 
Wed Nov 12 21:04:16 EST 2014 , 4 , 2 , 2 , 146008 : { BUY 2598.72@0.80470892} 146007 : { BUY 2598.72@0.80470892} 146006 : { SELL 22304.37@0.8079342} 146005 : { SELL 22304.37@0.8079342} 
Wed Nov 12 21:07:17 EST 2014 , 4 , 2 , 2 , 146008 : { BUY 2598.72@0.80470892} 146007 : { BUY 2598.72@0.80470892} 146006 : { SELL 22304.37@0.8079342} 146005 : { SELL 22304.37@0.8079342} 
Wed Nov 12 21:10:18 EST 2014 , 4 , 2 , 2 , 146008 : { BUY 2598.72@0.80470892} 146007 : { BUY 2598.72@0.80470892} 146006 : { SELL 22304.37@0.8079342} 146005 : { SELL 22304.37@0.8079342} 
Wed Nov 12 21:13:20 EST 2014 , 4 , 2 , 2 , 146008 : { BUY 2598.72@0.80470892} 146007 : { BUY 2598.72@0.80470892} 146006 : { SELL 22304.37@0.8079342} 146005 : { SELL 22304.37@0.8079342} 
Wed Nov 12 21:16:20 EST 2014 , 4 , 2 , 2 , 146008 : { BUY 2598.72@0.80470892} 146007 : { BUY 2598.72@0.80470892} 146006 : { SELL 22304.37@0.8079342} 146005 : { SELL 22304.37@0.8079342} 
Wed Nov 12 21:19:21 EST 2014 , 4 , 2 , 2 , 146008 : { BUY 2598.72@0.80470892} 146007 : { BUY 2598.72@0.80470892} 146006 : { SELL 22304.37@0.8079342} 146005 : { SELL 22304.37@0.8079342} 
Wed Nov 12 21:22:22 EST 2014 , 4 , 2 , 2 , 146008 : { BUY 2598.72@0.80470892} 146007 : { BUY 2598.72@0.80470892} 146006 : { SELL 22304.37@0.8079342} 146005 : { SELL 22304.37@0.8079342} 
Wed Nov 12 21:25:23 EST 2014 , 4 , 2 , 2 , 146008 : { BUY 2598.72@0.80470892} 146007 : { BUY 2598.72@0.80470892} 146006 : { SELL 22304.37@0.8079342} 146005 : { SELL 22304.37@0.8079342} 
Wed Nov 12 21:28:24 EST 2014 , 4 , 2 , 2 , 146008 : { BUY 2598.72@0.80470892} 146007 : { BUY 2598.72@0.80470892} 146006 : { SELL 22304.37@0.8079342} 146005 : { SELL 22304.37@0.8079342} 
Wed Nov 12 21:31:25 EST 2014 , 4 , 2 , 2 , 146008 : { BUY 2598.72@0.80470892} 146007 : { BUY 2598.72@0.80470892} 146006 : { SELL 22304.37@0.8079342} 146005 : { SELL 22304.37@0.8079342} 
Wed Nov 12 21:34:26 EST 2014 , 4 , 2 , 2 , 146008 : { BUY 2598.72@0.80470892} 146007 : { BUY 2598.72@0.80470892} 146006 : { SELL 22304.37@0.8079342} 146005 : { SELL 22304.37@0.8079342} 
Wed Nov 12 21:37:27 EST 2014 , 4 , 2 , 2 , 146008 : { BUY 2598.72@0.80470892} 146007 : { BUY 2598.72@0.80470892} 146006 : { SELL 22304.37@0.8079342} 146005 : { SELL 22304.37@0.8079342} 
Wed Nov 12 21:40:28 EST 2014 , 4 , 2 , 2 , 146008 : { BUY 2598.72@0.80470892} 146007 : { BUY 2598.72@0.80470892} 146006 : { SELL 22304.37@0.8079342} 146005 : { SELL 22304.37@0.8079342} 
Wed Nov 12 21:43:29 EST 2014 , 4 , 2 , 2 , 146008 : { BUY 2598.72@0.80470892} 146007 : { BUY 2598.72@0.80470892} 146006 : { SELL 22304.37@0.8079342} 146005 : { SELL 22304.37@0.8079342} 
Wed Nov 12 21:46:30 EST 2014 , 4 , 2 , 2 , 146008 : { BUY 2598.72@0.80470892} 146007 : { BUY 2598.72@0.80470892} 146006 : { SELL 22304.37@0.8079342} 146005 : { SELL 22304.37@0.8079342} 
Wed Nov 12 21:49:31 EST 2014 , 4 , 2 , 2 , 146008 : { BUY 2598.72@0.80470892} 146007 : { BUY 2598.72@0.80470892} 146006 : { SELL 22304.37@0.8079342} 146005 : { SELL 22304.37@0.8079342} 
Wed Nov 12 21:52:32 EST 2014 , 4 , 2 , 2 , 146008 : { BUY 2598.72@0.80470892} 146007 : { BUY 2598.72@0.80470892} 146006 : { SELL 22304.37@0.8079342} 146005 : { SELL 22304.37@0.8079342} 
Wed Nov 12 21:55:33 EST 2014 , 4 , 2 , 2 , 146008 : { BUY 2598.72@0.80470892} 146007 : { BUY 2598.72@0.80470892} 146006 : { SELL 22304.37@0.8079342} 146005 : { SELL 22304.37@0.8079342} 
Wed Nov 12 21:58:34 EST 2014 , 4 , 2 , 2 , 146008 : { BUY 2598.72@0.80470892} 146007 : { BUY 2598.72@0.80470892} 146006 : { SELL 22304.37@0.8079342} 146005 : { SELL 22304.37@0.8079342} 
Wed Nov 12 22:01:35 EST 2014 , 4 , 2 , 2 , 146008 : { BUY 2598.72@0.80470892} 146007 : { BUY 2598.72@0.80470892} 146006 : { SELL 22304.37@0.8079342} 146005 : { SELL 22304.37@0.8079342} 
Wed Nov 12 22:04:36 EST 2014 , 4 , 2 , 2 , 146008 : { BUY 2598.72@0.80470892} 146007 : { BUY 2598.72@0.80470892} 146006 : { SELL 22304.37@0.8079342} 146005 : { SELL 22304.37@0.8079342} 
Wed Nov 12 22:07:37 EST 2014 , 4 , 2 , 2 , 146008 : { BUY 2598.72@0.80470892} 146007 : { BUY 2598.72@0.80470892} 146006 : { SELL 22304.37@0.8079342} 146005 : { SELL 22304.37@0.8079342} 
Wed Nov 12 22:10:38 EST 2014 , 4 , 2 , 2 , 146008 : { BUY 2598.72@0.80470892} 146007 : { BUY 2598.72@0.80470892} 146006 : { SELL 22304.37@0.8079342} 146005 : { SELL 22304.37@0.8079342} 
Wed Nov 12 22:13:39 EST 2014 , 4 , 2 , 2 , 146008 : { BUY 2598.72@0.80470892} 146007 : { BUY 2598.72@0.80470892} 146006 : { SELL 22304.37@0.8079342} 146005 : { SELL 22304.37@0.8079342} 
Wed Nov 12 22:16:40 EST 2014 , 4 , 2 , 2 , 146008 : { BUY 2598.72@0.80470892} 146007 : { BUY 2598.72@0.80470892} 146006 : { SELL 22304.37@0.8079342} 146005 : { SELL 22304.37@0.8079342} 
Wed Nov 12 22:19:41 EST 2014 , 4 , 2 , 2 , 146008 : { BUY 2598.72@0.80470892} 146007 : { BUY 2598.72@0.80470892} 146006 : { SELL 22304.37@0.8079342} 146005 : { SELL 22304.37@0.8079342} 
Wed Nov 12 22:22:42 EST 2014 , 4 , 2 , 2 , 146008 : { BUY 2598.72@0.80470892} 146007 : { BUY 2598.72@0.80470892} 146006 : { SELL 22304.37@0.8079342} 146005 : { SELL 22304.37@0.8079342} 
Wed Nov 12 22:25:43 EST 2014 , 4 , 2 , 2 , 146008 : { BUY 2598.72@0.80470892} 146007 : { BUY 2598.72@0.80470892} 146006 : { SELL 22304.37@0.8079342} 146005 : { SELL 22304.37@0.8079342} 
Wed Nov 12 22:28:44 EST 2014 , 4 , 2 , 2 , 146008 : { BUY 2598.72@0.80470892} 146007 : { BUY 2598.72@0.80470892} 146006 : { SELL 22304.37@0.8079342} 146005 : { SELL 22304.37@0.8079342} 
Wed Nov 12 22:31:45 EST 2014 , 4 , 2 , 2 , 146008 : { BUY 2598.72@0.80470892} 146007 : { BUY 2598.72@0.80470892} 146006 : { SELL 22304.37@0.8079342} 146005 : { SELL 22304.37@0.8079342} 
Wed Nov 12 22:34:46 EST 2014 , 4 , 2 , 2 , 146008 : { BUY 2598.72@0.80470892} 146007 : { BUY 2598.72@0.80470892} 146006 : { SELL 22304.37@0.8079342} 146005 : { SELL 22304.37@0.8079342} 
Wed Nov 12 22:37:47 EST 2014 , 4 , 2 , 2 , 146008 : { BUY 2598.72@0.80470892} 146007 : { BUY 2598.72@0.80470892} 146006 : { SELL 22304.37@0.8079342} 146005 : { SELL 22304.37@0.8079342} 
Wed Nov 12 22:40:48 EST 2014 , 4 , 2 , 2 , 146008 : { BUY 2598.72@0.80470892} 146007 : { BUY 2598.72@0.80470892} 146006 : { SELL 22304.37@0.8079342} 146005 : { SELL 22304.37@0.8079342} 
Wed Nov 12 22:43:49 EST 2014 , 4 , 2 , 2 , 146008 : { BUY 2598.72@0.80470892} 146007 : { BUY 2598.72@0.80470892} 146006 : { SELL 22304.37@0.8079342} 146005 : { SELL 22304.37@0.8079342} 
Wed Nov 12 22:46:50 EST 2014 , 4 , 2 , 2 , 146008 : { BUY 2598.72@0.80470892} 146007 : { BUY 2598.72@0.80470892} 146006 : { SELL 22304.37@0.8079342} 146005 : { SELL 22304.37@0.8079342} 
Wed Nov 12 22:49:51 EST 2014 , 4 , 2 , 2 , 146008 : { BUY 2598.72@0.80470892} 146007 : { BUY 2598.72@0.80470892} 146006 : { SELL 22304.37@0.8079342} 146005 : { SELL 22304.37@0.8079342} 
Wed Nov 12 22:52:52 EST 2014 , 4 , 2 , 2 , 146008 : { BUY 2598.72@0.80470892} 146007 : { BUY 2598.72@0.80470892} 146006 : { SELL 22304.37@0.8079342} 146005 : { SELL 22304.37@0.8079342} 
Wed Nov 12 22:55:53 EST 2014 , 4 , 2 , 2 , 146008 : { BUY 2598.72@0.80470892} 146007 : { BUY 2598.72@0.80470892} 146006 : { SELL 22304.37@0.8079342} 146005 : { SELL 22304.37@0.8079342} 
Wed Nov 12 22:58:55 EST 2014 , 4 , 2 , 2 , 146008 : { BUY 2598.72@0.80470892} 146007 : { BUY 2598.72@0.80470892} 146006 : { SELL 22304.37@0.8079342} 146005 : { SELL 22304.37@0.8079342} 
Wed Nov 12 23:01:55 EST 2014 , 4 , 2 , 2 , 146008 : { BUY 2598.72@0.80470892} 146007 : { BUY 2598.72@0.80470892} 146006 : { SELL 22304.37@0.8079342} 146005 : { SELL 22304.37@0.8079342} 
Wed Nov 12 23:04:56 EST 2014 , 4 , 2 , 2 , 146008 : { BUY 2598.72@0.80470892} 146007 : { BUY 2598.72@0.80470892} 146006 : { SELL 22304.37@0.8079342} 146005 : { SELL 22304.37@0.8079342} 
Wed Nov 12 23:07:57 EST 2014 , 4 , 2 , 2 , 146008 : { BUY 2598.72@0.80470892} 146007 : { BUY 2598.72@0.80470892} 146006 : { SELL 22304.37@0.8079342} 146005 : { SELL 22304.37@0.8079342} 
Wed Nov 12 23:10:58 EST 2014 , 4 , 2 , 2 , 146008 : { BUY 2598.72@0.80470892} 146007 : { BUY 2598.72@0.80470892} 146006 : { SELL 22304.37@0.8079342} 146005 : { SELL 22304.37@0.8079342} 
Wed Nov 12 23:13:59 EST 2014 , 4 , 2 , 2 , 146008 : { BUY 2598.72@0.80470892} 146007 : { BUY 2598.72@0.80470892} 146006 : { SELL 22304.37@0.8079342} 146005 : { SELL 22304.37@0.8079342} 
Wed Nov 12 23:17:00 EST 2014 , 4 , 2 , 2 , 146008 : { BUY 2598.72@0.80470892} 146007 : { BUY 2598.72@0.80470892} 146006 : { SELL 22304.37@0.8079342} 146005 : { SELL 22304.37@0.8079342} 
Wed Nov 12 23:20:01 EST 2014 , 4 , 2 , 2 , 146008 : { BUY 2598.72@0.80470892} 146007 : { BUY 2598.72@0.80470892} 146006 : { SELL 22304.37@0.8079342} 146005 : { SELL 22304.37@0.8079342} 
Wed Nov 12 23:23:02 EST 2014 , 4 , 2 , 2 , 146008 : { BUY 2598.72@0.80470892} 146007 : { BUY 2598.72@0.80470892} 146006 : { SELL 22304.37@0.8079342} 146005 : { SELL 22304.37@0.8079342} 
Wed Nov 12 23:26:03 EST 2014 , 4 , 2 , 2 , 146008 : { BUY 2598.72@0.80470892} 146007 : { BUY 2598.72@0.80470892} 146006 : { SELL 22304.37@0.8079342} 146005 : { SELL 22304.37@0.8079342} 
Wed Nov 12 23:29:04 EST 2014 , 4 , 2 , 2 , 146008 : { BUY 2598.72@0.80470892} 146007 : { BUY 2598.72@0.80470892} 146006 : { SELL 22304.37@0.8079342} 146005 : { SELL 22304.37@0.8079342} 
Wed Nov 12 23:32:05 EST 2014 , 4 , 2 , 2 , 146008 : { BUY 2598.72@0.80470892} 146007 : { BUY 2598.72@0.80470892} 146006 : { SELL 22304.37@0.8079342} 146005 : { SELL 22304.37@0.8079342} 
Wed Nov 12 23:35:06 EST 2014 , 4 , 2 , 2 , 146008 : { BUY 2598.72@0.80470892} 146007 : { BUY 2598.72@0.80470892} 146006 : { SELL 22304.37@0.8079342} 146005 : { SELL 22304.37@0.8079342} 
Wed Nov 12 23:38:07 EST 2014 , 4 , 2 , 2 , 146008 : { BUY 2598.72@0.80470892} 146007 : { BUY 2598.72@0.80470892} 146006 : { SELL 22304.37@0.8079342} 146005 : { SELL 22304.37@0.8079342} 
Wed Nov 12 23:41:37 EST 2014 , 4 , 2 , 2 , 146008 : { BUY 2598.72@0.80470892} 146007 : { BUY 2598.72@0.80470892} 146006 : { SELL 22304.37@0.8079342} 146005 : { SELL 22304.37@0.8079342} 
Wed Nov 12 23:44:09 EST 2014 , 4 , 2 , 2 , 146008 : { BUY 2598.72@0.80470892} 146007 : { BUY 2598.72@0.80470892} 146006 : { SELL 22304.37@0.8079342} 146005 : { SELL 22304.37@0.8079342} 
Wed Nov 12 23:47:10 EST 2014 , 4 , 2 , 2 , 146008 : { BUY 2598.72@0.80470892} 146007 : { BUY 2598.72@0.80470892} 146006 : { SELL 22304.37@0.8079342} 146005 : { SELL 22304.37@0.8079342} 
Wed Nov 12 23:50:11 EST 2014 , 4 , 2 , 2 , 146008 : { BUY 2598.72@0.80470892} 146007 : { BUY 2598.72@0.80470892} 146006 : { SELL 22304.37@0.8079342} 146005 : { SELL 22304.37@0.8079342} 
Wed Nov 12 23:53:12 EST 2014 , 4 , 2 , 2 , 146008 : { BUY 2598.72@0.80470892} 146007 : { BUY 2598.72@0.80470892} 146006 : { SELL 22304.37@0.8079342} 146005 : { SELL 22304.37@0.8079342} 
Wed Nov 12 23:56:13 EST 2014 , 4 , 2 , 2 , 146008 : { BUY 2598.72@0.80470892} 146007 : { BUY 2598.72@0.80470892} 146006 : { SELL 22304.37@0.8079342} 146005 : { SELL 22304.37@0.8079342} 
Wed Nov 12 23:59:14 EST 2014 , 4 , 2 , 2 , 146008 : { BUY 2598.72@0.80470892} 146007 : { BUY 2598.72@0.80470892} 146006 : { SELL 22304.37@0.8079342} 146005 : { SELL 22304.37@0.8079342} 
Thu Nov 13 00:02:15 EST 2014 , 4 , 2 , 2 , 146008 : { BUY 2598.72@0.80470892} 146007 : { BUY 2598.72@0.80470892} 146006 : { SELL 22304.37@0.8079342} 146005 : { SELL 22304.37@0.8079342} 
Thu Nov 13 00:05:16 EST 2014 , 4 , 2 , 2 , 146008 : { BUY 2598.72@0.80470892} 146007 : { BUY 2598.72@0.80470892} 146006 : { SELL 22304.37@0.8079342} 146005 : { SELL 22304.37@0.8079342} 
Thu Nov 13 00:08:17 EST 2014 , 4 , 2 , 2 , 146008 : { BUY 2598.72@0.80470892} 146007 : { BUY 2598.72@0.80470892} 146006 : { SELL 22304.37@0.8079342} 146005 : { SELL 22304.37@0.8079342} 
Thu Nov 13 00:11:18 EST 2014 , 4 , 2 , 2 , 146008 : { BUY 2598.72@0.80470892} 146007 : { BUY 2598.72@0.80470892} 146006 : { SELL 22304.37@0.8079342} 146005 : { SELL 22304.37@0.8079342} 
Thu Nov 13 00:14:19 EST 2014 , 4 , 2 , 2 , 146008 : { BUY 2598.72@0.80470892} 146007 : { BUY 2598.72@0.80470892} 146006 : { SELL 22304.37@0.8079342} 146005 : { SELL 22304.37@0.8079342} 
Thu Nov 13 00:17:20 EST 2014 , 4 , 2 , 2 , 146008 : { BUY 2598.72@0.80470892} 146007 : { BUY 2598.72@0.80470892} 146006 : { SELL 22304.37@0.8079342} 146005 : { SELL 22304.37@0.8079342} 
Thu Nov 13 00:20:21 EST 2014 , 4 , 2 , 2 , 146008 : { BUY 2598.72@0.80470892} 146007 : { BUY 2598.72@0.80470892} 146006 : { SELL 22304.37@0.8079342} 146005 : { SELL 22304.37@0.8079342} 
Thu Nov 13 00:23:22 EST 2014 , 4 , 2 , 2 , 146008 : { BUY 2598.72@0.80470892} 146007 : { BUY 2598.72@0.80470892} 146006 : { SELL 22304.37@0.8079342} 146005 : { SELL 22304.37@0.8079342} 
Thu Nov 13 00:26:23 EST 2014 , 4 , 2 , 2 , 146008 : { BUY 2598.72@0.80470892} 146007 : { BUY 2598.72@0.80470892} 146006 : { SELL 22304.37@0.8079342} 146005 : { SELL 22304.37@0.8079342} 
Thu Nov 13 00:29:24 EST 2014 , 4 , 2 , 2 , 146008 : { BUY 2598.72@0.80470892} 146007 : { BUY 2598.72@0.80470892} 146006 : { SELL 22304.37@0.8079342} 146005 : { SELL 22304.37@0.8079342} 
Thu Nov 13 00:32:25 EST 2014 , 4 , 2 , 2 , 146008 : { BUY 2598.72@0.80470892} 146007 : { BUY 2598.72@0.80470892} 146006 : { SELL 22304.37@0.8079342} 146005 : { SELL 22304.37@0.8079342} 
Thu Nov 13 00:35:26 EST 2014 , 4 , 2 , 2 , 146008 : { BUY 2598.72@0.80470892} 146007 : { BUY 2598.72@0.80470892} 146006 : { SELL 22304.37@0.8079342} 146005 : { SELL 22304.37@0.8079342} 
Thu Nov 13 00:38:27 EST 2014 , 4 , 2 , 2 , 146008 : { BUY 2598.72@0.80470892} 146007 : { BUY 2598.72@0.80470892} 146006 : { SELL 22304.37@0.8079342} 146005 : { SELL 22304.37@0.8079342} 
Thu Nov 13 00:41:28 EST 2014 , 4 , 2 , 2 , 146008 : { BUY 2598.72@0.80470892} 146007 : { BUY 2598.72@0.80470892} 146006 : { SELL 22304.37@0.8079342} 146005 : { SELL 22304.37@0.8079342} 
Thu Nov 13 00:44:29 EST 2014 , 4 , 2 , 2 , 146008 : { BUY 2598.72@0.80470892} 146007 : { BUY 2598.72@0.80470892} 146006 : { SELL 22304.37@0.8079342} 146005 : { SELL 22304.37@0.8079342} 
Thu Nov 13 00:47:30 EST 2014 , 4 , 2 , 2 , 146008 : { BUY 2598.72@0.80470892} 146007 : { BUY 2598.72@0.80470892} 146006 : { SELL 22304.37@0.8079342} 146005 : { SELL 22304.37@0.8079342} 
Thu Nov 13 00:50:31 EST 2014 , 4 , 2 , 2 , 146008 : { BUY 2598.72@0.80470892} 146007 : { BUY 2598.72@0.80470892} 146006 : { SELL 22304.37@0.8079342} 146005 : { SELL 22304.37@0.8079342} 
Thu Nov 13 00:53:32 EST 2014 , 4 , 2 , 2 , 146008 : { BUY 2598.72@0.80470892} 146007 : { BUY 2598.72@0.80470892} 146006 : { SELL 22304.37@0.8079342} 146005 : { SELL 22304.37@0.8079342} 
Thu Nov 13 00:56:33 EST 2014 , 4 , 2 , 2 , 146008 : { BUY 2598.72@0.80470892} 146007 : { BUY 2598.72@0.80470892} 146006 : { SELL 22304.37@0.8079342} 146005 : { SELL 22304.37@0.8079342} 
Thu Nov 13 00:59:34 EST 2014 , 4 , 2 , 2 , 146008 : { BUY 2598.72@0.80470892} 146007 : { BUY 2598.72@0.80470892} 146006 : { SELL 22304.37@0.8079342} 146005 : { SELL 22304.37@0.8079342} 
Thu Nov 13 01:02:35 EST 2014 , 4 , 2 , 2 , 146008 : { BUY 2598.72@0.80470892} 146007 : { BUY 2598.72@0.80470892} 146006 : { SELL 22304.37@0.8079342} 146005 : { SELL 22304.37@0.8079342} 
Thu Nov 13 01:05:36 EST 2014 , 4 , 2 , 2 , 146008 : { BUY 2598.72@0.80470892} 146007 : { BUY 2598.72@0.80470892} 146006 : { SELL 22304.37@0.8079342} 146005 : { SELL 22304.37@0.8079342} 
Thu Nov 13 01:08:37 EST 2014 , 4 , 2 , 2 , 146008 : { BUY 2598.72@0.80470892} 146007 : { BUY 2598.72@0.80470892} 146006 : { SELL 22304.37@0.8079342} 146005 : { SELL 22304.37@0.8079342} 
Thu Nov 13 01:11:38 EST 2014 , 4 , 2 , 2 , 146008 : { BUY 2598.72@0.80470892} 146007 : { BUY 2598.72@0.80470892} 146006 : { SELL 22304.37@0.8079342} 146005 : { SELL 22304.37@0.8079342} 
Thu Nov 13 01:14:39 EST 2014 , 4 , 2 , 2 , 146008 : { BUY 2598.72@0.80470892} 146007 : { BUY 2598.72@0.80470892} 146006 : { SELL 22304.37@0.8079342} 146005 : { SELL 22304.37@0.8079342} 
Thu Nov 13 01:17:40 EST 2014 , 4 , 2 , 2 , 146008 : { BUY 2598.72@0.80470892} 146007 : { BUY 2598.72@0.80470892} 146006 : { SELL 22304.37@0.8079342} 146005 : { SELL 22304.37@0.8079342} 
Thu Nov 13 01:20:41 EST 2014 , 4 , 2 , 2 , 146008 : { BUY 2598.72@0.80470892} 146007 : { BUY 2598.72@0.80470892} 146006 : { SELL 22304.37@0.8079342} 146005 : { SELL 22304.37@0.8079342} 
Thu Nov 13 01:23:42 EST 2014 , 4 , 2 , 2 , 146008 : { BUY 2598.72@0.80470892} 146007 : { BUY 2598.72@0.80470892} 146006 : { SELL 22304.37@0.8079342} 146005 : { SELL 22304.37@0.8079342} 
Thu Nov 13 01:26:43 EST 2014 , 4 , 2 , 2 , 146008 : { BUY 2598.72@0.80470892} 146007 : { BUY 2598.72@0.80470892} 146006 : { SELL 22304.37@0.8079342} 146005 : { SELL 22304.37@0.8079342} 
Thu Nov 13 01:29:44 EST 2014 , 4 , 2 , 2 , 146008 : { BUY 2598.72@0.80470892} 146007 : { BUY 2598.72@0.80470892} 146006 : { SELL 22304.37@0.8079342} 146005 : { SELL 22304.37@0.8079342} 
Thu Nov 13 01:32:45 EST 2014 , 4 , 2 , 2 , 146008 : { BUY 2598.72@0.80470892} 146007 : { BUY 2598.72@0.80470892} 146006 : { SELL 22304.37@0.8079342} 146005 : { SELL 22304.37@0.8079342} 
Thu Nov 13 01:35:46 EST 2014 , 4 , 2 , 2 , 146008 : { BUY 2598.72@0.80470892} 146007 : { BUY 2598.72@0.80470892} 146006 : { SELL 22304.37@0.8079342} 146005 : { SELL 22304.37@0.8079342} 
Thu Nov 13 01:38:47 EST 2014 , 4 , 2 , 2 , 146008 : { BUY 2598.72@0.80470892} 146007 : { BUY 2598.72@0.80470892} 146006 : { SELL 22304.37@0.8079342} 146005 : { SELL 22304.37@0.8079342} 
Thu Nov 13 01:41:48 EST 2014 , 4 , 2 , 2 , 146008 : { BUY 2598.72@0.80470892} 146007 : { BUY 2598.72@0.80470892} 146006 : { SELL 22304.37@0.8079342} 146005 : { SELL 22304.37@0.8079342} 
Thu Nov 13 01:44:49 EST 2014 , 4 , 2 , 2 , 146008 : { BUY 2598.72@0.80470892} 146007 : { BUY 2598.72@0.80470892} 146006 : { SELL 22304.37@0.8079342} 146005 : { SELL 22304.37@0.8079342} 
Thu Nov 13 01:47:50 EST 2014 , 4 , 2 , 2 , 146008 : { BUY 2598.72@0.80470892} 146007 : { BUY 2598.72@0.80470892} 146006 : { SELL 22304.37@0.8079342} 146005 : { SELL 22304.37@0.8079342} 
Thu Nov 13 01:50:51 EST 2014 , 4 , 2 , 2 , 146008 : { BUY 2598.72@0.80470892} 146007 : { BUY 2598.72@0.80470892} 146006 : { SELL 22304.37@0.8079342} 146005 : { SELL 22304.37@0.8079342} 
Thu Nov 13 01:53:52 EST 2014 , 4 , 2 , 2 , 146008 : { BUY 2598.72@0.80470892} 146007 : { BUY 2598.72@0.80470892} 146006 : { SELL 22304.37@0.8079342} 146005 : { SELL 22304.37@0.8079342} 
Thu Nov 13 01:56:53 EST 2014 , 4 , 2 , 2 , 146008 : { BUY 2598.72@0.80470892} 146007 : { BUY 2598.72@0.80470892} 146006 : { SELL 22304.37@0.8079342} 146005 : { SELL 22304.37@0.8079342} 
Thu Nov 13 01:59:54 EST 2014 , 4 , 2 , 2 , 146008 : { BUY 2598.72@0.80470892} 146007 : { BUY 2598.72@0.80470892} 146006 : { SELL 22304.37@0.8079342} 146005 : { SELL 22304.37@0.8079342} 
Thu Nov 13 02:02:55 EST 2014 , 4 , 2 , 2 , 146008 : { BUY 2598.72@0.80470892} 146007 : { BUY 2598.72@0.80470892} 146006 : { SELL 22304.37@0.8079342} 146005 : { SELL 22304.37@0.8079342} 
Thu Nov 13 02:05:56 EST 2014 , 4 , 2 , 2 , 146008 : { BUY 2598.72@0.80470892} 146007 : { BUY 2598.72@0.80470892} 146006 : { SELL 22304.37@0.8079342} 146005 : { SELL 22304.37@0.8079342} 
Thu Nov 13 02:08:57 EST 2014 , 4 , 2 , 2 , 146008 : { BUY 2598.72@0.80470892} 146007 : { BUY 2598.72@0.80470892} 146006 : { SELL 22304.37@0.8079342} 146005 : { SELL 22304.37@0.8079342} 
Thu Nov 13 02:11:58 EST 2014 , 4 , 2 , 2 , 146008 : { BUY 2598.72@0.80470892} 146007 : { BUY 2598.72@0.80470892} 146006 : { SELL 22304.37@0.8079342} 146005 : { SELL 22304.37@0.8079342} 
Thu Nov 13 02:15:00 EST 2014 , 4 , 2 , 2 , 146008 : { BUY 2598.72@0.80470892} 146007 : { BUY 2598.72@0.80470892} 146006 : { SELL 22304.37@0.8079342} 146005 : { SELL 22304.37@0.8079342} 
Thu Nov 13 02:18:00 EST 2014 , 4 , 2 , 2 , 146008 : { BUY 2598.72@0.80470892} 146007 : { BUY 2598.72@0.80470892} 146006 : { SELL 22304.37@0.8079342} 146005 : { SELL 22304.37@0.8079342} 
Thu Nov 13 02:21:01 EST 2014 , 4 , 2 , 2 , 146008 : { BUY 2598.72@0.80470892} 146007 : { BUY 2598.72@0.80470892} 146006 : { SELL 22304.37@0.8079342} 146005 : { SELL 22304.37@0.8079342} 
Thu Nov 13 02:24:02 EST 2014 , 4 , 2 , 2 , 146008 : { BUY 2598.72@0.80470892} 146007 : { BUY 2598.72@0.80470892} 146006 : { SELL 22304.37@0.8079342} 146005 : { SELL 22304.37@0.8079342} 
Thu Nov 13 02:27:03 EST 2014 , 4 , 2 , 2 , 146008 : { BUY 2598.72@0.80470892} 146007 : { BUY 2598.72@0.80470892} 146006 : { SELL 22304.37@0.8079342} 146005 : { SELL 22304.37@0.8079342} 
Thu Nov 13 02:30:04 EST 2014 , 4 , 2 , 2 , 146008 : { BUY 2598.72@0.80470892} 146007 : { BUY 2598.72@0.80470892} 146006 : { SELL 22304.37@0.8079342} 146005 : { SELL 22304.37@0.8079342} 
Thu Nov 13 02:33:05 EST 2014 , 4 , 2 , 2 , 146008 : { BUY 2598.72@0.80470892} 146007 : { BUY 2598.72@0.80470892} 146006 : { SELL 22304.37@0.8079342} 146005 : { SELL 22304.37@0.8079342} 
Thu Nov 13 02:36:06 EST 2014 , 4 , 2 , 2 , 146008 : { BUY 2598.72@0.80470892} 146007 : { BUY 2598.72@0.80470892} 146006 : { SELL 22304.37@0.8079342} 146005 : { SELL 22304.37@0.8079342} 
Thu Nov 13 02:39:07 EST 2014 , 4 , 2 , 2 , 146008 : { BUY 2598.72@0.80470892} 146007 : { BUY 2598.72@0.80470892} 146006 : { SELL 22304.37@0.8079342} 146005 : { SELL 22304.37@0.8079342} 
Thu Nov 13 02:42:08 EST 2014 , 4 , 2 , 2 , 146008 : { BUY 2598.72@0.80470892} 146007 : { BUY 2598.72@0.80470892} 146006 : { SELL 22304.37@0.8079342} 146005 : { SELL 22304.37@0.8079342} 
Thu Nov 13 02:45:09 EST 2014 , 4 , 2 , 2 , 146008 : { BUY 2598.72@0.80470892} 146007 : { BUY 2598.72@0.80470892} 146006 : { SELL 22304.37@0.8079342} 146005 : { SELL 22304.37@0.8079342} 
Thu Nov 13 02:48:10 EST 2014 , 4 , 2 , 2 , 146008 : { BUY 2598.72@0.80470892} 146007 : { BUY 2598.72@0.80470892} 146006 : { SELL 22304.37@0.8079342} 146005 : { SELL 22304.37@0.8079342} 
Thu Nov 13 02:51:11 EST 2014 , 4 , 2 , 2 , 146008 : { BUY 2598.72@0.80470892} 146007 : { BUY 2598.72@0.80470892} 146006 : { SELL 22304.37@0.8079342} 146005 : { SELL 22304.37@0.8079342} 
Thu Nov 13 02:54:12 EST 2014 , 4 , 2 , 2 , 146008 : { BUY 2598.72@0.80470892} 146007 : { BUY 2598.72@0.80470892} 146006 : { SELL 22304.37@0.8079342} 146005 : { SELL 22304.37@0.8079342} 
Thu Nov 13 02:57:13 EST 2014 , 4 , 2 , 2 , 146008 : { BUY 2598.72@0.80470892} 146007 : { BUY 2598.72@0.80470892} 146006 : { SELL 22304.37@0.8079342} 146005 : { SELL 22304.37@0.8079342} 
Thu Nov 13 03:00:14 EST 2014 , 4 , 2 , 2 , 146008 : { BUY 2598.72@0.80470892} 146007 : { BUY 2598.72@0.80470892} 146006 : { SELL 22304.37@0.8079342} 146005 : { SELL 22304.37@0.8079342} 
Thu Nov 13 03:03:15 EST 2014 , 4 , 2 , 2 , 146008 : { BUY 2598.72@0.80470892} 146007 : { BUY 2598.72@0.80470892} 146006 : { SELL 22304.37@0.8079342} 146005 : { SELL 22304.37@0.8079342} 
Thu Nov 13 03:06:16 EST 2014 , 4 , 2 , 2 , 146008 : { BUY 2598.72@0.80470892} 146007 : { BUY 2598.72@0.80470892} 146006 : { SELL 22304.37@0.8079342} 146005 : { SELL 22304.37@0.8079342} 
Thu Nov 13 03:09:17 EST 2014 , 4 , 2 , 2 , 146008 : { BUY 2598.72@0.80470892} 146007 : { BUY 2598.72@0.80470892} 146006 : { SELL 22304.37@0.8079342} 146005 : { SELL 22304.37@0.8079342} 
Thu Nov 13 03:12:18 EST 2014 , 4 , 2 , 2 , 146008 : { BUY 2598.72@0.80470892} 146007 : { BUY 2598.72@0.80470892} 146006 : { SELL 22304.37@0.8079342} 146005 : { SELL 22304.37@0.8079342} 
Thu Nov 13 03:15:19 EST 2014 , 4 , 2 , 2 , 146008 : { BUY 2598.72@0.80470892} 146007 : { BUY 2598.72@0.80470892} 146006 : { SELL 22304.37@0.8079342} 146005 : { SELL 22304.37@0.8079342} 
Thu Nov 13 03:18:20 EST 2014 , 4 , 2 , 2 , 146008 : { BUY 2598.72@0.80470892} 146007 : { BUY 2598.72@0.80470892} 146006 : { SELL 22304.37@0.8079342} 146005 : { SELL 22304.37@0.8079342} 
Thu Nov 13 03:21:21 EST 2014 , 4 , 2 , 2 , 146008 : { BUY 2598.72@0.80470892} 146007 : { BUY 2598.72@0.80470892} 146006 : { SELL 22304.37@0.8079342} 146005 : { SELL 22304.37@0.8079342} 
Thu Nov 13 03:24:22 EST 2014 , 4 , 2 , 2 , 146008 : { BUY 2598.72@0.80470892} 146007 : { BUY 2598.72@0.80470892} 146006 : { SELL 22304.37@0.8079342} 146005 : { SELL 22304.37@0.8079342} 
Thu Nov 13 03:27:23 EST 2014 , 4 , 2 , 2 , 146008 : { BUY 2598.72@0.80470892} 146007 : { BUY 2598.72@0.80470892} 146006 : { SELL 22304.37@0.8079342} 146005 : { SELL 22304.37@0.8079342} 
Thu Nov 13 03:30:24 EST 2014 , 4 , 2 , 2 , 146008 : { BUY 2598.72@0.80470892} 146007 : { BUY 2598.72@0.80470892} 146006 : { SELL 22304.37@0.8079342} 146005 : { SELL 22304.37@0.8079342} 
Thu Nov 13 03:33:25 EST 2014 , 4 , 2 , 2 , 146008 : { BUY 2598.72@0.80470892} 146007 : { BUY 2598.72@0.80470892} 146006 : { SELL 22304.37@0.8079342} 146005 : { SELL 22304.37@0.8079342} 
Thu Nov 13 03:36:26 EST 2014 , 4 , 2 , 2 , 146008 : { BUY 2598.72@0.80470892} 146007 : { BUY 2598.72@0.80470892} 146006 : { SELL 22304.37@0.8079342} 146005 : { SELL 22304.37@0.8079342} 
Thu Nov 13 03:39:27 EST 2014 , 4 , 2 , 2 , 146008 : { BUY 2598.72@0.80470892} 146007 : { BUY 2598.72@0.80470892} 146006 : { SELL 22304.37@0.8079342} 146005 : { SELL 22304.37@0.8079342} 
Thu Nov 13 03:42:28 EST 2014 , 4 , 2 , 2 , 146008 : { BUY 2598.72@0.80470892} 146007 : { BUY 2598.72@0.80470892} 146006 : { SELL 22304.37@0.8079342} 146005 : { SELL 22304.37@0.8079342} 
Thu Nov 13 03:45:29 EST 2014 , 4 , 2 , 2 , 146008 : { BUY 2598.72@0.80470892} 146007 : { BUY 2598.72@0.80470892} 146006 : { SELL 22304.37@0.8079342} 146005 : { SELL 22304.37@0.8079342} 
Thu Nov 13 03:48:30 EST 2014 , 4 , 2 , 2 , 146008 : { BUY 2598.72@0.80470892} 146007 : { BUY 2598.72@0.80470892} 146006 : { SELL 22304.37@0.8079342} 146005 : { SELL 22304.37@0.8079342} 
Thu Nov 13 03:51:31 EST 2014 , 4 , 2 , 2 , 146008 : { BUY 2598.72@0.80470892} 146007 : { BUY 2598.72@0.80470892} 146006 : { SELL 22304.37@0.8079342} 146005 : { SELL 22304.37@0.8079342} 
Thu Nov 13 03:54:32 EST 2014 , 4 , 2 , 2 , 146008 : { BUY 2598.72@0.80470892} 146007 : { BUY 2598.72@0.80470892} 146006 : { SELL 22304.37@0.8079342} 146005 : { SELL 22304.37@0.8079342} 
Thu Nov 13 03:57:33 EST 2014 , 4 , 2 , 2 , 146008 : { BUY 2598.72@0.80470892} 146007 : { BUY 2598.72@0.80470892} 146006 : { SELL 22304.37@0.8079342} 146005 : { SELL 22304.37@0.8079342} 
Thu Nov 13 04:00:34 EST 2014 , 4 , 2 , 2 , 146008 : { BUY 2598.72@0.80470892} 146007 : { BUY 2598.72@0.80470892} 146006 : { SELL 22304.37@0.8079342} 146005 : { SELL 22304.37@0.8079342} 
Thu Nov 13 04:03:35 EST 2014 , 4 , 2 , 2 , 146008 : { BUY 2598.72@0.80470892} 146007 : { BUY 2598.72@0.80470892} 146006 : { SELL 22304.37@0.8079342} 146005 : { SELL 22304.37@0.8079342} 
Thu Nov 13 04:06:36 EST 2014 , 4 , 2 , 2 , 146008 : { BUY 2598.72@0.80470892} 146007 : { BUY 2598.72@0.80470892} 146006 : { SELL 22304.37@0.8079342} 146005 : { SELL 22304.37@0.8079342} 
Thu Nov 13 04:09:37 EST 2014 , 4 , 2 , 2 , 146008 : { BUY 2598.72@0.80470892} 146007 : { BUY 2598.72@0.80470892} 146006 : { SELL 22304.37@0.8079342} 146005 : { SELL 22304.37@0.8079342} 
Thu Nov 13 04:12:38 EST 2014 , 4 , 2 , 2 , 146008 : { BUY 2598.72@0.80470892} 146007 : { BUY 2598.72@0.80470892} 146006 : { SELL 22304.37@0.8079342} 146005 : { SELL 22304.37@0.8079342} 
Thu Nov 13 04:15:39 EST 2014 , 4 , 2 , 2 , 146008 : { BUY 2598.72@0.80470892} 146007 : { BUY 2598.72@0.80470892} 146006 : { SELL 22304.37@0.8079342} 146005 : { SELL 22304.37@0.8079342} 
Thu Nov 13 04:18:40 EST 2014 , 4 , 2 , 2 , 146008 : { BUY 2598.72@0.80470892} 146007 : { BUY 2598.72@0.80470892} 146006 : { SELL 22304.37@0.8079342} 146005 : { SELL 22304.37@0.8079342} 
Thu Nov 13 04:21:41 EST 2014 , 4 , 2 , 2 , 146008 : { BUY 2598.72@0.80470892} 146007 : { BUY 2598.72@0.80470892} 146006 : { SELL 22304.37@0.8079342} 146005 : { SELL 22304.37@0.8079342} 
Thu Nov 13 04:24:42 EST 2014 , 4 , 2 , 2 , 146008 : { BUY 2598.72@0.80470892} 146007 : { BUY 2598.72@0.80470892} 146006 : { SELL 22304.37@0.8079342} 146005 : { SELL 22304.37@0.8079342} 
Thu Nov 13 04:27:43 EST 2014 , 4 , 2 , 2 , 146008 : { BUY 2598.72@0.80470892} 146007 : { BUY 2598.72@0.80470892} 146006 : { SELL 22304.37@0.8079342} 146005 : { SELL 22304.37@0.8079342} 
Thu Nov 13 04:30:44 EST 2014 , 4 , 2 , 2 , 146008 : { BUY 2598.72@0.80470892} 146007 : { BUY 2598.72@0.80470892} 146006 : { SELL 22304.37@0.8079342} 146005 : { SELL 22304.37@0.8079342} 
Thu Nov 13 04:33:45 EST 2014 , 4 , 2 , 2 , 146008 : { BUY 2598.72@0.80470892} 146007 : { BUY 2598.72@0.80470892} 146006 : { SELL 22304.37@0.8079342} 146005 : { SELL 22304.37@0.8079342} 
Thu Nov 13 04:36:46 EST 2014 , 4 , 2 , 2 , 146008 : { BUY 2598.72@0.80470892} 146007 : { BUY 2598.72@0.80470892} 146006 : { SELL 22304.37@0.8079342} 146005 : { SELL 22304.37@0.8079342} 
Thu Nov 13 04:39:47 EST 2014 , 4 , 2 , 2 , 146008 : { BUY 2598.72@0.80470892} 146007 : { BUY 2598.72@0.80470892} 146006 : { SELL 22304.37@0.8079342} 146005 : { SELL 22304.37@0.8079342} 
Thu Nov 13 04:42:49 EST 2014 , 4 , 2 , 2 , 146008 : { BUY 2598.72@0.80470892} 146007 : { BUY 2598.72@0.80470892} 146006 : { SELL 22304.37@0.8079342} 146005 : { SELL 22304.37@0.8079342} 
Thu Nov 13 04:45:49 EST 2014 , 4 , 2 , 2 , 146008 : { BUY 2598.72@0.80470892} 146007 : { BUY 2598.72@0.80470892} 146006 : { SELL 22304.37@0.8079342} 146005 : { SELL 22304.37@0.8079342} 
Thu Nov 13 04:48:50 EST 2014 , 4 , 2 , 2 , 146008 : { BUY 2598.72@0.80470892} 146007 : { BUY 2598.72@0.80470892} 146006 : { SELL 22304.37@0.8079342} 146005 : { SELL 22304.37@0.8079342} 
Thu Nov 13 04:51:51 EST 2014 , 4 , 2 , 2 , 146008 : { BUY 2598.72@0.80470892} 146007 : { BUY 2598.72@0.80470892} 146006 : { SELL 22304.37@0.8079342} 146005 : { SELL 22304.37@0.8079342} 
Thu Nov 13 04:54:52 EST 2014 , 4 , 2 , 2 , 146008 : { BUY 2598.72@0.80470892} 146007 : { BUY 2598.72@0.80470892} 146006 : { SELL 22304.37@0.8079342} 146005 : { SELL 22304.37@0.8079342} 
Thu Nov 13 04:57:53 EST 2014 , 4 , 2 , 2 , 146008 : { BUY 2598.72@0.80470892} 146007 : { BUY 2598.72@0.80470892} 146006 : { SELL 22304.37@0.8079342} 146005 : { SELL 22304.37@0.8079342} 
Thu Nov 13 05:00:54 EST 2014 , 4 , 2 , 2 , 146008 : { BUY 2598.72@0.80470892} 146007 : { BUY 2598.72@0.80470892} 146006 : { SELL 22304.37@0.8079342} 146005 : { SELL 22304.37@0.8079342} 
Thu Nov 13 05:03:56 EST 2014 , 4 , 2 , 2 , 146008 : { BUY 2598.72@0.80470892} 146007 : { BUY 2598.72@0.80470892} 146006 : { SELL 22304.37@0.8079342} 146005 : { SELL 22304.37@0.8079342} 
Thu Nov 13 05:06:56 EST 2014 , 4 , 2 , 2 , 146008 : { BUY 2598.72@0.80470892} 146007 : { BUY 2598.72@0.80470892} 146006 : { SELL 22304.37@0.8079342} 146005 : { SELL 22304.37@0.8079342} 
Thu Nov 13 05:09:57 EST 2014 , 4 , 2 , 2 , 146008 : { BUY 2598.72@0.80470892} 146007 : { BUY 2598.72@0.80470892} 146006 : { SELL 22304.37@0.8079342} 146005 : { SELL 22304.37@0.8079342} 
Thu Nov 13 05:12:58 EST 2014 , 4 , 2 , 2 , 146008 : { BUY 2598.72@0.80470892} 146007 : { BUY 2598.72@0.80470892} 146006 : { SELL 22304.37@0.8079342} 146005 : { SELL 22304.37@0.8079342} 
Thu Nov 13 05:15:59 EST 2014 , 4 , 2 , 2 , 146008 : { BUY 2598.72@0.80470892} 146007 : { BUY 2598.72@0.80470892} 146006 : { SELL 22304.37@0.8079342} 146005 : { SELL 22304.37@0.8079342} 
Thu Nov 13 05:19:00 EST 2014 , 4 , 2 , 2 , 146008 : { BUY 2598.72@0.80470892} 146007 : { BUY 2598.72@0.80470892} 146006 : { SELL 22304.37@0.8079342} 146005 : { SELL 22304.37@0.8079342} 
Thu Nov 13 05:22:01 EST 2014 , 4 , 2 , 2 , 146008 : { BUY 2598.72@0.80470892} 146007 : { BUY 2598.72@0.80470892} 146006 : { SELL 22304.37@0.8079342} 146005 : { SELL 22304.37@0.8079342} 
Thu Nov 13 05:25:02 EST 2014 , 4 , 2 , 2 , 146008 : { BUY 2598.72@0.80470892} 146007 : { BUY 2598.72@0.80470892} 146006 : { SELL 22304.37@0.8079342} 146005 : { SELL 22304.37@0.8079342} 
Thu Nov 13 05:28:03 EST 2014 , 4 , 2 , 2 , 146008 : { BUY 2598.72@0.80470892} 146007 : { BUY 2598.72@0.80470892} 146006 : { SELL 22304.37@0.8079342} 146005 : { SELL 22304.37@0.8079342} 
Thu Nov 13 05:31:04 EST 2014 , 4 , 2 , 2 , 146008 : { BUY 2598.72@0.80470892} 146007 : { BUY 2598.72@0.80470892} 146006 : { SELL 22304.37@0.8079342} 146005 : { SELL 22304.37@0.8079342} 
Thu Nov 13 05:34:05 EST 2014 , 4 , 2 , 2 , 146008 : { BUY 2598.72@0.80470892} 146007 : { BUY 2598.72@0.80470892} 146006 : { SELL 22304.37@0.8079342} 146005 : { SELL 22304.37@0.8079342} 
Thu Nov 13 05:37:06 EST 2014 , 4 , 2 , 2 , 146008 : { BUY 2598.72@0.80470892} 146007 : { BUY 2598.72@0.80470892} 146006 : { SELL 22304.37@0.8079342} 146005 : { SELL 22304.37@0.8079342} 
Thu Nov 13 05:40:07 EST 2014 , 4 , 2 , 2 , 146008 : { BUY 2598.72@0.80470892} 146007 : { BUY 2598.72@0.80470892} 146006 : { SELL 22304.37@0.8079342} 146005 : { SELL 22304.37@0.8079342} 
Thu Nov 13 05:43:08 EST 2014 , 4 , 2 , 2 , 146008 : { BUY 2598.72@0.80470892} 146007 : { BUY 2598.72@0.80470892} 146006 : { SELL 22304.37@0.8079342} 146005 : { SELL 22304.37@0.8079342} 
Thu Nov 13 05:46:09 EST 2014 , 4 , 2 , 2 , 146008 : { BUY 2598.72@0.80470892} 146007 : { BUY 2598.72@0.80470892} 146006 : { SELL 22304.37@0.8079342} 146005 : { SELL 22304.37@0.8079342} 
Thu Nov 13 05:49:10 EST 2014 , 4 , 2 , 2 , 146008 : { BUY 2598.72@0.80470892} 146007 : { BUY 2598.72@0.80470892} 146006 : { SELL 22304.37@0.8079342} 146005 : { SELL 22304.37@0.8079342} 
Thu Nov 13 05:52:11 EST 2014 , 4 , 2 , 2 , 146008 : { BUY 2598.72@0.80470892} 146007 : { BUY 2598.72@0.80470892} 146006 : { SELL 22304.37@0.8079342} 146005 : { SELL 22304.37@0.8079342} 
Thu Nov 13 05:55:12 EST 2014 , 4 , 2 , 2 , 146008 : { BUY 2598.72@0.80470892} 146007 : { BUY 2598.72@0.80470892} 146006 : { SELL 22304.37@0.8079342} 146005 : { SELL 22304.37@0.8079342} 
Thu Nov 13 05:58:13 EST 2014 , 4 , 2 , 2 , 146008 : { BUY 2598.72@0.80470892} 146007 : { BUY 2598.72@0.80470892} 146006 : { SELL 22304.37@0.8079342} 146005 : { SELL 22304.37@0.8079342} 
Thu Nov 13 06:01:14 EST 2014 , 4 , 2 , 2 , 146008 : { BUY 2598.72@0.80470892} 146007 : { BUY 2598.72@0.80470892} 146006 : { SELL 22304.37@0.8079342} 146005 : { SELL 22304.37@0.8079342} 
Thu Nov 13 06:04:15 EST 2014 , 4 , 2 , 2 , 146008 : { BUY 2598.72@0.80470892} 146007 : { BUY 2598.72@0.80470892} 146006 : { SELL 22304.37@0.8079342} 146005 : { SELL 22304.37@0.8079342} 
Thu Nov 13 06:07:16 EST 2014 , 4 , 2 , 2 , 146008 : { BUY 2598.72@0.80470892} 146007 : { BUY 2598.72@0.80470892} 146006 : { SELL 22304.37@0.8079342} 146005 : { SELL 22304.37@0.8079342} 
Thu Nov 13 06:10:17 EST 2014 , 4 , 2 , 2 , 146008 : { BUY 2598.72@0.80470892} 146007 : { BUY 2598.72@0.80470892} 146006 : { SELL 22304.37@0.8079342} 146005 : { SELL 22304.37@0.8079342} 
Thu Nov 13 06:13:18 EST 2014 , 4 , 2 , 2 , 146008 : { BUY 2598.72@0.80470892} 146007 : { BUY 2598.72@0.80470892} 146006 : { SELL 22304.37@0.8079342} 146005 : { SELL 22304.37@0.8079342} 
Thu Nov 13 06:16:19 EST 2014 , 4 , 2 , 2 , 146008 : { BUY 2598.72@0.80470892} 146007 : { BUY 2598.72@0.80470892} 146006 : { SELL 22304.37@0.8079342} 146005 : { SELL 22304.37@0.8079342} 
Thu Nov 13 06:19:20 EST 2014 , 4 , 2 , 2 , 146008 : { BUY 2598.72@0.80470892} 146007 : { BUY 2598.72@0.80470892} 146006 : { SELL 22304.37@0.8079342} 146005 : { SELL 22304.37@0.8079342} 
Thu Nov 13 06:22:21 EST 2014 , 4 , 2 , 2 , 146008 : { BUY 2598.72@0.80470892} 146007 : { BUY 2598.72@0.80470892} 146006 : { SELL 22304.37@0.8079342} 146005 : { SELL 22304.37@0.8079342} 
Thu Nov 13 06:25:22 EST 2014 , 4 , 2 , 2 , 146008 : { BUY 2598.72@0.80470892} 146007 : { BUY 2598.72@0.80470892} 146006 : { SELL 22304.37@0.8079342} 146005 : { SELL 22304.37@0.8079342} 
Thu Nov 13 06:28:23 EST 2014 , 4 , 2 , 2 , 146008 : { BUY 2598.72@0.80470892} 146007 : { BUY 2598.72@0.80470892} 146006 : { SELL 22304.37@0.8079342} 146005 : { SELL 22304.37@0.8079342} 
Thu Nov 13 06:31:24 EST 2014 , 4 , 2 , 2 , 146008 : { BUY 2598.72@0.80470892} 146007 : { BUY 2598.72@0.80470892} 146006 : { SELL 22304.37@0.8079342} 146005 : { SELL 22304.37@0.8079342} 
Thu Nov 13 06:34:25 EST 2014 , 4 , 2 , 2 , 146008 : { BUY 2598.72@0.80470892} 146007 : { BUY 2598.72@0.80470892} 146006 : { SELL 22304.37@0.8079342} 146005 : { SELL 22304.37@0.8079342} 
Thu Nov 13 06:37:26 EST 2014 , 4 , 2 , 2 , 146008 : { BUY 2598.72@0.80470892} 146007 : { BUY 2598.72@0.80470892} 146006 : { SELL 22304.37@0.8079342} 146005 : { SELL 22304.37@0.8079342} 
Thu Nov 13 06:40:27 EST 2014 , 4 , 2 , 2 , 146008 : { BUY 2598.72@0.80470892} 146007 : { BUY 2598.72@0.80470892} 146006 : { SELL 22304.37@0.8079342} 146005 : { SELL 22304.37@0.8079342} 
Thu Nov 13 06:43:28 EST 2014 , 4 , 2 , 2 , 146008 : { BUY 2598.72@0.80470892} 146007 : { BUY 2598.72@0.80470892} 146006 : { SELL 22304.37@0.8079342} 146005 : { SELL 22304.37@0.8079342} 
Thu Nov 13 06:46:29 EST 2014 , 4 , 2 , 2 , 146008 : { BUY 2598.72@0.80470892} 146007 : { BUY 2598.72@0.80470892} 146006 : { SELL 22304.37@0.8079342} 146005 : { SELL 22304.37@0.8079342} 
Thu Nov 13 06:49:31 EST 2014 , 4 , 2 , 2 , 146008 : { BUY 2598.72@0.80470892} 146007 : { BUY 2598.72@0.80470892} 146006 : { SELL 22304.37@0.8079342} 146005 : { SELL 22304.37@0.8079342} 
Thu Nov 13 06:52:31 EST 2014 , 4 , 2 , 2 , 146008 : { BUY 2598.72@0.80470892} 146007 : { BUY 2598.72@0.80470892} 146006 : { SELL 22304.37@0.8079342} 146005 : { SELL 22304.37@0.8079342} 
Thu Nov 13 06:55:32 EST 2014 , 4 , 2 , 2 , 146008 : { BUY 2598.72@0.80470892} 146007 : { BUY 2598.72@0.80470892} 146006 : { SELL 22304.37@0.8079342} 146005 : { SELL 22304.37@0.8079342} 
Thu Nov 13 06:58:33 EST 2014 , 4 , 2 , 2 , 146008 : { BUY 2598.72@0.80470892} 146007 : { BUY 2598.72@0.80470892} 146006 : { SELL 22304.37@0.8079342} 146005 : { SELL 22304.37@0.8079342} 
Thu Nov 13 07:01:34 EST 2014 , 4 , 2 , 2 , 146008 : { BUY 2598.72@0.80470892} 146007 : { BUY 2598.72@0.80470892} 146006 : { SELL 22304.37@0.8079342} 146005 : { SELL 22304.37@0.8079342} 
Thu Nov 13 07:04:35 EST 2014 , 4 , 2 , 2 , 146008 : { BUY 2598.72@0.80470892} 146007 : { BUY 2598.72@0.80470892} 146006 : { SELL 22304.37@0.8079342} 146005 : { SELL 22304.37@0.8079342} 
Thu Nov 13 07:07:36 EST 2014 , 4 , 2 , 2 , 146008 : { BUY 2598.72@0.80470892} 146007 : { BUY 2598.72@0.80470892} 146006 : { SELL 22304.37@0.8079342} 146005 : { SELL 22304.37@0.8079342} 
Thu Nov 13 07:10:37 EST 2014 , 4 , 2 , 2 , 146008 : { BUY 2598.72@0.80470892} 146007 : { BUY 2598.72@0.80470892} 146006 : { SELL 22304.37@0.8079342} 146005 : { SELL 22304.37@0.8079342} 
Thu Nov 13 07:13:38 EST 2014 , 4 , 2 , 2 , 146008 : { BUY 2598.72@0.80470892} 146007 : { BUY 2598.72@0.80470892} 146006 : { SELL 22304.37@0.8079342} 146005 : { SELL 22304.37@0.8079342} 
Thu Nov 13 07:16:40 EST 2014 , 4 , 2 , 2 , 146008 : { BUY 2598.72@0.80470892} 146007 : { BUY 2598.72@0.80470892} 146006 : { SELL 22304.37@0.8079342} 146005 : { SELL 22304.37@0.8079342} 
Thu Nov 13 07:19:40 EST 2014 , 4 , 2 , 2 , 146008 : { BUY 2598.72@0.80470892} 146007 : { BUY 2598.72@0.80470892} 146006 : { SELL 22304.37@0.8079342} 146005 : { SELL 22304.37@0.8079342} 
Thu Nov 13 07:22:41 EST 2014 , 4 , 2 , 2 , 146008 : { BUY 2598.72@0.80470892} 146007 : { BUY 2598.72@0.80470892} 146006 : { SELL 22304.37@0.8079342} 146005 : { SELL 22304.37@0.8079342} 
Thu Nov 13 07:25:42 EST 2014 , 4 , 2 , 2 , 146008 : { BUY 2598.72@0.80470892} 146007 : { BUY 2598.72@0.80470892} 146006 : { SELL 22304.37@0.8079342} 146005 : { SELL 22304.37@0.8079342} 
Thu Nov 13 07:28:43 EST 2014 , 4 , 2 , 2 , 146008 : { BUY 2598.72@0.80470892} 146007 : { BUY 2598.72@0.80470892} 146006 : { SELL 22304.37@0.8079342} 146005 : { SELL 22304.37@0.8079342} 
Thu Nov 13 07:31:44 EST 2014 , 4 , 2 , 2 , 146008 : { BUY 2598.72@0.80470892} 146007 : { BUY 2598.72@0.80470892} 146006 : { SELL 22304.37@0.8079342} 146005 : { SELL 22304.37@0.8079342} 
Thu Nov 13 07:34:45 EST 2014 , 4 , 2 , 2 , 146008 : { BUY 2598.72@0.80470892} 146007 : { BUY 2598.72@0.80470892} 146006 : { SELL 22304.37@0.8079342} 146005 : { SELL 22304.37@0.8079342} 
Thu Nov 13 07:37:46 EST 2014 , 4 , 2 , 2 , 146008 : { BUY 2598.72@0.80470892} 146007 : { BUY 2598.72@0.80470892} 146006 : { SELL 22304.37@0.8079342} 146005 : { SELL 22304.37@0.8079342} 
Thu Nov 13 07:40:47 EST 2014 , 4 , 2 , 2 , 146008 : { BUY 2598.72@0.80470892} 146007 : { BUY 2598.72@0.80470892} 146006 : { SELL 22304.37@0.8079342} 146005 : { SELL 22304.37@0.8079342} 
Thu Nov 13 07:43:48 EST 2014 , 4 , 2 , 2 , 146008 : { BUY 2598.72@0.80470892} 146007 : { BUY 2598.72@0.80470892} 146006 : { SELL 22304.37@0.8079342} 146005 : { SELL 22304.37@0.8079342} 
Thu Nov 13 07:46:49 EST 2014 , 4 , 2 , 2 , 146008 : { BUY 2598.72@0.80470892} 146007 : { BUY 2598.72@0.80470892} 146006 : { SELL 22304.37@0.8079342} 146005 : { SELL 22304.37@0.8079342} 
Thu Nov 13 07:49:50 EST 2014 , 4 , 2 , 2 , 146008 : { BUY 2598.72@0.80470892} 146007 : { BUY 2598.72@0.80470892} 146006 : { SELL 22304.37@0.8079342} 146005 : { SELL 22304.37@0.8079342} 
Thu Nov 13 07:52:51 EST 2014 , 4 , 2 , 2 , 146008 : { BUY 2598.72@0.80470892} 146007 : { BUY 2598.72@0.80470892} 146006 : { SELL 22304.37@0.8079342} 146005 : { SELL 22304.37@0.8079342} 
Thu Nov 13 07:55:52 EST 2014 , 4 , 2 , 2 , 146008 : { BUY 2598.72@0.80470892} 146007 : { BUY 2598.72@0.80470892} 146006 : { SELL 22304.37@0.8079342} 146005 : { SELL 22304.37@0.8079342} 
Thu Nov 13 07:58:53 EST 2014 , 4 , 2 , 2 , 146008 : { BUY 2598.72@0.80470892} 146007 : { BUY 2598.72@0.80470892} 146006 : { SELL 22304.37@0.8079342} 146005 : { SELL 22304.37@0.8079342} 
Thu Nov 13 08:01:54 EST 2014 , 4 , 2 , 2 , 146008 : { BUY 2598.72@0.80470892} 146007 : { BUY 2598.72@0.80470892} 146006 : { SELL 22304.37@0.8079342} 146005 : { SELL 22304.37@0.8079342} 
Thu Nov 13 08:04:55 EST 2014 , 4 , 2 , 2 , 146008 : { BUY 2598.72@0.80470892} 146007 : { BUY 2598.72@0.80470892} 146006 : { SELL 22304.37@0.8079342} 146005 : { SELL 22304.37@0.8079342} 
Thu Nov 13 08:07:56 EST 2014 , 4 , 2 , 2 , 146008 : { BUY 2598.72@0.80470892} 146007 : { BUY 2598.72@0.80470892} 146006 : { SELL 22304.37@0.8079342} 146005 : { SELL 22304.37@0.8079342} 
Thu Nov 13 08:10:57 EST 2014 , 4 , 2 , 2 , 146008 : { BUY 2598.72@0.80470892} 146007 : { BUY 2598.72@0.80470892} 146006 : { SELL 22304.37@0.8079342} 146005 : { SELL 22304.37@0.8079342} 
Thu Nov 13 08:13:59 EST 2014 , 4 , 2 , 2 , 146008 : { BUY 2598.72@0.80470892} 146007 : { BUY 2598.72@0.80470892} 146006 : { SELL 22304.37@0.8079342} 146005 : { SELL 22304.37@0.8079342} 
Thu Nov 13 08:16:59 EST 2014 , 4 , 2 , 2 , 146008 : { BUY 2598.72@0.80470892} 146007 : { BUY 2598.72@0.80470892} 146006 : { SELL 22304.37@0.8079342} 146005 : { SELL 22304.37@0.8079342} 
Thu Nov 13 08:20:00 EST 2014 , 4 , 2 , 2 , 146008 : { BUY 2598.72@0.80470892} 146007 : { BUY 2598.72@0.80470892} 146006 : { SELL 22304.37@0.8079342} 146005 : { SELL 22304.37@0.8079342} 
Thu Nov 13 08:23:02 EST 2014 , 4 , 2 , 2 , 146008 : { BUY 2598.72@0.80470892} 146007 : { BUY 2598.72@0.80470892} 146006 : { SELL 22304.37@0.8079342} 146005 : { SELL 22304.37@0.8079342} 
Thu Nov 13 08:26:02 EST 2014 , 4 , 2 , 2 , 146008 : { BUY 2598.72@0.80470892} 146007 : { BUY 2598.72@0.80470892} 146006 : { SELL 22304.37@0.8079342} 146005 : { SELL 22304.37@0.8079342} 
Thu Nov 13 08:29:03 EST 2014 , 4 , 2 , 2 , 146008 : { BUY 2598.72@0.80470892} 146007 : { BUY 2598.72@0.80470892} 146006 : { SELL 22304.37@0.8079342} 146005 : { SELL 22304.37@0.8079342} 
Thu Nov 13 08:32:04 EST 2014 , 4 , 2 , 2 , 146008 : { BUY 2598.72@0.80470892} 146007 : { BUY 2598.72@0.80470892} 146006 : { SELL 22304.37@0.8079342} 146005 : { SELL 22304.37@0.8079342} 
Thu Nov 13 08:35:05 EST 2014 , 4 , 2 , 2 , 146008 : { BUY 2598.72@0.80470892} 146007 : { BUY 2598.72@0.80470892} 146006 : { SELL 22304.37@0.8079342} 146005 : { SELL 22304.37@0.8079342} 
Thu Nov 13 08:38:06 EST 2014 , 4 , 2 , 2 , 146008 : { BUY 2598.72@0.80470892} 146007 : { BUY 2598.72@0.80470892} 146006 : { SELL 22304.37@0.8079342} 146005 : { SELL 22304.37@0.8079342} 
Thu Nov 13 08:41:07 EST 2014 , 4 , 2 , 2 , 146008 : { BUY 2598.72@0.80470892} 146007 : { BUY 2598.72@0.80470892} 146006 : { SELL 22304.37@0.8079342} 146005 : { SELL 22304.37@0.8079342} 
Thu Nov 13 08:44:08 EST 2014 , 4 , 2 , 2 , 146008 : { BUY 2598.72@0.80470892} 146007 : { BUY 2598.72@0.80470892} 146006 : { SELL 22304.37@0.8079342} 146005 : { SELL 22304.37@0.8079342} 
Thu Nov 13 08:47:09 EST 2014 , 4 , 2 , 2 , 146008 : { BUY 2598.72@0.80470892} 146007 : { BUY 2598.72@0.80470892} 146006 : { SELL 22304.37@0.8079342} 146005 : { SELL 22304.37@0.8079342} 
Thu Nov 13 08:50:10 EST 2014 , 4 , 2 , 2 , 146008 : { BUY 2598.72@0.80470892} 146007 : { BUY 2598.72@0.80470892} 146006 : { SELL 22304.37@0.8079342} 146005 : { SELL 22304.37@0.8079342} 
Thu Nov 13 08:53:11 EST 2014 , 4 , 2 , 2 , 146008 : { BUY 2598.72@0.80470892} 146007 : { BUY 2598.72@0.80470892} 146006 : { SELL 22304.37@0.8079342} 146005 : { SELL 22304.37@0.8079342} 
Thu Nov 13 08:56:12 EST 2014 , 4 , 2 , 2 , 146008 : { BUY 2598.72@0.80470892} 146007 : { BUY 2598.72@0.80470892} 146006 : { SELL 22304.37@0.8079342} 146005 : { SELL 22304.37@0.8079342} 
Thu Nov 13 08:59:13 EST 2014 , 4 , 2 , 2 , 146008 : { BUY 2598.72@0.80470892} 146007 : { BUY 2598.72@0.80470892} 146006 : { SELL 22304.37@0.8079342} 146005 : { SELL 22304.37@0.8079342} 
Thu Nov 13 09:02:14 EST 2014 , 4 , 2 , 2 , 146008 : { BUY 2598.72@0.80470892} 146007 : { BUY 2598.72@0.80470892} 146006 : { SELL 22304.37@0.8079342} 146005 : { SELL 22304.37@0.8079342} 
Thu Nov 13 09:05:15 EST 2014 , 4 , 2 , 2 , 146008 : { BUY 2598.72@0.80470892} 146007 : { BUY 2598.72@0.80470892} 146006 : { SELL 22304.37@0.8079342} 146005 : { SELL 22304.37@0.8079342} 
Thu Nov 13 09:08:16 EST 2014 , 4 , 2 , 2 , 146008 : { BUY 2598.72@0.80470892} 146007 : { BUY 2598.72@0.80470892} 146006 : { SELL 22304.37@0.8079342} 146005 : { SELL 22304.37@0.8079342} 
Thu Nov 13 09:11:17 EST 2014 , 4 , 2 , 2 , 146008 : { BUY 2598.72@0.80470892} 146007 : { BUY 2598.72@0.80470892} 146006 : { SELL 22304.37@0.8079342} 146005 : { SELL 22304.37@0.8079342} 
Thu Nov 13 09:14:18 EST 2014 , 4 , 2 , 2 , 146008 : { BUY 2598.72@0.80470892} 146007 : { BUY 2598.72@0.80470892} 146006 : { SELL 22304.37@0.8079342} 146005 : { SELL 22304.37@0.8079342} 
Thu Nov 13 09:17:19 EST 2014 , 4 , 2 , 2 , 146008 : { BUY 2598.72@0.80470892} 146007 : { BUY 2598.72@0.80470892} 146006 : { SELL 22304.37@0.8079342} 146005 : { SELL 22304.37@0.8079342} 
Thu Nov 13 09:20:20 EST 2014 , 4 , 2 , 2 , 146008 : { BUY 2598.72@0.80470892} 146007 : { BUY 2598.72@0.80470892} 146006 : { SELL 22304.37@0.8079342} 146005 : { SELL 22304.37@0.8079342} 
Thu Nov 13 09:23:21 EST 2014 , 4 , 2 , 2 , 146008 : { BUY 2598.72@0.80470892} 146007 : { BUY 2598.72@0.80470892} 146006 : { SELL 22304.37@0.8079342} 146005 : { SELL 22304.37@0.8079342} 
Thu Nov 13 09:26:22 EST 2014 , 4 , 2 , 2 , 146008 : { BUY 2598.72@0.80470892} 146007 : { BUY 2598.72@0.80470892} 146006 : { SELL 22304.37@0.8079342} 146005 : { SELL 22304.37@0.8079342} 
Thu Nov 13 09:29:23 EST 2014 , 4 , 2 , 2 , 146008 : { BUY 2598.72@0.80470892} 146007 : { BUY 2598.72@0.80470892} 146006 : { SELL 22304.37@0.8079342} 146005 : { SELL 22304.37@0.8079342} 
Thu Nov 13 09:32:24 EST 2014 , 4 , 2 , 2 , 146008 : { BUY 2598.72@0.80470892} 146007 : { BUY 2598.72@0.80470892} 146006 : { SELL 22304.37@0.8079342} 146005 : { SELL 22304.37@0.8079342} 
Thu Nov 13 09:35:25 EST 2014 , 4 , 2 , 2 , 146008 : { BUY 2598.72@0.80470892} 146007 : { BUY 2598.72@0.80470892} 146006 : { SELL 22304.37@0.8079342} 146005 : { SELL 22304.37@0.8079342} 
Thu Nov 13 09:38:26 EST 2014 , 4 , 2 , 2 , 146008 : { BUY 2598.72@0.80470892} 146007 : { BUY 2598.72@0.80470892} 146006 : { SELL 22304.37@0.8079342} 146005 : { SELL 22304.37@0.8079342} 
Thu Nov 13 09:41:27 EST 2014 , 4 , 2 , 2 , 146008 : { BUY 2598.72@0.80470892} 146007 : { BUY 2598.72@0.80470892} 146006 : { SELL 22304.37@0.8079342} 146005 : { SELL 22304.37@0.8079342} 
Thu Nov 13 09:44:28 EST 2014 , 4 , 2 , 2 , 146008 : { BUY 2598.72@0.80470892} 146007 : { BUY 2598.72@0.80470892} 146006 : { SELL 22304.37@0.8079342} 146005 : { SELL 22304.37@0.8079342} 
Thu Nov 13 09:47:29 EST 2014 , 4 , 2 , 2 , 146008 : { BUY 2598.72@0.80470892} 146007 : { BUY 2598.72@0.80470892} 146006 : { SELL 22304.37@0.8079342} 146005 : { SELL 22304.37@0.8079342} 
Thu Nov 13 09:50:30 EST 2014 , 4 , 2 , 2 , 146008 : { BUY 2598.72@0.80470892} 146007 : { BUY 2598.72@0.80470892} 146006 : { SELL 22304.37@0.8079342} 146005 : { SELL 22304.37@0.8079342} 
Thu Nov 13 09:53:31 EST 2014 , 4 , 2 , 2 , 146008 : { BUY 2598.72@0.80470892} 146007 : { BUY 2598.72@0.80470892} 146006 : { SELL 22304.37@0.8079342} 146005 : { SELL 22304.37@0.8079342} 
Thu Nov 13 09:56:32 EST 2014 , 4 , 2 , 2 , 146008 : { BUY 2598.72@0.80470892} 146007 : { BUY 2598.72@0.80470892} 146006 : { SELL 22304.37@0.8079342} 146005 : { SELL 22304.37@0.8079342} 
Thu Nov 13 09:59:33 EST 2014 , 4 , 2 , 2 , 146008 : { BUY 2598.72@0.80470892} 146007 : { BUY 2598.72@0.80470892} 146006 : { SELL 22304.37@0.8079342} 146005 : { SELL 22304.37@0.8079342} 
Thu Nov 13 10:02:34 EST 2014 , 4 , 2 , 2 , 146008 : { BUY 2598.72@0.80470892} 146007 : { BUY 2598.72@0.80470892} 146006 : { SELL 22304.37@0.8079342} 146005 : { SELL 22304.37@0.8079342} 
Thu Nov 13 10:05:35 EST 2014 , 4 , 2 , 2 , 146008 : { BUY 2598.72@0.80470892} 146007 : { BUY 2598.72@0.80470892} 146006 : { SELL 22304.37@0.8079342} 146005 : { SELL 22304.37@0.8079342} 
Thu Nov 13 10:08:36 EST 2014 , 4 , 2 , 2 , 146008 : { BUY 2598.72@0.80470892} 146007 : { BUY 2598.72@0.80470892} 146006 : { SELL 22304.37@0.8079342} 146005 : { SELL 22304.37@0.8079342} 
Thu Nov 13 10:11:37 EST 2014 , 4 , 2 , 2 , 146008 : { BUY 2598.72@0.80470892} 146007 : { BUY 2598.72@0.80470892} 146006 : { SELL 22304.37@0.8079342} 146005 : { SELL 22304.37@0.8079342} 
Thu Nov 13 10:14:38 EST 2014 , 4 , 2 , 2 , 146008 : { BUY 2598.72@0.80470892} 146007 : { BUY 2598.72@0.80470892} 146006 : { SELL 22304.37@0.8079342} 146005 : { SELL 22304.37@0.8079342} 
Thu Nov 13 10:17:39 EST 2014 , 4 , 2 , 2 , 146008 : { BUY 2598.72@0.80470892} 146007 : { BUY 2598.72@0.80470892} 146006 : { SELL 22304.37@0.8079342} 146005 : { SELL 22304.37@0.8079342} 
Thu Nov 13 10:20:40 EST 2014 , 4 , 2 , 2 , 146008 : { BUY 2598.72@0.80470892} 146007 : { BUY 2598.72@0.80470892} 146006 : { SELL 22304.37@0.8079342} 146005 : { SELL 22304.37@0.8079342} 
Thu Nov 13 10:23:41 EST 2014 , 4 , 2 , 2 , 146008 : { BUY 2598.72@0.80470892} 146007 : { BUY 2598.72@0.80470892} 146006 : { SELL 22304.37@0.8079342} 146005 : { SELL 22304.37@0.8079342} 
Thu Nov 13 10:26:42 EST 2014 , 4 , 2 , 2 , 146008 : { BUY 2598.72@0.80470892} 146007 : { BUY 2598.72@0.80470892} 146006 : { SELL 22304.37@0.8079342} 146005 : { SELL 22304.37@0.8079342} 
Thu Nov 13 10:29:43 EST 2014 , 4 , 2 , 2 , 146008 : { BUY 2598.72@0.80470892} 146007 : { BUY 2598.72@0.80470892} 146006 : { SELL 22304.37@0.8079342} 146005 : { SELL 22304.37@0.8079342} 
Thu Nov 13 10:32:44 EST 2014 , 4 , 2 , 2 , 146008 : { BUY 2598.72@0.80470892} 146007 : { BUY 2598.72@0.80470892} 146006 : { SELL 22304.37@0.8079342} 146005 : { SELL 22304.37@0.8079342} 
Thu Nov 13 10:35:45 EST 2014 , 4 , 2 , 2 , 146008 : { BUY 2598.72@0.80470892} 146007 : { BUY 2598.72@0.80470892} 146006 : { SELL 22304.37@0.8079342} 146005 : { SELL 22304.37@0.8079342} 
Thu Nov 13 10:38:46 EST 2014 , 4 , 2 , 2 , 146008 : { BUY 2598.72@0.80470892} 146007 : { BUY 2598.72@0.80470892} 146006 : { SELL 22304.37@0.8079342} 146005 : { SELL 22304.37@0.8079342} 
Thu Nov 13 10:41:48 EST 2014 , 4 , 2 , 2 , 146008 : { BUY 2598.72@0.80470892} 146007 : { BUY 2598.72@0.80470892} 146006 : { SELL 22304.37@0.8079342} 146005 : { SELL 22304.37@0.8079342} 
Thu Nov 13 10:44:48 EST 2014 , 4 , 2 , 2 , 146008 : { BUY 2598.72@0.80470892} 146007 : { BUY 2598.72@0.80470892} 146006 : { SELL 22304.37@0.8079342} 146005 : { SELL 22304.37@0.8079342} 
Thu Nov 13 10:47:49 EST 2014 , 4 , 2 , 2 , 146008 : { BUY 2598.72@0.80470892} 146007 : { BUY 2598.72@0.80470892} 146006 : { SELL 22304.37@0.8079342} 146005 : { SELL 22304.37@0.8079342} 
Thu Nov 13 10:50:50 EST 2014 , 4 , 2 , 2 , 146008 : { BUY 2598.72@0.80470892} 146007 : { BUY 2598.72@0.80470892} 146006 : { SELL 22304.37@0.8079342} 146005 : { SELL 22304.37@0.8079342} 
Thu Nov 13 10:53:51 EST 2014 , 4 , 2 , 2 , 146008 : { BUY 2598.72@0.80470892} 146007 : { BUY 2598.72@0.80470892} 146006 : { SELL 22304.37@0.8079342} 146005 : { SELL 22304.37@0.8079342} 
Thu Nov 13 10:56:52 EST 2014 , 4 , 2 , 2 , 146008 : { BUY 2598.72@0.80470892} 146007 : { BUY 2598.72@0.80470892} 146006 : { SELL 22304.37@0.8079342} 146005 : { SELL 22304.37@0.8079342} 
Thu Nov 13 10:59:53 EST 2014 , 4 , 2 , 2 , 146008 : { BUY 2598.72@0.80470892} 146007 : { BUY 2598.72@0.80470892} 146006 : { SELL 22304.37@0.8079342} 146005 : { SELL 22304.37@0.8079342} 
Thu Nov 13 11:02:54 EST 2014 , 4 , 2 , 2 , 146008 : { BUY 2598.72@0.80470892} 146007 : { BUY 2598.72@0.80470892} 146006 : { SELL 22304.37@0.8079342} 146005 : { SELL 22304.37@0.8079342} 
Thu Nov 13 11:05:55 EST 2014 , 4 , 2 , 2 , 146008 : { BUY 2598.72@0.80470892} 146007 : { BUY 2598.72@0.80470892} 146006 : { SELL 22304.37@0.8079342} 146005 : { SELL 22304.37@0.8079342} 
Thu Nov 13 11:08:56 EST 2014 , 4 , 2 , 2 , 146008 : { BUY 2598.72@0.80470892} 146007 : { BUY 2598.72@0.80470892} 146006 : { SELL 22304.37@0.8079342} 146005 : { SELL 22304.37@0.8079342} 
Thu Nov 13 11:11:57 EST 2014 , 4 , 2 , 2 , 146008 : { BUY 2598.72@0.80470892} 146007 : { BUY 2598.72@0.80470892} 146006 : { SELL 22304.37@0.8079342} 146005 : { SELL 22304.37@0.8079342} 
Thu Nov 13 11:14:58 EST 2014 , 4 , 2 , 2 , 146008 : { BUY 2598.72@0.80470892} 146007 : { BUY 2598.72@0.80470892} 146006 : { SELL 22304.37@0.8079342} 146005 : { SELL 22304.37@0.8079342} 
Thu Nov 13 11:17:59 EST 2014 , 4 , 2 , 2 , 146008 : { BUY 2598.72@0.80470892} 146007 : { BUY 2598.72@0.80470892} 146006 : { SELL 22304.37@0.8079342} 146005 : { SELL 22304.37@0.8079342} 
Thu Nov 13 11:21:00 EST 2014 , 4 , 2 , 2 , 146008 : { BUY 2598.72@0.80470892} 146007 : { BUY 2598.72@0.80470892} 146006 : { SELL 22304.37@0.8079342} 146005 : { SELL 22304.37@0.8079342} 
Thu Nov 13 11:24:02 EST 2014 , 4 , 2 , 2 , 146008 : { BUY 2598.72@0.80470892} 146007 : { BUY 2598.72@0.80470892} 146006 : { SELL 22304.37@0.8079342} 146005 : { SELL 22304.37@0.8079342} 
Thu Nov 13 11:27:02 EST 2014 , 4 , 2 , 2 , 146008 : { BUY 2598.72@0.80470892} 146007 : { BUY 2598.72@0.80470892} 146006 : { SELL 22304.37@0.8079342} 146005 : { SELL 22304.37@0.8079342} 
Thu Nov 13 11:30:03 EST 2014 , 4 , 2 , 2 , 146008 : { BUY 2598.72@0.80470892} 146007 : { BUY 2598.72@0.80470892} 146006 : { SELL 22304.37@0.8079342} 146005 : { SELL 22304.37@0.8079342} 
Thu Nov 13 11:33:05 EST 2014 , 4 , 2 , 2 , 146008 : { BUY 2598.72@0.80470892} 146007 : { BUY 2598.72@0.80470892} 146006 : { SELL 22304.37@0.8079342} 146005 : { SELL 22304.37@0.8079342} 
Thu Nov 13 11:36:05 EST 2014 , 4 , 2 , 2 , 146008 : { BUY 2598.72@0.80470892} 146007 : { BUY 2598.72@0.80470892} 146006 : { SELL 22304.37@0.8079342} 146005 : { SELL 22304.37@0.8079342} 
Thu Nov 13 11:39:06 EST 2014 , 4 , 2 , 2 , 146008 : { BUY 2598.72@0.80470892} 146007 : { BUY 2598.72@0.80470892} 146006 : { SELL 22304.37@0.8079342} 146005 : { SELL 22304.37@0.8079342} 
Thu Nov 13 11:42:07 EST 2014 , 4 , 2 , 2 , 146008 : { BUY 2598.72@0.80470892} 146007 : { BUY 2598.72@0.80470892} 146006 : { SELL 22304.37@0.8079342} 146005 : { SELL 22304.37@0.8079342} 
Thu Nov 13 11:45:08 EST 2014 , 4 , 2 , 2 , 146008 : { BUY 2598.72@0.80470892} 146007 : { BUY 2598.72@0.80470892} 146006 : { SELL 22304.37@0.8079342} 146005 : { SELL 22304.37@0.8079342} 
Thu Nov 13 11:48:09 EST 2014 , 4 , 2 , 2 , 146008 : { BUY 2598.72@0.80470892} 146007 : { BUY 2598.72@0.80470892} 146006 : { SELL 22304.37@0.8079342} 146005 : { SELL 22304.37@0.8079342} 
Thu Nov 13 11:51:11 EST 2014 , 4 , 2 , 2 , 146008 : { BUY 2598.72@0.80470892} 146007 : { BUY 2598.72@0.80470892} 146006 : { SELL 22304.37@0.8079342} 146005 : { SELL 22304.37@0.8079342} 
Thu Nov 13 11:54:11 EST 2014 , 4 , 2 , 2 , 146008 : { BUY 2598.72@0.80470892} 146007 : { BUY 2598.72@0.80470892} 146006 : { SELL 22304.37@0.8079342} 146005 : { SELL 22304.37@0.8079342} 
Thu Nov 13 11:57:12 EST 2014 , 4 , 2 , 2 , 146008 : { BUY 2598.72@0.80470892} 146007 : { BUY 2598.72@0.80470892} 146006 : { SELL 22304.37@0.8079342} 146005 : { SELL 22304.37@0.8079342} 
Thu Nov 13 12:00:13 EST 2014 , 4 , 2 , 2 , 146008 : { BUY 2598.72@0.80470892} 146007 : { BUY 2598.72@0.80470892} 146006 : { SELL 22304.37@0.8079342} 146005 : { SELL 22304.37@0.8079342} 
Thu Nov 13 12:03:14 EST 2014 , 4 , 2 , 2 , 146008 : { BUY 2598.72@0.80470892} 146007 : { BUY 2598.72@0.80470892} 146006 : { SELL 22304.37@0.8079342} 146005 : { SELL 22304.37@0.8079342} 
Thu Nov 13 12:06:15 EST 2014 , 4 , 2 , 2 , 146008 : { BUY 2598.72@0.80470892} 146007 : { BUY 2598.72@0.80470892} 146006 : { SELL 22304.37@0.8079342} 146005 : { SELL 22304.37@0.8079342} 
Thu Nov 13 12:09:16 EST 2014 , 4 , 2 , 2 , 146008 : { BUY 2598.72@0.80470892} 146007 : { BUY 2598.72@0.80470892} 146006 : { SELL 22304.37@0.8079342} 146005 : { SELL 22304.37@0.8079342} 
Thu Nov 13 12:12:17 EST 2014 , 4 , 2 , 2 , 146008 : { BUY 2598.72@0.80470892} 146007 : { BUY 2598.72@0.80470892} 146006 : { SELL 22304.37@0.8079342} 146005 : { SELL 22304.37@0.8079342} 
Thu Nov 13 12:15:18 EST 2014 , 4 , 2 , 2 , 146008 : { BUY 2598.72@0.80470892} 146007 : { BUY 2598.72@0.80470892} 146006 : { SELL 22304.37@0.8079342} 146005 : { SELL 22304.37@0.8079342} 
Thu Nov 13 12:18:20 EST 2014 , 4 , 2 , 2 , 146008 : { BUY 2598.72@0.80470892} 146007 : { BUY 2598.72@0.80470892} 146006 : { SELL 22304.37@0.8079342} 146005 : { SELL 22304.37@0.8079342} 
Thu Nov 13 12:21:20 EST 2014 , 4 , 2 , 2 , 146008 : { BUY 2598.72@0.80470892} 146007 : { BUY 2598.72@0.80470892} 146006 : { SELL 22304.37@0.8079342} 146005 : { SELL 22304.37@0.8079342} 
Thu Nov 13 12:24:21 EST 2014 , 4 , 2 , 2 , 146008 : { BUY 2598.72@0.80470892} 146007 : { BUY 2598.72@0.80470892} 146006 : { SELL 22304.37@0.8079342} 146005 : { SELL 22304.37@0.8079342} 
Thu Nov 13 12:27:22 EST 2014 , 4 , 2 , 2 , 146008 : { BUY 2598.72@0.80470892} 146007 : { BUY 2598.72@0.80470892} 146006 : { SELL 22304.37@0.8079342} 146005 : { SELL 22304.37@0.8079342} 
Thu Nov 13 12:30:23 EST 2014 , 4 , 2 , 2 , 146008 : { BUY 2598.72@0.80470892} 146007 : { BUY 2598.72@0.80470892} 146006 : { SELL 22304.37@0.8079342} 146005 : { SELL 22304.37@0.8079342} 
Thu Nov 13 12:33:24 EST 2014 , 4 , 2 , 2 , 146008 : { BUY 2598.72@0.80470892} 146007 : { BUY 2598.72@0.80470892} 146006 : { SELL 22304.37@0.8079342} 146005 : { SELL 22304.37@0.8079342} 
Thu Nov 13 12:36:25 EST 2014 , 4 , 2 , 2 , 146008 : { BUY 2598.72@0.80470892} 146007 : { BUY 2598.72@0.80470892} 146006 : { SELL 22304.37@0.8079342} 146005 : { SELL 22304.37@0.8079342} 
Thu Nov 13 12:39:26 EST 2014 , 4 , 2 , 2 , 146008 : { BUY 2598.72@0.80470892} 146007 : { BUY 2598.72@0.80470892} 146006 : { SELL 22304.37@0.8079342} 146005 : { SELL 22304.37@0.8079342} 
Thu Nov 13 12:42:27 EST 2014 , 4 , 2 , 2 , 146008 : { BUY 2598.72@0.80470892} 146007 : { BUY 2598.72@0.80470892} 146006 : { SELL 22304.37@0.8079342} 146005 : { SELL 22304.37@0.8079342} 
Thu Nov 13 12:45:29 EST 2014 , 4 , 2 , 2 , 146008 : { BUY 2598.72@0.80470892} 146007 : { BUY 2598.72@0.80470892} 146006 : { SELL 22304.37@0.8079342} 146005 : { SELL 22304.37@0.8079342} 
Thu Nov 13 12:48:29 EST 2014 , 4 , 2 , 2 , 146008 : { BUY 2598.72@0.80470892} 146007 : { BUY 2598.72@0.80470892} 146006 : { SELL 22304.37@0.8079342} 146005 : { SELL 22304.37@0.8079342} 
Thu Nov 13 12:51:30 EST 2014 , 4 , 2 , 2 , 146008 : { BUY 2598.72@0.80470892} 146007 : { BUY 2598.72@0.80470892} 146006 : { SELL 22304.37@0.8079342} 146005 : { SELL 22304.37@0.8079342} 
Thu Nov 13 12:54:31 EST 2014 , 4 , 2 , 2 , 146008 : { BUY 2598.72@0.80470892} 146007 : { BUY 2598.72@0.80470892} 146006 : { SELL 22304.37@0.8079342} 146005 : { SELL 22304.37@0.8079342} 
Thu Nov 13 12:57:32 EST 2014 , 4 , 2 , 2 , 146008 : { BUY 2598.72@0.80470892} 146007 : { BUY 2598.72@0.80470892} 146006 : { SELL 22304.37@0.8079342} 146005 : { SELL 22304.37@0.8079342} 
Thu Nov 13 13:00:33 EST 2014 , 4 , 2 , 2 , 146008 : { BUY 2598.72@0.80470892} 146007 : { BUY 2598.72@0.80470892} 146006 : { SELL 22304.37@0.8079342} 146005 : { SELL 22304.37@0.8079342} 
Thu Nov 13 13:03:34 EST 2014 , 4 , 2 , 2 , 146008 : { BUY 2598.72@0.80470892} 146007 : { BUY 2598.72@0.80470892} 146006 : { SELL 22304.37@0.8079342} 146005 : { SELL 22304.37@0.8079342} 
Thu Nov 13 13:06:35 EST 2014 , 4 , 2 , 2 , 148755 : { BUY 2665.55@0.80470892} 148754 : { BUY 2665.55@0.80470892} 148753 : { SELL 22237.68@0.8079342} 148752 : { SELL 22237.68@0.8079342} 
Thu Nov 13 13:09:36 EST 2014 , 4 , 2 , 2 , 148755 : { BUY 2665.55@0.80470892} 148754 : { BUY 2665.55@0.80470892} 148753 : { SELL 22237.68@0.8079342} 148752 : { SELL 22237.68@0.8079342} 
Thu Nov 13 13:12:37 EST 2014 , 4 , 2 , 2 , 148755 : { BUY 2665.55@0.80470892} 148754 : { BUY 2665.55@0.80470892} 148753 : { SELL 22237.68@0.8079342} 148752 : { SELL 22237.68@0.8079342} 
Thu Nov 13 13:15:38 EST 2014 , 4 , 2 , 2 , 148755 : { BUY 2665.55@0.80470892} 148754 : { BUY 2665.55@0.80470892} 148753 : { SELL 22237.68@0.8079342} 148752 : { SELL 22237.68@0.8079342} 
Thu Nov 13 13:18:39 EST 2014 , 4 , 2 , 2 , 148755 : { BUY 2665.55@0.80470892} 148754 : { BUY 2665.55@0.80470892} 148753 : { SELL 22237.68@0.8079342} 148752 : { SELL 22237.68@0.8079342} 
Thu Nov 13 13:21:41 EST 2014 , 4 , 2 , 2 , 148755 : { BUY 2665.55@0.80470892} 148754 : { BUY 2665.55@0.80470892} 148753 : { SELL 22237.68@0.8079342} 148752 : { SELL 22237.68@0.8079342} 
Thu Nov 13 13:24:41 EST 2014 , 4 , 2 , 2 , 148755 : { BUY 2665.55@0.80470892} 148754 : { BUY 2665.55@0.80470892} 148753 : { SELL 22237.68@0.8079342} 148752 : { SELL 22237.68@0.8079342} 
Thu Nov 13 13:27:42 EST 2014 , 4 , 2 , 2 , 148755 : { BUY 2665.55@0.80470892} 148754 : { BUY 2665.55@0.80470892} 148753 : { SELL 22237.68@0.8079342} 148752 : { SELL 22237.68@0.8079342} 
Thu Nov 13 13:30:43 EST 2014 , 4 , 2 , 2 , 148755 : { BUY 2665.55@0.80470892} 148754 : { BUY 2665.55@0.80470892} 148753 : { SELL 22237.68@0.8079342} 148752 : { SELL 22237.68@0.8079342} 
Thu Nov 13 13:33:44 EST 2014 , 4 , 2 , 2 , 148755 : { BUY 2665.55@0.80470892} 148754 : { BUY 2665.55@0.80470892} 148753 : { SELL 22237.68@0.8079342} 148752 : { SELL 22237.68@0.8079342} 
Thu Nov 13 13:36:45 EST 2014 , 4 , 2 , 2 , 148755 : { BUY 2665.55@0.80470892} 148754 : { BUY 2665.55@0.80470892} 148753 : { SELL 22237.68@0.8079342} 148752 : { SELL 22237.68@0.8079342} 
Thu Nov 13 13:39:46 EST 2014 , 4 , 2 , 2 , 148755 : { BUY 2665.55@0.80470892} 148754 : { BUY 2665.55@0.80470892} 148753 : { SELL 22237.68@0.8079342} 148752 : { SELL 22237.68@0.8079342} 
Thu Nov 13 13:42:47 EST 2014 , 4 , 2 , 2 , 148755 : { BUY 2665.55@0.80470892} 148754 : { BUY 2665.55@0.80470892} 148753 : { SELL 22237.68@0.8079342} 148752 : { SELL 22237.68@0.8079342} 
Thu Nov 13 13:45:48 EST 2014 , 4 , 2 , 2 , 148755 : { BUY 2665.55@0.80470892} 148754 : { BUY 2665.55@0.80470892} 148753 : { SELL 22237.68@0.8079342} 148752 : { SELL 22237.68@0.8079342} 
Thu Nov 13 13:48:49 EST 2014 , 4 , 2 , 2 , 148755 : { BUY 2665.55@0.80470892} 148754 : { BUY 2665.55@0.80470892} 148753 : { SELL 22237.68@0.8079342} 148752 : { SELL 22237.68@0.8079342} 
Thu Nov 13 13:51:50 EST 2014 , 4 , 2 , 2 , 148755 : { BUY 2665.55@0.80470892} 148754 : { BUY 2665.55@0.80470892} 148753 : { SELL 22237.68@0.8079342} 148752 : { SELL 22237.68@0.8079342} 
Thu Nov 13 13:54:51 EST 2014 , 4 , 2 , 2 , 148755 : { BUY 2665.55@0.80470892} 148754 : { BUY 2665.55@0.80470892} 148753 : { SELL 22237.68@0.8079342} 148752 : { SELL 22237.68@0.8079342} 
Thu Nov 13 13:57:52 EST 2014 , 4 , 2 , 2 , 148755 : { BUY 2665.55@0.80470892} 148754 : { BUY 2665.55@0.80470892} 148753 : { SELL 22237.68@0.8079342} 148752 : { SELL 22237.68@0.8079342} 
Thu Nov 13 14:00:54 EST 2014 , 4 , 2 , 2 , 148755 : { BUY 2665.55@0.80470892} 148754 : { BUY 2665.55@0.80470892} 148753 : { SELL 22237.68@0.8079342} 148752 : { SELL 22237.68@0.8079342} 
Thu Nov 13 14:03:54 EST 2014 , 4 , 2 , 2 , 148755 : { BUY 2665.55@0.80470892} 148754 : { BUY 2665.55@0.80470892} 148753 : { SELL 22237.68@0.8079342} 148752 : { SELL 22237.68@0.8079342} 
Thu Nov 13 14:06:55 EST 2014 , 4 , 2 , 2 , 148755 : { BUY 2665.55@0.80470892} 148754 : { BUY 2665.55@0.80470892} 148753 : { SELL 22237.68@0.8079342} 148752 : { SELL 22237.68@0.8079342} 
Thu Nov 13 14:09:56 EST 2014 , 4 , 2 , 2 , 148755 : { BUY 2665.55@0.80470892} 148754 : { BUY 2665.55@0.80470892} 148753 : { SELL 22237.68@0.8079342} 148752 : { SELL 22237.68@0.8079342} 
Thu Nov 13 14:12:57 EST 2014 , 4 , 2 , 2 , 148755 : { BUY 2665.55@0.80470892} 148754 : { BUY 2665.55@0.80470892} 148753 : { SELL 22237.68@0.8079342} 148752 : { SELL 22237.68@0.8079342} 
Thu Nov 13 14:15:58 EST 2014 , 4 , 2 , 2 , 148755 : { BUY 2665.55@0.80470892} 148754 : { BUY 2665.55@0.80470892} 148753 : { SELL 22237.68@0.8079342} 148752 : { SELL 22237.68@0.8079342} 
Thu Nov 13 14:18:59 EST 2014 , 4 , 2 , 2 , 148755 : { BUY 2665.55@0.80470892} 148754 : { BUY 2665.55@0.80470892} 148753 : { SELL 22237.68@0.8079342} 148752 : { SELL 22237.68@0.8079342} 
Thu Nov 13 14:22:00 EST 2014 , 4 , 2 , 2 , 148755 : { BUY 2665.55@0.80470892} 148754 : { BUY 2665.55@0.80470892} 148753 : { SELL 22237.68@0.8079342} 148752 : { SELL 22237.68@0.8079342} 
Thu Nov 13 14:25:01 EST 2014 , 4 , 2 , 2 , 148755 : { BUY 2665.55@0.80470892} 148754 : { BUY 2665.55@0.80470892} 148753 : { SELL 22237.68@0.8079342} 148752 : { SELL 22237.68@0.8079342} 
Thu Nov 13 14:28:02 EST 2014 , 4 , 2 , 2 , 148755 : { BUY 2665.55@0.80470892} 148754 : { BUY 2665.55@0.80470892} 148753 : { SELL 22237.68@0.8079342} 148752 : { SELL 22237.68@0.8079342} 
Thu Nov 13 14:31:03 EST 2014 , 4 , 2 , 2 , 148755 : { BUY 2665.55@0.80470892} 148754 : { BUY 2665.55@0.80470892} 148753 : { SELL 22237.68@0.8079342} 148752 : { SELL 22237.68@0.8079342} 
Thu Nov 13 14:34:05 EST 2014 , 4 , 2 , 2 , 148755 : { BUY 2665.55@0.80470892} 148754 : { BUY 2665.55@0.80470892} 148753 : { SELL 22237.68@0.8079342} 148752 : { SELL 22237.68@0.8079342} 
Thu Nov 13 14:37:06 EST 2014 , 4 , 2 , 2 , 148755 : { BUY 2665.55@0.80470892} 148754 : { BUY 2665.55@0.80470892} 148753 : { SELL 22237.68@0.8079342} 148752 : { SELL 22237.68@0.8079342} 
Thu Nov 13 14:40:07 EST 2014 , 4 , 2 , 2 , 148755 : { BUY 2665.55@0.80470892} 148754 : { BUY 2665.55@0.80470892} 148753 : { SELL 22237.68@0.8079342} 148752 : { SELL 22237.68@0.8079342} 
Thu Nov 13 14:43:07 EST 2014 , 4 , 2 , 2 , 148755 : { BUY 2665.55@0.80470892} 148754 : { BUY 2665.55@0.80470892} 148753 : { SELL 22237.68@0.8079342} 148752 : { SELL 22237.68@0.8079342} 
Thu Nov 13 14:46:08 EST 2014 , 4 , 2 , 2 , 148755 : { BUY 2665.55@0.80470892} 148754 : { BUY 2665.55@0.80470892} 148753 : { SELL 22237.68@0.8079342} 148752 : { SELL 22237.68@0.8079342} 
Thu Nov 13 14:49:09 EST 2014 , 4 , 2 , 2 , 148755 : { BUY 2665.55@0.80470892} 148754 : { BUY 2665.55@0.80470892} 148753 : { SELL 22237.68@0.8079342} 148752 : { SELL 22237.68@0.8079342} 
Thu Nov 13 14:52:10 EST 2014 , 4 , 2 , 2 , 148755 : { BUY 2665.55@0.80470892} 148754 : { BUY 2665.55@0.80470892} 148753 : { SELL 22237.68@0.8079342} 148752 : { SELL 22237.68@0.8079342} 
Thu Nov 13 14:55:11 EST 2014 , 4 , 2 , 2 , 148755 : { BUY 2665.55@0.80470892} 148754 : { BUY 2665.55@0.80470892} 148753 : { SELL 22237.68@0.8079342} 148752 : { SELL 22237.68@0.8079342} 
Thu Nov 13 14:58:12 EST 2014 , 4 , 2 , 2 , 148755 : { BUY 2665.55@0.80470892} 148754 : { BUY 2665.55@0.80470892} 148753 : { SELL 22237.68@0.8079342} 148752 : { SELL 22237.68@0.8079342} 
Thu Nov 13 15:01:14 EST 2014 , 4 , 2 , 2 , 148755 : { BUY 2665.55@0.80470892} 148754 : { BUY 2665.55@0.80470892} 148753 : { SELL 22237.68@0.8079342} 148752 : { SELL 22237.68@0.8079342} 
Thu Nov 13 15:04:14 EST 2014 , 4 , 2 , 2 , 148755 : { BUY 2665.55@0.80470892} 148754 : { BUY 2665.55@0.80470892} 148753 : { SELL 22237.68@0.8079342} 148752 : { SELL 22237.68@0.8079342} 
Thu Nov 13 15:07:15 EST 2014 , 4 , 2 , 2 , 148755 : { BUY 2665.55@0.80470892} 148754 : { BUY 2665.55@0.80470892} 148753 : { SELL 22237.68@0.8079342} 148752 : { SELL 22237.68@0.8079342} 
Thu Nov 13 15:10:17 EST 2014 , 4 , 2 , 2 , 148755 : { BUY 2665.55@0.80470892} 148754 : { BUY 2665.55@0.80470892} 148753 : { SELL 22237.68@0.8079342} 148752 : { SELL 22237.68@0.8079342} 
Thu Nov 13 15:13:17 EST 2014 , 4 , 2 , 2 , 148755 : { BUY 2665.55@0.80470892} 148754 : { BUY 2665.55@0.80470892} 148753 : { SELL 22237.68@0.8079342} 148752 : { SELL 22237.68@0.8079342} 
Thu Nov 13 15:16:18 EST 2014 , 4 , 2 , 2 , 148755 : { BUY 2665.55@0.80470892} 148754 : { BUY 2665.55@0.80470892} 148753 : { SELL 22237.68@0.8079342} 148752 : { SELL 22237.68@0.8079342} 
Thu Nov 13 15:19:20 EST 2014 , 4 , 2 , 2 , 148755 : { BUY 2665.55@0.80470892} 148754 : { BUY 2665.55@0.80470892} 148753 : { SELL 22237.68@0.8079342} 148752 : { SELL 22237.68@0.8079342} 
Thu Nov 13 15:22:20 EST 2014 , 4 , 2 , 2 , 148755 : { BUY 2665.55@0.80470892} 148754 : { BUY 2665.55@0.80470892} 148753 : { SELL 22237.68@0.8079342} 148752 : { SELL 22237.68@0.8079342} 
Thu Nov 13 15:25:21 EST 2014 , 4 , 2 , 2 , 148755 : { BUY 2665.55@0.80470892} 148754 : { BUY 2665.55@0.80470892} 148753 : { SELL 22237.68@0.8079342} 148752 : { SELL 22237.68@0.8079342} 
Thu Nov 13 15:28:22 EST 2014 , 4 , 2 , 2 , 148755 : { BUY 2665.55@0.80470892} 148754 : { BUY 2665.55@0.80470892} 148753 : { SELL 22237.68@0.8079342} 148752 : { SELL 22237.68@0.8079342} 
Thu Nov 13 15:31:24 EST 2014 , 4 , 2 , 2 , 148755 : { BUY 2665.55@0.80470892} 148754 : { BUY 2665.55@0.80470892} 148753 : { SELL 22237.68@0.8079342} 148752 : { SELL 22237.68@0.8079342} 
Thu Nov 13 15:34:25 EST 2014 , 4 , 2 , 2 , 148755 : { BUY 2665.55@0.80470892} 148754 : { BUY 2665.55@0.80470892} 148753 : { SELL 22237.68@0.8079342} 148752 : { SELL 22237.68@0.8079342} 
Thu Nov 13 15:37:25 EST 2014 , 4 , 2 , 2 , 148755 : { BUY 2665.55@0.80470892} 148754 : { BUY 2665.55@0.80470892} 148753 : { SELL 22237.68@0.8079342} 148752 : { SELL 22237.68@0.8079342} 
Thu Nov 13 15:40:26 EST 2014 , 4 , 2 , 2 , 148755 : { BUY 2665.55@0.80470892} 148754 : { BUY 2665.55@0.80470892} 148753 : { SELL 22237.68@0.8079342} 148752 : { SELL 22237.68@0.8079342} 
Thu Nov 13 15:43:28 EST 2014 , 4 , 2 , 2 , 148755 : { BUY 2665.55@0.80470892} 148754 : { BUY 2665.55@0.80470892} 148753 : { SELL 22237.68@0.8079342} 148752 : { SELL 22237.68@0.8079342} 
Thu Nov 13 15:46:28 EST 2014 , 4 , 2 , 2 , 148755 : { BUY 2665.55@0.80470892} 148754 : { BUY 2665.55@0.80470892} 148753 : { SELL 22237.68@0.8079342} 148752 : { SELL 22237.68@0.8079342} 
Thu Nov 13 15:49:29 EST 2014 , 4 , 2 , 2 , 148755 : { BUY 2665.55@0.80470892} 148754 : { BUY 2665.55@0.80470892} 148753 : { SELL 22237.68@0.8079342} 148752 : { SELL 22237.68@0.8079342} 
Thu Nov 13 15:52:30 EST 2014 , 4 , 2 , 2 , 148755 : { BUY 2665.55@0.80470892} 148754 : { BUY 2665.55@0.80470892} 148753 : { SELL 22237.68@0.8079342} 148752 : { SELL 22237.68@0.8079342} 
Thu Nov 13 15:55:32 EST 2014 , 4 , 2 , 2 , 148755 : { BUY 2665.55@0.80470892} 148754 : { BUY 2665.55@0.80470892} 148753 : { SELL 22237.68@0.8079342} 148752 : { SELL 22237.68@0.8079342} 
Thu Nov 13 15:58:32 EST 2014 , 4 , 2 , 2 , 148755 : { BUY 2665.55@0.80470892} 148754 : { BUY 2665.55@0.80470892} 148753 : { SELL 22237.68@0.8079342} 148752 : { SELL 22237.68@0.8079342} 
Thu Nov 13 16:01:33 EST 2014 , 4 , 2 , 2 , 148755 : { BUY 2665.55@0.80470892} 148754 : { BUY 2665.55@0.80470892} 148753 : { SELL 22237.68@0.8079342} 148752 : { SELL 22237.68@0.8079342} 
Thu Nov 13 16:04:34 EST 2014 , 4 , 2 , 2 , 148755 : { BUY 2665.55@0.80470892} 148754 : { BUY 2665.55@0.80470892} 148753 : { SELL 22237.68@0.8079342} 148752 : { SELL 22237.68@0.8079342} 
Thu Nov 13 16:07:35 EST 2014 , 4 , 2 , 2 , 148755 : { BUY 2665.55@0.80470892} 148754 : { BUY 2665.55@0.80470892} 148753 : { SELL 22237.68@0.8079342} 148752 : { SELL 22237.68@0.8079342} 
Thu Nov 13 16:10:36 EST 2014 , 4 , 2 , 2 , 148755 : { BUY 2665.55@0.80470892} 148754 : { BUY 2665.55@0.80470892} 148753 : { SELL 22237.68@0.8079342} 148752 : { SELL 22237.68@0.8079342} 
Thu Nov 13 16:13:37 EST 2014 , 4 , 2 , 2 , 148755 : { BUY 2665.55@0.80470892} 148754 : { BUY 2665.55@0.80470892} 148753 : { SELL 22237.68@0.8079342} 148752 : { SELL 22237.68@0.8079342} 
Thu Nov 13 16:16:38 EST 2014 , 4 , 2 , 2 , 148755 : { BUY 2665.55@0.80470892} 148754 : { BUY 2665.55@0.80470892} 148753 : { SELL 22237.68@0.8079342} 148752 : { SELL 22237.68@0.8079342} 
Thu Nov 13 16:19:39 EST 2014 , 4 , 2 , 2 , 148755 : { BUY 2665.55@0.80470892} 148754 : { BUY 2665.55@0.80470892} 148753 : { SELL 22237.68@0.8079342} 148752 : { SELL 22237.68@0.8079342} 
Thu Nov 13 16:22:41 EST 2014 , 4 , 2 , 2 , 148755 : { BUY 2665.55@0.80470892} 148754 : { BUY 2665.55@0.80470892} 148753 : { SELL 22237.68@0.8079342} 148752 : { SELL 22237.68@0.8079342} 
Thu Nov 13 16:25:42 EST 2014 , 4 , 2 , 2 , 148755 : { BUY 2665.55@0.80470892} 148754 : { BUY 2665.55@0.80470892} 148753 : { SELL 22237.68@0.8079342} 148752 : { SELL 22237.68@0.8079342} 
Thu Nov 13 16:28:43 EST 2014 , 4 , 2 , 2 , 148755 : { BUY 2665.55@0.80470892} 148754 : { BUY 2665.55@0.80470892} 148753 : { SELL 22237.68@0.8079342} 148752 : { SELL 22237.68@0.8079342} 
Thu Nov 13 16:31:44 EST 2014 , 4 , 2 , 2 , 148755 : { BUY 2665.55@0.80470892} 148754 : { BUY 2665.55@0.80470892} 148753 : { SELL 22237.68@0.8079342} 148752 : { SELL 22237.68@0.8079342} 
Thu Nov 13 16:34:44 EST 2014 , 4 , 2 , 2 , 148755 : { BUY 2665.55@0.80470892} 148754 : { BUY 2665.55@0.80470892} 148753 : { SELL 22237.68@0.8079342} 148752 : { SELL 22237.68@0.8079342} 
Thu Nov 13 16:37:45 EST 2014 , 4 , 2 , 2 , 148755 : { BUY 2665.55@0.80470892} 148754 : { BUY 2665.55@0.80470892} 148753 : { SELL 22237.68@0.8079342} 148752 : { SELL 22237.68@0.8079342} 
Thu Nov 13 16:40:46 EST 2014 , 4 , 2 , 2 , 148755 : { BUY 2665.55@0.80470892} 148754 : { BUY 2665.55@0.80470892} 148753 : { SELL 22237.68@0.8079342} 148752 : { SELL 22237.68@0.8079342} 
Thu Nov 13 16:43:47 EST 2014 , 4 , 2 , 2 , 148755 : { BUY 2665.55@0.80470892} 148754 : { BUY 2665.55@0.80470892} 148753 : { SELL 22237.68@0.8079342} 148752 : { SELL 22237.68@0.8079342} 
Thu Nov 13 16:46:48 EST 2014 , 4 , 2 , 2 , 148755 : { BUY 2665.55@0.80470892} 148754 : { BUY 2665.55@0.80470892} 148753 : { SELL 22237.68@0.8079342} 148752 : { SELL 22237.68@0.8079342} 
Thu Nov 13 16:49:49 EST 2014 , 4 , 2 , 2 , 148755 : { BUY 2665.55@0.80470892} 148754 : { BUY 2665.55@0.80470892} 148753 : { SELL 22237.68@0.8079342} 148752 : { SELL 22237.68@0.8079342} 
Thu Nov 13 16:52:50 EST 2014 , 4 , 2 , 2 , 148755 : { BUY 2665.55@0.80470892} 148754 : { BUY 2665.55@0.80470892} 148753 : { SELL 22237.68@0.8079342} 148752 : { SELL 22237.68@0.8079342} 
Thu Nov 13 16:55:52 EST 2014 , 4 , 2 , 2 , 148755 : { BUY 2665.55@0.80470892} 148754 : { BUY 2665.55@0.80470892} 148753 : { SELL 22237.68@0.8079342} 148752 : { SELL 22237.68@0.8079342} 
Thu Nov 13 16:58:53 EST 2014 , 4 , 2 , 2 , 148755 : { BUY 2665.55@0.80470892} 148754 : { BUY 2665.55@0.80470892} 148753 : { SELL 22237.68@0.8079342} 148752 : { SELL 22237.68@0.8079342} 
Thu Nov 13 17:01:53 EST 2014 , 4 , 2 , 2 , 148755 : { BUY 2665.55@0.80470892} 148754 : { BUY 2665.55@0.80470892} 148753 : { SELL 22237.68@0.8079342} 148752 : { SELL 22237.68@0.8079342} 
Thu Nov 13 17:04:55 EST 2014 , 4 , 2 , 2 , 148755 : { BUY 2665.55@0.80470892} 148754 : { BUY 2665.55@0.80470892} 148753 : { SELL 22237.68@0.8079342} 148752 : { SELL 22237.68@0.8079342} 
Thu Nov 13 17:07:56 EST 2014 , 4 , 2 , 2 , 148755 : { BUY 2665.55@0.80470892} 148754 : { BUY 2665.55@0.80470892} 148753 : { SELL 22237.68@0.8079342} 148752 : { SELL 22237.68@0.8079342} 
Thu Nov 13 17:10:56 EST 2014 , 4 , 2 , 2 , 148755 : { BUY 2665.55@0.80470892} 148754 : { BUY 2665.55@0.80470892} 148753 : { SELL 22237.68@0.8079342} 148752 : { SELL 22237.68@0.8079342} 
Thu Nov 13 17:13:57 EST 2014 , 4 , 2 , 2 , 148755 : { BUY 2665.55@0.80470892} 148754 : { BUY 2665.55@0.80470892} 148753 : { SELL 22237.68@0.8079342} 148752 : { SELL 22237.68@0.8079342} 
Thu Nov 13 17:16:59 EST 2014 , 4 , 2 , 2 , 148755 : { BUY 2665.55@0.80470892} 148754 : { BUY 2665.55@0.80470892} 148753 : { SELL 22237.68@0.8079342} 148752 : { SELL 22237.68@0.8079342} 
Thu Nov 13 17:20:00 EST 2014 , 4 , 2 , 2 , 148755 : { BUY 2665.55@0.80470892} 148754 : { BUY 2665.55@0.80470892} 148753 : { SELL 22237.68@0.8079342} 148752 : { SELL 22237.68@0.8079342} 
Thu Nov 13 17:23:00 EST 2014 , 4 , 2 , 2 , 148755 : { BUY 2665.55@0.80470892} 148754 : { BUY 2665.55@0.80470892} 148753 : { SELL 22237.68@0.8079342} 148752 : { SELL 22237.68@0.8079342} 
Thu Nov 13 17:26:01 EST 2014 , 4 , 2 , 2 , 148755 : { BUY 2665.55@0.80470892} 148754 : { BUY 2665.55@0.80470892} 148753 : { SELL 22237.68@0.8079342} 148752 : { SELL 22237.68@0.8079342} 
Thu Nov 13 17:29:03 EST 2014 , 4 , 2 , 2 , 148755 : { BUY 2665.55@0.80470892} 148754 : { BUY 2665.55@0.80470892} 148753 : { SELL 22237.68@0.8079342} 148752 : { SELL 22237.68@0.8079342} 
Thu Nov 13 17:32:04 EST 2014 , 4 , 2 , 2 , 148755 : { BUY 2665.55@0.80470892} 148754 : { BUY 2665.55@0.80470892} 148753 : { SELL 22237.68@0.8079342} 148752 : { SELL 22237.68@0.8079342} 
Thu Nov 13 17:35:04 EST 2014 , 4 , 2 , 2 , 148755 : { BUY 2665.55@0.80470892} 148754 : { BUY 2665.55@0.80470892} 148753 : { SELL 22237.68@0.8079342} 148752 : { SELL 22237.68@0.8079342} 
Thu Nov 13 17:38:05 EST 2014 , 4 , 2 , 2 , 148755 : { BUY 2665.55@0.80470892} 148754 : { BUY 2665.55@0.80470892} 148753 : { SELL 22237.68@0.8079342} 148752 : { SELL 22237.68@0.8079342} 
Thu Nov 13 17:41:07 EST 2014 , 4 , 2 , 2 , 148755 : { BUY 2665.55@0.80470892} 148754 : { BUY 2665.55@0.80470892} 148753 : { SELL 22237.68@0.8079342} 148752 : { SELL 22237.68@0.8079342} 
Thu Nov 13 17:44:08 EST 2014 , 4 , 2 , 2 , 148755 : { BUY 2665.55@0.80470892} 148754 : { BUY 2665.55@0.80470892} 148753 : { SELL 22237.68@0.8079342} 148752 : { SELL 22237.68@0.8079342} 
Thu Nov 13 17:47:08 EST 2014 , 4 , 2 , 2 , 148755 : { BUY 2665.55@0.80470892} 148754 : { BUY 2665.55@0.80470892} 148753 : { SELL 22237.68@0.8079342} 148752 : { SELL 22237.68@0.8079342} 
Thu Nov 13 17:50:09 EST 2014 , 4 , 2 , 2 , 148755 : { BUY 2665.55@0.80470892} 148754 : { BUY 2665.55@0.80470892} 148753 : { SELL 22237.68@0.8079342} 148752 : { SELL 22237.68@0.8079342} 
Thu Nov 13 17:53:11 EST 2014 , 4 , 2 , 2 , 148755 : { BUY 2665.55@0.80470892} 148754 : { BUY 2665.55@0.80470892} 148753 : { SELL 22237.68@0.8079342} 148752 : { SELL 22237.68@0.8079342} 
Thu Nov 13 17:56:12 EST 2014 , 4 , 2 , 2 , 148755 : { BUY 2665.55@0.80470892} 148754 : { BUY 2665.55@0.80470892} 148753 : { SELL 22237.68@0.8079342} 148752 : { SELL 22237.68@0.8079342} 
Thu Nov 13 17:59:13 EST 2014 , 4 , 2 , 2 , 148755 : { BUY 2665.55@0.80470892} 148754 : { BUY 2665.55@0.80470892} 148753 : { SELL 22237.68@0.8079342} 148752 : { SELL 22237.68@0.8079342} 
Thu Nov 13 18:02:14 EST 2014 , 4 , 2 , 2 , 148755 : { BUY 2665.55@0.80470892} 148754 : { BUY 2665.55@0.80470892} 148753 : { SELL 22237.68@0.8079342} 148752 : { SELL 22237.68@0.8079342} 
Thu Nov 13 18:05:14 EST 2014 , 4 , 2 , 2 , 148755 : { BUY 2665.55@0.80470892} 148754 : { BUY 2665.55@0.80470892} 148753 : { SELL 22237.68@0.8079342} 148752 : { SELL 22237.68@0.8079342} 
Thu Nov 13 18:08:15 EST 2014 , 4 , 2 , 2 , 148755 : { BUY 2665.55@0.80470892} 148754 : { BUY 2665.55@0.80470892} 148753 : { SELL 22237.68@0.8079342} 148752 : { SELL 22237.68@0.8079342} 
Thu Nov 13 18:11:17 EST 2014 , 4 , 2 , 2 , 148755 : { BUY 2665.55@0.80470892} 148754 : { BUY 2665.55@0.80470892} 148753 : { SELL 22237.68@0.8079342} 148752 : { SELL 22237.68@0.8079342} 
Thu Nov 13 18:14:18 EST 2014 , 4 , 2 , 2 , 148755 : { BUY 2665.55@0.80470892} 148754 : { BUY 2665.55@0.80470892} 148753 : { SELL 22237.68@0.8079342} 148752 : { SELL 22237.68@0.8079342} 
Thu Nov 13 18:17:18 EST 2014 , 4 , 2 , 2 , 148755 : { BUY 2665.55@0.80470892} 148754 : { BUY 2665.55@0.80470892} 148753 : { SELL 22237.68@0.8079342} 148752 : { SELL 22237.68@0.8079342} 
Thu Nov 13 18:20:20 EST 2014 , 4 , 2 , 2 , 148755 : { BUY 2665.55@0.80470892} 148754 : { BUY 2665.55@0.80470892} 148753 : { SELL 22237.68@0.8079342} 148752 : { SELL 22237.68@0.8079342} 
Thu Nov 13 18:23:21 EST 2014 , 4 , 2 , 2 , 148755 : { BUY 2665.55@0.80470892} 148754 : { BUY 2665.55@0.80470892} 148753 : { SELL 22237.68@0.8079342} 148752 : { SELL 22237.68@0.8079342} 
Thu Nov 13 18:26:22 EST 2014 , 4 , 2 , 2 , 148755 : { BUY 2665.55@0.80470892} 148754 : { BUY 2665.55@0.80470892} 148753 : { SELL 22237.68@0.8079342} 148752 : { SELL 22237.68@0.8079342} 
Thu Nov 13 18:29:23 EST 2014 , 4 , 2 , 2 , 148755 : { BUY 2665.55@0.80470892} 148754 : { BUY 2665.55@0.80470892} 148753 : { SELL 22237.68@0.8079342} 148752 : { SELL 22237.68@0.8079342} 
Thu Nov 13 18:32:24 EST 2014 , 4 , 2 , 2 , 148755 : { BUY 2665.55@0.80470892} 148754 : { BUY 2665.55@0.80470892} 148753 : { SELL 22237.68@0.8079342} 148752 : { SELL 22237.68@0.8079342} 
Thu Nov 13 18:35:25 EST 2014 , 4 , 2 , 2 , 148755 : { BUY 2665.55@0.80470892} 148754 : { BUY 2665.55@0.80470892} 148753 : { SELL 22237.68@0.8079342} 148752 : { SELL 22237.68@0.8079342} 
Thu Nov 13 18:38:26 EST 2014 , 4 , 2 , 2 , 148755 : { BUY 2665.55@0.80470892} 148754 : { BUY 2665.55@0.80470892} 148753 : { SELL 22237.68@0.8079342} 148752 : { SELL 22237.68@0.8079342} 
Thu Nov 13 18:41:27 EST 2014 , 4 , 2 , 2 , 148755 : { BUY 2665.55@0.80470892} 148754 : { BUY 2665.55@0.80470892} 148753 : { SELL 22237.68@0.8079342} 148752 : { SELL 22237.68@0.8079342} 
Thu Nov 13 18:44:28 EST 2014 , 4 , 2 , 2 , 148755 : { BUY 2665.55@0.80470892} 148754 : { BUY 2665.55@0.80470892} 148753 : { SELL 22237.68@0.8079342} 148752 : { SELL 22237.68@0.8079342} 
Thu Nov 13 18:47:29 EST 2014 , 4 , 2 , 2 , 148755 : { BUY 2665.55@0.80470892} 148754 : { BUY 2665.55@0.80470892} 148753 : { SELL 22237.68@0.8079342} 148752 : { SELL 22237.68@0.8079342} 
Thu Nov 13 18:50:30 EST 2014 , 4 , 2 , 2 , 148755 : { BUY 2665.55@0.80470892} 148754 : { BUY 2665.55@0.80470892} 148753 : { SELL 22237.68@0.8079342} 148752 : { SELL 22237.68@0.8079342} 
Thu Nov 13 18:53:31 EST 2014 , 4 , 2 , 2 , 148755 : { BUY 2665.55@0.80470892} 148754 : { BUY 2665.55@0.80470892} 148753 : { SELL 22237.68@0.8079342} 148752 : { SELL 22237.68@0.8079342} 
Thu Nov 13 18:56:32 EST 2014 , 4 , 2 , 2 , 148755 : { BUY 2665.55@0.80470892} 148754 : { BUY 2665.55@0.80470892} 148753 : { SELL 22237.68@0.8079342} 148752 : { SELL 22237.68@0.8079342} 
Thu Nov 13 18:59:33 EST 2014 , 4 , 2 , 2 , 148755 : { BUY 2665.55@0.80470892} 148754 : { BUY 2665.55@0.80470892} 148753 : { SELL 22237.68@0.8079342} 148752 : { SELL 22237.68@0.8079342} 
Thu Nov 13 19:02:34 EST 2014 , 4 , 2 , 2 , 148755 : { BUY 2665.55@0.80470892} 148754 : { BUY 2665.55@0.80470892} 148753 : { SELL 22237.68@0.8079342} 148752 : { SELL 22237.68@0.8079342} 
Thu Nov 13 19:05:35 EST 2014 , 4 , 2 , 2 , 148755 : { BUY 2665.55@0.80470892} 148754 : { BUY 2665.55@0.80470892} 148753 : { SELL 22237.68@0.8079342} 148752 : { SELL 22237.68@0.8079342} 
Thu Nov 13 19:08:36 EST 2014 , 4 , 2 , 2 , 148755 : { BUY 2665.55@0.80470892} 148754 : { BUY 2665.55@0.80470892} 148753 : { SELL 22237.68@0.8079342} 148752 : { SELL 22237.68@0.8079342} 
Thu Nov 13 19:11:37 EST 2014 , 4 , 2 , 2 , 148755 : { BUY 2665.55@0.80470892} 148754 : { BUY 2665.55@0.80470892} 148753 : { SELL 22237.68@0.8079342} 148752 : { SELL 22237.68@0.8079342} 
Thu Nov 13 19:14:38 EST 2014 , 4 , 2 , 2 , 148755 : { BUY 2665.55@0.80470892} 148754 : { BUY 2665.55@0.80470892} 148753 : { SELL 22237.68@0.8079342} 148752 : { SELL 22237.68@0.8079342} 
Thu Nov 13 19:17:39 EST 2014 , 4 , 2 , 2 , 148755 : { BUY 2665.55@0.80470892} 148754 : { BUY 2665.55@0.80470892} 148753 : { SELL 22237.68@0.8079342} 148752 : { SELL 22237.68@0.8079342} 
Thu Nov 13 19:20:40 EST 2014 , 4 , 2 , 2 , 148755 : { BUY 2665.55@0.80470892} 148754 : { BUY 2665.55@0.80470892} 148753 : { SELL 22237.68@0.8079342} 148752 : { SELL 22237.68@0.8079342} 
Thu Nov 13 19:23:41 EST 2014 , 4 , 2 , 2 , 148755 : { BUY 2665.55@0.80470892} 148754 : { BUY 2665.55@0.80470892} 148753 : { SELL 22237.68@0.8079342} 148752 : { SELL 22237.68@0.8079342} 
Thu Nov 13 19:26:42 EST 2014 , 4 , 2 , 2 , 148755 : { BUY 2665.55@0.80470892} 148754 : { BUY 2665.55@0.80470892} 148753 : { SELL 22237.68@0.8079342} 148752 : { SELL 22237.68@0.8079342} 
Thu Nov 13 19:29:43 EST 2014 , 4 , 2 , 2 , 148755 : { BUY 2665.55@0.80470892} 148754 : { BUY 2665.55@0.80470892} 148753 : { SELL 22237.68@0.8079342} 148752 : { SELL 22237.68@0.8079342} 
Thu Nov 13 19:32:44 EST 2014 , 4 , 2 , 2 , 148755 : { BUY 2665.55@0.80470892} 148754 : { BUY 2665.55@0.80470892} 148753 : { SELL 22237.68@0.8079342} 148752 : { SELL 22237.68@0.8079342} 
Thu Nov 13 19:35:45 EST 2014 , 4 , 2 , 2 , 148755 : { BUY 2665.55@0.80470892} 148754 : { BUY 2665.55@0.80470892} 148753 : { SELL 22237.68@0.8079342} 148752 : { SELL 22237.68@0.8079342} 
Thu Nov 13 19:38:46 EST 2014 , 4 , 2 , 2 , 148755 : { BUY 2665.55@0.80470892} 148754 : { BUY 2665.55@0.80470892} 148753 : { SELL 22237.68@0.8079342} 148752 : { SELL 22237.68@0.8079342} 
Thu Nov 13 19:41:47 EST 2014 , 4 , 2 , 2 , 148755 : { BUY 2665.55@0.80470892} 148754 : { BUY 2665.55@0.80470892} 148753 : { SELL 22237.68@0.8079342} 148752 : { SELL 22237.68@0.8079342} 
Thu Nov 13 19:44:48 EST 2014 , 4 , 2 , 2 , 148755 : { BUY 2665.55@0.80470892} 148754 : { BUY 2665.55@0.80470892} 148753 : { SELL 22237.68@0.8079342} 148752 : { SELL 22237.68@0.8079342} 
Thu Nov 13 19:47:49 EST 2014 , 4 , 2 , 2 , 148755 : { BUY 2665.55@0.80470892} 148754 : { BUY 2665.55@0.80470892} 148753 : { SELL 22237.68@0.8079342} 148752 : { SELL 22237.68@0.8079342} 
Thu Nov 13 19:50:50 EST 2014 , 4 , 2 , 2 , 148755 : { BUY 2665.55@0.80470892} 148754 : { BUY 2665.55@0.80470892} 148753 : { SELL 22237.68@0.8079342} 148752 : { SELL 22237.68@0.8079342} 
Thu Nov 13 19:53:51 EST 2014 , 4 , 2 , 2 , 148755 : { BUY 2665.55@0.80470892} 148754 : { BUY 2665.55@0.80470892} 148753 : { SELL 22237.68@0.8079342} 148752 : { SELL 22237.68@0.8079342} 
Thu Nov 13 19:56:52 EST 2014 , 4 , 2 , 2 , 148755 : { BUY 2665.55@0.80470892} 148754 : { BUY 2665.55@0.80470892} 148753 : { SELL 22237.68@0.8079342} 148752 : { SELL 22237.68@0.8079342} 
Thu Nov 13 19:59:53 EST 2014 , 4 , 2 , 2 , 148755 : { BUY 2665.55@0.80470892} 148754 : { BUY 2665.55@0.80470892} 148753 : { SELL 22237.68@0.8079342} 148752 : { SELL 22237.68@0.8079342} 
Thu Nov 13 20:02:54 EST 2014 , 4 , 2 , 2 , 148755 : { BUY 2665.55@0.80470892} 148754 : { BUY 2665.55@0.80470892} 148753 : { SELL 22237.68@0.8079342} 148752 : { SELL 22237.68@0.8079342} 
Thu Nov 13 20:05:55 EST 2014 , 4 , 2 , 2 , 148755 : { BUY 2665.55@0.80470892} 148754 : { BUY 2665.55@0.80470892} 148753 : { SELL 22237.68@0.8079342} 148752 : { SELL 22237.68@0.8079342} 
Thu Nov 13 20:08:56 EST 2014 , 4 , 2 , 2 , 148755 : { BUY 2665.55@0.80470892} 148754 : { BUY 2665.55@0.80470892} 148753 : { SELL 22237.68@0.8079342} 148752 : { SELL 22237.68@0.8079342} 
Thu Nov 13 20:11:57 EST 2014 , 4 , 2 , 2 , 148755 : { BUY 2665.55@0.80470892} 148754 : { BUY 2665.55@0.80470892} 148753 : { SELL 22237.68@0.8079342} 148752 : { SELL 22237.68@0.8079342} 
Thu Nov 13 20:14:58 EST 2014 , 4 , 2 , 2 , 148755 : { BUY 2665.55@0.80470892} 148754 : { BUY 2665.55@0.80470892} 148753 : { SELL 22237.68@0.8079342} 148752 : { SELL 22237.68@0.8079342} 
Thu Nov 13 20:17:59 EST 2014 , 4 , 2 , 2 , 148755 : { BUY 2665.55@0.80470892} 148754 : { BUY 2665.55@0.80470892} 148753 : { SELL 22237.68@0.8079342} 148752 : { SELL 22237.68@0.8079342} 
Thu Nov 13 20:21:00 EST 2014 , 4 , 2 , 2 , 148755 : { BUY 2665.55@0.80470892} 148754 : { BUY 2665.55@0.80470892} 148753 : { SELL 22237.68@0.8079342} 148752 : { SELL 22237.68@0.8079342} 
Thu Nov 13 20:24:01 EST 2014 , 4 , 2 , 2 , 148755 : { BUY 2665.55@0.80470892} 148754 : { BUY 2665.55@0.80470892} 148753 : { SELL 22237.68@0.8079342} 148752 : { SELL 22237.68@0.8079342} 
Thu Nov 13 20:27:02 EST 2014 , 4 , 2 , 2 , 148755 : { BUY 2665.55@0.80470892} 148754 : { BUY 2665.55@0.80470892} 148753 : { SELL 22237.68@0.8079342} 148752 : { SELL 22237.68@0.8079342} 
Thu Nov 13 20:30:03 EST 2014 , 4 , 2 , 2 , 148755 : { BUY 2665.55@0.80470892} 148754 : { BUY 2665.55@0.80470892} 148753 : { SELL 22237.68@0.8079342} 148752 : { SELL 22237.68@0.8079342} 
Thu Nov 13 20:33:04 EST 2014 , 4 , 2 , 2 , 148755 : { BUY 2665.55@0.80470892} 148754 : { BUY 2665.55@0.80470892} 148753 : { SELL 22237.68@0.8079342} 148752 : { SELL 22237.68@0.8079342} 
Thu Nov 13 20:36:05 EST 2014 , 4 , 2 , 2 , 148755 : { BUY 2665.55@0.80470892} 148754 : { BUY 2665.55@0.80470892} 148753 : { SELL 22237.68@0.8079342} 148752 : { SELL 22237.68@0.8079342} 
Thu Nov 13 20:39:06 EST 2014 , 4 , 2 , 2 , 148755 : { BUY 2665.55@0.80470892} 148754 : { BUY 2665.55@0.80470892} 148753 : { SELL 22237.68@0.8079342} 148752 : { SELL 22237.68@0.8079342} 
Thu Nov 13 20:42:07 EST 2014 , 4 , 2 , 2 , 148755 : { BUY 2665.55@0.80470892} 148754 : { BUY 2665.55@0.80470892} 148753 : { SELL 22237.68@0.8079342} 148752 : { SELL 22237.68@0.8079342} 
Thu Nov 13 20:45:08 EST 2014 , 4 , 2 , 2 , 148755 : { BUY 2665.55@0.80470892} 148754 : { BUY 2665.55@0.80470892} 148753 : { SELL 22237.68@0.8079342} 148752 : { SELL 22237.68@0.8079342} 
Thu Nov 13 20:48:09 EST 2014 , 4 , 2 , 2 , 148755 : { BUY 2665.55@0.80470892} 148754 : { BUY 2665.55@0.80470892} 148753 : { SELL 22237.68@0.8079342} 148752 : { SELL 22237.68@0.8079342} 
Thu Nov 13 20:51:10 EST 2014 , 4 , 2 , 2 , 148755 : { BUY 2665.55@0.80470892} 148754 : { BUY 2665.55@0.80470892} 148753 : { SELL 22237.68@0.8079342} 148752 : { SELL 22237.68@0.8079342} 
Thu Nov 13 20:54:11 EST 2014 , 4 , 2 , 2 , 148755 : { BUY 2665.55@0.80470892} 148754 : { BUY 2665.55@0.80470892} 148753 : { SELL 22237.68@0.8079342} 148752 : { SELL 22237.68@0.8079342} 
Thu Nov 13 20:57:12 EST 2014 , 4 , 2 , 2 , 148755 : { BUY 2665.55@0.80470892} 148754 : { BUY 2665.55@0.80470892} 148753 : { SELL 22237.68@0.8079342} 148752 : { SELL 22237.68@0.8079342} 
Thu Nov 13 21:00:13 EST 2014 , 4 , 2 , 2 , 148755 : { BUY 2665.55@0.80470892} 148754 : { BUY 2665.55@0.80470892} 148753 : { SELL 22237.68@0.8079342} 148752 : { SELL 22237.68@0.8079342} 
Thu Nov 13 21:03:14 EST 2014 , 4 , 2 , 2 , 148755 : { BUY 2665.55@0.80470892} 148754 : { BUY 2665.55@0.80470892} 148753 : { SELL 22237.68@0.8079342} 148752 : { SELL 22237.68@0.8079342} 
Thu Nov 13 21:06:15 EST 2014 , 4 , 2 , 2 , 148755 : { BUY 2665.55@0.80470892} 148754 : { BUY 2665.55@0.80470892} 148753 : { SELL 22237.68@0.8079342} 148752 : { SELL 22237.68@0.8079342} 
Thu Nov 13 21:09:16 EST 2014 , 4 , 2 , 2 , 148755 : { BUY 2665.55@0.80470892} 148754 : { BUY 2665.55@0.80470892} 148753 : { SELL 22237.68@0.8079342} 148752 : { SELL 22237.68@0.8079342} 
Thu Nov 13 21:12:17 EST 2014 , 4 , 2 , 2 , 148755 : { BUY 2665.55@0.80470892} 148754 : { BUY 2665.55@0.80470892} 148753 : { SELL 22237.68@0.8079342} 148752 : { SELL 22237.68@0.8079342} 
Thu Nov 13 21:15:18 EST 2014 , 4 , 2 , 2 , 148755 : { BUY 2665.55@0.80470892} 148754 : { BUY 2665.55@0.80470892} 148753 : { SELL 22237.68@0.8079342} 148752 : { SELL 22237.68@0.8079342} 
Thu Nov 13 21:18:19 EST 2014 , 4 , 2 , 2 , 148755 : { BUY 2665.55@0.80470892} 148754 : { BUY 2665.55@0.80470892} 148753 : { SELL 22237.68@0.8079342} 148752 : { SELL 22237.68@0.8079342} 
Thu Nov 13 21:21:20 EST 2014 , 4 , 2 , 2 , 148755 : { BUY 2665.55@0.80470892} 148754 : { BUY 2665.55@0.80470892} 148753 : { SELL 22237.68@0.8079342} 148752 : { SELL 22237.68@0.8079342} 
Thu Nov 13 21:24:21 EST 2014 , 4 , 2 , 2 , 148755 : { BUY 2665.55@0.80470892} 148754 : { BUY 2665.55@0.80470892} 148753 : { SELL 22237.68@0.8079342} 148752 : { SELL 22237.68@0.8079342} 
Thu Nov 13 21:27:22 EST 2014 , 4 , 2 , 2 , 148755 : { BUY 2665.55@0.80470892} 148754 : { BUY 2665.55@0.80470892} 148753 : { SELL 22237.68@0.8079342} 148752 : { SELL 22237.68@0.8079342} 
Thu Nov 13 21:30:23 EST 2014 , 4 , 2 , 2 , 148755 : { BUY 2665.55@0.80470892} 148754 : { BUY 2665.55@0.80470892} 148753 : { SELL 22237.68@0.8079342} 148752 : { SELL 22237.68@0.8079342} 
Thu Nov 13 21:33:24 EST 2014 , 4 , 2 , 2 , 148755 : { BUY 2665.55@0.80470892} 148754 : { BUY 2665.55@0.80470892} 148753 : { SELL 22237.68@0.8079342} 148752 : { SELL 22237.68@0.8079342} 
Thu Nov 13 21:36:25 EST 2014 , 4 , 2 , 2 , 148755 : { BUY 2665.55@0.80470892} 148754 : { BUY 2665.55@0.80470892} 148753 : { SELL 22237.68@0.8079342} 148752 : { SELL 22237.68@0.8079342} 
Thu Nov 13 21:39:26 EST 2014 , 4 , 2 , 2 , 148755 : { BUY 2665.55@0.80470892} 148754 : { BUY 2665.55@0.80470892} 148753 : { SELL 22237.68@0.8079342} 148752 : { SELL 22237.68@0.8079342} 
Thu Nov 13 21:42:27 EST 2014 , 4 , 2 , 2 , 148755 : { BUY 2665.55@0.80470892} 148754 : { BUY 2665.55@0.80470892} 148753 : { SELL 22237.68@0.8079342} 148752 : { SELL 22237.68@0.8079342} 
Thu Nov 13 21:45:28 EST 2014 , 4 , 2 , 2 , 148755 : { BUY 2665.55@0.80470892} 148754 : { BUY 2665.55@0.80470892} 148753 : { SELL 22237.68@0.8079342} 148752 : { SELL 22237.68@0.8079342} 
Thu Nov 13 21:48:29 EST 2014 , 4 , 2 , 2 , 148755 : { BUY 2665.55@0.80470892} 148754 : { BUY 2665.55@0.80470892} 148753 : { SELL 22237.68@0.8079342} 148752 : { SELL 22237.68@0.8079342} 
Thu Nov 13 21:51:30 EST 2014 , 4 , 2 , 2 , 148755 : { BUY 2665.55@0.80470892} 148754 : { BUY 2665.55@0.80470892} 148753 : { SELL 22237.68@0.8079342} 148752 : { SELL 22237.68@0.8079342} 
Thu Nov 13 21:54:31 EST 2014 , 4 , 2 , 2 , 148755 : { BUY 2665.55@0.80470892} 148754 : { BUY 2665.55@0.80470892} 148753 : { SELL 22237.68@0.8079342} 148752 : { SELL 22237.68@0.8079342} 
Thu Nov 13 21:57:32 EST 2014 , 4 , 2 , 2 , 148755 : { BUY 2665.55@0.80470892} 148754 : { BUY 2665.55@0.80470892} 148753 : { SELL 22237.68@0.8079342} 148752 : { SELL 22237.68@0.8079342} 
Thu Nov 13 22:00:33 EST 2014 , 4 , 2 , 2 , 148755 : { BUY 2665.55@0.80470892} 148754 : { BUY 2665.55@0.80470892} 148753 : { SELL 22237.68@0.8079342} 148752 : { SELL 22237.68@0.8079342} 
Thu Nov 13 22:03:34 EST 2014 , 4 , 2 , 2 , 148755 : { BUY 2665.55@0.80470892} 148754 : { BUY 2665.55@0.80470892} 148753 : { SELL 22237.68@0.8079342} 148752 : { SELL 22237.68@0.8079342} 
Thu Nov 13 22:06:35 EST 2014 , 4 , 2 , 2 , 148755 : { BUY 2665.55@0.80470892} 148754 : { BUY 2665.55@0.80470892} 148753 : { SELL 22237.68@0.8079342} 148752 : { SELL 22237.68@0.8079342} 
Thu Nov 13 22:09:36 EST 2014 , 4 , 2 , 2 , 148755 : { BUY 2665.55@0.80470892} 148754 : { BUY 2665.55@0.80470892} 148753 : { SELL 22237.68@0.8079342} 148752 : { SELL 22237.68@0.8079342} 
Thu Nov 13 22:12:37 EST 2014 , 4 , 2 , 2 , 148755 : { BUY 2665.55@0.80470892} 148754 : { BUY 2665.55@0.80470892} 148753 : { SELL 22237.68@0.8079342} 148752 : { SELL 22237.68@0.8079342} 
Thu Nov 13 22:15:38 EST 2014 , 4 , 2 , 2 , 148755 : { BUY 2665.55@0.80470892} 148754 : { BUY 2665.55@0.80470892} 148753 : { SELL 22237.68@0.8079342} 148752 : { SELL 22237.68@0.8079342} 
Thu Nov 13 22:18:39 EST 2014 , 4 , 2 , 2 , 148755 : { BUY 2665.55@0.80470892} 148754 : { BUY 2665.55@0.80470892} 148753 : { SELL 22237.68@0.8079342} 148752 : { SELL 22237.68@0.8079342} 
Thu Nov 13 22:21:40 EST 2014 , 4 , 2 , 2 , 148755 : { BUY 2665.55@0.80470892} 148754 : { BUY 2665.55@0.80470892} 148753 : { SELL 22237.68@0.8079342} 148752 : { SELL 22237.68@0.8079342} 
Thu Nov 13 22:24:41 EST 2014 , 4 , 2 , 2 , 148755 : { BUY 2665.55@0.80470892} 148754 : { BUY 2665.55@0.80470892} 148753 : { SELL 22237.68@0.8079342} 148752 : { SELL 22237.68@0.8079342} 
Thu Nov 13 22:27:42 EST 2014 , 4 , 2 , 2 , 148755 : { BUY 2665.55@0.80470892} 148754 : { BUY 2665.55@0.80470892} 148753 : { SELL 22237.68@0.8079342} 148752 : { SELL 22237.68@0.8079342} 
Thu Nov 13 22:30:43 EST 2014 , 4 , 2 , 2 , 148755 : { BUY 2665.55@0.80470892} 148754 : { BUY 2665.55@0.80470892} 148753 : { SELL 22237.68@0.8079342} 148752 : { SELL 22237.68@0.8079342} 
Thu Nov 13 22:33:44 EST 2014 , 4 , 2 , 2 , 148755 : { BUY 2665.55@0.80470892} 148754 : { BUY 2665.55@0.80470892} 148753 : { SELL 22237.68@0.8079342} 148752 : { SELL 22237.68@0.8079342} 
Thu Nov 13 22:36:45 EST 2014 , 4 , 2 , 2 , 148755 : { BUY 2665.55@0.80470892} 148754 : { BUY 2665.55@0.80470892} 148753 : { SELL 22237.68@0.8079342} 148752 : { SELL 22237.68@0.8079342} 
Thu Nov 13 22:39:46 EST 2014 , 4 , 2 , 2 , 148755 : { BUY 2665.55@0.80470892} 148754 : { BUY 2665.55@0.80470892} 148753 : { SELL 22237.68@0.8079342} 148752 : { SELL 22237.68@0.8079342} 
Thu Nov 13 22:42:47 EST 2014 , 4 , 2 , 2 , 148755 : { BUY 2665.55@0.80470892} 148754 : { BUY 2665.55@0.80470892} 148753 : { SELL 22237.68@0.8079342} 148752 : { SELL 22237.68@0.8079342} 
Thu Nov 13 22:45:48 EST 2014 , 4 , 2 , 2 , 148755 : { BUY 2665.55@0.80470892} 148754 : { BUY 2665.55@0.80470892} 148753 : { SELL 22237.68@0.8079342} 148752 : { SELL 22237.68@0.8079342} 
Thu Nov 13 22:48:49 EST 2014 , 4 , 2 , 2 , 148755 : { BUY 2665.55@0.80470892} 148754 : { BUY 2665.55@0.80470892} 148753 : { SELL 22237.68@0.8079342} 148752 : { SELL 22237.68@0.8079342} 
Thu Nov 13 22:51:50 EST 2014 , 4 , 2 , 2 , 148755 : { BUY 2665.55@0.80470892} 148754 : { BUY 2665.55@0.80470892} 148753 : { SELL 22237.68@0.8079342} 148752 : { SELL 22237.68@0.8079342} 
Thu Nov 13 22:54:51 EST 2014 , 4 , 2 , 2 , 148755 : { BUY 2665.55@0.80470892} 148754 : { BUY 2665.55@0.80470892} 148753 : { SELL 22237.68@0.8079342} 148752 : { SELL 22237.68@0.8079342} 
Thu Nov 13 22:57:52 EST 2014 , 4 , 2 , 2 , 148755 : { BUY 2665.55@0.80470892} 148754 : { BUY 2665.55@0.80470892} 148753 : { SELL 22237.68@0.8079342} 148752 : { SELL 22237.68@0.8079342} 
Thu Nov 13 23:00:53 EST 2014 , 4 , 2 , 2 , 148755 : { BUY 2665.55@0.80470892} 148754 : { BUY 2665.55@0.80470892} 148753 : { SELL 22237.68@0.8079342} 148752 : { SELL 22237.68@0.8079342} 
Thu Nov 13 23:03:54 EST 2014 , 4 , 2 , 2 , 148755 : { BUY 2665.55@0.80470892} 148754 : { BUY 2665.55@0.80470892} 148753 : { SELL 22237.68@0.8079342} 148752 : { SELL 22237.68@0.8079342} 
Thu Nov 13 23:06:55 EST 2014 , 4 , 2 , 2 , 148755 : { BUY 2665.55@0.80470892} 148754 : { BUY 2665.55@0.80470892} 148753 : { SELL 22237.68@0.8079342} 148752 : { SELL 22237.68@0.8079342} 
Thu Nov 13 23:09:56 EST 2014 , 4 , 2 , 2 , 148755 : { BUY 2665.55@0.80470892} 148754 : { BUY 2665.55@0.80470892} 148753 : { SELL 22237.68@0.8079342} 148752 : { SELL 22237.68@0.8079342} 
Thu Nov 13 23:12:57 EST 2014 , 4 , 2 , 2 , 148755 : { BUY 2665.55@0.80470892} 148754 : { BUY 2665.55@0.80470892} 148753 : { SELL 22237.68@0.8079342} 148752 : { SELL 22237.68@0.8079342} 
Thu Nov 13 23:15:58 EST 2014 , 4 , 2 , 2 , 148755 : { BUY 2665.55@0.80470892} 148754 : { BUY 2665.55@0.80470892} 148753 : { SELL 22237.68@0.8079342} 148752 : { SELL 22237.68@0.8079342} 
Thu Nov 13 23:18:59 EST 2014 , 4 , 2 , 2 , 148755 : { BUY 2665.55@0.80470892} 148754 : { BUY 2665.55@0.80470892} 148753 : { SELL 22237.68@0.8079342} 148752 : { SELL 22237.68@0.8079342} 
Thu Nov 13 23:22:00 EST 2014 , 4 , 2 , 2 , 148755 : { BUY 2665.55@0.80470892} 148754 : { BUY 2665.55@0.80470892} 148753 : { SELL 22237.68@0.8079342} 148752 : { SELL 22237.68@0.8079342} 
Thu Nov 13 23:25:01 EST 2014 , 4 , 2 , 2 , 148755 : { BUY 2665.55@0.80470892} 148754 : { BUY 2665.55@0.80470892} 148753 : { SELL 22237.68@0.8079342} 148752 : { SELL 22237.68@0.8079342} 
Thu Nov 13 23:28:02 EST 2014 , 4 , 2 , 2 , 148755 : { BUY 2665.55@0.80470892} 148754 : { BUY 2665.55@0.80470892} 148753 : { SELL 22237.68@0.8079342} 148752 : { SELL 22237.68@0.8079342} 
Thu Nov 13 23:31:03 EST 2014 , 4 , 2 , 2 , 148755 : { BUY 2665.55@0.80470892} 148754 : { BUY 2665.55@0.80470892} 148753 : { SELL 22237.68@0.8079342} 148752 : { SELL 22237.68@0.8079342} 
Thu Nov 13 23:34:04 EST 2014 , 4 , 2 , 2 , 148755 : { BUY 2665.55@0.80470892} 148754 : { BUY 2665.55@0.80470892} 148753 : { SELL 22237.68@0.8079342} 148752 : { SELL 22237.68@0.8079342} 
Thu Nov 13 23:37:05 EST 2014 , 4 , 2 , 2 , 148755 : { BUY 2665.55@0.80470892} 148754 : { BUY 2665.55@0.80470892} 148753 : { SELL 22237.68@0.8079342} 148752 : { SELL 22237.68@0.8079342} 
Thu Nov 13 23:40:06 EST 2014 , 4 , 2 , 2 , 148755 : { BUY 2665.55@0.80470892} 148754 : { BUY 2665.55@0.80470892} 148753 : { SELL 22237.68@0.8079342} 148752 : { SELL 22237.68@0.8079342} 
Thu Nov 13 23:43:07 EST 2014 , 4 , 2 , 2 , 148755 : { BUY 2665.55@0.80470892} 148754 : { BUY 2665.55@0.80470892} 148753 : { SELL 22237.68@0.8079342} 148752 : { SELL 22237.68@0.8079342} 
Thu Nov 13 23:46:08 EST 2014 , 4 , 2 , 2 , 148755 : { BUY 2665.55@0.80470892} 148754 : { BUY 2665.55@0.80470892} 148753 : { SELL 22237.68@0.8079342} 148752 : { SELL 22237.68@0.8079342} 
Thu Nov 13 23:49:09 EST 2014 , 4 , 2 , 2 , 148755 : { BUY 2665.55@0.80470892} 148754 : { BUY 2665.55@0.80470892} 148753 : { SELL 22237.68@0.8079342} 148752 : { SELL 22237.68@0.8079342} 
Thu Nov 13 23:52:10 EST 2014 , 4 , 2 , 2 , 148755 : { BUY 2665.55@0.80470892} 148754 : { BUY 2665.55@0.80470892} 148753 : { SELL 22237.68@0.8079342} 148752 : { SELL 22237.68@0.8079342} 
Thu Nov 13 23:55:11 EST 2014 , 4 , 2 , 2 , 148755 : { BUY 2665.55@0.80470892} 148754 : { BUY 2665.55@0.80470892} 148753 : { SELL 22237.68@0.8079342} 148752 : { SELL 22237.68@0.8079342} 
Thu Nov 13 23:58:12 EST 2014 , 4 , 2 , 2 , 148755 : { BUY 2665.55@0.80470892} 148754 : { BUY 2665.55@0.80470892} 148753 : { SELL 22237.68@0.8079342} 148752 : { SELL 22237.68@0.8079342} 
Fri Nov 14 00:01:13 EST 2014 , 4 , 2 , 2 , 148755 : { BUY 2665.55@0.80470892} 148754 : { BUY 2665.55@0.80470892} 148753 : { SELL 22237.68@0.8079342} 148752 : { SELL 22237.68@0.8079342} 
Fri Nov 14 00:04:14 EST 2014 , 4 , 2 , 2 , 148755 : { BUY 2665.55@0.80470892} 148754 : { BUY 2665.55@0.80470892} 148753 : { SELL 22237.68@0.8079342} 148752 : { SELL 22237.68@0.8079342} 
Fri Nov 14 00:07:15 EST 2014 , 4 , 2 , 2 , 148755 : { BUY 2665.55@0.80470892} 148754 : { BUY 2665.55@0.80470892} 148753 : { SELL 22237.68@0.8079342} 148752 : { SELL 22237.68@0.8079342} 
Fri Nov 14 00:10:16 EST 2014 , 4 , 2 , 2 , 148755 : { BUY 2665.55@0.80470892} 148754 : { BUY 2665.55@0.80470892} 148753 : { SELL 22237.68@0.8079342} 148752 : { SELL 22237.68@0.8079342} 
Fri Nov 14 00:13:17 EST 2014 , 4 , 2 , 2 , 148755 : { BUY 2665.55@0.80470892} 148754 : { BUY 2665.55@0.80470892} 148753 : { SELL 22237.68@0.8079342} 148752 : { SELL 22237.68@0.8079342} 
Fri Nov 14 00:16:18 EST 2014 , 4 , 2 , 2 , 148755 : { BUY 2665.55@0.80470892} 148754 : { BUY 2665.55@0.80470892} 148753 : { SELL 22237.68@0.8079342} 148752 : { SELL 22237.68@0.8079342} 
Fri Nov 14 00:19:19 EST 2014 , 4 , 2 , 2 , 148755 : { BUY 2665.55@0.80470892} 148754 : { BUY 2665.55@0.80470892} 148753 : { SELL 22237.68@0.8079342} 148752 : { SELL 22237.68@0.8079342} 
Fri Nov 14 00:22:20 EST 2014 , 4 , 2 , 2 , 148755 : { BUY 2665.55@0.80470892} 148754 : { BUY 2665.55@0.80470892} 148753 : { SELL 22237.68@0.8079342} 148752 : { SELL 22237.68@0.8079342} 
Fri Nov 14 00:25:21 EST 2014 , 4 , 2 , 2 , 148755 : { BUY 2665.55@0.80470892} 148754 : { BUY 2665.55@0.80470892} 148753 : { SELL 22237.68@0.8079342} 148752 : { SELL 22237.68@0.8079342} 
Fri Nov 14 00:28:22 EST 2014 , 4 , 2 , 2 , 148755 : { BUY 2665.55@0.80470892} 148754 : { BUY 2665.55@0.80470892} 148753 : { SELL 22237.68@0.8079342} 148752 : { SELL 22237.68@0.8079342} 
Fri Nov 14 00:31:23 EST 2014 , 4 , 2 , 2 , 148755 : { BUY 2665.55@0.80470892} 148754 : { BUY 2665.55@0.80470892} 148753 : { SELL 22237.68@0.8079342} 148752 : { SELL 22237.68@0.8079342} 
Fri Nov 14 00:34:24 EST 2014 , 4 , 2 , 2 , 148755 : { BUY 2665.55@0.80470892} 148754 : { BUY 2665.55@0.80470892} 148753 : { SELL 22237.68@0.8079342} 148752 : { SELL 22237.68@0.8079342} 
Fri Nov 14 00:37:25 EST 2014 , 4 , 2 , 2 , 148755 : { BUY 2665.55@0.80470892} 148754 : { BUY 2665.55@0.80470892} 148753 : { SELL 22237.68@0.8079342} 148752 : { SELL 22237.68@0.8079342} 
Fri Nov 14 00:40:26 EST 2014 , 4 , 2 , 2 , 148755 : { BUY 2665.55@0.80470892} 148754 : { BUY 2665.55@0.80470892} 148753 : { SELL 22237.68@0.8079342} 148752 : { SELL 22237.68@0.8079342} 
Fri Nov 14 00:43:27 EST 2014 , 4 , 2 , 2 , 148755 : { BUY 2665.55@0.80470892} 148754 : { BUY 2665.55@0.80470892} 148753 : { SELL 22237.68@0.8079342} 148752 : { SELL 22237.68@0.8079342} 
Fri Nov 14 00:46:28 EST 2014 , 4 , 2 , 2 , 148755 : { BUY 2665.55@0.80470892} 148754 : { BUY 2665.55@0.80470892} 148753 : { SELL 22237.68@0.8079342} 148752 : { SELL 22237.68@0.8079342} 
Fri Nov 14 00:49:29 EST 2014 , 4 , 2 , 2 , 148755 : { BUY 2665.55@0.80470892} 148754 : { BUY 2665.55@0.80470892} 148753 : { SELL 22237.68@0.8079342} 148752 : { SELL 22237.68@0.8079342} 
Fri Nov 14 00:52:30 EST 2014 , 4 , 2 , 2 , 148755 : { BUY 2665.55@0.80470892} 148754 : { BUY 2665.55@0.80470892} 148753 : { SELL 22237.68@0.8079342} 148752 : { SELL 22237.68@0.8079342} 
Fri Nov 14 00:55:31 EST 2014 , 4 , 2 , 2 , 148755 : { BUY 2665.55@0.80470892} 148754 : { BUY 2665.55@0.80470892} 148753 : { SELL 22237.68@0.8079342} 148752 : { SELL 22237.68@0.8079342} 
Fri Nov 14 00:58:32 EST 2014 , 4 , 2 , 2 , 148755 : { BUY 2665.55@0.80470892} 148754 : { BUY 2665.55@0.80470892} 148753 : { SELL 22237.68@0.8079342} 148752 : { SELL 22237.68@0.8079342} 
Fri Nov 14 01:01:33 EST 2014 , 4 , 2 , 2 , 148755 : { BUY 2665.55@0.80470892} 148754 : { BUY 2665.55@0.80470892} 148753 : { SELL 22237.68@0.8079342} 148752 : { SELL 22237.68@0.8079342} 
Fri Nov 14 01:04:34 EST 2014 , 4 , 2 , 2 , 148755 : { BUY 2665.55@0.80470892} 148754 : { BUY 2665.55@0.80470892} 148753 : { SELL 22237.68@0.8079342} 148752 : { SELL 22237.68@0.8079342} 
Fri Nov 14 01:07:35 EST 2014 , 4 , 2 , 2 , 148755 : { BUY 2665.55@0.80470892} 148754 : { BUY 2665.55@0.80470892} 148753 : { SELL 22237.68@0.8079342} 148752 : { SELL 22237.68@0.8079342} 
Fri Nov 14 01:10:36 EST 2014 , 4 , 2 , 2 , 148755 : { BUY 2665.55@0.80470892} 148754 : { BUY 2665.55@0.80470892} 148753 : { SELL 22237.68@0.8079342} 148752 : { SELL 22237.68@0.8079342} 
Fri Nov 14 01:13:37 EST 2014 , 4 , 2 , 2 , 148755 : { BUY 2665.55@0.80470892} 148754 : { BUY 2665.55@0.80470892} 148753 : { SELL 22237.68@0.8079342} 148752 : { SELL 22237.68@0.8079342} 
Fri Nov 14 01:16:38 EST 2014 , 4 , 2 , 2 , 148755 : { BUY 2665.55@0.80470892} 148754 : { BUY 2665.55@0.80470892} 148753 : { SELL 22237.68@0.8079342} 148752 : { SELL 22237.68@0.8079342} 
Fri Nov 14 01:19:39 EST 2014 , 4 , 2 , 2 , 148755 : { BUY 2665.55@0.80470892} 148754 : { BUY 2665.55@0.80470892} 148753 : { SELL 22237.68@0.8079342} 148752 : { SELL 22237.68@0.8079342} 
Fri Nov 14 01:22:40 EST 2014 , 4 , 2 , 2 , 148755 : { BUY 2665.55@0.80470892} 148754 : { BUY 2665.55@0.80470892} 148753 : { SELL 22237.68@0.8079342} 148752 : { SELL 22237.68@0.8079342} 
Fri Nov 14 01:25:41 EST 2014 , 4 , 2 , 2 , 148755 : { BUY 2665.55@0.80470892} 148754 : { BUY 2665.55@0.80470892} 148753 : { SELL 22237.68@0.8079342} 148752 : { SELL 22237.68@0.8079342} 
Fri Nov 14 01:28:42 EST 2014 , 4 , 2 , 2 , 148755 : { BUY 2665.55@0.80470892} 148754 : { BUY 2665.55@0.80470892} 148753 : { SELL 22237.68@0.8079342} 148752 : { SELL 22237.68@0.8079342} 
Fri Nov 14 01:31:43 EST 2014 , 4 , 2 , 2 , 148755 : { BUY 2665.55@0.80470892} 148754 : { BUY 2665.55@0.80470892} 148753 : { SELL 22237.68@0.8079342} 148752 : { SELL 22237.68@0.8079342} 
Fri Nov 14 01:34:44 EST 2014 , 4 , 2 , 2 , 148755 : { BUY 2665.55@0.80470892} 148754 : { BUY 2665.55@0.80470892} 148753 : { SELL 22237.68@0.8079342} 148752 : { SELL 22237.68@0.8079342} 
Fri Nov 14 01:37:45 EST 2014 , 4 , 2 , 2 , 148755 : { BUY 2665.55@0.80470892} 148754 : { BUY 2665.55@0.80470892} 148753 : { SELL 22237.68@0.8079342} 148752 : { SELL 22237.68@0.8079342} 
Fri Nov 14 01:40:46 EST 2014 , 4 , 2 , 2 , 148755 : { BUY 2665.55@0.80470892} 148754 : { BUY 2665.55@0.80470892} 148753 : { SELL 22237.68@0.8079342} 148752 : { SELL 22237.68@0.8079342} 
Fri Nov 14 01:43:47 EST 2014 , 4 , 2 , 2 , 148755 : { BUY 2665.55@0.80470892} 148754 : { BUY 2665.55@0.80470892} 148753 : { SELL 22237.68@0.8079342} 148752 : { SELL 22237.68@0.8079342} 
Fri Nov 14 01:46:48 EST 2014 , 4 , 2 , 2 , 148755 : { BUY 2665.55@0.80470892} 148754 : { BUY 2665.55@0.80470892} 148753 : { SELL 22237.68@0.8079342} 148752 : { SELL 22237.68@0.8079342} 
Fri Nov 14 01:49:49 EST 2014 , 4 , 2 , 2 , 148755 : { BUY 2665.55@0.80470892} 148754 : { BUY 2665.55@0.80470892} 148753 : { SELL 22237.68@0.8079342} 148752 : { SELL 22237.68@0.8079342} 
Fri Nov 14 01:52:50 EST 2014 , 4 , 2 , 2 , 148755 : { BUY 2665.55@0.80470892} 148754 : { BUY 2665.55@0.80470892} 148753 : { SELL 22237.68@0.8079342} 148752 : { SELL 22237.68@0.8079342} 
Fri Nov 14 01:55:51 EST 2014 , 4 , 2 , 2 , 148755 : { BUY 2665.55@0.80470892} 148754 : { BUY 2665.55@0.80470892} 148753 : { SELL 22237.68@0.8079342} 148752 : { SELL 22237.68@0.8079342} 
Fri Nov 14 01:58:52 EST 2014 , 4 , 2 , 2 , 148755 : { BUY 2665.55@0.80470892} 148754 : { BUY 2665.55@0.80470892} 148753 : { SELL 22237.68@0.8079342} 148752 : { SELL 22237.68@0.8079342} 
Fri Nov 14 02:01:53 EST 2014 , 4 , 2 , 2 , 148755 : { BUY 2665.55@0.80470892} 148754 : { BUY 2665.55@0.80470892} 148753 : { SELL 22237.68@0.8079342} 148752 : { SELL 22237.68@0.8079342} 
Fri Nov 14 02:04:54 EST 2014 , 4 , 2 , 2 , 148755 : { BUY 2665.55@0.80470892} 148754 : { BUY 2665.55@0.80470892} 148753 : { SELL 22237.68@0.8079342} 148752 : { SELL 22237.68@0.8079342} 
Fri Nov 14 02:07:55 EST 2014 , 4 , 2 , 2 , 148755 : { BUY 2665.55@0.80470892} 148754 : { BUY 2665.55@0.80470892} 148753 : { SELL 22237.68@0.8079342} 148752 : { SELL 22237.68@0.8079342} 
Fri Nov 14 02:10:56 EST 2014 , 4 , 2 , 2 , 148755 : { BUY 2665.55@0.80470892} 148754 : { BUY 2665.55@0.80470892} 148753 : { SELL 22237.68@0.8079342} 148752 : { SELL 22237.68@0.8079342} 
Fri Nov 14 02:13:57 EST 2014 , 4 , 2 , 2 , 148755 : { BUY 2665.55@0.80470892} 148754 : { BUY 2665.55@0.80470892} 148753 : { SELL 22237.68@0.8079342} 148752 : { SELL 22237.68@0.8079342} 
Fri Nov 14 02:16:58 EST 2014 , 4 , 2 , 2 , 148755 : { BUY 2665.55@0.80470892} 148754 : { BUY 2665.55@0.80470892} 148753 : { SELL 22237.68@0.8079342} 148752 : { SELL 22237.68@0.8079342} 
Fri Nov 14 02:19:59 EST 2014 , 4 , 2 , 2 , 148755 : { BUY 2665.55@0.80470892} 148754 : { BUY 2665.55@0.80470892} 148753 : { SELL 22237.68@0.8079342} 148752 : { SELL 22237.68@0.8079342} 
Fri Nov 14 02:23:00 EST 2014 , 4 , 2 , 2 , 148755 : { BUY 2665.55@0.80470892} 148754 : { BUY 2665.55@0.80470892} 148753 : { SELL 22237.68@0.8079342} 148752 : { SELL 22237.68@0.8079342} 
Fri Nov 14 02:26:01 EST 2014 , 4 , 2 , 2 , 148755 : { BUY 2665.55@0.80470892} 148754 : { BUY 2665.55@0.80470892} 148753 : { SELL 22237.68@0.8079342} 148752 : { SELL 22237.68@0.8079342} 
Fri Nov 14 02:29:02 EST 2014 , 4 , 2 , 2 , 148755 : { BUY 2665.55@0.80470892} 148754 : { BUY 2665.55@0.80470892} 148753 : { SELL 22237.68@0.8079342} 148752 : { SELL 21977.76@0.8079342} 
Fri Nov 14 02:32:03 EST 2014 , 4 , 2 , 2 , 150498 : { BUY 2795.77@0.80470892} 150497 : { BUY 2795.77@0.80470892} 150496 : { SELL 22107.72@0.8079342} 150495 : { SELL 22107.72@0.8079342} 
Fri Nov 14 02:35:04 EST 2014 , 4 , 2 , 2 , 150498 : { BUY 2795.77@0.80470892} 150497 : { BUY 2795.77@0.80470892} 150496 : { SELL 22107.72@0.8079342} 150495 : { SELL 22107.72@0.8079342} 
Fri Nov 14 02:38:05 EST 2014 , 4 , 2 , 2 , 150498 : { BUY 2795.77@0.80470892} 150497 : { BUY 2795.77@0.80470892} 150496 : { SELL 22107.72@0.8079342} 150495 : { SELL 22107.72@0.8079342} 
Fri Nov 14 02:41:06 EST 2014 , 4 , 2 , 2 , 150498 : { BUY 2795.77@0.80470892} 150497 : { BUY 2795.77@0.80470892} 150496 : { SELL 22107.72@0.8079342} 150495 : { SELL 22107.72@0.8079342} 
Fri Nov 14 02:44:07 EST 2014 , 4 , 2 , 2 , 150498 : { BUY 2795.77@0.80470892} 150497 : { BUY 2795.77@0.80470892} 150496 : { SELL 22107.72@0.8079342} 150495 : { SELL 22107.72@0.8079342} 
Fri Nov 14 02:47:08 EST 2014 , 4 , 2 , 2 , 150498 : { BUY 2795.77@0.80470892} 150497 : { BUY 2795.77@0.80470892} 150496 : { SELL 22107.72@0.8079342} 150495 : { SELL 22107.72@0.8079342} 
Fri Nov 14 02:50:09 EST 2014 , 4 , 2 , 2 , 150498 : { BUY 2795.77@0.80470892} 150497 : { BUY 2795.77@0.80470892} 150496 : { SELL 22107.72@0.8079342} 150495 : { SELL 22107.72@0.8079342} 
Fri Nov 14 02:53:10 EST 2014 , 4 , 2 , 2 , 150498 : { BUY 2795.77@0.80470892} 150497 : { BUY 2795.77@0.80470892} 150496 : { SELL 22107.72@0.8079342} 150495 : { SELL 22107.72@0.8079342} 
Fri Nov 14 02:56:11 EST 2014 , 4 , 2 , 2 , 150498 : { BUY 2795.77@0.80470892} 150497 : { BUY 2795.77@0.80470892} 150496 : { SELL 22107.72@0.8079342} 150495 : { SELL 22107.72@0.8079342} 
Fri Nov 14 02:59:12 EST 2014 , 4 , 2 , 2 , 150498 : { BUY 2795.77@0.80470892} 150497 : { BUY 2795.77@0.80470892} 150496 : { SELL 22107.72@0.8079342} 150495 : { SELL 22107.72@0.8079342} 
Fri Nov 14 03:02:13 EST 2014 , 4 , 2 , 2 , 150498 : { BUY 2795.77@0.80470892} 150497 : { BUY 2795.77@0.80470892} 150496 : { SELL 22107.72@0.8079342} 150495 : { SELL 22107.72@0.8079342} 
Fri Nov 14 03:05:14 EST 2014 , 4 , 2 , 2 , 150498 : { BUY 2795.77@0.80470892} 150497 : { BUY 2795.77@0.80470892} 150496 : { SELL 22107.72@0.8079342} 150495 : { SELL 22107.72@0.8079342} 
Fri Nov 14 03:08:15 EST 2014 , 4 , 2 , 2 , 150498 : { BUY 2795.77@0.80470892} 150497 : { BUY 2795.77@0.80470892} 150496 : { SELL 22107.72@0.8079342} 150495 : { SELL 22107.72@0.8079342} 
Fri Nov 14 03:11:16 EST 2014 , 4 , 2 , 2 , 150498 : { BUY 2795.77@0.80470892} 150497 : { BUY 2795.77@0.80470892} 150496 : { SELL 22107.72@0.8079342} 150495 : { SELL 22107.72@0.8079342} 
Fri Nov 14 03:14:17 EST 2014 , 4 , 2 , 2 , 150498 : { BUY 2795.77@0.80470892} 150497 : { BUY 2795.77@0.80470892} 150496 : { SELL 22107.72@0.8079342} 150495 : { SELL 22107.72@0.8079342} 
Fri Nov 14 03:17:18 EST 2014 , 4 , 2 , 2 , 150498 : { BUY 2795.77@0.80470892} 150497 : { BUY 2795.77@0.80470892} 150496 : { SELL 22107.72@0.8079342} 150495 : { SELL 22107.72@0.8079342} 
Fri Nov 14 03:20:19 EST 2014 , 4 , 2 , 2 , 150498 : { BUY 2795.77@0.80470892} 150497 : { BUY 2795.77@0.80470892} 150496 : { SELL 22107.72@0.8079342} 150495 : { SELL 22107.72@0.8079342} 
Fri Nov 14 03:23:20 EST 2014 , 4 , 2 , 2 , 150498 : { BUY 2795.77@0.80470892} 150497 : { BUY 2795.77@0.80470892} 150496 : { SELL 22107.72@0.8079342} 150495 : { SELL 22107.72@0.8079342} 
Fri Nov 14 03:26:21 EST 2014 , 4 , 2 , 2 , 150498 : { BUY 2795.77@0.80470892} 150497 : { BUY 2795.77@0.80470892} 150496 : { SELL 22107.72@0.8079342} 150495 : { SELL 22107.72@0.8079342} 
Fri Nov 14 03:29:22 EST 2014 , 4 , 2 , 2 , 150498 : { BUY 2795.77@0.80470892} 150497 : { BUY 2795.77@0.80470892} 150496 : { SELL 22107.72@0.8079342} 150495 : { SELL 22107.72@0.8079342} 
Fri Nov 14 03:32:23 EST 2014 , 4 , 2 , 2 , 150498 : { BUY 2795.77@0.80470892} 150497 : { BUY 2795.77@0.80470892} 150496 : { SELL 22107.72@0.8079342} 150495 : { SELL 22107.72@0.8079342} 
Fri Nov 14 03:35:24 EST 2014 , 4 , 2 , 2 , 150498 : { BUY 2795.77@0.80470892} 150497 : { BUY 2795.77@0.80470892} 150496 : { SELL 22107.72@0.8079342} 150495 : { SELL 22107.72@0.8079342} 
Fri Nov 14 03:38:25 EST 2014 , 4 , 2 , 2 , 150498 : { BUY 2795.77@0.80470892} 150497 : { BUY 2795.77@0.80470892} 150496 : { SELL 22107.72@0.8079342} 150495 : { SELL 22107.72@0.8079342} 
Fri Nov 14 03:41:26 EST 2014 , 4 , 2 , 2 , 150498 : { BUY 2795.77@0.80470892} 150497 : { BUY 2795.77@0.80470892} 150496 : { SELL 22107.72@0.8079342} 150495 : { SELL 22107.72@0.8079342} 
Fri Nov 14 03:44:27 EST 2014 , 4 , 2 , 2 , 150498 : { BUY 2795.77@0.80470892} 150497 : { BUY 2795.77@0.80470892} 150496 : { SELL 22107.72@0.8079342} 150495 : { SELL 22107.72@0.8079342} 
Fri Nov 14 03:47:28 EST 2014 , 4 , 2 , 2 , 150498 : { BUY 2795.77@0.80470892} 150497 : { BUY 2795.77@0.80470892} 150496 : { SELL 22107.72@0.8079342} 150495 : { SELL 22107.72@0.8079342} 
Fri Nov 14 03:50:29 EST 2014 , 4 , 2 , 2 , 150498 : { BUY 2795.77@0.80470892} 150497 : { BUY 2795.77@0.80470892} 150496 : { SELL 22107.72@0.8079342} 150495 : { SELL 22107.72@0.8079342} 
Fri Nov 14 03:53:30 EST 2014 , 4 , 2 , 2 , 150498 : { BUY 2795.77@0.80470892} 150497 : { BUY 2795.77@0.80470892} 150496 : { SELL 22107.72@0.8079342} 150495 : { SELL 22107.72@0.8079342} 
Fri Nov 14 03:56:31 EST 2014 , 4 , 2 , 2 , 150498 : { BUY 2795.77@0.80470892} 150497 : { BUY 2795.77@0.80470892} 150496 : { SELL 22107.72@0.8079342} 150495 : { SELL 22107.72@0.8079342} 
Fri Nov 14 03:59:32 EST 2014 , 4 , 2 , 2 , 150498 : { BUY 2795.77@0.80470892} 150497 : { BUY 2795.77@0.80470892} 150496 : { SELL 22107.72@0.8079342} 150495 : { SELL 22107.72@0.8079342} 
Fri Nov 14 04:02:33 EST 2014 , 4 , 2 , 2 , 150498 : { BUY 2795.77@0.80470892} 150497 : { BUY 2795.77@0.80470892} 150496 : { SELL 22107.72@0.8079342} 150495 : { SELL 22107.72@0.8079342} 
Fri Nov 14 04:05:34 EST 2014 , 4 , 2 , 2 , 150498 : { BUY 2795.77@0.80470892} 150497 : { BUY 2795.77@0.80470892} 150496 : { SELL 22107.72@0.8079342} 150495 : { SELL 22107.72@0.8079342} 
Fri Nov 14 04:08:35 EST 2014 , 4 , 2 , 2 , 150498 : { BUY 2795.77@0.80470892} 150497 : { BUY 2795.77@0.80470892} 150496 : { SELL 22107.72@0.8079342} 150495 : { SELL 22107.72@0.8079342} 
Fri Nov 14 04:11:36 EST 2014 , 4 , 2 , 2 , 150498 : { BUY 2795.77@0.80470892} 150497 : { BUY 2795.77@0.80470892} 150496 : { SELL 22107.72@0.8079342} 150495 : { SELL 22107.72@0.8079342} 
Fri Nov 14 04:14:37 EST 2014 , 4 , 2 , 2 , 150498 : { BUY 2795.77@0.80470892} 150497 : { BUY 2795.77@0.80470892} 150496 : { SELL 22107.72@0.8079342} 150495 : { SELL 22107.72@0.8079342} 
Fri Nov 14 04:17:38 EST 2014 , 4 , 2 , 2 , 150498 : { BUY 2795.77@0.80470892} 150497 : { BUY 2795.77@0.80470892} 150496 : { SELL 22107.72@0.8079342} 150495 : { SELL 22107.72@0.8079342} 
Fri Nov 14 04:20:39 EST 2014 , 4 , 2 , 2 , 150498 : { BUY 2795.77@0.80470892} 150497 : { BUY 2795.77@0.80470892} 150496 : { SELL 22107.72@0.8079342} 150495 : { SELL 22107.72@0.8079342} 
Fri Nov 14 04:23:40 EST 2014 , 4 , 2 , 2 , 150498 : { BUY 2795.77@0.80470892} 150497 : { BUY 2795.77@0.80470892} 150496 : { SELL 22107.72@0.8079342} 150495 : { SELL 22107.72@0.8079342} 
Fri Nov 14 04:26:41 EST 2014 , 4 , 2 , 2 , 150498 : { BUY 2795.77@0.80470892} 150497 : { BUY 2795.77@0.80470892} 150496 : { SELL 22107.72@0.8079342} 150495 : { SELL 22107.72@0.8079342} 
Fri Nov 14 04:29:42 EST 2014 , 4 , 2 , 2 , 150498 : { BUY 2795.77@0.80470892} 150497 : { BUY 2795.77@0.80470892} 150496 : { SELL 22107.72@0.8079342} 150495 : { SELL 22107.72@0.8079342} 
Fri Nov 14 04:32:43 EST 2014 , 4 , 2 , 2 , 150498 : { BUY 2795.77@0.80470892} 150497 : { BUY 2795.77@0.80470892} 150496 : { SELL 22107.72@0.8079342} 150495 : { SELL 22107.72@0.8079342} 
Fri Nov 14 04:35:44 EST 2014 , 4 , 2 , 2 , 150498 : { BUY 2795.77@0.80470892} 150497 : { BUY 2795.77@0.80470892} 150496 : { SELL 22107.72@0.8079342} 150495 : { SELL 22107.72@0.8079342} 
Fri Nov 14 04:38:45 EST 2014 , 4 , 2 , 2 , 150498 : { BUY 2795.77@0.80470892} 150497 : { BUY 2795.77@0.80470892} 150496 : { SELL 22107.72@0.8079342} 150495 : { SELL 22107.72@0.8079342} 
Fri Nov 14 04:41:46 EST 2014 , 4 , 2 , 2 , 150498 : { BUY 2795.77@0.80470892} 150497 : { BUY 2795.77@0.80470892} 150496 : { SELL 22107.72@0.8079342} 150495 : { SELL 22107.72@0.8079342} 
Fri Nov 14 04:44:47 EST 2014 , 4 , 2 , 2 , 150498 : { BUY 2795.77@0.80470892} 150497 : { BUY 2795.77@0.80470892} 150496 : { SELL 22107.72@0.8079342} 150495 : { SELL 22107.72@0.8079342} 
Fri Nov 14 04:47:48 EST 2014 , 4 , 2 , 2 , 150498 : { BUY 2795.77@0.80470892} 150497 : { BUY 2795.77@0.80470892} 150496 : { SELL 22107.72@0.8079342} 150495 : { SELL 22107.72@0.8079342} 
Fri Nov 14 04:50:49 EST 2014 , 4 , 2 , 2 , 150498 : { BUY 2795.77@0.80470892} 150497 : { BUY 2795.77@0.80470892} 150496 : { SELL 22107.72@0.8079342} 150495 : { SELL 22107.72@0.8079342} 
Fri Nov 14 04:53:50 EST 2014 , 4 , 2 , 2 , 150498 : { BUY 2795.77@0.80470892} 150497 : { BUY 2795.77@0.80470892} 150496 : { SELL 22107.72@0.8079342} 150495 : { SELL 22107.72@0.8079342} 
Fri Nov 14 04:56:51 EST 2014 , 4 , 2 , 2 , 150498 : { BUY 2795.77@0.80470892} 150497 : { BUY 2795.77@0.80470892} 150496 : { SELL 22107.72@0.8079342} 150495 : { SELL 22107.72@0.8079342} 
Fri Nov 14 04:59:52 EST 2014 , 4 , 2 , 2 , 150498 : { BUY 2795.77@0.80470892} 150497 : { BUY 2795.77@0.80470892} 150496 : { SELL 22107.72@0.8079342} 150495 : { SELL 22107.72@0.8079342} 
Fri Nov 14 05:02:53 EST 2014 , 4 , 2 , 2 , 150498 : { BUY 2795.77@0.80470892} 150497 : { BUY 2795.77@0.80470892} 150496 : { SELL 22107.72@0.8079342} 150495 : { SELL 22107.72@0.8079342} 
Fri Nov 14 05:05:54 EST 2014 , 4 , 2 , 2 , 150498 : { BUY 2795.77@0.80470892} 150497 : { BUY 2795.77@0.80470892} 150496 : { SELL 22107.72@0.8079342} 150495 : { SELL 22107.72@0.8079342} 
Fri Nov 14 05:08:55 EST 2014 , 4 , 2 , 2 , 150498 : { BUY 2795.77@0.80470892} 150497 : { BUY 2795.77@0.80470892} 150496 : { SELL 22107.72@0.8079342} 150495 : { SELL 22107.72@0.8079342} 
Fri Nov 14 05:11:56 EST 2014 , 4 , 2 , 2 , 150498 : { BUY 2795.77@0.80470892} 150497 : { BUY 2795.77@0.80470892} 150496 : { SELL 22107.72@0.8079342} 150495 : { SELL 22107.72@0.8079342} 
Fri Nov 14 05:14:57 EST 2014 , 4 , 2 , 2 , 150498 : { BUY 2795.77@0.80470892} 150497 : { BUY 2795.77@0.80470892} 150496 : { SELL 22107.72@0.8079342} 150495 : { SELL 22107.72@0.8079342} 
Fri Nov 14 05:17:58 EST 2014 , 4 , 2 , 2 , 150498 : { BUY 2795.77@0.80470892} 150497 : { BUY 2795.77@0.80470892} 150496 : { SELL 22107.72@0.8079342} 150495 : { SELL 22107.72@0.8079342} 
Fri Nov 14 05:20:59 EST 2014 , 4 , 2 , 2 , 150498 : { BUY 2795.77@0.80470892} 150497 : { BUY 2795.77@0.80470892} 150496 : { SELL 22107.72@0.8079342} 150495 : { SELL 22107.72@0.8079342} 
Fri Nov 14 05:24:00 EST 2014 , 4 , 2 , 2 , 150498 : { BUY 2795.77@0.80470892} 150497 : { BUY 2795.77@0.80470892} 150496 : { SELL 22107.72@0.8079342} 150495 : { SELL 22107.72@0.8079342} 
Fri Nov 14 05:27:01 EST 2014 , 4 , 2 , 2 , 150498 : { BUY 2795.77@0.80470892} 150497 : { BUY 2795.77@0.80470892} 150496 : { SELL 22107.72@0.8079342} 150495 : { SELL 22107.72@0.8079342} 
Fri Nov 14 05:30:02 EST 2014 , 4 , 2 , 2 , 150498 : { BUY 2795.77@0.80470892} 150497 : { BUY 2795.77@0.80470892} 150496 : { SELL 22107.72@0.8079342} 150495 : { SELL 22107.72@0.8079342} 
Fri Nov 14 05:33:03 EST 2014 , 4 , 2 , 2 , 150498 : { BUY 2795.77@0.80470892} 150497 : { BUY 2795.77@0.80470892} 150496 : { SELL 22107.72@0.8079342} 150495 : { SELL 22107.72@0.8079342} 
Fri Nov 14 05:36:04 EST 2014 , 4 , 2 , 2 , 150498 : { BUY 2795.77@0.80470892} 150497 : { BUY 2795.77@0.80470892} 150496 : { SELL 22107.72@0.8079342} 150495 : { SELL 22107.72@0.8079342} 
Fri Nov 14 05:39:05 EST 2014 , 4 , 2 , 2 , 150498 : { BUY 2795.77@0.80470892} 150497 : { BUY 2795.77@0.80470892} 150496 : { SELL 22107.72@0.8079342} 150495 : { SELL 22107.72@0.8079342} 
Fri Nov 14 05:42:06 EST 2014 , 4 , 2 , 2 , 150498 : { BUY 2795.77@0.80470892} 150497 : { BUY 2795.77@0.80470892} 150496 : { SELL 22107.72@0.8079342} 150495 : { SELL 22107.72@0.8079342} 
Fri Nov 14 05:45:07 EST 2014 , 4 , 2 , 2 , 150498 : { BUY 2795.77@0.80470892} 150497 : { BUY 2795.77@0.80470892} 150496 : { SELL 22107.72@0.8079342} 150495 : { SELL 22107.72@0.8079342} 
Fri Nov 14 05:48:08 EST 2014 , 4 , 2 , 2 , 150498 : { BUY 2795.77@0.80470892} 150497 : { BUY 2795.77@0.80470892} 150496 : { SELL 22107.72@0.8079342} 150495 : { SELL 22107.72@0.8079342} 
Fri Nov 14 05:51:09 EST 2014 , 4 , 2 , 2 , 150498 : { BUY 2795.77@0.80470892} 150497 : { BUY 2795.77@0.80470892} 150496 : { SELL 22107.72@0.8079342} 150495 : { SELL 22107.72@0.8079342} 
Fri Nov 14 05:54:10 EST 2014 , 4 , 2 , 2 , 150498 : { BUY 2795.77@0.80470892} 150497 : { BUY 2795.77@0.80470892} 150496 : { SELL 22107.72@0.8079342} 150495 : { SELL 22107.72@0.8079342} 
Fri Nov 14 05:57:11 EST 2014 , 4 , 2 , 2 , 150498 : { BUY 2795.77@0.80470892} 150497 : { BUY 2795.77@0.80470892} 150496 : { SELL 22107.72@0.8079342} 150495 : { SELL 22107.72@0.8079342} 
Fri Nov 14 06:00:12 EST 2014 , 4 , 2 , 2 , 150498 : { BUY 2795.77@0.80470892} 150497 : { BUY 2795.77@0.80470892} 150496 : { SELL 22107.72@0.8079342} 150495 : { SELL 22107.72@0.8079342} 
Fri Nov 14 06:03:13 EST 2014 , 4 , 2 , 2 , 150498 : { BUY 2795.77@0.80470892} 150497 : { BUY 2795.77@0.80470892} 150496 : { SELL 22107.72@0.8079342} 150495 : { SELL 22107.72@0.8079342} 
Fri Nov 14 06:06:14 EST 2014 , 4 , 2 , 2 , 150498 : { BUY 2795.77@0.80470892} 150497 : { BUY 2795.77@0.80470892} 150496 : { SELL 22107.72@0.8079342} 150495 : { SELL 22107.72@0.8079342} 
Fri Nov 14 06:09:15 EST 2014 , 4 , 2 , 2 , 150498 : { BUY 2795.77@0.80470892} 150497 : { BUY 2795.77@0.80470892} 150496 : { SELL 22107.72@0.8079342} 150495 : { SELL 22107.72@0.8079342} 
Fri Nov 14 06:12:16 EST 2014 , 4 , 2 , 2 , 150498 : { BUY 2795.77@0.80470892} 150497 : { BUY 2795.77@0.80470892} 150496 : { SELL 22107.72@0.8079342} 150495 : { SELL 22107.72@0.8079342} 
Fri Nov 14 06:15:17 EST 2014 , 4 , 2 , 2 , 150498 : { BUY 2795.77@0.80470892} 150497 : { BUY 2795.77@0.80470892} 150496 : { SELL 22107.72@0.8079342} 150495 : { SELL 22107.72@0.8079342} 
Fri Nov 14 06:18:18 EST 2014 , 4 , 2 , 2 , 150498 : { BUY 2795.77@0.80470892} 150497 : { BUY 2795.77@0.80470892} 150496 : { SELL 22107.72@0.8079342} 150495 : { SELL 22107.72@0.8079342} 
Fri Nov 14 06:21:19 EST 2014 , 4 , 2 , 2 , 150498 : { BUY 2795.77@0.80470892} 150497 : { BUY 2795.77@0.80470892} 150496 : { SELL 22107.72@0.8079342} 150495 : { SELL 22107.72@0.8079342} 
Fri Nov 14 06:24:20 EST 2014 , 4 , 2 , 2 , 150498 : { BUY 2795.77@0.80470892} 150497 : { BUY 2795.77@0.80470892} 150496 : { SELL 22107.72@0.8079342} 150495 : { SELL 22107.72@0.8079342} 
Fri Nov 14 06:27:21 EST 2014 , 4 , 2 , 2 , 150498 : { BUY 2795.77@0.80470892} 150497 : { BUY 2795.77@0.80470892} 150496 : { SELL 22107.72@0.8079342} 150495 : { SELL 22107.72@0.8079342} 
Fri Nov 14 06:30:22 EST 2014 , 4 , 2 , 2 , 150498 : { BUY 2795.77@0.80470892} 150497 : { BUY 2795.77@0.80470892} 150496 : { SELL 22107.72@0.8079342} 150495 : { SELL 22107.72@0.8079342} 
Fri Nov 14 06:33:23 EST 2014 , 4 , 2 , 2 , 150498 : { BUY 2795.77@0.80470892} 150497 : { BUY 2795.77@0.80470892} 150496 : { SELL 22107.72@0.8079342} 150495 : { SELL 22107.72@0.8079342} 
Fri Nov 14 06:36:24 EST 2014 , 4 , 2 , 2 , 150498 : { BUY 2795.77@0.80470892} 150497 : { BUY 2795.77@0.80470892} 150496 : { SELL 22107.72@0.8079342} 150495 : { SELL 22107.72@0.8079342} 
Fri Nov 14 06:39:25 EST 2014 , 4 , 2 , 2 , 150498 : { BUY 2795.77@0.80470892} 150497 : { BUY 2795.77@0.80470892} 150496 : { SELL 22107.72@0.8079342} 150495 : { SELL 22107.72@0.8079342} 
Fri Nov 14 06:42:26 EST 2014 , 4 , 2 , 2 , 150498 : { BUY 2795.77@0.80470892} 150497 : { BUY 2795.77@0.80470892} 150496 : { SELL 22107.72@0.8079342} 150495 : { SELL 22107.72@0.8079342} 
Fri Nov 14 06:45:27 EST 2014 , 4 , 2 , 2 , 150498 : { BUY 2795.77@0.80470892} 150497 : { BUY 2795.77@0.80470892} 150496 : { SELL 22107.72@0.8079342} 150495 : { SELL 22107.72@0.8079342} 
Fri Nov 14 06:48:28 EST 2014 , 4 , 2 , 2 , 150498 : { BUY 2795.77@0.80470892} 150497 : { BUY 2795.77@0.80470892} 150496 : { SELL 22107.72@0.8079342} 150495 : { SELL 22107.72@0.8079342} 
Fri Nov 14 06:51:29 EST 2014 , 4 , 2 , 2 , 150498 : { BUY 2795.77@0.80470892} 150497 : { BUY 2795.77@0.80470892} 150496 : { SELL 22107.72@0.8079342} 150495 : { SELL 22107.72@0.8079342} 
Fri Nov 14 06:54:30 EST 2014 , 4 , 2 , 2 , 150498 : { BUY 2795.77@0.80470892} 150497 : { BUY 2795.77@0.80470892} 150496 : { SELL 22107.72@0.8079342} 150495 : { SELL 22107.72@0.8079342} 
Fri Nov 14 06:57:31 EST 2014 , 4 , 2 , 2 , 150498 : { BUY 2795.77@0.80470892} 150497 : { BUY 2795.77@0.80470892} 150496 : { SELL 22107.72@0.8079342} 150495 : { SELL 22107.72@0.8079342} 
Fri Nov 14 07:00:32 EST 2014 , 4 , 2 , 2 , 150498 : { BUY 2795.77@0.80470892} 150497 : { BUY 2795.77@0.80470892} 150496 : { SELL 22107.72@0.8079342} 150495 : { SELL 22107.72@0.8079342} 
Fri Nov 14 07:03:33 EST 2014 , 4 , 2 , 2 , 150498 : { BUY 2795.77@0.80470892} 150497 : { BUY 2795.77@0.80470892} 150496 : { SELL 22107.72@0.8079342} 150495 : { SELL 22107.72@0.8079342} 
Fri Nov 14 07:06:34 EST 2014 , 4 , 2 , 2 , 150498 : { BUY 2795.77@0.80470892} 150497 : { BUY 2795.77@0.80470892} 150496 : { SELL 22107.72@0.8079342} 150495 : { SELL 22107.72@0.8079342} 
Fri Nov 14 07:09:35 EST 2014 , 4 , 2 , 2 , 150498 : { BUY 2795.77@0.80470892} 150497 : { BUY 2795.77@0.80470892} 150496 : { SELL 22107.72@0.8079342} 150495 : { SELL 22107.72@0.8079342} 
Fri Nov 14 07:12:36 EST 2014 , 4 , 2 , 2 , 150498 : { BUY 2795.77@0.80470892} 150497 : { BUY 2795.77@0.80470892} 150496 : { SELL 22107.72@0.8079342} 150495 : { SELL 22107.72@0.8079342} 
Fri Nov 14 07:15:37 EST 2014 , 4 , 2 , 2 , 150498 : { BUY 2795.77@0.80470892} 150497 : { BUY 2795.77@0.80470892} 150496 : { SELL 22107.72@0.8079342} 150495 : { SELL 22107.72@0.8079342} 
Fri Nov 14 07:18:38 EST 2014 , 4 , 2 , 2 , 150498 : { BUY 2795.77@0.80470892} 150497 : { BUY 2795.77@0.80470892} 150496 : { SELL 22107.72@0.8079342} 150495 : { SELL 22107.72@0.8079342} 
Fri Nov 14 07:21:39 EST 2014 , 4 , 2 , 2 , 150498 : { BUY 2795.77@0.80470892} 150497 : { BUY 2795.77@0.80470892} 150496 : { SELL 22107.72@0.8079342} 150495 : { SELL 22107.72@0.8079342} 
Fri Nov 14 07:24:40 EST 2014 , 4 , 2 , 2 , 150498 : { BUY 2795.77@0.80470892} 150497 : { BUY 2795.77@0.80470892} 150496 : { SELL 22107.72@0.8079342} 150495 : { SELL 22107.72@0.8079342} 
Fri Nov 14 07:27:41 EST 2014 , 4 , 2 , 2 , 150498 : { BUY 2795.77@0.80470892} 150497 : { BUY 2795.77@0.80470892} 150496 : { SELL 22107.72@0.8079342} 150495 : { SELL 22107.72@0.8079342} 
Fri Nov 14 07:30:42 EST 2014 , 4 , 2 , 2 , 150498 : { BUY 2795.77@0.80470892} 150497 : { BUY 2795.77@0.80470892} 150496 : { SELL 22107.72@0.8079342} 150495 : { SELL 22107.72@0.8079342} 
Fri Nov 14 07:33:43 EST 2014 , 4 , 2 , 2 , 150498 : { BUY 2795.77@0.80470892} 150497 : { BUY 2795.77@0.80470892} 150496 : { SELL 22107.72@0.8079342} 150495 : { SELL 22107.72@0.8079342} 
Fri Nov 14 07:36:44 EST 2014 , 4 , 2 , 2 , 150498 : { BUY 2795.77@0.80470892} 150497 : { BUY 2795.77@0.80470892} 150496 : { SELL 22107.72@0.8079342} 150495 : { SELL 22107.72@0.8079342} 
Fri Nov 14 07:39:45 EST 2014 , 4 , 2 , 2 , 150498 : { BUY 2795.77@0.80470892} 150497 : { BUY 2795.77@0.80470892} 150496 : { SELL 22107.72@0.8079342} 150495 : { SELL 22107.72@0.8079342} 
Fri Nov 14 07:42:46 EST 2014 , 4 , 2 , 2 , 150498 : { BUY 2795.77@0.80470892} 150497 : { BUY 2795.77@0.80470892} 150496 : { SELL 22107.72@0.8079342} 150495 : { SELL 22107.72@0.8079342} 
Fri Nov 14 07:45:47 EST 2014 , 4 , 2 , 2 , 150498 : { BUY 2795.77@0.80470892} 150497 : { BUY 2795.77@0.80470892} 150496 : { SELL 22107.72@0.8079342} 150495 : { SELL 22107.72@0.8079342} 
Fri Nov 14 07:48:48 EST 2014 , 4 , 2 , 2 , 150498 : { BUY 2795.77@0.80470892} 150497 : { BUY 2795.77@0.80470892} 150496 : { SELL 22107.72@0.8079342} 150495 : { SELL 22107.72@0.8079342} 
Fri Nov 14 07:51:49 EST 2014 , 4 , 2 , 2 , 150498 : { BUY 2795.77@0.80470892} 150497 : { BUY 2795.77@0.80470892} 150496 : { SELL 22107.72@0.8079342} 150495 : { SELL 22107.72@0.8079342} 
Fri Nov 14 07:54:50 EST 2014 , 4 , 2 , 2 , 150498 : { BUY 2795.77@0.80470892} 150497 : { BUY 2795.77@0.80470892} 150496 : { SELL 22107.72@0.8079342} 150495 : { SELL 22107.72@0.8079342} 
Fri Nov 14 07:57:51 EST 2014 , 4 , 2 , 2 , 150498 : { BUY 2795.77@0.80470892} 150497 : { BUY 2795.77@0.80470892} 150496 : { SELL 22107.72@0.8079342} 150495 : { SELL 22107.72@0.8079342} 
Fri Nov 14 08:00:52 EST 2014 , 4 , 2 , 2 , 150498 : { BUY 2795.77@0.80470892} 150497 : { BUY 2795.77@0.80470892} 150496 : { SELL 22107.72@0.8079342} 150495 : { SELL 22107.72@0.8079342} 
Fri Nov 14 08:03:53 EST 2014 , 4 , 2 , 2 , 150498 : { BUY 2795.77@0.80470892} 150497 : { BUY 2795.77@0.80470892} 150496 : { SELL 22107.72@0.8079342} 150495 : { SELL 22107.72@0.8079342} 
Fri Nov 14 08:06:54 EST 2014 , 4 , 2 , 2 , 150498 : { BUY 2795.77@0.80470892} 150497 : { BUY 2795.77@0.80470892} 150496 : { SELL 22107.72@0.8079342} 150495 : { SELL 22107.72@0.8079342} 
Fri Nov 14 08:09:55 EST 2014 , 4 , 2 , 2 , 150498 : { BUY 2795.77@0.80470892} 150497 : { BUY 2795.77@0.80470892} 150496 : { SELL 22107.72@0.8079342} 150495 : { SELL 22107.72@0.8079342} 
Fri Nov 14 08:12:56 EST 2014 , 4 , 2 , 2 , 150498 : { BUY 2795.77@0.80470892} 150497 : { BUY 2795.77@0.80470892} 150496 : { SELL 22107.72@0.8079342} 150495 : { SELL 22107.72@0.8079342} 
Fri Nov 14 08:15:57 EST 2014 , 4 , 2 , 2 , 150498 : { BUY 2795.77@0.80470892} 150497 : { BUY 2795.77@0.80470892} 150496 : { SELL 22107.72@0.8079342} 150495 : { SELL 22107.72@0.8079342} 
Fri Nov 14 08:18:58 EST 2014 , 4 , 2 , 2 , 150498 : { BUY 2795.77@0.80470892} 150497 : { BUY 2795.77@0.80470892} 150496 : { SELL 22107.72@0.8079342} 150495 : { SELL 22107.72@0.8079342} 
Fri Nov 14 08:21:59 EST 2014 , 4 , 2 , 2 , 150498 : { BUY 2795.77@0.80470892} 150497 : { BUY 2795.77@0.80470892} 150496 : { SELL 22107.72@0.8079342} 150495 : { SELL 22107.72@0.8079342} 
Fri Nov 14 08:25:00 EST 2014 , 4 , 2 , 2 , 150498 : { BUY 2795.77@0.80470892} 150497 : { BUY 2795.77@0.80470892} 150496 : { SELL 22107.72@0.8079342} 150495 : { SELL 22107.72@0.8079342} 
Fri Nov 14 08:28:01 EST 2014 , 4 , 2 , 2 , 150498 : { BUY 2795.77@0.80470892} 150497 : { BUY 2795.77@0.80470892} 150496 : { SELL 22107.72@0.8079342} 150495 : { SELL 22107.72@0.8079342} 
Fri Nov 14 08:31:02 EST 2014 , 4 , 2 , 2 , 150498 : { BUY 2795.77@0.80470892} 150497 : { BUY 2795.77@0.80470892} 150496 : { SELL 22107.72@0.8079342} 150495 : { SELL 22107.72@0.8079342} 
Fri Nov 14 08:34:03 EST 2014 , 4 , 2 , 2 , 150498 : { BUY 2795.77@0.80470892} 150497 : { BUY 2795.77@0.80470892} 150496 : { SELL 22107.72@0.8079342} 150495 : { SELL 22107.72@0.8079342} 
Fri Nov 14 08:37:04 EST 2014 , 4 , 2 , 2 , 150498 : { BUY 2795.77@0.80470892} 150497 : { BUY 2795.77@0.80470892} 150496 : { SELL 22107.72@0.8079342} 150495 : { SELL 22107.72@0.8079342} 
Fri Nov 14 08:40:05 EST 2014 , 4 , 2 , 2 , 150498 : { BUY 2795.77@0.80470892} 150497 : { BUY 2795.77@0.80470892} 150496 : { SELL 22107.72@0.8079342} 150495 : { SELL 22107.72@0.8079342} 
Fri Nov 14 08:43:06 EST 2014 , 4 , 2 , 2 , 150498 : { BUY 2795.77@0.80470892} 150497 : { BUY 2795.77@0.80470892} 150496 : { SELL 22107.72@0.8079342} 150495 : { SELL 22107.72@0.8079342} 
Fri Nov 14 08:46:07 EST 2014 , 4 , 2 , 2 , 150498 : { BUY 2795.77@0.80470892} 150497 : { BUY 2795.77@0.80470892} 150496 : { SELL 22107.72@0.8079342} 150495 : { SELL 22107.72@0.8079342} 
Fri Nov 14 08:49:08 EST 2014 , 4 , 2 , 2 , 150498 : { BUY 2795.77@0.80470892} 150497 : { BUY 2795.77@0.80470892} 150496 : { SELL 22107.72@0.8079342} 150495 : { SELL 22107.72@0.8079342} 
Fri Nov 14 08:52:09 EST 2014 , 4 , 2 , 2 , 150498 : { BUY 2795.77@0.80470892} 150497 : { BUY 2795.77@0.80470892} 150496 : { SELL 22107.72@0.8079342} 150495 : { SELL 22107.72@0.8079342} 
Fri Nov 14 08:55:10 EST 2014 , 4 , 2 , 2 , 150498 : { BUY 2795.77@0.80470892} 150497 : { BUY 2795.77@0.80470892} 150496 : { SELL 22107.72@0.8079342} 150495 : { SELL 22107.72@0.8079342} 
Fri Nov 14 08:58:11 EST 2014 , 4 , 2 , 2 , 150498 : { BUY 2795.77@0.80470892} 150497 : { BUY 2795.77@0.80470892} 150496 : { SELL 22107.72@0.8079342} 150495 : { SELL 22107.72@0.8079342} 
Fri Nov 14 09:01:12 EST 2014 , 4 , 2 , 2 , 150498 : { BUY 2795.77@0.80470892} 150497 : { BUY 2795.77@0.80470892} 150496 : { SELL 22107.72@0.8079342} 150495 : { SELL 22107.72@0.8079342} 
Fri Nov 14 09:04:13 EST 2014 , 4 , 2 , 2 , 150498 : { BUY 2795.77@0.80470892} 150497 : { BUY 2795.77@0.80470892} 150496 : { SELL 22107.72@0.8079342} 150495 : { SELL 22107.72@0.8079342} 
Fri Nov 14 09:07:14 EST 2014 , 4 , 2 , 2 , 150498 : { BUY 2795.77@0.80470892} 150497 : { BUY 2795.77@0.80470892} 150496 : { SELL 22107.72@0.8079342} 150495 : { SELL 22107.72@0.8079342} 
Fri Nov 14 09:10:15 EST 2014 , 4 , 2 , 2 , 150498 : { BUY 2795.77@0.80470892} 150497 : { BUY 2795.77@0.80470892} 150496 : { SELL 22107.72@0.8079342} 150495 : { SELL 22107.72@0.8079342} 
Fri Nov 14 09:13:16 EST 2014 , 4 , 2 , 2 , 150498 : { BUY 2795.77@0.80470892} 150497 : { BUY 2795.77@0.80470892} 150496 : { SELL 22107.72@0.8079342} 150495 : { SELL 22107.72@0.8079342} 
Fri Nov 14 09:16:17 EST 2014 , 4 , 2 , 2 , 150498 : { BUY 2795.77@0.80470892} 150497 : { BUY 2795.77@0.80470892} 150496 : { SELL 22107.72@0.8079342} 150495 : { SELL 22107.72@0.8079342} 
Fri Nov 14 09:19:18 EST 2014 , 4 , 2 , 2 , 150498 : { BUY 2795.77@0.80470892} 150497 : { BUY 2795.77@0.80470892} 150496 : { SELL 22107.72@0.8079342} 150495 : { SELL 22107.72@0.8079342} 
Fri Nov 14 09:22:19 EST 2014 , 4 , 2 , 2 , 150498 : { BUY 2795.77@0.80470892} 150497 : { BUY 2795.77@0.80470892} 150496 : { SELL 22107.72@0.8079342} 150495 : { SELL 22107.72@0.8079342} 
Fri Nov 14 09:25:20 EST 2014 , 4 , 2 , 2 , 150498 : { BUY 2795.77@0.80470892} 150497 : { BUY 2795.77@0.80470892} 150496 : { SELL 22107.72@0.8079342} 150495 : { SELL 22107.72@0.8079342} 
Fri Nov 14 09:28:21 EST 2014 , 4 , 2 , 2 , 150498 : { BUY 2795.77@0.80470892} 150497 : { BUY 2795.77@0.80470892} 150496 : { SELL 22107.72@0.8079342} 150495 : { SELL 22107.72@0.8079342} 
Fri Nov 14 09:31:22 EST 2014 , 4 , 2 , 2 , 150498 : { BUY 2795.77@0.80470892} 150497 : { BUY 2795.77@0.80470892} 150496 : { SELL 22107.72@0.8079342} 150495 : { SELL 22107.72@0.8079342} 
Fri Nov 14 09:34:23 EST 2014 , 4 , 2 , 2 , 150498 : { BUY 2795.77@0.80470892} 150497 : { BUY 2795.77@0.80470892} 150496 : { SELL 22107.72@0.8079342} 150495 : { SELL 22107.72@0.8079342} 
Fri Nov 14 09:37:24 EST 2014 , 4 , 2 , 2 , 150498 : { BUY 2795.77@0.80470892} 150497 : { BUY 2795.77@0.80470892} 150496 : { SELL 22107.72@0.8079342} 150495 : { SELL 22107.72@0.8079342} 
Fri Nov 14 09:40:25 EST 2014 , 4 , 2 , 2 , 150498 : { BUY 2795.77@0.80470892} 150497 : { BUY 2795.77@0.80470892} 150496 : { SELL 22107.72@0.8079342} 150495 : { SELL 22107.72@0.8079342} 
Fri Nov 14 09:43:26 EST 2014 , 4 , 2 , 2 , 150498 : { BUY 2795.77@0.80470892} 150497 : { BUY 2795.77@0.80470892} 150496 : { SELL 22107.72@0.8079342} 150495 : { SELL 22107.72@0.8079342} 
Fri Nov 14 09:46:27 EST 2014 , 4 , 2 , 2 , 150498 : { BUY 2795.77@0.80470892} 150497 : { BUY 2795.77@0.80470892} 150496 : { SELL 22107.72@0.8079342} 150495 : { SELL 22107.72@0.8079342} 
Fri Nov 14 09:49:28 EST 2014 , 4 , 2 , 2 , 150498 : { BUY 2795.77@0.80470892} 150497 : { BUY 2795.77@0.80470892} 150496 : { SELL 22107.72@0.8079342} 150495 : { SELL 22107.72@0.8079342} 
Fri Nov 14 09:52:29 EST 2014 , 4 , 2 , 2 , 150498 : { BUY 2795.77@0.80470892} 150497 : { BUY 2795.77@0.80470892} 150496 : { SELL 22107.72@0.8079342} 150495 : { SELL 22107.72@0.8079342} 
Fri Nov 14 09:55:30 EST 2014 , 4 , 2 , 2 , 150498 : { BUY 2795.77@0.80470892} 150497 : { BUY 2795.77@0.80470892} 150496 : { SELL 22107.72@0.8079342} 150495 : { SELL 22107.72@0.8079342} 
Fri Nov 14 09:58:31 EST 2014 , 4 , 2 , 2 , 150498 : { BUY 2795.77@0.80470892} 150497 : { BUY 2795.77@0.80470892} 150496 : { SELL 22107.72@0.8079342} 150495 : { SELL 22107.72@0.8079342} 
Fri Nov 14 10:01:32 EST 2014 , 4 , 2 , 2 , 150498 : { BUY 2795.77@0.80470892} 150497 : { BUY 2795.77@0.80470892} 150496 : { SELL 22107.72@0.8079342} 150495 : { SELL 22107.72@0.8079342} 
Fri Nov 14 10:04:33 EST 2014 , 4 , 2 , 2 , 150498 : { BUY 2795.77@0.80470892} 150497 : { BUY 2795.77@0.80470892} 150496 : { SELL 22107.72@0.8079342} 150495 : { SELL 22107.72@0.8079342} 
Fri Nov 14 10:07:34 EST 2014 , 4 , 2 , 2 , 150498 : { BUY 2795.77@0.80470892} 150497 : { BUY 2795.77@0.80470892} 150496 : { SELL 22107.72@0.8079342} 150495 : { SELL 22107.72@0.8079342} 
Fri Nov 14 10:10:35 EST 2014 , 4 , 2 , 2 , 150498 : { BUY 2795.77@0.80470892} 150497 : { BUY 2795.77@0.80470892} 150496 : { SELL 22107.72@0.8079342} 150495 : { SELL 22107.72@0.8079342} 
Fri Nov 14 10:13:36 EST 2014 , 4 , 2 , 2 , 150498 : { BUY 2795.77@0.80470892} 150497 : { BUY 2795.77@0.80470892} 150496 : { SELL 22107.72@0.8079342} 150495 : { SELL 22107.72@0.8079342} 
Fri Nov 14 10:16:37 EST 2014 , 4 , 2 , 2 , 150498 : { BUY 2795.77@0.80470892} 150497 : { BUY 2795.77@0.80470892} 150496 : { SELL 22107.72@0.8079342} 150495 : { SELL 22107.72@0.8079342} 
Fri Nov 14 10:19:38 EST 2014 , 4 , 2 , 2 , 150498 : { BUY 2795.77@0.80470892} 150497 : { BUY 2795.77@0.80470892} 150496 : { SELL 22107.72@0.8079342} 150495 : { SELL 22107.72@0.8079342} 
Fri Nov 14 10:22:39 EST 2014 , 4 , 2 , 2 , 150498 : { BUY 2795.77@0.80470892} 150497 : { BUY 2795.77@0.80470892} 150496 : { SELL 22107.72@0.8079342} 150495 : { SELL 22107.72@0.8079342} 
Fri Nov 14 10:25:40 EST 2014 , 4 , 2 , 2 , 150498 : { BUY 2795.77@0.80470892} 150497 : { BUY 2795.77@0.80470892} 150496 : { SELL 22107.72@0.8079342} 150495 : { SELL 22107.72@0.8079342} 
Fri Nov 14 10:28:41 EST 2014 , 4 , 2 , 2 , 150498 : { BUY 2795.77@0.80470892} 150497 : { BUY 2795.77@0.80470892} 150496 : { SELL 22107.72@0.8079342} 150495 : { SELL 22107.72@0.8079342} 
Fri Nov 14 10:31:42 EST 2014 , 4 , 2 , 2 , 150498 : { BUY 2795.77@0.80470892} 150497 : { BUY 2795.77@0.80470892} 150496 : { SELL 22107.72@0.8079342} 150495 : { SELL 22107.72@0.8079342} 
Fri Nov 14 10:34:43 EST 2014 , 4 , 2 , 2 , 150498 : { BUY 2795.77@0.80470892} 150497 : { BUY 2795.77@0.80470892} 150496 : { SELL 22107.72@0.8079342} 150495 : { SELL 22107.72@0.8079342} 
Fri Nov 14 10:37:44 EST 2014 , 4 , 2 , 2 , 150498 : { BUY 2795.77@0.80470892} 150497 : { BUY 2795.77@0.80470892} 150496 : { SELL 22107.72@0.8079342} 150495 : { SELL 22107.72@0.8079342} 
Fri Nov 14 10:40:45 EST 2014 , 4 , 2 , 2 , 150498 : { BUY 2795.77@0.80470892} 150497 : { BUY 2795.77@0.80470892} 150496 : { SELL 22107.72@0.8079342} 150495 : { SELL 22107.72@0.8079342} 
Fri Nov 14 10:43:46 EST 2014 , 4 , 2 , 2 , 150498 : { BUY 2795.77@0.80470892} 150497 : { BUY 2795.77@0.80470892} 150496 : { SELL 22107.72@0.8079342} 150495 : { SELL 22107.72@0.8079342} 
Fri Nov 14 10:46:47 EST 2014 , 4 , 2 , 2 , 150498 : { BUY 2795.77@0.80470892} 150497 : { BUY 2795.77@0.80470892} 150496 : { SELL 22107.72@0.8079342} 150495 : { SELL 22107.72@0.8079342} 
Fri Nov 14 10:49:48 EST 2014 , 4 , 2 , 2 , 150498 : { BUY 2795.77@0.80470892} 150497 : { BUY 2795.77@0.80470892} 150496 : { SELL 22107.72@0.8079342} 150495 : { SELL 22107.72@0.8079342} 
Fri Nov 14 10:52:49 EST 2014 , 4 , 2 , 2 , 150498 : { BUY 2795.77@0.80470892} 150497 : { BUY 2795.77@0.80470892} 150496 : { SELL 22107.72@0.8079342} 150495 : { SELL 22107.72@0.8079342} 
Fri Nov 14 10:55:50 EST 2014 , 4 , 2 , 2 , 150498 : { BUY 2795.77@0.80470892} 150497 : { BUY 2795.77@0.80470892} 150496 : { SELL 22107.72@0.8079342} 150495 : { SELL 22107.72@0.8079342} 
Fri Nov 14 10:58:51 EST 2014 , 4 , 2 , 2 , 150498 : { BUY 2795.77@0.80470892} 150497 : { BUY 2795.77@0.80470892} 150496 : { SELL 22107.72@0.8079342} 150495 : { SELL 22107.72@0.8079342} 
Fri Nov 14 11:01:52 EST 2014 , 4 , 2 , 2 , 150498 : { BUY 2795.77@0.80470892} 150497 : { BUY 2795.77@0.80470892} 150496 : { SELL 22107.72@0.8079342} 150495 : { SELL 22107.72@0.8079342} 
Fri Nov 14 11:04:53 EST 2014 , 4 , 2 , 2 , 150498 : { BUY 2795.77@0.80470892} 150497 : { BUY 2795.77@0.80470892} 150496 : { SELL 22107.72@0.8079342} 150495 : { SELL 22107.72@0.8079342} 
Fri Nov 14 11:07:54 EST 2014 , 4 , 2 , 2 , 150498 : { BUY 2795.77@0.80470892} 150497 : { BUY 2795.77@0.80470892} 150496 : { SELL 22107.72@0.8079342} 150495 : { SELL 22107.72@0.8079342} 
Fri Nov 14 11:10:55 EST 2014 , 4 , 2 , 2 , 150498 : { BUY 2795.77@0.80470892} 150497 : { BUY 2795.77@0.80470892} 150496 : { SELL 22107.72@0.8079342} 150495 : { SELL 22107.72@0.8079342} 
Fri Nov 14 11:13:56 EST 2014 , 4 , 2 , 2 , 150498 : { BUY 2795.77@0.80470892} 150497 : { BUY 2795.77@0.80470892} 150496 : { SELL 22107.72@0.8079342} 150495 : { SELL 22107.72@0.8079342} 
Fri Nov 14 11:16:57 EST 2014 , 4 , 2 , 2 , 150498 : { BUY 2795.77@0.80470892} 150497 : { BUY 2795.77@0.80470892} 150496 : { SELL 22107.72@0.8079342} 150495 : { SELL 22107.72@0.8079342} 
Fri Nov 14 11:19:58 EST 2014 , 4 , 2 , 2 , 150498 : { BUY 2795.77@0.80470892} 150497 : { BUY 2795.77@0.80470892} 150496 : { SELL 22107.72@0.8079342} 150495 : { SELL 22107.72@0.8079342} 
Fri Nov 14 11:22:59 EST 2014 , 4 , 2 , 2 , 150498 : { BUY 2795.77@0.80470892} 150497 : { BUY 2795.77@0.80470892} 150496 : { SELL 22107.72@0.8079342} 150495 : { SELL 22107.72@0.8079342} 
Fri Nov 14 11:26:00 EST 2014 , 4 , 2 , 2 , 150498 : { BUY 2795.77@0.80470892} 150497 : { BUY 2795.77@0.80470892} 150496 : { SELL 22107.72@0.8079342} 150495 : { SELL 22107.72@0.8079342} 
Fri Nov 14 11:29:01 EST 2014 , 4 , 2 , 2 , 150498 : { BUY 2795.77@0.80470892} 150497 : { BUY 2795.77@0.80470892} 150496 : { SELL 22107.72@0.8079342} 150495 : { SELL 22107.72@0.8079342} 
Fri Nov 14 11:32:02 EST 2014 , 4 , 2 , 2 , 150498 : { BUY 2795.77@0.80470892} 150497 : { BUY 2795.77@0.80470892} 150496 : { SELL 22107.72@0.8079342} 150495 : { SELL 22107.72@0.8079342} 
Fri Nov 14 11:35:03 EST 2014 , 4 , 2 , 2 , 150498 : { BUY 2795.77@0.80470892} 150497 : { BUY 2795.77@0.80470892} 150496 : { SELL 22107.72@0.8079342} 150495 : { SELL 22107.72@0.8079342} 
Fri Nov 14 11:38:04 EST 2014 , 4 , 2 , 2 , 150498 : { BUY 2795.77@0.80470892} 150497 : { BUY 2795.77@0.80470892} 150496 : { SELL 22107.72@0.8079342} 150495 : { SELL 22107.72@0.8079342} 
Fri Nov 14 11:41:05 EST 2014 , 4 , 2 , 2 , 150498 : { BUY 2795.77@0.80470892} 150497 : { BUY 2795.77@0.80470892} 150496 : { SELL 22107.72@0.8079342} 150495 : { SELL 22107.72@0.8079342} 
Fri Nov 14 11:44:06 EST 2014 , 4 , 2 , 2 , 150498 : { BUY 2795.77@0.80470892} 150497 : { BUY 2795.77@0.80470892} 150496 : { SELL 22107.72@0.8079342} 150495 : { SELL 22107.72@0.8079342} 
Fri Nov 14 11:47:07 EST 2014 , 4 , 2 , 2 , 150498 : { BUY 2795.77@0.80470892} 150497 : { BUY 2795.77@0.80470892} 150496 : { SELL 22107.72@0.8079342} 150495 : { SELL 22107.72@0.8079342} 
Fri Nov 14 11:50:08 EST 2014 , 4 , 2 , 2 , 150498 : { BUY 2795.77@0.80470892} 150497 : { BUY 2795.77@0.80470892} 150496 : { SELL 22107.72@0.8079342} 150495 : { SELL 22107.72@0.8079342} 
Fri Nov 14 11:53:09 EST 2014 , 4 , 2 , 2 , 150498 : { BUY 2795.77@0.80470892} 150497 : { BUY 2795.77@0.80470892} 150496 : { SELL 22107.72@0.8079342} 150495 : { SELL 22107.72@0.8079342} 
Fri Nov 14 11:56:10 EST 2014 , 4 , 2 , 2 , 150498 : { BUY 2795.77@0.80470892} 150497 : { BUY 2795.77@0.80470892} 150496 : { SELL 22107.72@0.8079342} 150495 : { SELL 22107.72@0.8079342} 
Fri Nov 14 11:59:11 EST 2014 , 4 , 2 , 2 , 150498 : { BUY 2795.77@0.80470892} 150497 : { BUY 2795.77@0.80470892} 150496 : { SELL 22107.72@0.8079342} 150495 : { SELL 22107.72@0.8079342} 
Fri Nov 14 12:02:12 EST 2014 , 4 , 2 , 2 , 150498 : { BUY 2795.77@0.80470892} 150497 : { BUY 2795.77@0.80470892} 150496 : { SELL 22107.72@0.8079342} 150495 : { SELL 22107.72@0.8079342} 
Fri Nov 14 12:05:13 EST 2014 , 4 , 2 , 2 , 150498 : { BUY 2795.77@0.80470892} 150497 : { BUY 2795.77@0.80470892} 150496 : { SELL 22107.72@0.8079342} 150495 : { SELL 22107.72@0.8079342} 
Fri Nov 14 12:08:14 EST 2014 , 4 , 2 , 2 , 150498 : { BUY 2795.77@0.80470892} 150497 : { BUY 2795.77@0.80470892} 150496 : { SELL 22107.72@0.8079342} 150495 : { SELL 22107.72@0.8079342} 
Fri Nov 14 12:11:15 EST 2014 , 4 , 2 , 2 , 150498 : { BUY 2795.77@0.80470892} 150497 : { BUY 2795.77@0.80470892} 150496 : { SELL 22107.72@0.8079342} 150495 : { SELL 22107.72@0.8079342} 
Fri Nov 14 12:14:16 EST 2014 , 4 , 2 , 2 , 150498 : { BUY 2795.77@0.80470892} 150497 : { BUY 2795.77@0.80470892} 150496 : { SELL 22107.72@0.8079342} 150495 : { SELL 22107.72@0.8079342} 
Fri Nov 14 12:17:17 EST 2014 , 4 , 2 , 2 , 150498 : { BUY 2795.77@0.80470892} 150497 : { BUY 2795.77@0.80470892} 150496 : { SELL 22107.72@0.8079342} 150495 : { SELL 22107.72@0.8079342} 
Fri Nov 14 12:20:18 EST 2014 , 4 , 2 , 2 , 150498 : { BUY 2795.77@0.80470892} 150497 : { BUY 2795.77@0.80470892} 150496 : { SELL 22107.72@0.8079342} 150495 : { SELL 22107.72@0.8079342} 
Fri Nov 14 12:23:20 EST 2014 , 4 , 2 , 2 , 150498 : { BUY 2795.77@0.80470892} 150497 : { BUY 2795.77@0.80470892} 150496 : { SELL 22107.72@0.8079342} 150495 : { SELL 22107.72@0.8079342} 
Fri Nov 14 12:26:20 EST 2014 , 4 , 2 , 2 , 150498 : { BUY 2795.77@0.80470892} 150497 : { BUY 2795.77@0.80470892} 150496 : { SELL 22107.72@0.8079342} 150495 : { SELL 22107.72@0.8079342} 
Fri Nov 14 12:29:21 EST 2014 , 4 , 2 , 2 , 150498 : { BUY 2795.77@0.80470892} 150497 : { BUY 2795.77@0.80470892} 150496 : { SELL 22107.72@0.8079342} 150495 : { SELL 22107.72@0.8079342} 
Fri Nov 14 12:32:22 EST 2014 , 4 , 2 , 2 , 150498 : { BUY 2795.77@0.80470892} 150497 : { BUY 2795.77@0.80470892} 150496 : { SELL 22107.72@0.8079342} 150495 : { SELL 22107.72@0.8079342} 
Fri Nov 14 12:35:23 EST 2014 , 4 , 2 , 2 , 150498 : { BUY 2795.77@0.80470892} 150497 : { BUY 2795.77@0.80470892} 150496 : { SELL 22107.72@0.8079342} 150495 : { SELL 22107.72@0.8079342} 
Fri Nov 14 12:38:24 EST 2014 , 4 , 2 , 2 , 150498 : { BUY 2795.77@0.80470892} 150497 : { BUY 2795.77@0.80470892} 150496 : { SELL 22107.72@0.8079342} 150495 : { SELL 22107.72@0.8079342} 
Fri Nov 14 12:41:25 EST 2014 , 4 , 2 , 2 , 150498 : { BUY 2795.77@0.80470892} 150497 : { BUY 2795.77@0.80470892} 150496 : { SELL 22107.72@0.8079342} 150495 : { SELL 22107.72@0.8079342} 
Fri Nov 14 12:44:26 EST 2014 , 4 , 2 , 2 , 150498 : { BUY 2795.77@0.80470892} 150497 : { BUY 2795.77@0.80470892} 150496 : { SELL 22107.72@0.8079342} 150495 : { SELL 22107.72@0.8079342} 
Fri Nov 14 12:47:27 EST 2014 , 4 , 2 , 2 , 150498 : { BUY 2795.77@0.80470892} 150497 : { BUY 2795.77@0.80470892} 150496 : { SELL 22107.72@0.8079342} 150495 : { SELL 22107.72@0.8079342} 
Fri Nov 14 12:50:28 EST 2014 , 4 , 2 , 2 , 150498 : { BUY 2795.77@0.80470892} 150497 : { BUY 2795.77@0.80470892} 150496 : { SELL 22107.72@0.8079342} 150495 : { SELL 22107.72@0.8079342} 
Fri Nov 14 12:53:29 EST 2014 , 4 , 2 , 2 , 150498 : { BUY 2795.77@0.80470892} 150497 : { BUY 2795.77@0.80470892} 150496 : { SELL 22107.72@0.8079342} 150495 : { SELL 22107.72@0.8079342} 
Fri Nov 14 12:56:30 EST 2014 , 4 , 2 , 2 , 150498 : { BUY 2795.77@0.80470892} 150497 : { BUY 2795.77@0.80470892} 150496 : { SELL 22107.72@0.8079342} 150495 : { SELL 22107.72@0.8079342} 
Fri Nov 14 12:59:31 EST 2014 , 4 , 2 , 2 , 150498 : { BUY 2795.77@0.80470892} 150497 : { BUY 2795.77@0.80470892} 150496 : { SELL 22107.72@0.8079342} 150495 : { SELL 22107.72@0.8079342} 
Fri Nov 14 13:02:32 EST 2014 , 4 , 2 , 2 , 150498 : { BUY 2795.77@0.80470892} 150497 : { BUY 2795.77@0.80470892} 150496 : { SELL 22107.72@0.8079342} 150495 : { SELL 22107.72@0.8079342} 
Fri Nov 14 13:05:33 EST 2014 , 4 , 2 , 2 , 150498 : { BUY 2795.77@0.80470892} 150497 : { BUY 2795.77@0.80470892} 150496 : { SELL 22107.72@0.8079342} 150495 : { SELL 22107.72@0.8079342} 
Fri Nov 14 13:08:34 EST 2014 , 4 , 2 , 2 , 150498 : { BUY 2795.77@0.80470892} 150497 : { BUY 2795.77@0.80470892} 150496 : { SELL 22107.72@0.8079342} 150495 : { SELL 22107.72@0.8079342} 
Fri Nov 14 13:11:35 EST 2014 , 4 , 2 , 2 , 150498 : { BUY 2795.77@0.80470892} 150497 : { BUY 2795.77@0.80470892} 150496 : { SELL 22107.72@0.8079342} 150495 : { SELL 22107.72@0.8079342} 
Fri Nov 14 13:14:36 EST 2014 , 4 , 2 , 2 , 150498 : { BUY 2795.77@0.80470892} 150497 : { BUY 2795.77@0.80470892} 150496 : { SELL 22107.72@0.8079342} 150495 : { SELL 22107.72@0.8079342} 
Fri Nov 14 13:17:37 EST 2014 , 4 , 2 , 2 , 150498 : { BUY 2795.77@0.80470892} 150497 : { BUY 2795.77@0.80470892} 150496 : { SELL 22107.72@0.8079342} 150495 : { SELL 22107.72@0.8079342} 
Fri Nov 14 13:20:38 EST 2014 , 4 , 2 , 2 , 150498 : { BUY 2795.77@0.80470892} 150497 : { BUY 2795.77@0.80470892} 150496 : { SELL 22107.72@0.8079342} 150495 : { SELL 22107.72@0.8079342} 
Fri Nov 14 13:23:39 EST 2014 , 4 , 2 , 2 , 150498 : { BUY 2795.77@0.80470892} 150497 : { BUY 2795.77@0.80470892} 150496 : { SELL 22107.72@0.8079342} 150495 : { SELL 22107.72@0.8079342} 
Fri Nov 14 13:26:40 EST 2014 , 4 , 2 , 2 , 150498 : { BUY 2795.77@0.80470892} 150497 : { BUY 2795.77@0.80470892} 150496 : { SELL 22107.72@0.8079342} 150495 : { SELL 22107.72@0.8079342} 
Fri Nov 14 13:29:41 EST 2014 , 4 , 2 , 2 , 150498 : { BUY 2795.77@0.80470892} 150497 : { BUY 2795.77@0.80470892} 150496 : { SELL 22107.72@0.8079342} 150495 : { SELL 22107.72@0.8079342} 
Fri Nov 14 13:32:42 EST 2014 , 4 , 2 , 2 , 150498 : { BUY 2795.77@0.80470892} 150497 : { BUY 2795.77@0.80470892} 150496 : { SELL 22107.72@0.8079342} 150495 : { SELL 22107.72@0.8079342} 
Fri Nov 14 13:35:43 EST 2014 , 4 , 2 , 2 , 150498 : { BUY 2795.77@0.80470892} 150497 : { BUY 2795.77@0.80470892} 150496 : { SELL 22107.72@0.8079342} 150495 : { SELL 22107.72@0.8079342} 
Fri Nov 14 13:38:44 EST 2014 , 4 , 2 , 2 , 150498 : { BUY 2795.77@0.80470892} 150497 : { BUY 2795.77@0.80470892} 150496 : { SELL 22107.72@0.8079342} 150495 : { SELL 22107.72@0.8079342} 
Fri Nov 14 13:41:45 EST 2014 , 4 , 2 , 2 , 150498 : { BUY 2795.77@0.80470892} 150497 : { BUY 2795.77@0.80470892} 150496 : { SELL 22107.72@0.8079342} 150495 : { SELL 22107.72@0.8079342} 
Fri Nov 14 13:44:46 EST 2014 , 4 , 2 , 2 , 150498 : { BUY 2795.77@0.80470892} 150497 : { BUY 2795.77@0.80470892} 150496 : { SELL 22107.72@0.8079342} 150495 : { SELL 22107.72@0.8079342} 
Fri Nov 14 13:47:47 EST 2014 , 4 , 2 , 2 , 150498 : { BUY 2795.77@0.80470892} 150497 : { BUY 2795.77@0.80470892} 150496 : { SELL 22107.72@0.8079342} 150495 : { SELL 22107.72@0.8079342} 
Fri Nov 14 13:50:48 EST 2014 , 4 , 2 , 2 , 150498 : { BUY 2795.77@0.80470892} 150497 : { BUY 2795.77@0.80470892} 150496 : { SELL 22107.72@0.8079342} 150495 : { SELL 22107.72@0.8079342} 
Fri Nov 14 13:53:49 EST 2014 , 4 , 2 , 2 , 150498 : { BUY 2795.77@0.80470892} 150497 : { BUY 2795.77@0.80470892} 150496 : { SELL 22107.72@0.8079342} 150495 : { SELL 22107.72@0.8079342} 
Fri Nov 14 13:56:50 EST 2014 , 4 , 2 , 2 , 150498 : { BUY 2795.77@0.80470892} 150497 : { BUY 2795.77@0.80470892} 150496 : { SELL 22107.72@0.8079342} 150495 : { SELL 22107.72@0.8079342} 
Fri Nov 14 13:59:51 EST 2014 , 4 , 2 , 2 , 150498 : { BUY 2795.77@0.80470892} 150497 : { BUY 2795.77@0.80470892} 150496 : { SELL 22107.72@0.8079342} 150495 : { SELL 22107.72@0.8079342} 
Fri Nov 14 14:02:52 EST 2014 , 4 , 2 , 2 , 150498 : { BUY 2795.77@0.80470892} 150497 : { BUY 2795.77@0.80470892} 150496 : { SELL 22107.72@0.8079342} 150495 : { SELL 22107.72@0.8079342} 
Fri Nov 14 14:05:53 EST 2014 , 4 , 2 , 2 , 150498 : { BUY 2795.77@0.80470892} 150497 : { BUY 2795.77@0.80470892} 150496 : { SELL 22107.72@0.8079342} 150495 : { SELL 22107.72@0.8079342} 
Fri Nov 14 14:08:54 EST 2014 , 4 , 2 , 2 , 150498 : { BUY 2795.77@0.80470892} 150497 : { BUY 2795.77@0.80470892} 150496 : { SELL 22107.72@0.8079342} 150495 : { SELL 22107.72@0.8079342} 
Fri Nov 14 14:11:55 EST 2014 , 4 , 2 , 2 , 150498 : { BUY 2795.77@0.80470892} 150497 : { BUY 2795.77@0.80470892} 150496 : { SELL 22107.72@0.8079342} 150495 : { SELL 22107.72@0.8079342} 
Fri Nov 14 14:14:56 EST 2014 , 4 , 2 , 2 , 150498 : { BUY 2795.77@0.80470892} 150497 : { BUY 2795.77@0.80470892} 150496 : { SELL 22107.72@0.8079342} 150495 : { SELL 22107.72@0.8079342} 
Fri Nov 14 14:17:57 EST 2014 , 4 , 2 , 2 , 150498 : { BUY 2795.77@0.80470892} 150497 : { BUY 2795.77@0.80470892} 150496 : { SELL 22107.72@0.8079342} 150495 : { SELL 22107.72@0.8079342} 
Fri Nov 14 14:20:58 EST 2014 , 4 , 2 , 2 , 150498 : { BUY 2795.77@0.80470892} 150497 : { BUY 2795.77@0.80470892} 150496 : { SELL 22107.72@0.8079342} 150495 : { SELL 22107.72@0.8079342} 
Fri Nov 14 14:23:59 EST 2014 , 4 , 2 , 2 , 150498 : { BUY 2795.77@0.80470892} 150497 : { BUY 2795.77@0.80470892} 150496 : { SELL 22107.72@0.8079342} 150495 : { SELL 22107.72@0.8079342} 
Fri Nov 14 14:27:00 EST 2014 , 4 , 2 , 2 , 150498 : { BUY 2795.77@0.80470892} 150497 : { BUY 2795.77@0.80470892} 150496 : { SELL 22107.72@0.8079342} 150495 : { SELL 22107.72@0.8079342} 
Fri Nov 14 14:30:01 EST 2014 , 4 , 2 , 2 , 150498 : { BUY 2795.77@0.80470892} 150497 : { BUY 2795.77@0.80470892} 150496 : { SELL 22107.72@0.8079342} 150495 : { SELL 22107.72@0.8079342} 
Fri Nov 14 14:33:02 EST 2014 , 4 , 2 , 2 , 150498 : { BUY 2795.77@0.80470892} 150497 : { BUY 2795.77@0.80470892} 150496 : { SELL 22107.72@0.8079342} 150495 : { SELL 22107.72@0.8079342} 
Fri Nov 14 14:36:03 EST 2014 , 4 , 2 , 2 , 150498 : { BUY 2795.77@0.80470892} 150497 : { BUY 2795.77@0.80470892} 150496 : { SELL 22107.72@0.8079342} 150495 : { SELL 22107.72@0.8079342} 
Fri Nov 14 14:39:04 EST 2014 , 4 , 2 , 2 , 150498 : { BUY 2795.77@0.80470892} 150497 : { BUY 2795.77@0.80470892} 150496 : { SELL 22107.72@0.8079342} 150495 : { SELL 22107.72@0.8079342} 
Fri Nov 14 14:42:05 EST 2014 , 4 , 2 , 2 , 150498 : { BUY 2795.77@0.80470892} 150497 : { BUY 2795.77@0.80470892} 150496 : { SELL 22107.72@0.8079342} 150495 : { SELL 22107.72@0.8079342} 
Fri Nov 14 14:45:06 EST 2014 , 4 , 2 , 2 , 150498 : { BUY 2795.77@0.80470892} 150497 : { BUY 2795.77@0.80470892} 150496 : { SELL 22107.72@0.8079342} 150495 : { SELL 22107.72@0.8079342} 
Fri Nov 14 14:48:07 EST 2014 , 4 , 2 , 2 , 150498 : { BUY 2795.77@0.80470892} 150497 : { BUY 2795.77@0.80470892} 150496 : { SELL 22107.72@0.8079342} 150495 : { SELL 22107.72@0.8079342} 
Fri Nov 14 14:51:08 EST 2014 , 4 , 2 , 2 , 150498 : { BUY 2795.77@0.80470892} 150497 : { BUY 2795.77@0.80470892} 150496 : { SELL 22107.72@0.8079342} 150495 : { SELL 22107.72@0.8079342} 
Fri Nov 14 14:54:09 EST 2014 , 4 , 2 , 2 , 150498 : { BUY 2795.77@0.80470892} 150497 : { BUY 2795.77@0.80470892} 150496 : { SELL 22107.72@0.8079342} 150495 : { SELL 22107.72@0.8079342} 
Fri Nov 14 14:57:10 EST 2014 , 4 , 2 , 2 , 150498 : { BUY 2795.77@0.80470892} 150497 : { BUY 2795.77@0.80470892} 150496 : { SELL 22107.72@0.8079342} 150495 : { SELL 22107.72@0.8079342} 
Fri Nov 14 15:00:11 EST 2014 , 4 , 2 , 2 , 150498 : { BUY 2795.77@0.80470892} 150497 : { BUY 2795.77@0.80470892} 150496 : { SELL 22107.72@0.8079342} 150495 : { SELL 22107.72@0.8079342} 
Fri Nov 14 15:03:12 EST 2014 , 4 , 2 , 2 , 150498 : { BUY 2795.77@0.80470892} 150497 : { BUY 2795.77@0.80470892} 150496 : { SELL 22107.72@0.8079342} 150495 : { SELL 22107.72@0.8079342} 
Fri Nov 14 15:06:13 EST 2014 , 4 , 2 , 2 , 150498 : { BUY 2795.77@0.80470892} 150497 : { BUY 2795.77@0.80470892} 150496 : { SELL 22107.72@0.8079342} 150495 : { SELL 22107.72@0.8079342} 
Fri Nov 14 15:09:14 EST 2014 , 4 , 2 , 2 , 150498 : { BUY 2795.77@0.80470892} 150497 : { BUY 2795.77@0.80470892} 150496 : { SELL 22107.72@0.8079342} 150495 : { SELL 22107.72@0.8079342} 
Fri Nov 14 15:12:15 EST 2014 , 4 , 2 , 2 , 150498 : { BUY 2795.77@0.80470892} 150497 : { BUY 2795.77@0.80470892} 150496 : { SELL 22107.72@0.8079342} 150495 : { SELL 22107.72@0.8079342} 
Fri Nov 14 15:15:16 EST 2014 , 4 , 2 , 2 , 150498 : { BUY 2795.77@0.80470892} 150497 : { BUY 2795.77@0.80470892} 150496 : { SELL 22107.72@0.8079342} 150495 : { SELL 22107.72@0.8079342} 
Fri Nov 14 15:18:17 EST 2014 , 4 , 2 , 2 , 150498 : { BUY 2795.77@0.80470892} 150497 : { BUY 2795.77@0.80470892} 150496 : { SELL 22107.72@0.8079342} 150495 : { SELL 22107.72@0.8079342} 
Fri Nov 14 15:21:18 EST 2014 , 4 , 2 , 2 , 150498 : { BUY 2795.77@0.80470892} 150497 : { BUY 2795.77@0.80470892} 150496 : { SELL 22107.72@0.8079342} 150495 : { SELL 22107.72@0.8079342} 
Fri Nov 14 15:24:19 EST 2014 , 4 , 2 , 2 , 150498 : { BUY 2795.77@0.80470892} 150497 : { BUY 2795.77@0.80470892} 150496 : { SELL 22107.72@0.8079342} 150495 : { SELL 22107.72@0.8079342} 
Fri Nov 14 15:27:20 EST 2014 , 4 , 2 , 2 , 150498 : { BUY 2795.77@0.80470892} 150497 : { BUY 2795.77@0.80470892} 150496 : { SELL 22107.72@0.8079342} 150495 : { SELL 22107.72@0.8079342} 
Fri Nov 14 15:30:21 EST 2014 , 4 , 2 , 2 , 150498 : { BUY 2795.77@0.80470892} 150497 : { BUY 2795.77@0.80470892} 150496 : { SELL 22107.72@0.8079342} 150495 : { SELL 22107.72@0.8079342} 
Fri Nov 14 15:33:22 EST 2014 , 4 , 2 , 2 , 150498 : { BUY 2795.77@0.80470892} 150497 : { BUY 2795.77@0.80470892} 150496 : { SELL 22107.72@0.8079342} 150495 : { SELL 22107.72@0.8079342} 
Fri Nov 14 15:36:23 EST 2014 , 4 , 2 , 2 , 150498 : { BUY 2795.77@0.80470892} 150497 : { BUY 2795.77@0.80470892} 150496 : { SELL 22107.72@0.8079342} 150495 : { SELL 22107.72@0.8079342} 
Fri Nov 14 15:39:24 EST 2014 , 4 , 2 , 2 , 150498 : { BUY 2795.77@0.80470892} 150497 : { BUY 2795.77@0.80470892} 150496 : { SELL 22107.72@0.8079342} 150495 : { SELL 22107.72@0.8079342} 
Fri Nov 14 15:42:25 EST 2014 , 4 , 2 , 2 , 150498 : { BUY 2795.77@0.80470892} 150497 : { BUY 2795.77@0.80470892} 150496 : { SELL 22107.72@0.8079342} 150495 : { SELL 22107.72@0.8079342} 
Fri Nov 14 15:45:26 EST 2014 , 4 , 2 , 2 , 150498 : { BUY 2795.77@0.80470892} 150497 : { BUY 2795.77@0.80470892} 150496 : { SELL 22107.72@0.8079342} 150495 : { SELL 22107.72@0.8079342} 
Fri Nov 14 15:48:27 EST 2014 , 4 , 2 , 2 , 150498 : { BUY 2795.77@0.80470892} 150497 : { BUY 2795.77@0.80470892} 150496 : { SELL 22107.72@0.8079342} 150495 : { SELL 22107.72@0.8079342} 
Fri Nov 14 15:51:28 EST 2014 , 4 , 2 , 2 , 150498 : { BUY 2795.77@0.80470892} 150497 : { BUY 2795.77@0.80470892} 150496 : { SELL 22107.72@0.8079342} 150495 : { SELL 22107.72@0.8079342} 
Fri Nov 14 15:54:29 EST 2014 , 4 , 2 , 2 , 150498 : { BUY 2795.77@0.80470892} 150497 : { BUY 2795.77@0.80470892} 150496 : { SELL 22107.72@0.8079342} 150495 : { SELL 22107.72@0.8079342} 
Fri Nov 14 15:57:30 EST 2014 , 4 , 2 , 2 , 150498 : { BUY 2795.77@0.80470892} 150497 : { BUY 2795.77@0.80470892} 150496 : { SELL 22107.72@0.8079342} 150495 : { SELL 22107.72@0.8079342} 
Fri Nov 14 16:00:31 EST 2014 , 4 , 2 , 2 , 150498 : { BUY 2795.77@0.80470892} 150497 : { BUY 2795.77@0.80470892} 150496 : { SELL 22107.72@0.8079342} 150495 : { SELL 22107.72@0.8079342} 
Fri Nov 14 16:03:32 EST 2014 , 4 , 2 , 2 , 150498 : { BUY 2795.77@0.80470892} 150497 : { BUY 2795.77@0.80470892} 150496 : { SELL 22107.72@0.8079342} 150495 : { SELL 22107.72@0.8079342} 
Fri Nov 14 16:06:33 EST 2014 , 4 , 2 , 2 , 150498 : { BUY 2795.77@0.80470892} 150497 : { BUY 2795.77@0.80470892} 150496 : { SELL 22107.72@0.8079342} 150495 : { SELL 22107.72@0.8079342} 
Fri Nov 14 16:09:34 EST 2014 , 4 , 2 , 2 , 150498 : { BUY 2795.77@0.80470892} 150497 : { BUY 2795.77@0.80470892} 150496 : { SELL 22107.72@0.8079342} 150495 : { SELL 22107.72@0.8079342} 
Fri Nov 14 16:12:35 EST 2014 , 4 , 2 , 2 , 150498 : { BUY 2795.77@0.80470892} 150497 : { BUY 2795.77@0.80470892} 150496 : { SELL 22107.72@0.8079342} 150495 : { SELL 22107.72@0.8079342} 
Fri Nov 14 16:15:36 EST 2014 , 4 , 2 , 2 , 150498 : { BUY 2795.77@0.80470892} 150497 : { BUY 2795.77@0.80470892} 150496 : { SELL 22107.72@0.8079342} 150495 : { SELL 22107.72@0.8079342} 
Fri Nov 14 16:18:37 EST 2014 , 4 , 2 , 2 , 150498 : { BUY 2795.77@0.80470892} 150497 : { BUY 2795.77@0.80470892} 150496 : { SELL 22107.72@0.8079342} 150495 : { SELL 22107.72@0.8079342} 
Fri Nov 14 16:21:38 EST 2014 , 4 , 2 , 2 , 150498 : { BUY 2795.77@0.80470892} 150497 : { BUY 2795.77@0.80470892} 150496 : { SELL 22107.72@0.8079342} 150495 : { SELL 22107.72@0.8079342} 
Fri Nov 14 16:24:39 EST 2014 , 4 , 2 , 2 , 150498 : { BUY 2795.77@0.80470892} 150497 : { BUY 2795.77@0.80470892} 150496 : { SELL 22107.72@0.8079342} 150495 : { SELL 22107.72@0.8079342} 
Fri Nov 14 16:27:40 EST 2014 , 4 , 2 , 2 , 150498 : { BUY 2795.77@0.80470892} 150497 : { BUY 2795.77@0.80470892} 150496 : { SELL 22107.72@0.8079342} 150495 : { SELL 22107.72@0.8079342} 
Fri Nov 14 16:30:41 EST 2014 , 4 , 2 , 2 , 150498 : { BUY 2795.77@0.80470892} 150497 : { BUY 2795.77@0.80470892} 150496 : { SELL 22107.72@0.8079342} 150495 : { SELL 22107.72@0.8079342} 
Fri Nov 14 16:33:42 EST 2014 , 4 , 2 , 2 , 150498 : { BUY 2795.77@0.80470892} 150497 : { BUY 2795.77@0.80470892} 150496 : { SELL 22107.72@0.8079342} 150495 : { SELL 22107.72@0.8079342} 
Fri Nov 14 16:36:43 EST 2014 , 4 , 2 , 2 , 150498 : { BUY 2795.77@0.80470892} 150497 : { BUY 2795.77@0.80470892} 150496 : { SELL 22107.72@0.8079342} 150495 : { SELL 22107.72@0.8079342} 
Fri Nov 14 16:39:44 EST 2014 , 4 , 2 , 2 , 150498 : { BUY 2795.77@0.80470892} 150497 : { BUY 2795.77@0.80470892} 150496 : { SELL 22107.72@0.8079342} 150495 : { SELL 22107.72@0.8079342} 
Fri Nov 14 16:42:45 EST 2014 , 4 , 2 , 2 , 150498 : { BUY 2795.77@0.80470892} 150497 : { BUY 2795.77@0.80470892} 150496 : { SELL 22107.72@0.8079342} 150495 : { SELL 22107.72@0.8079342} 
Fri Nov 14 16:45:46 EST 2014 , 4 , 2 , 2 , 150498 : { BUY 2795.77@0.80470892} 150497 : { BUY 2795.77@0.80470892} 150496 : { SELL 22107.72@0.8079342} 150495 : { SELL 22107.72@0.8079342} 
Fri Nov 14 16:48:47 EST 2014 , 4 , 2 , 2 , 150498 : { BUY 2795.77@0.80470892} 150497 : { BUY 2795.77@0.80470892} 150496 : { SELL 22107.72@0.8079342} 150495 : { SELL 22107.72@0.8079342} 
Fri Nov 14 16:51:48 EST 2014 , 4 , 2 , 2 , 150498 : { BUY 2795.77@0.80470892} 150497 : { BUY 2795.77@0.80470892} 150496 : { SELL 22107.72@0.8079342} 150495 : { SELL 22107.72@0.8079342} 
Fri Nov 14 16:54:49 EST 2014 , 4 , 2 , 2 , 150498 : { BUY 2795.77@0.80470892} 150497 : { BUY 2795.77@0.80470892} 150496 : { SELL 22107.72@0.8079342} 150495 : { SELL 22107.72@0.8079342} 
Fri Nov 14 16:57:50 EST 2014 , 4 , 2 , 2 , 150498 : { BUY 2795.77@0.80470892} 150497 : { BUY 2795.77@0.80470892} 150496 : { SELL 22107.72@0.8079342} 150495 : { SELL 22107.72@0.8079342} 
Fri Nov 14 17:00:51 EST 2014 , 4 , 2 , 2 , 150498 : { BUY 2795.77@0.80470892} 150497 : { BUY 2795.77@0.80470892} 150496 : { SELL 22107.72@0.8079342} 150495 : { SELL 22107.72@0.8079342} 
Fri Nov 14 17:03:52 EST 2014 , 4 , 2 , 2 , 150498 : { BUY 2795.77@0.80470892} 150497 : { BUY 2795.77@0.80470892} 150496 : { SELL 22107.72@0.8079342} 150495 : { SELL 22107.72@0.8079342} 
Fri Nov 14 17:06:53 EST 2014 , 4 , 2 , 2 , 150498 : { BUY 2795.77@0.80470892} 150497 : { BUY 2795.77@0.80470892} 150496 : { SELL 22107.72@0.8079342} 150495 : { SELL 22107.72@0.8079342} 
Fri Nov 14 17:09:54 EST 2014 , 4 , 2 , 2 , 150498 : { BUY 2795.77@0.80470892} 150497 : { BUY 2795.77@0.80470892} 150496 : { SELL 22107.72@0.8079342} 150495 : { SELL 22107.72@0.8079342} 
Fri Nov 14 17:12:55 EST 2014 , 4 , 2 , 2 , 150498 : { BUY 2795.77@0.80470892} 150497 : { BUY 2795.77@0.80470892} 150496 : { SELL 22107.72@0.8079342} 150495 : { SELL 22107.72@0.8079342} 
Fri Nov 14 17:15:56 EST 2014 , 4 , 2 , 2 , 150498 : { BUY 2795.77@0.80470892} 150497 : { BUY 2795.77@0.80470892} 150496 : { SELL 22107.72@0.8079342} 150495 : { SELL 22107.72@0.8079342} 
Fri Nov 14 17:18:57 EST 2014 , 4 , 2 , 2 , 150498 : { BUY 2795.77@0.80470892} 150497 : { BUY 2795.77@0.80470892} 150496 : { SELL 22107.72@0.8079342} 150495 : { SELL 22107.72@0.8079342} 
Fri Nov 14 17:21:58 EST 2014 , 4 , 2 , 2 , 150498 : { BUY 2795.77@0.80470892} 150497 : { BUY 2795.77@0.80470892} 150496 : { SELL 22107.72@0.8079342} 150495 : { SELL 22107.72@0.8079342} 
Fri Nov 14 17:25:00 EST 2014 , 4 , 2 , 2 , 150498 : { BUY 2795.77@0.80470892} 150497 : { BUY 2795.77@0.80470892} 150496 : { SELL 22107.72@0.8079342} 150495 : { SELL 22107.72@0.8079342} 
Fri Nov 14 17:28:00 EST 2014 , 4 , 2 , 2 , 150498 : { BUY 2795.77@0.80470892} 150497 : { BUY 2795.77@0.80470892} 150496 : { SELL 22107.72@0.8079342} 150495 : { SELL 22107.72@0.8079342} 
Fri Nov 14 17:31:01 EST 2014 , 4 , 2 , 2 , 150498 : { BUY 2795.77@0.80470892} 150497 : { BUY 2795.77@0.80470892} 150496 : { SELL 22107.72@0.8079342} 150495 : { SELL 22107.72@0.8079342} 
Fri Nov 14 17:34:02 EST 2014 , 4 , 2 , 2 , 150498 : { BUY 2795.77@0.80470892} 150497 : { BUY 2795.77@0.80470892} 150496 : { SELL 22107.72@0.8079342} 150495 : { SELL 22107.72@0.8079342} 
Fri Nov 14 17:37:03 EST 2014 , 4 , 2 , 2 , 150498 : { BUY 2795.77@0.80470892} 150497 : { BUY 2795.77@0.80470892} 150496 : { SELL 22107.72@0.8079342} 150495 : { SELL 22107.72@0.8079342} 
Fri Nov 14 17:40:04 EST 2014 , 4 , 2 , 2 , 150498 : { BUY 2795.77@0.80470892} 150497 : { BUY 2795.77@0.80470892} 150496 : { SELL 22107.72@0.8079342} 150495 : { SELL 22107.72@0.8079342} 
Fri Nov 14 17:43:05 EST 2014 , 4 , 2 , 2 , 150498 : { BUY 2795.77@0.80470892} 150497 : { BUY 2795.77@0.80470892} 150496 : { SELL 22107.72@0.8079342} 150495 : { SELL 22107.72@0.8079342} 
Fri Nov 14 17:46:06 EST 2014 , 4 , 2 , 2 , 150498 : { BUY 2795.77@0.80470892} 150497 : { BUY 2795.77@0.80470892} 150496 : { SELL 22107.72@0.8079342} 150495 : { SELL 22107.72@0.8079342} 
Fri Nov 14 17:49:07 EST 2014 , 4 , 2 , 2 , 150498 : { BUY 2795.77@0.80470892} 150497 : { BUY 2795.77@0.80470892} 150496 : { SELL 22107.72@0.8079342} 150495 : { SELL 22107.72@0.8079342} 
Fri Nov 14 17:52:08 EST 2014 , 4 , 2 , 2 , 150498 : { BUY 2795.77@0.80470892} 150497 : { BUY 2795.77@0.80470892} 150496 : { SELL 22107.72@0.8079342} 150495 : { SELL 22107.72@0.8079342} 
Fri Nov 14 17:55:09 EST 2014 , 4 , 2 , 2 , 150498 : { BUY 2795.77@0.80470892} 150497 : { BUY 2795.77@0.80470892} 150496 : { SELL 22107.72@0.8079342} 150495 : { SELL 22107.72@0.8079342} 
Fri Nov 14 17:58:10 EST 2014 , 4 , 2 , 2 , 150498 : { BUY 2795.77@0.80470892} 150497 : { BUY 2795.77@0.80470892} 150496 : { SELL 22107.72@0.8079342} 150495 : { SELL 22107.72@0.8079342} 
Fri Nov 14 18:01:11 EST 2014 , 4 , 2 , 2 , 150498 : { BUY 2795.77@0.80470892} 150497 : { BUY 2795.77@0.80470892} 150496 : { SELL 22107.72@0.8079342} 150495 : { SELL 22107.72@0.8079342} 
Fri Nov 14 18:04:12 EST 2014 , 4 , 2 , 2 , 150498 : { BUY 2795.77@0.80470892} 150497 : { BUY 2795.77@0.80470892} 150496 : { SELL 22107.72@0.8079342} 150495 : { SELL 22107.72@0.8079342} 
Fri Nov 14 18:07:13 EST 2014 , 4 , 2 , 2 , 150498 : { BUY 2795.77@0.80470892} 150497 : { BUY 2795.77@0.80470892} 150496 : { SELL 22107.72@0.8079342} 150495 : { SELL 22107.72@0.8079342} 
Fri Nov 14 18:10:14 EST 2014 , 4 , 2 , 2 , 150498 : { BUY 2795.77@0.80470892} 150497 : { BUY 2795.77@0.80470892} 150496 : { SELL 22107.72@0.8079342} 150495 : { SELL 22107.72@0.8079342} 
Fri Nov 14 18:13:15 EST 2014 , 4 , 2 , 2 , 150498 : { BUY 2795.77@0.80470892} 150497 : { BUY 2795.77@0.80470892} 150496 : { SELL 22107.72@0.8079342} 150495 : { SELL 22107.72@0.8079342} 
Fri Nov 14 18:16:16 EST 2014 , 4 , 2 , 2 , 150498 : { BUY 2795.77@0.80470892} 150497 : { BUY 2795.77@0.80470892} 150496 : { SELL 22107.72@0.8079342} 150495 : { SELL 22107.72@0.8079342} 
Fri Nov 14 18:19:17 EST 2014 , 4 , 2 , 2 , 150498 : { BUY 2795.77@0.80470892} 150497 : { BUY 2795.77@0.80470892} 150496 : { SELL 22107.72@0.8079342} 150495 : { SELL 22107.72@0.8079342} 
Fri Nov 14 18:22:18 EST 2014 , 4 , 2 , 2 , 150498 : { BUY 2795.77@0.80470892} 150497 : { BUY 2795.77@0.80470892} 150496 : { SELL 22107.72@0.8079342} 150495 : { SELL 22107.72@0.8079342} 
Fri Nov 14 18:25:19 EST 2014 , 4 , 2 , 2 , 150498 : { BUY 2795.77@0.80470892} 150497 : { BUY 2795.77@0.80470892} 150496 : { SELL 22107.72@0.8079342} 150495 : { SELL 22107.72@0.8079342} 
Fri Nov 14 18:28:20 EST 2014 , 4 , 2 , 2 , 150498 : { BUY 2795.77@0.80470892} 150497 : { BUY 2795.77@0.80470892} 150496 : { SELL 22107.72@0.8079342} 150495 : { SELL 22107.72@0.8079342} 
Fri Nov 14 18:31:21 EST 2014 , 4 , 2 , 2 , 150498 : { BUY 2795.77@0.80470892} 150497 : { BUY 2795.77@0.80470892} 150496 : { SELL 22107.72@0.8079342} 150495 : { SELL 22107.72@0.8079342} 
Fri Nov 14 18:34:22 EST 2014 , 4 , 2 , 2 , 150498 : { BUY 2795.77@0.80470892} 150497 : { BUY 2795.77@0.80470892} 150496 : { SELL 22107.72@0.8079342} 150495 : { SELL 22107.72@0.8079342} 
Fri Nov 14 18:37:23 EST 2014 , 4 , 2 , 2 , 150498 : { BUY 2795.77@0.80470892} 150497 : { BUY 2795.77@0.80470892} 150496 : { SELL 22107.72@0.8079342} 150495 : { SELL 22107.72@0.8079342} 
Fri Nov 14 18:40:24 EST 2014 , 4 , 2 , 2 , 150498 : { BUY 2795.77@0.80470892} 150497 : { BUY 2795.77@0.80470892} 150496 : { SELL 22107.72@0.8079342} 150495 : { SELL 22107.72@0.8079342} 
Fri Nov 14 18:43:25 EST 2014 , 4 , 2 , 2 , 150498 : { BUY 2795.77@0.80470892} 150497 : { BUY 2795.77@0.80470892} 150496 : { SELL 22107.72@0.8079342} 150495 : { SELL 22107.72@0.8079342} 
Fri Nov 14 18:46:26 EST 2014 , 4 , 2 , 2 , 150498 : { BUY 2795.77@0.80470892} 150497 : { BUY 2795.77@0.80470892} 150496 : { SELL 22107.72@0.8079342} 150495 : { SELL 22107.72@0.8079342} 
Fri Nov 14 18:49:27 EST 2014 , 4 , 2 , 2 , 150498 : { BUY 2795.77@0.80470892} 150497 : { BUY 2795.77@0.80470892} 150496 : { SELL 22107.72@0.8079342} 150495 : { SELL 22107.72@0.8079342} 
Fri Nov 14 18:52:28 EST 2014 , 4 , 2 , 2 , 150498 : { BUY 2795.77@0.80470892} 150497 : { BUY 2795.77@0.80470892} 150496 : { SELL 22107.72@0.8079342} 150495 : { SELL 22107.72@0.8079342} 
Fri Nov 14 18:55:29 EST 2014 , 4 , 2 , 2 , 150498 : { BUY 2795.77@0.80470892} 150497 : { BUY 2795.77@0.80470892} 150496 : { SELL 22107.72@0.8079342} 150495 : { SELL 22107.72@0.8079342} 
Fri Nov 14 18:58:30 EST 2014 , 4 , 2 , 2 , 150498 : { BUY 2795.77@0.80470892} 150497 : { BUY 2795.77@0.80470892} 150496 : { SELL 22107.72@0.8079342} 150495 : { SELL 22107.72@0.8079342} 
Fri Nov 14 19:01:31 EST 2014 , 4 , 2 , 2 , 150498 : { BUY 2795.77@0.80470892} 150497 : { BUY 2795.77@0.80470892} 150496 : { SELL 22107.72@0.8079342} 150495 : { SELL 22107.72@0.8079342} 
Fri Nov 14 19:04:32 EST 2014 , 4 , 2 , 2 , 150498 : { BUY 2795.77@0.80470892} 150497 : { BUY 2795.77@0.80470892} 150496 : { SELL 22107.72@0.8079342} 150495 : { SELL 22107.72@0.8079342} 
Fri Nov 14 19:07:33 EST 2014 , 4 , 2 , 2 , 150498 : { BUY 2795.77@0.80470892} 150497 : { BUY 2795.77@0.80470892} 150496 : { SELL 22107.72@0.8079342} 150495 : { SELL 22107.72@0.8079342} 
Fri Nov 14 19:10:34 EST 2014 , 4 , 2 , 2 , 150498 : { BUY 2795.77@0.80470892} 150497 : { BUY 2795.77@0.80470892} 150496 : { SELL 22107.72@0.8079342} 150495 : { SELL 22107.72@0.8079342} 
Fri Nov 14 19:13:35 EST 2014 , 4 , 2 , 2 , 150498 : { BUY 2795.77@0.80470892} 150497 : { BUY 2795.77@0.80470892} 150496 : { SELL 22107.72@0.8079342} 150495 : { SELL 22107.72@0.8079342} 
Fri Nov 14 19:16:36 EST 2014 , 4 , 2 , 2 , 150498 : { BUY 2795.77@0.80470892} 150497 : { BUY 2795.77@0.80470892} 150496 : { SELL 22107.72@0.8079342} 150495 : { SELL 22107.72@0.8079342} 
Fri Nov 14 19:19:37 EST 2014 , 4 , 2 , 2 , 150498 : { BUY 2795.77@0.80470892} 150497 : { BUY 2795.77@0.80470892} 150496 : { SELL 22107.72@0.8079342} 150495 : { SELL 22107.72@0.8079342} 
Fri Nov 14 19:22:38 EST 2014 , 4 , 2 , 2 , 150498 : { BUY 2795.77@0.80470892} 150497 : { BUY 2795.77@0.80470892} 150496 : { SELL 22107.72@0.8079342} 150495 : { SELL 22107.72@0.8079342} 
Fri Nov 14 19:25:39 EST 2014 , 4 , 2 , 2 , 150498 : { BUY 2795.77@0.80470892} 150497 : { BUY 2795.77@0.80470892} 150496 : { SELL 22107.72@0.8079342} 150495 : { SELL 22107.72@0.8079342} 
Fri Nov 14 19:28:40 EST 2014 , 4 , 2 , 2 , 150498 : { BUY 2795.77@0.80470892} 150497 : { BUY 2795.77@0.80470892} 150496 : { SELL 22107.72@0.8079342} 150495 : { SELL 22107.72@0.8079342} 
Fri Nov 14 19:31:41 EST 2014 , 4 , 2 , 2 , 150498 : { BUY 2795.77@0.80470892} 150497 : { BUY 2795.77@0.80470892} 150496 : { SELL 22107.72@0.8079342} 150495 : { SELL 22107.72@0.8079342} 
Fri Nov 14 19:34:42 EST 2014 , 4 , 2 , 2 , 150498 : { BUY 2795.77@0.80470892} 150497 : { BUY 2795.77@0.80470892} 150496 : { SELL 22107.72@0.8079342} 150495 : { SELL 22107.72@0.8079342} 
Fri Nov 14 19:37:43 EST 2014 , 4 , 2 , 2 , 150498 : { BUY 2795.77@0.80470892} 150497 : { BUY 2795.77@0.80470892} 150496 : { SELL 22107.72@0.8079342} 150495 : { SELL 22107.72@0.8079342} 
Fri Nov 14 19:40:44 EST 2014 , 4 , 2 , 2 , 150498 : { BUY 2795.77@0.80470892} 150497 : { BUY 2795.77@0.80470892} 150496 : { SELL 22107.72@0.8079342} 150495 : { SELL 22107.72@0.8079342} 
Fri Nov 14 19:43:45 EST 2014 , 4 , 2 , 2 , 150498 : { BUY 2795.77@0.80470892} 150497 : { BUY 2795.77@0.80470892} 150496 : { SELL 22107.72@0.8079342} 150495 : { SELL 22107.72@0.8079342} 
Fri Nov 14 19:46:46 EST 2014 , 4 , 2 , 2 , 150498 : { BUY 2795.77@0.80470892} 150497 : { BUY 2795.77@0.80470892} 150496 : { SELL 22107.72@0.8079342} 150495 : { SELL 22107.72@0.8079342} 
Fri Nov 14 19:49:47 EST 2014 , 4 , 2 , 2 , 150498 : { BUY 2795.77@0.80470892} 150497 : { BUY 2795.77@0.80470892} 150496 : { SELL 22107.72@0.8079342} 150495 : { SELL 22107.72@0.8079342} 
Fri Nov 14 19:52:48 EST 2014 , 4 , 2 , 2 , 150498 : { BUY 2795.77@0.80470892} 150497 : { BUY 2795.77@0.80470892} 150496 : { SELL 22107.72@0.8079342} 150495 : { SELL 22107.72@0.8079342} 
Fri Nov 14 19:55:49 EST 2014 , 4 , 2 , 2 , 150498 : { BUY 2795.77@0.80470892} 150497 : { BUY 2795.77@0.80470892} 150496 : { SELL 22107.72@0.8079342} 150495 : { SELL 22107.72@0.8079342} 
Fri Nov 14 19:58:50 EST 2014 , 4 , 2 , 2 , 150498 : { BUY 2795.77@0.80470892} 150497 : { BUY 2795.77@0.80470892} 150496 : { SELL 22107.72@0.8079342} 150495 : { SELL 22107.72@0.8079342} 
Fri Nov 14 20:01:51 EST 2014 , 4 , 2 , 2 , 150498 : { BUY 2795.77@0.80470892} 150497 : { BUY 2795.77@0.80470892} 150496 : { SELL 22107.72@0.8079342} 150495 : { SELL 22107.72@0.8079342} 
Fri Nov 14 20:04:52 EST 2014 , 4 , 2 , 2 , 150498 : { BUY 2795.77@0.80470892} 150497 : { BUY 2795.77@0.80470892} 150496 : { SELL 22107.72@0.8079342} 150495 : { SELL 22107.72@0.8079342} 
Fri Nov 14 20:07:53 EST 2014 , 4 , 2 , 2 , 150498 : { BUY 2795.77@0.80470892} 150497 : { BUY 2795.77@0.80470892} 150496 : { SELL 22107.72@0.8079342} 150495 : { SELL 22107.72@0.8079342} 
Fri Nov 14 20:10:54 EST 2014 , 4 , 2 , 2 , 150498 : { BUY 2795.77@0.80470892} 150497 : { BUY 2795.77@0.80470892} 150496 : { SELL 22107.72@0.8079342} 150495 : { SELL 22107.72@0.8079342} 
Fri Nov 14 20:13:55 EST 2014 , 4 , 2 , 2 , 150498 : { BUY 2795.77@0.80470892} 150497 : { BUY 2795.77@0.80470892} 150496 : { SELL 22107.72@0.8079342} 150495 : { SELL 22107.72@0.8079342} 
Fri Nov 14 20:16:56 EST 2014 , 4 , 2 , 2 , 150498 : { BUY 2795.77@0.80470892} 150497 : { BUY 2795.77@0.80470892} 150496 : { SELL 22107.72@0.8079342} 150495 : { SELL 22107.72@0.8079342} 
Fri Nov 14 20:19:57 EST 2014 , 4 , 2 , 2 , 150498 : { BUY 2795.77@0.80470892} 150497 : { BUY 2795.77@0.80470892} 150496 : { SELL 22107.72@0.8079342} 150495 : { SELL 22107.72@0.8079342} 
Fri Nov 14 20:22:58 EST 2014 , 4 , 2 , 2 , 150498 : { BUY 2795.77@0.80470892} 150497 : { BUY 2795.77@0.80470892} 150496 : { SELL 22107.72@0.8079342} 150495 : { SELL 22107.72@0.8079342} 
Fri Nov 14 20:25:59 EST 2014 , 4 , 2 , 2 , 150498 : { BUY 2795.77@0.80470892} 150497 : { BUY 2795.77@0.80470892} 150496 : { SELL 22107.72@0.8079342} 150495 : { SELL 22107.72@0.8079342} 
Fri Nov 14 20:29:00 EST 2014 , 4 , 2 , 2 , 150498 : { BUY 2795.77@0.80470892} 150497 : { BUY 2795.77@0.80470892} 150496 : { SELL 22107.72@0.8079342} 150495 : { SELL 22107.72@0.8079342} 
Fri Nov 14 20:32:01 EST 2014 , 4 , 2 , 2 , 150498 : { BUY 2795.77@0.80470892} 150497 : { BUY 2795.77@0.80470892} 150496 : { SELL 22107.72@0.8079342} 150495 : { SELL 22107.72@0.8079342} 
Fri Nov 14 20:35:02 EST 2014 , 4 , 2 , 2 , 150498 : { BUY 2795.77@0.80470892} 150497 : { BUY 2795.77@0.80470892} 150496 : { SELL 22107.72@0.8079342} 150495 : { SELL 22107.72@0.8079342} 
Fri Nov 14 20:38:03 EST 2014 , 4 , 2 , 2 , 150498 : { BUY 2795.77@0.80470892} 150497 : { BUY 2795.77@0.80470892} 150496 : { SELL 22107.72@0.8079342} 150495 : { SELL 22107.72@0.8079342} 
Fri Nov 14 20:41:04 EST 2014 , 4 , 2 , 2 , 150498 : { BUY 2795.77@0.80470892} 150497 : { BUY 2795.77@0.80470892} 150496 : { SELL 22107.72@0.8079342} 150495 : { SELL 22107.72@0.8079342} 
Fri Nov 14 20:44:05 EST 2014 , 4 , 2 , 2 , 150498 : { BUY 2795.77@0.80470892} 150497 : { BUY 2795.77@0.80470892} 150496 : { SELL 22107.72@0.8079342} 150495 : { SELL 22107.72@0.8079342} 
Fri Nov 14 20:47:06 EST 2014 , 4 , 2 , 2 , 150498 : { BUY 2795.77@0.80470892} 150497 : { BUY 2795.77@0.80470892} 150496 : { SELL 22107.72@0.8079342} 150495 : { SELL 22107.72@0.8079342} 
Fri Nov 14 20:50:07 EST 2014 , 4 , 2 , 2 , 150498 : { BUY 2795.77@0.80470892} 150497 : { BUY 2795.77@0.80470892} 150496 : { SELL 22107.72@0.8079342} 150495 : { SELL 22107.72@0.8079342} 
Fri Nov 14 20:53:08 EST 2014 , 4 , 2 , 2 , 150498 : { BUY 2795.77@0.80470892} 150497 : { BUY 2795.77@0.80470892} 150496 : { SELL 22107.72@0.8079342} 150495 : { SELL 22107.72@0.8079342} 
Fri Nov 14 20:56:09 EST 2014 , 4 , 2 , 2 , 150498 : { BUY 2795.77@0.80470892} 150497 : { BUY 2795.77@0.80470892} 150496 : { SELL 22107.72@0.8079342} 150495 : { SELL 22107.72@0.8079342} 
Fri Nov 14 20:59:10 EST 2014 , 4 , 2 , 2 , 150498 : { BUY 2795.77@0.80470892} 150497 : { BUY 2795.77@0.80470892} 150496 : { SELL 22107.72@0.8079342} 150495 : { SELL 22107.72@0.8079342} 
Fri Nov 14 21:02:11 EST 2014 , 4 , 2 , 2 , 150498 : { BUY 2795.77@0.80470892} 150497 : { BUY 2795.77@0.80470892} 150496 : { SELL 22107.72@0.8079342} 150495 : { SELL 22107.72@0.8079342} 
Fri Nov 14 21:05:12 EST 2014 , 4 , 2 , 2 , 150498 : { BUY 2795.77@0.80470892} 150497 : { BUY 2795.77@0.80470892} 150496 : { SELL 22107.72@0.8079342} 150495 : { SELL 22107.72@0.8079342} 
Fri Nov 14 21:08:13 EST 2014 , 4 , 2 , 2 , 150498 : { BUY 2795.77@0.80470892} 150497 : { BUY 2795.77@0.80470892} 150496 : { SELL 22107.72@0.8079342} 150495 : { SELL 22107.72@0.8079342} 
Fri Nov 14 21:11:14 EST 2014 , 4 , 2 , 2 , 150498 : { BUY 2795.77@0.80470892} 150497 : { BUY 2795.77@0.80470892} 150496 : { SELL 22107.72@0.8079342} 150495 : { SELL 22107.72@0.8079342} 
Fri Nov 14 21:14:15 EST 2014 , 4 , 2 , 2 , 150498 : { BUY 2795.77@0.80470892} 150497 : { BUY 2795.77@0.80470892} 150496 : { SELL 22107.72@0.8079342} 150495 : { SELL 22107.72@0.8079342} 
Fri Nov 14 21:17:16 EST 2014 , 4 , 2 , 2 , 150498 : { BUY 2795.77@0.80470892} 150497 : { BUY 2795.77@0.80470892} 150496 : { SELL 22107.72@0.8079342} 150495 : { SELL 22107.72@0.8079342} 
Fri Nov 14 21:20:17 EST 2014 , 4 , 2 , 2 , 150498 : { BUY 2795.77@0.80470892} 150497 : { BUY 2795.77@0.80470892} 150496 : { SELL 22107.72@0.8079342} 150495 : { SELL 22107.72@0.8079342} 
Fri Nov 14 21:23:18 EST 2014 , 4 , 2 , 2 , 150498 : { BUY 2795.77@0.80470892} 150497 : { BUY 2795.77@0.80470892} 150496 : { SELL 22107.72@0.8079342} 150495 : { SELL 22107.72@0.8079342} 
Fri Nov 14 21:26:19 EST 2014 , 4 , 2 , 2 , 150498 : { BUY 2795.77@0.80470892} 150497 : { BUY 2795.77@0.80470892} 150496 : { SELL 22107.72@0.8079342} 150495 : { SELL 22107.72@0.8079342} 
Fri Nov 14 21:29:20 EST 2014 , 4 , 2 , 2 , 150498 : { BUY 2795.77@0.80470892} 150497 : { BUY 2795.77@0.80470892} 150496 : { SELL 22107.72@0.8079342} 150495 : { SELL 22107.72@0.8079342} 
Fri Nov 14 21:32:21 EST 2014 , 4 , 2 , 2 , 150498 : { BUY 2795.77@0.80470892} 150497 : { BUY 2795.77@0.80470892} 150496 : { SELL 22107.72@0.8079342} 150495 : { SELL 22107.72@0.8079342} 
Fri Nov 14 21:35:22 EST 2014 , 4 , 2 , 2 , 150498 : { BUY 2795.77@0.80470892} 150497 : { BUY 2795.77@0.80470892} 150496 : { SELL 22107.72@0.8079342} 150495 : { SELL 22107.72@0.8079342} 
Fri Nov 14 21:38:23 EST 2014 , 4 , 2 , 2 , 150498 : { BUY 2795.77@0.80470892} 150497 : { BUY 2795.77@0.80470892} 150496 : { SELL 22107.72@0.8079342} 150495 : { SELL 22107.72@0.8079342} 
Fri Nov 14 21:41:24 EST 2014 , 4 , 2 , 2 , 150498 : { BUY 2795.77@0.80470892} 150497 : { BUY 2795.77@0.80470892} 150496 : { SELL 22107.72@0.8079342} 150495 : { SELL 22107.72@0.8079342} 
Fri Nov 14 21:44:25 EST 2014 , 4 , 2 , 2 , 150498 : { BUY 2795.77@0.80470892} 150497 : { BUY 2795.77@0.80470892} 150496 : { SELL 22107.72@0.8079342} 150495 : { SELL 22107.72@0.8079342} 
Fri Nov 14 21:47:26 EST 2014 , 4 , 2 , 2 , 150498 : { BUY 2795.77@0.80470892} 150497 : { BUY 2795.77@0.80470892} 150496 : { SELL 22107.72@0.8079342} 150495 : { SELL 22107.72@0.8079342} 
Fri Nov 14 21:50:27 EST 2014 , 4 , 2 , 2 , 150498 : { BUY 2795.77@0.80470892} 150497 : { BUY 2795.77@0.80470892} 150496 : { SELL 22107.72@0.8079342} 150495 : { SELL 22107.72@0.8079342} 
Fri Nov 14 21:53:28 EST 2014 , 4 , 2 , 2 , 150498 : { BUY 2795.77@0.80470892} 150497 : { BUY 2795.77@0.80470892} 150496 : { SELL 22107.72@0.8079342} 150495 : { SELL 22107.72@0.8079342} 
Fri Nov 14 21:56:29 EST 2014 , 4 , 2 , 2 , 150498 : { BUY 2795.77@0.80470892} 150497 : { BUY 2795.77@0.80470892} 150496 : { SELL 22107.72@0.8079342} 150495 : { SELL 22107.72@0.8079342} 
Fri Nov 14 21:59:30 EST 2014 , 4 , 2 , 2 , 150498 : { BUY 2795.77@0.80470892} 150497 : { BUY 2795.77@0.80470892} 150496 : { SELL 22107.72@0.8079342} 150495 : { SELL 22107.72@0.8079342} 
Fri Nov 14 22:02:31 EST 2014 , 4 , 2 , 2 , 150498 : { BUY 2795.77@0.80470892} 150497 : { BUY 2795.77@0.80470892} 150496 : { SELL 22107.72@0.8079342} 150495 : { SELL 22107.72@0.8079342} 
Fri Nov 14 22:05:32 EST 2014 , 4 , 2 , 2 , 150498 : { BUY 2795.77@0.80470892} 150497 : { BUY 2795.77@0.80470892} 150496 : { SELL 22107.72@0.8079342} 150495 : { SELL 22107.72@0.8079342} 
Fri Nov 14 22:08:33 EST 2014 , 4 , 2 , 2 , 150498 : { BUY 2795.77@0.80470892} 150497 : { BUY 2795.77@0.80470892} 150496 : { SELL 22107.72@0.8079342} 150495 : { SELL 22107.72@0.8079342} 
Fri Nov 14 22:11:34 EST 2014 , 4 , 2 , 2 , 150498 : { BUY 2795.77@0.80470892} 150497 : { BUY 2795.77@0.80470892} 150496 : { SELL 22107.72@0.8079342} 150495 : { SELL 22107.72@0.8079342} 
Fri Nov 14 22:14:35 EST 2014 , 4 , 2 , 2 , 150498 : { BUY 2795.77@0.80470892} 150497 : { BUY 2795.77@0.80470892} 150496 : { SELL 22107.72@0.8079342} 150495 : { SELL 22107.72@0.8079342} 
Fri Nov 14 22:17:36 EST 2014 , 4 , 2 , 2 , 150498 : { BUY 2795.77@0.80470892} 150497 : { BUY 2795.77@0.80470892} 150496 : { SELL 22107.72@0.8079342} 150495 : { SELL 22107.72@0.8079342} 
Fri Nov 14 22:20:37 EST 2014 , 4 , 2 , 2 , 150498 : { BUY 2795.77@0.80470892} 150497 : { BUY 2795.77@0.80470892} 150496 : { SELL 22107.72@0.8079342} 150495 : { SELL 22107.72@0.8079342} 
Fri Nov 14 22:23:38 EST 2014 , 4 , 2 , 2 , 150498 : { BUY 2795.77@0.80470892} 150497 : { BUY 2795.77@0.80470892} 150496 : { SELL 22107.72@0.8079342} 150495 : { SELL 22107.72@0.8079342} 
Fri Nov 14 22:26:40 EST 2014 , 4 , 2 , 2 , 150498 : { BUY 2795.77@0.80470892} 150497 : { BUY 2795.77@0.80470892} 150496 : { SELL 22107.72@0.8079342} 150495 : { SELL 22107.72@0.8079342} 
Fri Nov 14 22:29:40 EST 2014 , 4 , 2 , 2 , 150498 : { BUY 2795.77@0.80470892} 150497 : { BUY 2795.77@0.80470892} 150496 : { SELL 22107.72@0.8079342} 150495 : { SELL 22107.72@0.8079342} 
Fri Nov 14 22:32:41 EST 2014 , 4 , 2 , 2 , 150498 : { BUY 2795.77@0.80470892} 150497 : { BUY 2795.77@0.80470892} 150496 : { SELL 22107.72@0.8079342} 150495 : { SELL 22107.72@0.8079342} 
Fri Nov 14 22:35:42 EST 2014 , 4 , 2 , 2 , 150498 : { BUY 2795.77@0.80470892} 150497 : { BUY 2795.77@0.80470892} 150496 : { SELL 22107.72@0.8079342} 150495 : { SELL 22107.72@0.8079342} 
Fri Nov 14 22:38:43 EST 2014 , 4 , 2 , 2 , 150498 : { BUY 2795.77@0.80470892} 150497 : { BUY 2795.77@0.80470892} 150496 : { SELL 22107.72@0.8079342} 150495 : { SELL 22107.72@0.8079342} 
Fri Nov 14 22:41:44 EST 2014 , 4 , 2 , 2 , 150498 : { BUY 2795.77@0.80470892} 150497 : { BUY 2795.77@0.80470892} 150496 : { SELL 22107.72@0.8079342} 150495 : { SELL 22107.72@0.8079342} 
Fri Nov 14 22:44:45 EST 2014 , 4 , 2 , 2 , 150498 : { BUY 2795.77@0.80470892} 150497 : { BUY 2795.77@0.80470892} 150496 : { SELL 22107.72@0.8079342} 150495 : { SELL 22107.72@0.8079342} 
Fri Nov 14 22:47:46 EST 2014 , 4 , 2 , 2 , 150498 : { BUY 2795.77@0.80470892} 150497 : { BUY 2795.77@0.80470892} 150496 : { SELL 22107.72@0.8079342} 150495 : { SELL 22107.72@0.8079342} 
Fri Nov 14 22:50:47 EST 2014 , 4 , 2 , 2 , 150498 : { BUY 2795.77@0.80470892} 150497 : { BUY 2795.77@0.80470892} 150496 : { SELL 22107.72@0.8079342} 150495 : { SELL 22107.72@0.8079342} 
Fri Nov 14 22:53:48 EST 2014 , 4 , 2 , 2 , 150498 : { BUY 2795.77@0.80470892} 150497 : { BUY 2795.77@0.80470892} 150496 : { SELL 22107.72@0.8079342} 150495 : { SELL 22107.72@0.8079342} 
Fri Nov 14 22:56:49 EST 2014 , 4 , 2 , 2 , 150498 : { BUY 2795.77@0.80470892} 150497 : { BUY 2795.77@0.80470892} 150496 : { SELL 22107.72@0.8079342} 150495 : { SELL 22107.72@0.8079342} 
Fri Nov 14 22:59:50 EST 2014 , 4 , 2 , 2 , 150498 : { BUY 2795.77@0.80470892} 150497 : { BUY 2795.77@0.80470892} 150496 : { SELL 22107.72@0.8079342} 150495 : { SELL 22107.72@0.8079342} 
Fri Nov 14 23:02:51 EST 2014 , 4 , 2 , 2 , 150498 : { BUY 2795.77@0.80470892} 150497 : { BUY 2795.77@0.80470892} 150496 : { SELL 22107.72@0.8079342} 150495 : { SELL 22107.72@0.8079342} 
Fri Nov 14 23:05:52 EST 2014 , 4 , 2 , 2 , 150498 : { BUY 2795.77@0.80470892} 150497 : { BUY 2795.77@0.80470892} 150496 : { SELL 22107.72@0.8079342} 150495 : { SELL 22107.72@0.8079342} 
Fri Nov 14 23:08:53 EST 2014 , 4 , 2 , 2 , 150498 : { BUY 2795.77@0.80470892} 150497 : { BUY 2795.77@0.80470892} 150496 : { SELL 22107.72@0.8079342} 150495 : { SELL 22107.72@0.8079342} 
Fri Nov 14 23:11:54 EST 2014 , 4 , 2 , 2 , 150498 : { BUY 2795.77@0.80470892} 150497 : { BUY 2795.77@0.80470892} 150496 : { SELL 22107.72@0.8079342} 150495 : { SELL 22107.72@0.8079342} 
Fri Nov 14 23:14:55 EST 2014 , 4 , 2 , 2 , 150498 : { BUY 2795.77@0.80470892} 150497 : { BUY 2795.77@0.80470892} 150496 : { SELL 22107.72@0.8079342} 150495 : { SELL 22107.72@0.8079342} 
Fri Nov 14 23:17:56 EST 2014 , 4 , 2 , 2 , 150498 : { BUY 2795.77@0.80470892} 150497 : { BUY 2795.77@0.80470892} 150496 : { SELL 22107.72@0.8079342} 150495 : { SELL 22107.72@0.8079342} 
Fri Nov 14 23:20:57 EST 2014 , 4 , 2 , 2 , 150498 : { BUY 2795.77@0.80470892} 150497 : { BUY 2795.77@0.80470892} 150496 : { SELL 22107.72@0.8079342} 150495 : { SELL 22107.72@0.8079342} 
Fri Nov 14 23:23:58 EST 2014 , 4 , 2 , 2 , 150498 : { BUY 2795.77@0.80470892} 150497 : { BUY 2795.77@0.80470892} 150496 : { SELL 22107.72@0.8079342} 150495 : { SELL 22107.72@0.8079342} 
Fri Nov 14 23:26:59 EST 2014 , 4 , 2 , 2 , 150498 : { BUY 2795.77@0.80470892} 150497 : { BUY 2795.77@0.80470892} 150496 : { SELL 22107.72@0.8079342} 150495 : { SELL 22107.72@0.8079342} 
Fri Nov 14 23:30:00 EST 2014 , 4 , 2 , 2 , 150498 : { BUY 2795.77@0.80470892} 150497 : { BUY 2795.77@0.80470892} 150496 : { SELL 22107.72@0.8079342} 150495 : { SELL 22107.72@0.8079342} 
Fri Nov 14 23:33:01 EST 2014 , 4 , 2 , 2 , 150498 : { BUY 2795.77@0.80470892} 150497 : { BUY 2795.77@0.80470892} 150496 : { SELL 22107.72@0.8079342} 150495 : { SELL 22107.72@0.8079342} 
Fri Nov 14 23:36:02 EST 2014 , 4 , 2 , 2 , 150498 : { BUY 2795.77@0.80470892} 150497 : { BUY 2795.77@0.80470892} 150496 : { SELL 22107.72@0.8079342} 150495 : { SELL 22107.72@0.8079342} 
Fri Nov 14 23:39:03 EST 2014 , 4 , 2 , 2 , 150498 : { BUY 2795.77@0.80470892} 150497 : { BUY 2795.77@0.80470892} 150496 : { SELL 22107.72@0.8079342} 150495 : { SELL 22107.72@0.8079342} 
Fri Nov 14 23:42:04 EST 2014 , 4 , 2 , 2 , 150498 : { BUY 2795.77@0.80470892} 150497 : { BUY 2795.77@0.80470892} 150496 : { SELL 22107.72@0.8079342} 150495 : { SELL 22107.72@0.8079342} 
Fri Nov 14 23:45:05 EST 2014 , 4 , 2 , 2 , 150498 : { BUY 2795.77@0.80470892} 150497 : { BUY 2795.77@0.80470892} 150496 : { SELL 22107.72@0.8079342} 150495 : { SELL 22107.72@0.8079342} 
Fri Nov 14 23:48:06 EST 2014 , 4 , 2 , 2 , 150498 : { BUY 2795.77@0.80470892} 150497 : { BUY 2795.77@0.80470892} 150496 : { SELL 22107.72@0.8079342} 150495 : { SELL 22107.72@0.8079342} 
Fri Nov 14 23:51:07 EST 2014 , 4 , 2 , 2 , 150498 : { BUY 2795.77@0.80470892} 150497 : { BUY 2795.77@0.80470892} 150496 : { SELL 22107.72@0.8079342} 150495 : { SELL 22107.72@0.8079342} 
Fri Nov 14 23:54:08 EST 2014 , 4 , 2 , 2 , 150498 : { BUY 2795.77@0.80470892} 150497 : { BUY 2795.77@0.80470892} 150496 : { SELL 22107.72@0.8079342} 150495 : { SELL 22107.72@0.8079342} 
Fri Nov 14 23:57:09 EST 2014 , 4 , 2 , 2 , 150498 : { BUY 2795.77@0.80470892} 150497 : { BUY 2795.77@0.80470892} 150496 : { SELL 22107.72@0.8079342} 150495 : { SELL 22107.72@0.8079342} 
Sat Nov 15 00:00:10 EST 2014 , 4 , 2 , 2 , 150498 : { BUY 2795.77@0.80470892} 150497 : { BUY 2795.77@0.80470892} 150496 : { SELL 22107.72@0.8079342} 150495 : { SELL 22107.72@0.8079342} 
Sat Nov 15 00:03:11 EST 2014 , 4 , 2 , 2 , 150498 : { BUY 2795.77@0.80470892} 150497 : { BUY 2795.77@0.80470892} 150496 : { SELL 22107.72@0.8079342} 150495 : { SELL 22107.72@0.8079342} 
Sat Nov 15 00:06:12 EST 2014 , 4 , 2 , 2 , 150498 : { BUY 2795.77@0.80470892} 150497 : { BUY 2795.77@0.80470892} 150496 : { SELL 22107.72@0.8079342} 150495 : { SELL 22107.72@0.8079342} 
Sat Nov 15 00:09:13 EST 2014 , 4 , 2 , 2 , 150498 : { BUY 2795.77@0.80470892} 150497 : { BUY 2795.77@0.80470892} 150496 : { SELL 22107.72@0.8079342} 150495 : { SELL 22107.72@0.8079342} 
Sat Nov 15 00:12:14 EST 2014 , 4 , 2 , 2 , 150498 : { BUY 2795.77@0.80470892} 150497 : { BUY 2795.77@0.80470892} 150496 : { SELL 22107.72@0.8079342} 150495 : { SELL 22107.72@0.8079342} 
Sat Nov 15 00:15:15 EST 2014 , 4 , 2 , 2 , 150498 : { BUY 2795.77@0.80470892} 150497 : { BUY 2795.77@0.80470892} 150496 : { SELL 22107.72@0.8079342} 150495 : { SELL 22107.72@0.8079342} 
Sat Nov 15 00:18:16 EST 2014 , 4 , 2 , 2 , 150498 : { BUY 2795.77@0.80470892} 150497 : { BUY 2795.77@0.80470892} 150496 : { SELL 22107.72@0.8079342} 150495 : { SELL 22107.72@0.8079342} 
Sat Nov 15 00:21:17 EST 2014 , 4 , 2 , 2 , 150498 : { BUY 2795.77@0.80470892} 150497 : { BUY 2795.77@0.80470892} 150496 : { SELL 22107.72@0.8079342} 150495 : { SELL 22107.72@0.8079342} 
Sat Nov 15 00:24:18 EST 2014 , 4 , 2 , 2 , 150498 : { BUY 2795.77@0.80470892} 150497 : { BUY 2795.77@0.80470892} 150496 : { SELL 22107.72@0.8079342} 150495 : { SELL 22107.72@0.8079342} 
Sat Nov 15 00:27:19 EST 2014 , 4 , 2 , 2 , 150498 : { BUY 2795.77@0.80470892} 150497 : { BUY 2795.77@0.80470892} 150496 : { SELL 22107.72@0.8079342} 150495 : { SELL 22107.72@0.8079342} 
Sat Nov 15 00:30:20 EST 2014 , 4 , 2 , 2 , 150498 : { BUY 2795.77@0.80470892} 150497 : { BUY 2795.77@0.80470892} 150496 : { SELL 22107.72@0.8079342} 150495 : { SELL 22107.72@0.8079342} 
Sat Nov 15 00:33:21 EST 2014 , 4 , 2 , 2 , 150498 : { BUY 2795.77@0.80470892} 150497 : { BUY 2795.77@0.80470892} 150496 : { SELL 22107.72@0.8079342} 150495 : { SELL 22107.72@0.8079342} 
Sat Nov 15 00:36:22 EST 2014 , 4 , 2 , 2 , 150498 : { BUY 2795.77@0.80470892} 150497 : { BUY 2795.77@0.80470892} 150496 : { SELL 22107.72@0.8079342} 150495 : { SELL 22107.72@0.8079342} 
Sat Nov 15 00:39:23 EST 2014 , 4 , 2 , 2 , 150498 : { BUY 2795.77@0.80470892} 150497 : { BUY 2795.77@0.80470892} 150496 : { SELL 22107.72@0.8079342} 150495 : { SELL 22107.72@0.8079342} 
Sat Nov 15 00:42:24 EST 2014 , 4 , 2 , 2 , 150498 : { BUY 2795.77@0.80470892} 150497 : { BUY 2795.77@0.80470892} 150496 : { SELL 22107.72@0.8079342} 150495 : { SELL 22107.72@0.8079342} 
Sat Nov 15 00:45:25 EST 2014 , 4 , 2 , 2 , 150498 : { BUY 2795.77@0.80470892} 150497 : { BUY 2795.77@0.80470892} 150496 : { SELL 22107.72@0.8079342} 150495 : { SELL 22107.72@0.8079342} 
Sat Nov 15 00:48:26 EST 2014 , 4 , 2 , 2 , 150498 : { BUY 2795.77@0.80470892} 150497 : { BUY 2795.77@0.80470892} 150496 : { SELL 22107.72@0.8079342} 150495 : { SELL 22107.72@0.8079342} 
Sat Nov 15 00:51:27 EST 2014 , 4 , 2 , 2 , 150498 : { BUY 2795.77@0.80470892} 150497 : { BUY 2795.77@0.80470892} 150496 : { SELL 22107.72@0.8079342} 150495 : { SELL 22107.72@0.8079342} 
Sat Nov 15 00:54:28 EST 2014 , 4 , 2 , 2 , 150498 : { BUY 2795.77@0.80470892} 150497 : { BUY 2795.77@0.80470892} 150496 : { SELL 22107.72@0.8079342} 150495 : { SELL 22107.72@0.8079342} 
Sat Nov 15 00:57:29 EST 2014 , 4 , 2 , 2 , 150498 : { BUY 2795.77@0.80470892} 150497 : { BUY 2795.77@0.80470892} 150496 : { SELL 22107.72@0.8079342} 150495 : { SELL 22107.72@0.8079342} 
Sat Nov 15 01:00:30 EST 2014 , 4 , 2 , 2 , 150498 : { BUY 2795.77@0.80470892} 150497 : { BUY 2795.77@0.80470892} 150496 : { SELL 22107.72@0.8079342} 150495 : { SELL 22107.72@0.8079342} 
Sat Nov 15 01:03:31 EST 2014 , 4 , 2 , 2 , 150498 : { BUY 2795.77@0.80470892} 150497 : { BUY 2795.77@0.80470892} 150496 : { SELL 22107.72@0.8079342} 150495 : { SELL 22107.72@0.8079342} 
Sat Nov 15 01:06:32 EST 2014 , 4 , 2 , 2 , 150498 : { BUY 2795.77@0.80470892} 150497 : { BUY 2795.77@0.80470892} 150496 : { SELL 22107.72@0.8079342} 150495 : { SELL 22107.72@0.8079342} 
Sat Nov 15 01:09:33 EST 2014 , 4 , 2 , 2 , 150498 : { BUY 2795.77@0.80470892} 150497 : { BUY 2795.77@0.80470892} 150496 : { SELL 22107.72@0.8079342} 150495 : { SELL 22107.72@0.8079342} 
Sat Nov 15 01:12:34 EST 2014 , 4 , 2 , 2 , 150498 : { BUY 2795.77@0.80470892} 150497 : { BUY 2795.77@0.80470892} 150496 : { SELL 22107.72@0.8079342} 150495 : { SELL 22107.72@0.8079342} 
Sat Nov 15 01:15:35 EST 2014 , 4 , 2 , 2 , 150498 : { BUY 2795.77@0.80470892} 150497 : { BUY 2795.77@0.80470892} 150496 : { SELL 22107.72@0.8079342} 150495 : { SELL 22107.72@0.8079342} 
Sat Nov 15 01:18:36 EST 2014 , 4 , 2 , 2 , 150498 : { BUY 2795.77@0.80470892} 150497 : { BUY 2795.77@0.80470892} 150496 : { SELL 22107.72@0.8079342} 150495 : { SELL 22107.72@0.8079342} 
Sat Nov 15 01:21:37 EST 2014 , 4 , 2 , 2 , 150498 : { BUY 2795.77@0.80470892} 150497 : { BUY 2795.77@0.80470892} 150496 : { SELL 22107.72@0.8079342} 150495 : { SELL 22107.72@0.8079342} 
Sat Nov 15 01:24:38 EST 2014 , 4 , 2 , 2 , 150498 : { BUY 2795.77@0.80470892} 150497 : { BUY 2795.77@0.80470892} 150496 : { SELL 22107.72@0.8079342} 150495 : { SELL 22107.72@0.8079342} 
Sat Nov 15 01:27:39 EST 2014 , 4 , 2 , 2 , 150498 : { BUY 2795.77@0.80470892} 150497 : { BUY 2795.77@0.80470892} 150496 : { SELL 22107.72@0.8079342} 150495 : { SELL 22107.72@0.8079342} 
Sat Nov 15 01:30:40 EST 2014 , 4 , 2 , 2 , 150498 : { BUY 2795.77@0.80470892} 150497 : { BUY 2795.77@0.80470892} 150496 : { SELL 22107.72@0.8079342} 150495 : { SELL 22107.72@0.8079342} 
Sat Nov 15 01:33:41 EST 2014 , 4 , 2 , 2 , 150498 : { BUY 2795.77@0.80470892} 150497 : { BUY 2795.77@0.80470892} 150496 : { SELL 22107.72@0.8079342} 150495 : { SELL 22107.72@0.8079342} 
Sat Nov 15 01:36:42 EST 2014 , 4 , 2 , 2 , 150498 : { BUY 2795.77@0.80470892} 150497 : { BUY 2795.77@0.80470892} 150496 : { SELL 22107.72@0.8079342} 150495 : { SELL 22107.72@0.8079342} 
Sat Nov 15 01:39:43 EST 2014 , 4 , 2 , 2 , 150498 : { BUY 2795.77@0.80470892} 150497 : { BUY 2795.77@0.80470892} 150496 : { SELL 22107.72@0.8079342} 150495 : { SELL 22107.72@0.8079342} 
Sat Nov 15 01:42:44 EST 2014 , 4 , 2 , 2 , 150498 : { BUY 2795.77@0.80470892} 150497 : { BUY 2795.77@0.80470892} 150496 : { SELL 22107.72@0.8079342} 150495 : { SELL 22107.72@0.8079342} 
Sat Nov 15 01:45:45 EST 2014 , 4 , 2 , 2 , 150498 : { BUY 2795.77@0.80470892} 150497 : { BUY 2795.77@0.80470892} 150496 : { SELL 22107.72@0.8079342} 150495 : { SELL 22107.72@0.8079342} 
Sat Nov 15 01:48:46 EST 2014 , 4 , 2 , 2 , 150498 : { BUY 2795.77@0.80470892} 150497 : { BUY 2795.77@0.80470892} 150496 : { SELL 22107.72@0.8079342} 150495 : { SELL 22107.72@0.8079342} 
Sat Nov 15 01:51:47 EST 2014 , 4 , 2 , 2 , 150498 : { BUY 2795.77@0.80470892} 150497 : { BUY 2795.77@0.80470892} 150496 : { SELL 22107.72@0.8079342} 150495 : { SELL 22107.72@0.8079342} 
Sat Nov 15 01:54:48 EST 2014 , 4 , 2 , 2 , 150498 : { BUY 2795.77@0.80470892} 150497 : { BUY 2795.77@0.80470892} 150496 : { SELL 22107.72@0.8079342} 150495 : { SELL 22107.72@0.8079342} 
Sat Nov 15 01:57:49 EST 2014 , 4 , 2 , 2 , 150498 : { BUY 2795.77@0.80470892} 150497 : { BUY 2795.77@0.80470892} 150496 : { SELL 22107.72@0.8079342} 150495 : { SELL 22107.72@0.8079342} 
Sat Nov 15 02:00:50 EST 2014 , 4 , 2 , 2 , 150498 : { BUY 2795.77@0.80470892} 150497 : { BUY 2795.77@0.80470892} 150496 : { SELL 22107.72@0.8079342} 150495 : { SELL 22107.72@0.8079342} 
Sat Nov 15 02:03:51 EST 2014 , 4 , 2 , 2 , 150498 : { BUY 2795.77@0.80470892} 150497 : { BUY 2795.77@0.80470892} 150496 : { SELL 22107.72@0.8079342} 150495 : { SELL 22107.72@0.8079342} 
Sat Nov 15 02:06:52 EST 2014 , 4 , 2 , 2 , 150498 : { BUY 2795.77@0.80470892} 150497 : { BUY 2795.77@0.80470892} 150496 : { SELL 22107.72@0.8079342} 150495 : { SELL 22107.72@0.8079342} 
Sat Nov 15 02:09:53 EST 2014 , 4 , 2 , 2 , 150498 : { BUY 2795.77@0.80470892} 150497 : { BUY 2795.77@0.80470892} 150496 : { SELL 22107.72@0.8079342} 150495 : { SELL 22107.72@0.8079342} 
Sat Nov 15 02:12:54 EST 2014 , 4 , 2 , 2 , 150498 : { BUY 2795.77@0.80470892} 150497 : { BUY 2795.77@0.80470892} 150496 : { SELL 22107.72@0.8079342} 150495 : { SELL 22107.72@0.8079342} 
Sat Nov 15 02:15:55 EST 2014 , 4 , 2 , 2 , 150498 : { BUY 2795.77@0.80470892} 150497 : { BUY 2795.77@0.80470892} 150496 : { SELL 22107.72@0.8079342} 150495 : { SELL 22107.72@0.8079342} 
Sat Nov 15 02:18:56 EST 2014 , 4 , 2 , 2 , 150498 : { BUY 2795.77@0.80470892} 150497 : { BUY 2795.77@0.80470892} 150496 : { SELL 22107.72@0.8079342} 150495 : { SELL 22107.72@0.8079342} 
Sat Nov 15 02:21:57 EST 2014 , 4 , 2 , 2 , 150498 : { BUY 2795.77@0.80470892} 150497 : { BUY 2795.77@0.80470892} 150496 : { SELL 22107.72@0.8079342} 150495 : { SELL 22107.72@0.8079342} 
Sat Nov 15 02:24:58 EST 2014 , 4 , 2 , 2 , 150498 : { BUY 2795.77@0.80470892} 150497 : { BUY 2795.77@0.80470892} 150496 : { SELL 22107.72@0.8079342} 150495 : { SELL 22107.72@0.8079342} 
Sat Nov 15 02:27:59 EST 2014 , 4 , 2 , 2 , 150498 : { BUY 2795.77@0.80470892} 150497 : { BUY 2795.77@0.80470892} 150496 : { SELL 22107.72@0.8079342} 150495 : { SELL 22107.72@0.8079342} 
Sat Nov 15 02:31:00 EST 2014 , 4 , 2 , 2 , 150498 : { BUY 2795.77@0.80470892} 150497 : { BUY 2795.77@0.80470892} 150496 : { SELL 22107.72@0.8079342} 150495 : { SELL 22107.72@0.8079342} 
Sat Nov 15 02:34:01 EST 2014 , 4 , 2 , 2 , 150498 : { BUY 2795.77@0.80470892} 150497 : { BUY 2795.77@0.80470892} 150496 : { SELL 22107.72@0.8079342} 150495 : { SELL 22107.72@0.8079342} 
Sat Nov 15 02:37:02 EST 2014 , 4 , 2 , 2 , 150498 : { BUY 2795.77@0.80470892} 150497 : { BUY 2795.77@0.80470892} 150496 : { SELL 22107.72@0.8079342} 150495 : { SELL 22107.72@0.8079342} 
Sat Nov 15 02:40:03 EST 2014 , 4 , 2 , 2 , 150498 : { BUY 2795.77@0.80470892} 150497 : { BUY 2795.77@0.80470892} 150496 : { SELL 22107.72@0.8079342} 150495 : { SELL 22107.72@0.8079342} 
Sat Nov 15 02:43:04 EST 2014 , 4 , 2 , 2 , 150498 : { BUY 2795.77@0.80470892} 150497 : { BUY 2795.77@0.80470892} 150496 : { SELL 22107.72@0.8079342} 150495 : { SELL 22107.72@0.8079342} 
Sat Nov 15 02:46:05 EST 2014 , 4 , 2 , 2 , 150498 : { BUY 2795.77@0.80470892} 150497 : { BUY 2795.77@0.80470892} 150496 : { SELL 22107.72@0.8079342} 150495 : { SELL 22107.72@0.8079342} 
Sat Nov 15 02:49:06 EST 2014 , 4 , 2 , 2 , 150498 : { BUY 2795.77@0.80470892} 150497 : { BUY 2795.77@0.80470892} 150496 : { SELL 22107.72@0.8079342} 150495 : { SELL 22107.72@0.8079342} 
Sat Nov 15 02:52:07 EST 2014 , 4 , 2 , 2 , 150498 : { BUY 2795.77@0.80470892} 150497 : { BUY 2795.77@0.80470892} 150496 : { SELL 22107.72@0.8079342} 150495 : { SELL 22107.72@0.8079342} 
Sat Nov 15 02:55:08 EST 2014 , 4 , 2 , 2 , 150498 : { BUY 2795.77@0.80470892} 150497 : { BUY 2795.77@0.80470892} 150496 : { SELL 22107.72@0.8079342} 150495 : { SELL 22107.72@0.8079342} 
Sat Nov 15 02:58:09 EST 2014 , 4 , 2 , 2 , 150498 : { BUY 2795.77@0.80470892} 150497 : { BUY 2795.77@0.80470892} 150496 : { SELL 22107.72@0.8079342} 150495 : { SELL 22107.72@0.8079342} 
Sat Nov 15 03:01:10 EST 2014 , 4 , 2 , 2 , 150498 : { BUY 2795.77@0.80470892} 150497 : { BUY 2795.77@0.80470892} 150496 : { SELL 22107.72@0.8079342} 150495 : { SELL 22107.72@0.8079342} 
Sat Nov 15 03:04:11 EST 2014 , 4 , 2 , 2 , 150498 : { BUY 2795.77@0.80470892} 150497 : { BUY 2795.77@0.80470892} 150496 : { SELL 22107.72@0.8079342} 150495 : { SELL 22107.72@0.8079342} 
Sat Nov 15 03:07:12 EST 2014 , 4 , 2 , 2 , 150498 : { BUY 2795.77@0.80470892} 150497 : { BUY 2795.77@0.80470892} 150496 : { SELL 22107.72@0.8079342} 150495 : { SELL 22107.72@0.8079342} 
Sat Nov 15 03:10:13 EST 2014 , 4 , 2 , 2 , 150498 : { BUY 2795.77@0.80470892} 150497 : { BUY 2795.77@0.80470892} 150496 : { SELL 22107.72@0.8079342} 150495 : { SELL 22107.72@0.8079342} 
Sat Nov 15 03:13:14 EST 2014 , 4 , 2 , 2 , 150498 : { BUY 2795.77@0.80470892} 150497 : { BUY 2795.77@0.80470892} 150496 : { SELL 22107.72@0.8079342} 150495 : { SELL 22107.72@0.8079342} 
Sat Nov 15 03:16:15 EST 2014 , 4 , 2 , 2 , 150498 : { BUY 2795.77@0.80470892} 150497 : { BUY 2795.77@0.80470892} 150496 : { SELL 22107.72@0.8079342} 150495 : { SELL 22107.72@0.8079342} 
Sat Nov 15 03:19:16 EST 2014 , 4 , 2 , 2 , 150498 : { BUY 2795.77@0.80470892} 150497 : { BUY 2795.77@0.80470892} 150496 : { SELL 22107.72@0.8079342} 150495 : { SELL 22107.72@0.8079342} 
Sat Nov 15 03:22:17 EST 2014 , 4 , 2 , 2 , 150498 : { BUY 2795.77@0.80470892} 150497 : { BUY 2795.77@0.80470892} 150496 : { SELL 22107.72@0.8079342} 150495 : { SELL 22107.72@0.8079342} 
Sat Nov 15 03:25:18 EST 2014 , 4 , 2 , 2 , 150498 : { BUY 2795.77@0.80470892} 150497 : { BUY 2795.77@0.80470892} 150496 : { SELL 22107.72@0.8079342} 150495 : { SELL 22107.72@0.8079342} 
Sat Nov 15 03:28:20 EST 2014 , 4 , 2 , 2 , 150498 : { BUY 2795.77@0.80470892} 150497 : { BUY 2795.77@0.80470892} 150496 : { SELL 22107.72@0.8079342} 150495 : { SELL 22107.72@0.8079342} 
Sat Nov 15 03:31:20 EST 2014 , 4 , 2 , 2 , 150498 : { BUY 2795.77@0.80470892} 150497 : { BUY 2795.77@0.80470892} 150496 : { SELL 22107.72@0.8079342} 150495 : { SELL 22107.72@0.8079342} 
Sat Nov 15 03:34:21 EST 2014 , 4 , 2 , 2 , 150498 : { BUY 2795.77@0.80470892} 150497 : { BUY 2795.77@0.80470892} 150496 : { SELL 22107.72@0.8079342} 150495 : { SELL 22107.72@0.8079342} 
Sat Nov 15 03:37:22 EST 2014 , 4 , 2 , 2 , 150498 : { BUY 2795.77@0.80470892} 150497 : { BUY 2795.77@0.80470892} 150496 : { SELL 22107.72@0.8079342} 150495 : { SELL 22107.72@0.8079342} 
Sat Nov 15 03:40:23 EST 2014 , 4 , 2 , 2 , 150498 : { BUY 2795.77@0.80470892} 150497 : { BUY 2795.77@0.80470892} 150496 : { SELL 22107.72@0.8079342} 150495 : { SELL 22107.72@0.8079342} 
Sat Nov 15 03:43:24 EST 2014 , 4 , 2 , 2 , 150498 : { BUY 2795.77@0.80470892} 150497 : { BUY 2795.77@0.80470892} 150496 : { SELL 22107.72@0.8079342} 150495 : { SELL 22107.72@0.8079342} 
Sat Nov 15 03:46:25 EST 2014 , 4 , 2 , 2 , 150498 : { BUY 2795.77@0.80470892} 150497 : { BUY 2795.77@0.80470892} 150496 : { SELL 22107.72@0.8079342} 150495 : { SELL 22107.72@0.8079342} 
Sat Nov 15 03:49:26 EST 2014 , 4 , 2 , 2 , 150498 : { BUY 2795.77@0.80470892} 150497 : { BUY 2795.77@0.80470892} 150496 : { SELL 22107.72@0.8079342} 150495 : { SELL 22107.72@0.8079342} 
Sat Nov 15 03:52:27 EST 2014 , 4 , 2 , 2 , 150498 : { BUY 2795.77@0.80470892} 150497 : { BUY 2795.77@0.80470892} 150496 : { SELL 22107.72@0.8079342} 150495 : { SELL 22107.72@0.8079342} 
Sat Nov 15 03:55:28 EST 2014 , 4 , 2 , 2 , 150498 : { BUY 2795.77@0.80470892} 150497 : { BUY 2795.77@0.80470892} 150496 : { SELL 22107.72@0.8079342} 150495 : { SELL 22107.72@0.8079342} 
Sat Nov 15 03:58:29 EST 2014 , 4 , 2 , 2 , 150498 : { BUY 2795.77@0.80470892} 150497 : { BUY 2795.77@0.80470892} 150496 : { SELL 22107.72@0.8079342} 150495 : { SELL 22107.72@0.8079342} 
Sat Nov 15 04:01:30 EST 2014 , 4 , 2 , 2 , 150498 : { BUY 2795.77@0.80470892} 150497 : { BUY 2795.77@0.80470892} 150496 : { SELL 22107.72@0.8079342} 150495 : { SELL 22107.72@0.8079342} 
Sat Nov 15 04:04:31 EST 2014 , 4 , 2 , 2 , 150498 : { BUY 2795.77@0.80470892} 150497 : { BUY 2795.77@0.80470892} 150496 : { SELL 22107.72@0.8079342} 150495 : { SELL 22107.72@0.8079342} 
Sat Nov 15 04:07:32 EST 2014 , 4 , 2 , 2 , 150498 : { BUY 2795.77@0.80470892} 150497 : { BUY 2795.77@0.80470892} 150496 : { SELL 22107.72@0.8079342} 150495 : { SELL 22107.72@0.8079342} 
Sat Nov 15 04:10:33 EST 2014 , 4 , 2 , 2 , 150498 : { BUY 2795.77@0.80470892} 150497 : { BUY 2795.77@0.80470892} 150496 : { SELL 22107.72@0.8079342} 150495 : { SELL 22107.72@0.8079342} 
Sat Nov 15 04:13:34 EST 2014 , 4 , 2 , 2 , 150498 : { BUY 2795.77@0.80470892} 150497 : { BUY 2795.77@0.80470892} 150496 : { SELL 22107.72@0.8079342} 150495 : { SELL 22107.72@0.8079342} 
Sat Nov 15 04:16:35 EST 2014 , 4 , 2 , 2 , 150498 : { BUY 2795.77@0.80470892} 150497 : { BUY 2795.77@0.80470892} 150496 : { SELL 22107.72@0.8079342} 150495 : { SELL 22107.72@0.8079342} 
Sat Nov 15 04:19:36 EST 2014 , 4 , 2 , 2 , 150498 : { BUY 2795.77@0.80470892} 150497 : { BUY 2795.77@0.80470892} 150496 : { SELL 22107.72@0.8079342} 150495 : { SELL 22107.72@0.8079342} 
Sat Nov 15 04:22:37 EST 2014 , 4 , 2 , 2 , 150498 : { BUY 2795.77@0.80470892} 150497 : { BUY 2795.77@0.80470892} 150496 : { SELL 22107.72@0.8079342} 150495 : { SELL 22107.72@0.8079342} 
Sat Nov 15 04:25:38 EST 2014 , 4 , 2 , 2 , 150498 : { BUY 2795.77@0.80470892} 150497 : { BUY 2795.77@0.80470892} 150496 : { SELL 22107.72@0.8079342} 150495 : { SELL 22107.72@0.8079342} 
Sat Nov 15 04:28:39 EST 2014 , 4 , 2 , 2 , 150498 : { BUY 2795.77@0.80470892} 150497 : { BUY 2795.77@0.80470892} 150496 : { SELL 22107.72@0.8079342} 150495 : { SELL 22107.72@0.8079342} 
Sat Nov 15 04:31:40 EST 2014 , 4 , 2 , 2 , 150498 : { BUY 2795.77@0.80470892} 150497 : { BUY 2795.77@0.80470892} 150496 : { SELL 22107.72@0.8079342} 150495 : { SELL 22107.72@0.8079342} 
Sat Nov 15 04:34:41 EST 2014 , 4 , 2 , 2 , 150498 : { BUY 2795.77@0.80470892} 150497 : { BUY 2795.77@0.80470892} 150496 : { SELL 22107.72@0.8079342} 150495 : { SELL 22107.72@0.8079342} 
Sat Nov 15 04:37:42 EST 2014 , 4 , 2 , 2 , 150498 : { BUY 2795.77@0.80470892} 150497 : { BUY 2795.77@0.80470892} 150496 : { SELL 22107.72@0.8079342} 150495 : { SELL 22107.72@0.8079342} 
Sat Nov 15 04:40:43 EST 2014 , 4 , 2 , 2 , 150498 : { BUY 2795.77@0.80470892} 150497 : { BUY 2795.77@0.80470892} 150496 : { SELL 22107.72@0.8079342} 150495 : { SELL 22107.72@0.8079342} 
Sat Nov 15 04:43:44 EST 2014 , 4 , 2 , 2 , 150498 : { BUY 2795.77@0.80470892} 150497 : { BUY 2795.77@0.80470892} 150496 : { SELL 22107.72@0.8079342} 150495 : { SELL 22107.72@0.8079342} 
Sat Nov 15 04:46:45 EST 2014 , 4 , 2 , 2 , 150498 : { BUY 2795.77@0.80470892} 150497 : { BUY 2795.77@0.80470892} 150496 : { SELL 22107.72@0.8079342} 150495 : { SELL 22107.72@0.8079342} 
Sat Nov 15 04:49:46 EST 2014 , 4 , 2 , 2 , 150498 : { BUY 2795.77@0.80470892} 150497 : { BUY 2795.77@0.80470892} 150496 : { SELL 22107.72@0.8079342} 150495 : { SELL 22107.72@0.8079342} 
Sat Nov 15 04:52:47 EST 2014 , 4 , 2 , 2 , 150498 : { BUY 2795.77@0.80470892} 150497 : { BUY 2795.77@0.80470892} 150496 : { SELL 22107.72@0.8079342} 150495 : { SELL 22107.72@0.8079342} 
Sat Nov 15 04:55:48 EST 2014 , 4 , 2 , 2 , 150498 : { BUY 2795.77@0.80470892} 150497 : { BUY 2795.77@0.80470892} 150496 : { SELL 22107.72@0.8079342} 150495 : { SELL 22107.72@0.8079342} 
Sat Nov 15 04:58:49 EST 2014 , 4 , 2 , 2 , 150498 : { BUY 2795.77@0.80470892} 150497 : { BUY 2795.77@0.80470892} 150496 : { SELL 22107.72@0.8079342} 150495 : { SELL 22107.72@0.8079342} 
Sat Nov 15 05:01:50 EST 2014 , 4 , 2 , 2 , 150498 : { BUY 2795.77@0.80470892} 150497 : { BUY 2795.77@0.80470892} 150496 : { SELL 22107.72@0.8079342} 150495 : { SELL 22107.72@0.8079342} 
Sat Nov 15 05:04:51 EST 2014 , 4 , 2 , 2 , 150498 : { BUY 2795.77@0.80470892} 150497 : { BUY 2795.77@0.80470892} 150496 : { SELL 22107.72@0.8079342} 150495 : { SELL 22107.72@0.8079342} 
Sat Nov 15 05:07:52 EST 2014 , 4 , 2 , 2 , 150498 : { BUY 2795.77@0.80470892} 150497 : { BUY 2795.77@0.80470892} 150496 : { SELL 22107.72@0.8079342} 150495 : { SELL 22107.72@0.8079342} 
Sat Nov 15 05:10:53 EST 2014 , 4 , 2 , 2 , 150498 : { BUY 2795.77@0.80470892} 150497 : { BUY 2795.77@0.80470892} 150496 : { SELL 22107.72@0.8079342} 150495 : { SELL 22107.72@0.8079342} 
Sat Nov 15 05:13:54 EST 2014 , 4 , 2 , 2 , 150498 : { BUY 2795.77@0.80470892} 150497 : { BUY 2795.77@0.80470892} 150496 : { SELL 22107.72@0.8079342} 150495 : { SELL 22107.72@0.8079342} 
Sat Nov 15 05:16:55 EST 2014 , 4 , 2 , 2 , 150498 : { BUY 2795.77@0.80470892} 150497 : { BUY 2795.77@0.80470892} 150496 : { SELL 22107.72@0.8079342} 150495 : { SELL 22107.72@0.8079342} 
Sat Nov 15 05:19:56 EST 2014 , 4 , 2 , 2 , 150498 : { BUY 2795.77@0.80470892} 150497 : { BUY 2795.77@0.80470892} 150496 : { SELL 22107.72@0.8079342} 150495 : { SELL 22107.72@0.8079342} 
Sat Nov 15 05:22:57 EST 2014 , 4 , 2 , 2 , 150498 : { BUY 2795.77@0.80470892} 150497 : { BUY 2795.77@0.80470892} 150496 : { SELL 22107.72@0.8079342} 150495 : { SELL 22107.72@0.8079342} 
Sat Nov 15 05:25:58 EST 2014 , 4 , 2 , 2 , 150498 : { BUY 2795.77@0.80470892} 150497 : { BUY 2795.77@0.80470892} 150496 : { SELL 22107.72@0.8079342} 150495 : { SELL 22107.72@0.8079342} 
Sat Nov 15 05:28:59 EST 2014 , 4 , 2 , 2 , 150498 : { BUY 2795.77@0.80470892} 150497 : { BUY 2795.77@0.80470892} 150496 : { SELL 22107.72@0.8079342} 150495 : { SELL 22107.72@0.8079342} 
Sat Nov 15 05:32:00 EST 2014 , 4 , 2 , 2 , 150498 : { BUY 2795.77@0.80470892} 150497 : { BUY 2795.77@0.80470892} 150496 : { SELL 22107.72@0.8079342} 150495 : { SELL 22107.72@0.8079342} 
Sat Nov 15 05:35:01 EST 2014 , 4 , 2 , 2 , 150498 : { BUY 2795.77@0.80470892} 150497 : { BUY 2795.77@0.80470892} 150496 : { SELL 22107.72@0.8079342} 150495 : { SELL 22107.72@0.8079342} 
Sat Nov 15 05:38:02 EST 2014 , 4 , 2 , 2 , 150498 : { BUY 2795.77@0.80470892} 150497 : { BUY 2795.77@0.80470892} 150496 : { SELL 22107.72@0.8079342} 150495 : { SELL 22107.72@0.8079342} 
Sat Nov 15 05:41:03 EST 2014 , 4 , 2 , 2 , 150498 : { BUY 2795.77@0.80470892} 150497 : { BUY 2795.77@0.80470892} 150496 : { SELL 22107.72@0.8079342} 150495 : { SELL 22107.72@0.8079342} 
Sat Nov 15 05:44:04 EST 2014 , 4 , 2 , 2 , 150498 : { BUY 2795.77@0.80470892} 150497 : { BUY 2795.77@0.80470892} 150496 : { SELL 22107.72@0.8079342} 150495 : { SELL 22107.72@0.8079342} 
Sat Nov 15 05:47:05 EST 2014 , 4 , 2 , 2 , 150498 : { BUY 2795.77@0.80470892} 150497 : { BUY 2795.77@0.80470892} 150496 : { SELL 22107.72@0.8079342} 150495 : { SELL 22107.72@0.8079342} 
Sat Nov 15 05:50:06 EST 2014 , 4 , 2 , 2 , 150498 : { BUY 2795.77@0.80470892} 150497 : { BUY 2795.77@0.80470892} 150496 : { SELL 22107.72@0.8079342} 150495 : { SELL 22107.72@0.8079342} 
Sat Nov 15 05:53:07 EST 2014 , 4 , 2 , 2 , 150498 : { BUY 2795.77@0.80470892} 150497 : { BUY 2795.77@0.80470892} 150496 : { SELL 22107.72@0.8079342} 150495 : { SELL 22107.72@0.8079342} 
Sat Nov 15 05:56:08 EST 2014 , 4 , 2 , 2 , 150498 : { BUY 2795.77@0.80470892} 150497 : { BUY 2795.77@0.80470892} 150496 : { SELL 22107.72@0.8079342} 150495 : { SELL 22107.72@0.8079342} 
Sat Nov 15 05:59:09 EST 2014 , 4 , 2 , 2 , 150498 : { BUY 2795.77@0.80470892} 150497 : { BUY 2795.77@0.80470892} 150496 : { SELL 22107.72@0.8079342} 150495 : { SELL 22107.72@0.8079342} 
Sat Nov 15 06:02:10 EST 2014 , 4 , 2 , 2 , 150498 : { BUY 2795.77@0.80470892} 150497 : { BUY 2795.77@0.80470892} 150496 : { SELL 22107.72@0.8079342} 150495 : { SELL 22107.72@0.8079342} 
Sat Nov 15 06:05:11 EST 2014 , 4 , 2 , 2 , 150498 : { BUY 2795.77@0.80470892} 150497 : { BUY 2795.77@0.80470892} 150496 : { SELL 22107.72@0.8079342} 150495 : { SELL 22107.72@0.8079342} 
Sat Nov 15 06:08:12 EST 2014 , 4 , 2 , 2 , 150498 : { BUY 2795.77@0.80470892} 150497 : { BUY 2795.77@0.80470892} 150496 : { SELL 22107.72@0.8079342} 150495 : { SELL 22107.72@0.8079342} 
Sat Nov 15 06:11:13 EST 2014 , 4 , 2 , 2 , 150498 : { BUY 2795.77@0.80470892} 150497 : { BUY 2795.77@0.80470892} 150496 : { SELL 22107.72@0.8079342} 150495 : { SELL 22107.72@0.8079342} 
Sat Nov 15 06:14:14 EST 2014 , 4 , 2 , 2 , 150498 : { BUY 2795.77@0.80470892} 150497 : { BUY 2795.77@0.80470892} 150496 : { SELL 22107.72@0.8079342} 150495 : { SELL 22107.72@0.8079342} 
Sat Nov 15 06:17:15 EST 2014 , 4 , 2 , 2 , 150498 : { BUY 2795.77@0.80470892} 150497 : { BUY 2795.77@0.80470892} 150496 : { SELL 22107.72@0.8079342} 150495 : { SELL 22107.72@0.8079342} 
Sat Nov 15 06:20:16 EST 2014 , 4 , 2 , 2 , 150498 : { BUY 2795.77@0.80470892} 150497 : { BUY 2795.77@0.80470892} 150496 : { SELL 22107.72@0.8079342} 150495 : { SELL 22107.72@0.8079342} 
Sat Nov 15 06:23:17 EST 2014 , 4 , 2 , 2 , 150498 : { BUY 2795.77@0.80470892} 150497 : { BUY 2795.77@0.80470892} 150496 : { SELL 22107.72@0.8079342} 150495 : { SELL 22107.72@0.8079342} 
Sat Nov 15 06:26:18 EST 2014 , 4 , 2 , 2 , 150498 : { BUY 2795.77@0.80470892} 150497 : { BUY 2795.77@0.80470892} 150496 : { SELL 22107.72@0.8079342} 150495 : { SELL 22107.72@0.8079342} 
Sat Nov 15 06:29:19 EST 2014 , 4 , 2 , 2 , 150498 : { BUY 2795.77@0.80470892} 150497 : { BUY 2795.77@0.80470892} 150496 : { SELL 22107.72@0.8079342} 150495 : { SELL 22107.72@0.8079342} 
Sat Nov 15 06:32:20 EST 2014 , 4 , 2 , 2 , 150498 : { BUY 2795.77@0.80470892} 150497 : { BUY 2795.77@0.80470892} 150496 : { SELL 22107.72@0.8079342} 150495 : { SELL 22107.72@0.8079342} 
Sat Nov 15 06:35:21 EST 2014 , 4 , 2 , 2 , 150498 : { BUY 2795.77@0.80470892} 150497 : { BUY 2795.77@0.80470892} 150496 : { SELL 22107.72@0.8079342} 150495 : { SELL 22107.72@0.8079342} 
Sat Nov 15 06:38:22 EST 2014 , 4 , 2 , 2 , 150498 : { BUY 2795.77@0.80470892} 150497 : { BUY 2795.77@0.80470892} 150496 : { SELL 22107.72@0.8079342} 150495 : { SELL 22107.72@0.8079342} 
Sat Nov 15 06:41:23 EST 2014 , 4 , 2 , 2 , 150498 : { BUY 2795.77@0.80470892} 150497 : { BUY 2795.77@0.80470892} 150496 : { SELL 22107.72@0.8079342} 150495 : { SELL 22107.72@0.8079342} 
Sat Nov 15 06:44:24 EST 2014 , 4 , 2 , 2 , 150498 : { BUY 2795.77@0.80470892} 150497 : { BUY 2795.77@0.80470892} 150496 : { SELL 22107.72@0.8079342} 150495 : { SELL 22107.72@0.8079342} 
Sat Nov 15 06:47:25 EST 2014 , 4 , 2 , 2 , 150498 : { BUY 2795.77@0.80470892} 150497 : { BUY 2795.77@0.80470892} 150496 : { SELL 22107.72@0.8079342} 150495 : { SELL 22107.72@0.8079342} 
Sat Nov 15 06:50:26 EST 2014 , 4 , 2 , 2 , 150498 : { BUY 2795.77@0.80470892} 150497 : { BUY 2795.77@0.80470892} 150496 : { SELL 22107.72@0.8079342} 150495 : { SELL 22107.72@0.8079342} 
Sat Nov 15 06:53:27 EST 2014 , 4 , 2 , 2 , 150498 : { BUY 2795.77@0.80470892} 150497 : { BUY 2795.77@0.80470892} 150496 : { SELL 22107.72@0.8079342} 150495 : { SELL 22107.72@0.8079342} 
Sat Nov 15 06:56:28 EST 2014 , 4 , 2 , 2 , 150498 : { BUY 2795.77@0.80470892} 150497 : { BUY 2795.77@0.80470892} 150496 : { SELL 22107.72@0.8079342} 150495 : { SELL 22107.72@0.8079342} 
Sat Nov 15 06:59:29 EST 2014 , 4 , 2 , 2 , 150498 : { BUY 2795.77@0.80470892} 150497 : { BUY 2795.77@0.80470892} 150496 : { SELL 22107.72@0.8079342} 150495 : { SELL 22107.72@0.8079342} 
Sat Nov 15 07:02:30 EST 2014 , 4 , 2 , 2 , 150498 : { BUY 2795.77@0.80470892} 150497 : { BUY 2795.77@0.80470892} 150496 : { SELL 22107.72@0.8079342} 150495 : { SELL 22107.72@0.8079342} 
Sat Nov 15 07:05:31 EST 2014 , 4 , 2 , 2 , 150498 : { BUY 2795.77@0.80470892} 150497 : { BUY 2795.77@0.80470892} 150496 : { SELL 22107.72@0.8079342} 150495 : { SELL 22107.72@0.8079342} 
Sat Nov 15 07:08:32 EST 2014 , 4 , 2 , 2 , 150498 : { BUY 2795.77@0.80470892} 150497 : { BUY 2795.77@0.80470892} 150496 : { SELL 22107.72@0.8079342} 150495 : { SELL 22107.72@0.8079342} 
Sat Nov 15 07:11:33 EST 2014 , 4 , 2 , 2 , 150498 : { BUY 2795.77@0.80470892} 150497 : { BUY 2795.77@0.80470892} 150496 : { SELL 22107.72@0.8079342} 150495 : { SELL 22107.72@0.8079342} 
Sat Nov 15 07:14:34 EST 2014 , 4 , 2 , 2 , 150498 : { BUY 2795.77@0.80470892} 150497 : { BUY 2795.77@0.80470892} 150496 : { SELL 22107.72@0.8079342} 150495 : { SELL 22107.72@0.8079342} 
Sat Nov 15 07:17:35 EST 2014 , 4 , 2 , 2 , 150498 : { BUY 2795.77@0.80470892} 150497 : { BUY 2795.77@0.80470892} 150496 : { SELL 22107.72@0.8079342} 150495 : { SELL 22107.72@0.8079342} 
Sat Nov 15 07:20:36 EST 2014 , 4 , 2 , 2 , 150498 : { BUY 2795.77@0.80470892} 150497 : { BUY 2795.77@0.80470892} 150496 : { SELL 22107.72@0.8079342} 150495 : { SELL 22107.72@0.8079342} 
Sat Nov 15 07:23:37 EST 2014 , 4 , 2 , 2 , 150498 : { BUY 2795.77@0.80470892} 150497 : { BUY 2795.77@0.80470892} 150496 : { SELL 22107.72@0.8079342} 150495 : { SELL 22107.72@0.8079342} 
Sat Nov 15 07:26:38 EST 2014 , 4 , 2 , 2 , 150498 : { BUY 2795.77@0.80470892} 150497 : { BUY 2795.77@0.80470892} 150496 : { SELL 22107.72@0.8079342} 150495 : { SELL 22107.72@0.8079342} 
Sat Nov 15 07:29:39 EST 2014 , 4 , 2 , 2 , 150498 : { BUY 2795.77@0.80470892} 150497 : { BUY 2795.77@0.80470892} 150496 : { SELL 22107.72@0.8079342} 150495 : { SELL 22107.72@0.8079342} 
Sat Nov 15 07:32:40 EST 2014 , 4 , 2 , 2 , 150498 : { BUY 2795.77@0.80470892} 150497 : { BUY 2795.77@0.80470892} 150496 : { SELL 22107.72@0.8079342} 150495 : { SELL 22107.72@0.8079342} 
Sat Nov 15 07:35:41 EST 2014 , 4 , 2 , 2 , 150498 : { BUY 2795.77@0.80470892} 150497 : { BUY 2795.77@0.80470892} 150496 : { SELL 22107.72@0.8079342} 150495 : { SELL 22107.72@0.8079342} 
Sat Nov 15 07:38:42 EST 2014 , 4 , 2 , 2 , 150498 : { BUY 2795.77@0.80470892} 150497 : { BUY 2795.77@0.80470892} 150496 : { SELL 22107.72@0.8079342} 150495 : { SELL 22107.72@0.8079342} 
Sat Nov 15 07:41:43 EST 2014 , 4 , 2 , 2 , 150498 : { BUY 2795.77@0.80470892} 150497 : { BUY 2795.77@0.80470892} 150496 : { SELL 22107.72@0.8079342} 150495 : { SELL 22107.72@0.8079342} 
Sat Nov 15 07:44:44 EST 2014 , 4 , 2 , 2 , 150498 : { BUY 2795.77@0.80470892} 150497 : { BUY 2795.77@0.80470892} 150496 : { SELL 22107.72@0.8079342} 150495 : { SELL 22107.72@0.8079342} 
Sat Nov 15 07:47:45 EST 2014 , 4 , 2 , 2 , 150498 : { BUY 2795.77@0.80470892} 150497 : { BUY 2795.77@0.80470892} 150496 : { SELL 22107.72@0.8079342} 150495 : { SELL 22107.72@0.8079342} 
Sat Nov 15 07:50:46 EST 2014 , 4 , 2 , 2 , 150498 : { BUY 2795.77@0.80470892} 150497 : { BUY 2795.77@0.80470892} 150496 : { SELL 22107.72@0.8079342} 150495 : { SELL 22107.72@0.8079342} 
Sat Nov 15 07:53:47 EST 2014 , 4 , 2 , 2 , 150498 : { BUY 2795.77@0.80470892} 150497 : { BUY 2795.77@0.80470892} 150496 : { SELL 22107.72@0.8079342} 150495 : { SELL 22107.72@0.8079342} 
Sat Nov 15 07:56:48 EST 2014 , 4 , 2 , 2 , 150498 : { BUY 2795.77@0.80470892} 150497 : { BUY 2795.77@0.80470892} 150496 : { SELL 22107.72@0.8079342} 150495 : { SELL 22107.72@0.8079342} 
Sat Nov 15 07:59:49 EST 2014 , 4 , 2 , 2 , 150498 : { BUY 2795.77@0.80470892} 150497 : { BUY 2795.77@0.80470892} 150496 : { SELL 22107.72@0.8079342} 150495 : { SELL 22107.72@0.8079342} 
Sat Nov 15 08:02:50 EST 2014 , 4 , 2 , 2 , 150498 : { BUY 2795.77@0.80470892} 150497 : { BUY 2795.77@0.80470892} 150496 : { SELL 22107.72@0.8079342} 150495 : { SELL 22107.72@0.8079342} 
Sat Nov 15 08:05:51 EST 2014 , 4 , 2 , 2 , 150498 : { BUY 2795.77@0.80470892} 150497 : { BUY 2795.77@0.80470892} 150496 : { SELL 22107.72@0.8079342} 150495 : { SELL 22107.72@0.8079342} 
Sat Nov 15 08:08:52 EST 2014 , 4 , 2 , 2 , 150498 : { BUY 2795.77@0.80470892} 150497 : { BUY 2795.77@0.80470892} 150496 : { SELL 22107.72@0.8079342} 150495 : { SELL 22107.72@0.8079342} 
Sat Nov 15 08:11:53 EST 2014 , 4 , 2 , 2 , 150498 : { BUY 2795.77@0.80470892} 150497 : { BUY 2795.77@0.80470892} 150496 : { SELL 22107.72@0.8079342} 150495 : { SELL 22107.72@0.8079342} 
Sat Nov 15 08:14:54 EST 2014 , 4 , 2 , 2 , 150498 : { BUY 2795.77@0.80470892} 150497 : { BUY 2795.77@0.80470892} 150496 : { SELL 22107.72@0.8079342} 150495 : { SELL 22107.72@0.8079342} 
Sat Nov 15 08:17:55 EST 2014 , 4 , 2 , 2 , 150498 : { BUY 2795.77@0.80470892} 150497 : { BUY 2795.77@0.80470892} 150496 : { SELL 22107.72@0.8079342} 150495 : { SELL 22107.72@0.8079342} 
Sat Nov 15 08:20:56 EST 2014 , 4 , 2 , 2 , 150498 : { BUY 2795.77@0.80470892} 150497 : { BUY 2795.77@0.80470892} 150496 : { SELL 22107.72@0.8079342} 150495 : { SELL 22107.72@0.8079342} 
Sat Nov 15 08:23:57 EST 2014 , 4 , 2 , 2 , 150498 : { BUY 2795.77@0.80470892} 150497 : { BUY 2795.77@0.80470892} 150496 : { SELL 22107.72@0.8079342} 150495 : { SELL 22107.72@0.8079342} 
Sat Nov 15 08:26:58 EST 2014 , 4 , 2 , 2 , 150498 : { BUY 2795.77@0.80470892} 150497 : { BUY 2795.77@0.80470892} 150496 : { SELL 22107.72@0.8079342} 150495 : { SELL 22107.72@0.8079342} 
Sat Nov 15 08:30:00 EST 2014 , 4 , 2 , 2 , 150498 : { BUY 2795.77@0.80470892} 150497 : { BUY 2795.77@0.80470892} 150496 : { SELL 22107.72@0.8079342} 150495 : { SELL 22107.72@0.8079342} 
Sat Nov 15 08:33:00 EST 2014 , 4 , 2 , 2 , 150498 : { BUY 2795.77@0.80470892} 150497 : { BUY 2795.77@0.80470892} 150496 : { SELL 22107.72@0.8079342} 150495 : { SELL 22107.72@0.8079342} 
Sat Nov 15 08:36:01 EST 2014 , 4 , 2 , 2 , 150498 : { BUY 2795.77@0.80470892} 150497 : { BUY 2795.77@0.80470892} 150496 : { SELL 22107.72@0.8079342} 150495 : { SELL 22107.72@0.8079342} 
Sat Nov 15 08:39:02 EST 2014 , 4 , 2 , 2 , 150498 : { BUY 2795.77@0.80470892} 150497 : { BUY 2795.77@0.80470892} 150496 : { SELL 22107.72@0.8079342} 150495 : { SELL 22107.72@0.8079342} 
Sat Nov 15 08:42:03 EST 2014 , 4 , 2 , 2 , 150498 : { BUY 2795.77@0.80470892} 150497 : { BUY 2795.77@0.80470892} 150496 : { SELL 22107.72@0.8079342} 150495 : { SELL 22107.72@0.8079342} 
Sat Nov 15 08:45:04 EST 2014 , 4 , 2 , 2 , 150498 : { BUY 2795.77@0.80470892} 150497 : { BUY 2795.77@0.80470892} 150496 : { SELL 22107.72@0.8079342} 150495 : { SELL 22107.72@0.8079342} 
Sat Nov 15 08:48:05 EST 2014 , 4 , 2 , 2 , 150498 : { BUY 2795.77@0.80470892} 150497 : { BUY 2795.77@0.80470892} 150496 : { SELL 22107.72@0.8079342} 150495 : { SELL 22107.72@0.8079342} 
Sat Nov 15 08:51:06 EST 2014 , 4 , 2 , 2 , 150498 : { BUY 2795.77@0.80470892} 150497 : { BUY 2795.77@0.80470892} 150496 : { SELL 22107.72@0.8079342} 150495 : { SELL 22107.72@0.8079342} 
Sat Nov 15 08:54:07 EST 2014 , 4 , 2 , 2 , 150498 : { BUY 2795.77@0.80470892} 150497 : { BUY 2795.77@0.80470892} 150496 : { SELL 22107.72@0.8079342} 150495 : { SELL 22107.72@0.8079342} 
Sat Nov 15 08:57:08 EST 2014 , 4 , 2 , 2 , 150498 : { BUY 2795.77@0.80470892} 150497 : { BUY 2795.77@0.80470892} 150496 : { SELL 22107.72@0.8079342} 150495 : { SELL 22107.72@0.8079342} 
Sat Nov 15 09:00:09 EST 2014 , 4 , 2 , 2 , 150498 : { BUY 2795.77@0.80470892} 150497 : { BUY 2795.77@0.80470892} 150496 : { SELL 22107.72@0.8079342} 150495 : { SELL 22107.72@0.8079342} 
Sat Nov 15 09:03:10 EST 2014 , 4 , 2 , 2 , 150498 : { BUY 2795.77@0.80470892} 150497 : { BUY 2795.77@0.80470892} 150496 : { SELL 22107.72@0.8079342} 150495 : { SELL 22107.72@0.8079342} 
Sat Nov 15 09:06:11 EST 2014 , 4 , 2 , 2 , 150498 : { BUY 2795.77@0.80470892} 150497 : { BUY 2795.77@0.80470892} 150496 : { SELL 22107.72@0.8079342} 150495 : { SELL 22107.72@0.8079342} 
Sat Nov 15 09:09:12 EST 2014 , 4 , 2 , 2 , 150498 : { BUY 2795.77@0.80470892} 150497 : { BUY 2795.77@0.80470892} 150496 : { SELL 22107.72@0.8079342} 150495 : { SELL 22107.72@0.8079342} 
Sat Nov 15 09:12:13 EST 2014 , 4 , 2 , 2 , 150498 : { BUY 2795.77@0.80470892} 150497 : { BUY 2795.77@0.80470892} 150496 : { SELL 22107.72@0.8079342} 150495 : { SELL 22107.72@0.8079342} 
Sat Nov 15 09:15:14 EST 2014 , 4 , 2 , 2 , 150498 : { BUY 2795.77@0.80470892} 150497 : { BUY 2795.77@0.80470892} 150496 : { SELL 22107.72@0.8079342} 150495 : { SELL 22107.72@0.8079342} 
Sat Nov 15 09:18:15 EST 2014 , 4 , 2 , 2 , 150498 : { BUY 2795.77@0.80470892} 150497 : { BUY 2795.77@0.80470892} 150496 : { SELL 22107.72@0.8079342} 150495 : { SELL 22107.72@0.8079342} 
Sat Nov 15 09:21:16 EST 2014 , 4 , 2 , 2 , 150498 : { BUY 2795.77@0.80470892} 150497 : { BUY 2795.77@0.80470892} 150496 : { SELL 22107.72@0.8079342} 150495 : { SELL 22107.72@0.8079342} 
Sat Nov 15 09:24:17 EST 2014 , 4 , 2 , 2 , 150498 : { BUY 2795.77@0.80470892} 150497 : { BUY 2795.77@0.80470892} 150496 : { SELL 22107.72@0.8079342} 150495 : { SELL 22107.72@0.8079342} 
Sat Nov 15 09:27:18 EST 2014 , 4 , 2 , 2 , 150498 : { BUY 2795.77@0.80470892} 150497 : { BUY 2795.77@0.80470892} 150496 : { SELL 22107.72@0.8079342} 150495 : { SELL 22107.72@0.8079342} 
Sat Nov 15 09:30:19 EST 2014 , 4 , 2 , 2 , 150498 : { BUY 2795.77@0.80470892} 150497 : { BUY 2795.77@0.80470892} 150496 : { SELL 22107.72@0.8079342} 150495 : { SELL 22107.72@0.8079342} 
Sat Nov 15 09:33:20 EST 2014 , 4 , 2 , 2 , 150498 : { BUY 2795.77@0.80470892} 150497 : { BUY 2795.77@0.80470892} 150496 : { SELL 22107.72@0.8079342} 150495 : { SELL 22107.72@0.8079342} 
Sat Nov 15 09:36:21 EST 2014 , 4 , 2 , 2 , 150498 : { BUY 2795.77@0.80470892} 150497 : { BUY 2795.77@0.80470892} 150496 : { SELL 22107.72@0.8079342} 150495 : { SELL 22107.72@0.8079342} 
Sat Nov 15 09:39:22 EST 2014 , 4 , 2 , 2 , 150498 : { BUY 2795.77@0.80470892} 150497 : { BUY 2795.77@0.80470892} 150496 : { SELL 22107.72@0.8079342} 150495 : { SELL 22107.72@0.8079342} 
Sat Nov 15 09:42:23 EST 2014 , 4 , 2 , 2 , 150498 : { BUY 2795.77@0.80470892} 150497 : { BUY 2795.77@0.80470892} 150496 : { SELL 22107.72@0.8079342} 150495 : { SELL 22107.72@0.8079342} 
Sat Nov 15 09:45:24 EST 2014 , 4 , 2 , 2 , 150498 : { BUY 2795.77@0.80470892} 150497 : { BUY 2795.77@0.80470892} 150496 : { SELL 22107.72@0.8079342} 150495 : { SELL 22107.72@0.8079342} 
Sat Nov 15 09:48:25 EST 2014 , 4 , 2 , 2 , 154055 : { BUY 3036.2@0.80470892} 154054 : { BUY 3036.2@0.80470892} 154053 : { SELL 21867.77@0.8079342} 154052 : { SELL 21867.77@0.8079342} 
Sat Nov 15 09:51:26 EST 2014 , 4 , 2 , 2 , 154055 : { BUY 3036.2@0.80470892} 154054 : { BUY 3036.2@0.80470892} 154053 : { SELL 21867.77@0.8079342} 154052 : { SELL 21867.77@0.8079342} 
Sat Nov 15 09:54:27 EST 2014 , 4 , 2 , 2 , 154055 : { BUY 3036.2@0.80470892} 154054 : { BUY 3036.2@0.80470892} 154053 : { SELL 21867.77@0.8079342} 154052 : { SELL 21867.77@0.8079342} 
Sat Nov 15 09:57:28 EST 2014 , 4 , 2 , 2 , 154055 : { BUY 3036.2@0.80470892} 154054 : { BUY 3036.2@0.80470892} 154053 : { SELL 21867.77@0.8079342} 154052 : { SELL 21867.77@0.8079342} 
Sat Nov 15 10:00:29 EST 2014 , 4 , 2 , 2 , 154055 : { BUY 3036.2@0.80470892} 154054 : { BUY 3036.2@0.80470892} 154053 : { SELL 21867.77@0.8079342} 154052 : { SELL 21867.77@0.8079342} 
Sat Nov 15 10:03:30 EST 2014 , 4 , 2 , 2 , 154055 : { BUY 3036.2@0.80470892} 154054 : { BUY 3036.2@0.80470892} 154053 : { SELL 21867.77@0.8079342} 154052 : { SELL 21867.77@0.8079342} 
Sat Nov 15 10:06:31 EST 2014 , 4 , 2 , 2 , 154055 : { BUY 3036.2@0.80470892} 154054 : { BUY 3036.2@0.80470892} 154053 : { SELL 21867.77@0.8079342} 154052 : { SELL 21867.77@0.8079342} 
Sat Nov 15 10:09:32 EST 2014 , 4 , 2 , 2 , 154055 : { BUY 3036.2@0.80470892} 154054 : { BUY 3036.2@0.80470892} 154053 : { SELL 21867.77@0.8079342} 154052 : { SELL 21867.77@0.8079342} 
Sat Nov 15 10:12:33 EST 2014 , 4 , 2 , 2 , 154055 : { BUY 3036.2@0.80470892} 154054 : { BUY 3036.2@0.80470892} 154053 : { SELL 21867.77@0.8079342} 154052 : { SELL 21867.77@0.8079342} 
Sat Nov 15 10:15:34 EST 2014 , 4 , 2 , 2 , 154055 : { BUY 3036.2@0.80470892} 154054 : { BUY 3036.2@0.80470892} 154053 : { SELL 21867.77@0.8079342} 154052 : { SELL 21867.77@0.8079342} 
Sat Nov 15 10:18:35 EST 2014 , 4 , 2 , 2 , 154055 : { BUY 3036.2@0.80470892} 154054 : { BUY 3036.2@0.80470892} 154053 : { SELL 21867.77@0.8079342} 154052 : { SELL 21867.77@0.8079342} 
Sat Nov 15 10:21:36 EST 2014 , 4 , 2 , 2 , 154055 : { BUY 3036.2@0.80470892} 154054 : { BUY 1870.98@0.80470892} 154053 : { SELL 21867.77@0.8079342} 154052 : { SELL 21867.77@0.8079342} 
Sat Nov 15 10:24:37 EST 2014 , 4 , 2 , 2 , 154202 : { BUY 2453.59@0.80470892} 154201 : { BUY 2453.59@0.80470892} 154200 : { SELL 22449.21@0.8079342} 154199 : { SELL 22449.21@0.8079342} 
Sat Nov 15 10:27:38 EST 2014 , 4 , 2 , 2 , 154226 : { BUY 2650.31@0.80470892} 154225 : { BUY 2650.31@0.80470892} 154224 : { SELL 22252.89@0.8079342} 154223 : { SELL 22252.89@0.8079342} 
Sat Nov 15 10:30:39 EST 2014 , 4 , 2 , 2 , 154226 : { BUY 2650.31@0.80470892} 154225 : { BUY 2650.31@0.80470892} 154224 : { SELL 22252.89@0.8079342} 154223 : { SELL 22252.89@0.8079342} 
Sat Nov 15 10:33:40 EST 2014 , 4 , 2 , 2 , 154226 : { BUY 2650.31@0.80470892} 154225 : { BUY 2650.31@0.80470892} 154224 : { SELL 22252.89@0.8079342} 154223 : { SELL 22252.89@0.8079342} 
Sat Nov 15 10:36:41 EST 2014 , 4 , 2 , 2 , 154226 : { BUY 2650.31@0.80470892} 154225 : { BUY 2650.31@0.80470892} 154224 : { SELL 22252.89@0.8079342} 154223 : { SELL 22252.89@0.8079342} 
Sat Nov 15 10:39:42 EST 2014 , 4 , 2 , 2 , 154226 : { BUY 2650.31@0.80470892} 154225 : { BUY 2650.31@0.80470892} 154224 : { SELL 22252.89@0.8079342} 154223 : { SELL 22252.89@0.8079342} 
Sat Nov 15 10:42:43 EST 2014 , 4 , 2 , 2 , 154226 : { BUY 2650.31@0.80470892} 154225 : { BUY 2650.31@0.80470892} 154224 : { SELL 22252.89@0.8079342} 154223 : { SELL 22252.89@0.8079342} 
Sat Nov 15 10:45:44 EST 2014 , 4 , 2 , 2 , 154226 : { BUY 2650.31@0.80470892} 154225 : { BUY 2650.31@0.80470892} 154224 : { SELL 22252.89@0.8079342} 154223 : { SELL 22252.89@0.8079342} 
Sat Nov 15 10:48:45 EST 2014 , 4 , 2 , 2 , 154226 : { BUY 2650.31@0.80470892} 154225 : { BUY 2650.31@0.80470892} 154224 : { SELL 22252.89@0.8079342} 154223 : { SELL 22252.89@0.8079342} 
Sat Nov 15 10:51:46 EST 2014 , 4 , 2 , 2 , 154226 : { BUY 2650.31@0.80470892} 154225 : { BUY 2650.31@0.80470892} 154224 : { SELL 22252.89@0.8079342} 154223 : { SELL 22252.89@0.8079342} 
Sat Nov 15 10:54:47 EST 2014 , 4 , 2 , 2 , 154226 : { BUY 2650.31@0.80470892} 154225 : { BUY 2650.31@0.80470892} 154224 : { SELL 22252.89@0.8079342} 154223 : { SELL 22252.89@0.8079342} 
Sat Nov 15 10:57:48 EST 2014 , 4 , 2 , 2 , 154226 : { BUY 2650.31@0.80470892} 154225 : { BUY 2650.31@0.80470892} 154224 : { SELL 22252.89@0.8079342} 154223 : { SELL 22252.89@0.8079342} 
Sat Nov 15 11:00:49 EST 2014 , 4 , 2 , 2 , 154226 : { BUY 2650.31@0.80470892} 154225 : { BUY 2650.31@0.80470892} 154224 : { SELL 22252.89@0.8079342} 154223 : { SELL 22252.89@0.8079342} 
Sat Nov 15 11:03:50 EST 2014 , 4 , 2 , 2 , 154226 : { BUY 2650.31@0.80470892} 154225 : { BUY 2650.31@0.80470892} 154224 : { SELL 22252.89@0.8079342} 154223 : { SELL 22252.89@0.8079342} 
Sat Nov 15 11:06:51 EST 2014 , 4 , 2 , 2 , 154226 : { BUY 2650.31@0.80470892} 154225 : { BUY 2650.31@0.80470892} 154224 : { SELL 22252.89@0.8079342} 154223 : { SELL 22252.89@0.8079342} 
Sat Nov 15 11:09:52 EST 2014 , 4 , 2 , 2 , 154226 : { BUY 2650.31@0.80470892} 154225 : { BUY 2650.31@0.80470892} 154224 : { SELL 22252.89@0.8079342} 154223 : { SELL 22252.89@0.8079342} 
Sat Nov 15 11:12:53 EST 2014 , 4 , 2 , 2 , 154226 : { BUY 2650.31@0.80470892} 154225 : { BUY 2650.31@0.80470892} 154224 : { SELL 22252.89@0.8079342} 154223 : { SELL 22252.89@0.8079342} 
Sat Nov 15 11:15:54 EST 2014 , 4 , 2 , 2 , 154226 : { BUY 2650.31@0.80470892} 154225 : { BUY 2650.31@0.80470892} 154224 : { SELL 22252.89@0.8079342} 154223 : { SELL 22252.89@0.8079342} 
Sat Nov 15 11:18:55 EST 2014 , 4 , 2 , 2 , 154354 : { BUY 2864.55@0.80470892} 154353 : { BUY 2864.55@0.80470892} 154352 : { SELL 22039.08@0.8079342} 154351 : { SELL 22039.08@0.8079342} 
Sat Nov 15 11:21:56 EST 2014 , 4 , 2 , 2 , 154354 : { BUY 2864.55@0.80470892} 154353 : { BUY 2864.55@0.80470892} 154352 : { SELL 22039.08@0.8079342} 154351 : { SELL 22039.08@0.8079342} 
Sat Nov 15 11:24:57 EST 2014 , 4 , 2 , 2 , 154354 : { BUY 2864.55@0.80470892} 154353 : { BUY 2864.55@0.80470892} 154352 : { SELL 22039.08@0.8079342} 154351 : { SELL 22039.08@0.8079342} 
Sat Nov 15 11:27:58 EST 2014 , 4 , 2 , 2 , 154354 : { BUY 2864.55@0.80470892} 154353 : { BUY 2855.55@0.80470892} 154352 : { SELL 22039.08@0.8079342} 154351 : { SELL 22039.08@0.8079342} 
Sat Nov 15 11:30:59 EST 2014 , 4 , 2 , 2 , 154384 : { BUY 2860.05@0.80470892} 154383 : { BUY 2860.05@0.80470892} 154382 : { SELL 22043.57@0.8079342} 154381 : { SELL 22043.57@0.8079342} 
Sat Nov 15 11:34:00 EST 2014 , 4 , 2 , 2 , 154384 : { BUY 2860.05@0.80470892} 154383 : { BUY 2860.05@0.80470892} 154382 : { SELL 22043.57@0.8079342} 154381 : { SELL 22043.57@0.8079342} 
Sat Nov 15 11:37:01 EST 2014 , 4 , 2 , 2 , 154384 : { BUY 2860.05@0.80470892} 154383 : { BUY 2860.05@0.80470892} 154382 : { SELL 22043.57@0.8079342} 154381 : { SELL 22043.57@0.8079342} 
Sat Nov 15 11:40:02 EST 2014 , 4 , 2 , 2 , 154384 : { BUY 2860.05@0.80470892} 154383 : { BUY 2860.05@0.80470892} 154382 : { SELL 22043.57@0.8079342} 154381 : { SELL 22043.57@0.8079342} 
Sat Nov 15 11:43:03 EST 2014 , 4 , 2 , 2 , 154384 : { BUY 2860.05@0.80470892} 154383 : { BUY 2860.05@0.80470892} 154382 : { SELL 22043.57@0.8079342} 154381 : { SELL 22043.57@0.8079342} 
Sat Nov 15 11:46:04 EST 2014 , 4 , 2 , 2 , 154384 : { BUY 2860.05@0.80470892} 154383 : { BUY 2860.05@0.80470892} 154382 : { SELL 22043.57@0.8079342} 154381 : { SELL 22043.57@0.8079342} 
Sat Nov 15 11:49:05 EST 2014 , 4 , 2 , 2 , 154384 : { BUY 2860.05@0.80470892} 154383 : { BUY 2860.05@0.80470892} 154382 : { SELL 22043.57@0.8079342} 154381 : { SELL 22043.57@0.8079342} 
Sat Nov 15 11:52:06 EST 2014 , 4 , 2 , 2 , 154384 : { BUY 2860.05@0.80470892} 154383 : { BUY 2860.05@0.80470892} 154382 : { SELL 22043.57@0.8079342} 154381 : { SELL 22043.57@0.8079342} 
Sat Nov 15 11:55:07 EST 2014 , 4 , 2 , 2 , 154384 : { BUY 2860.05@0.80470892} 154383 : { BUY 2860.05@0.80470892} 154382 : { SELL 22043.57@0.8079342} 154381 : { SELL 22043.57@0.8079342} 
Sat Nov 15 11:58:08 EST 2014 , 4 , 2 , 2 , 154384 : { BUY 2860.05@0.80470892} 154383 : { BUY 2860.05@0.80470892} 154382 : { SELL 22043.57@0.8079342} 154381 : { SELL 22043.57@0.8079342} 
Sat Nov 15 12:01:09 EST 2014 , 4 , 2 , 2 , 154441 : { BUY 3092.16@0.80470892} 154440 : { BUY 3092.16@0.80470892} 154439 : { SELL 21811.92@0.8079342} 154438 : { SELL 21811.92@0.8079342} 
Sat Nov 15 12:04:10 EST 2014 , 4 , 2 , 2 , 154441 : { BUY 3092.16@0.80470892} 154440 : { BUY 3092.16@0.80470892} 154439 : { SELL 21811.92@0.8079342} 154438 : { SELL 21811.92@0.8079342} 
Sat Nov 15 12:07:11 EST 2014 , 4 , 2 , 2 , 154441 : { BUY 3092.16@0.80470892} 154440 : { BUY 3092.16@0.80470892} 154439 : { SELL 21811.92@0.8079342} 154438 : { SELL 21811.92@0.8079342} 
Sat Nov 15 12:10:12 EST 2014 , 4 , 2 , 2 , 154441 : { BUY 3092.16@0.80470892} 154440 : { BUY 3092.16@0.80470892} 154439 : { SELL 21811.92@0.8079342} 154438 : { SELL 21811.92@0.8079342} 
Sat Nov 15 12:13:13 EST 2014 , 4 , 2 , 2 , 154441 : { BUY 3092.16@0.80470892} 154440 : { BUY 3092.16@0.80470892} 154439 : { SELL 21811.92@0.8079342} 154438 : { SELL 21811.92@0.8079342} 
Sat Nov 15 12:16:14 EST 2014 , 4 , 2 , 2 , 154441 : { BUY 3092.16@0.80470892} 154440 : { BUY 3092.16@0.80470892} 154439 : { SELL 21811.92@0.8079342} 154438 : { SELL 21811.92@0.8079342} 
Sat Nov 15 12:19:15 EST 2014 , 4 , 2 , 2 , 154441 : { BUY 3092.16@0.80470892} 154440 : { BUY 3092.16@0.80470892} 154439 : { SELL 21811.92@0.8079342} 154438 : { SELL 21811.92@0.8079342} 
Sat Nov 15 12:22:16 EST 2014 , 4 , 2 , 2 , 154441 : { BUY 3092.16@0.80470892} 154440 : { BUY 3092.16@0.80470892} 154439 : { SELL 21811.92@0.8079342} 154438 : { SELL 21811.92@0.8079342} 
Sat Nov 15 12:25:17 EST 2014 , 4 , 2 , 2 , 154441 : { BUY 3092.16@0.80470892} 154440 : { BUY 3092.16@0.80470892} 154439 : { SELL 21811.92@0.8079342} 154438 : { SELL 21811.92@0.8079342} 
Sat Nov 15 12:28:18 EST 2014 , 4 , 2 , 2 , 154441 : { BUY 3092.16@0.80470892} 154440 : { BUY 3092.16@0.80470892} 154439 : { SELL 21811.92@0.8079342} 154438 : { SELL 21811.92@0.8079342} 
Sat Nov 15 12:31:19 EST 2014 , 4 , 2 , 2 , 154441 : { BUY 3092.16@0.80470892} 154440 : { BUY 3092.16@0.80470892} 154439 : { SELL 21811.92@0.8079342} 154438 : { SELL 21811.92@0.8079342} 
Sat Nov 15 12:34:20 EST 2014 , 4 , 2 , 2 , 154512 : { BUY 3583.66@0.80470892} 154511 : { BUY 3583.66@0.80470892} 154510 : { SELL 21321.4@0.8079342} 154509 : { SELL 21321.4@0.8079342} 
Sat Nov 15 12:37:21 EST 2014 , 4 , 2 , 2 , 154512 : { BUY 3583.66@0.80470892} 154511 : { BUY 3583.66@0.80470892} 154510 : { SELL 21321.4@0.8079342} 154509 : { SELL 21321.4@0.8079342} 
Sat Nov 15 12:40:22 EST 2014 , 4 , 2 , 2 , 154512 : { BUY 3583.66@0.80470892} 154511 : { BUY 3583.66@0.80470892} 154510 : { SELL 21321.4@0.8079342} 154509 : { SELL 21321.4@0.8079342} 
Sat Nov 15 12:43:23 EST 2014 , 4 , 2 , 2 , 154512 : { BUY 3583.66@0.80470892} 154511 : { BUY 3583.66@0.80470892} 154510 : { SELL 21321.4@0.8079342} 154509 : { SELL 21321.4@0.8079342} 
Sat Nov 15 12:46:24 EST 2014 , 4 , 2 , 2 , 154512 : { BUY 3583.66@0.80470892} 154511 : { BUY 3583.66@0.80470892} 154510 : { SELL 21321.4@0.8079342} 154509 : { SELL 21321.4@0.8079342} 
Sat Nov 15 12:49:25 EST 2014 , 4 , 2 , 2 , 154512 : { BUY 3583.66@0.80470892} 154511 : { BUY 3583.66@0.80470892} 154510 : { SELL 21321.4@0.8079342} 154509 : { SELL 21321.4@0.8079342} 
Sat Nov 15 12:52:26 EST 2014 , 4 , 2 , 2 , 154512 : { BUY 3583.66@0.80470892} 154511 : { BUY 3583.66@0.80470892} 154510 : { SELL 21321.4@0.8079342} 154509 : { SELL 21321.4@0.8079342} 
Sat Nov 15 12:55:27 EST 2014 , 4 , 2 , 2 , 154512 : { BUY 3583.66@0.80470892} 154511 : { BUY 3583.66@0.80470892} 154510 : { SELL 21321.4@0.8079342} 154509 : { SELL 21321.4@0.8079342} 
Sat Nov 15 12:58:28 EST 2014 , 4 , 2 , 2 , 154512 : { BUY 3583.66@0.80470892} 154511 : { BUY 3583.66@0.80470892} 154510 : { SELL 21321.4@0.8079342} 154509 : { SELL 21321.4@0.8079342} 
Sat Nov 15 13:01:29 EST 2014 , 4 , 2 , 2 , 154512 : { BUY 3583.66@0.80470892} 154511 : { BUY 3583.66@0.80470892} 154510 : { SELL 21321.4@0.8079342} 154509 : { SELL 21321.4@0.8079342} 
Sat Nov 15 13:04:30 EST 2014 , 4 , 2 , 2 , 154512 : { BUY 3583.66@0.80470892} 154511 : { BUY 3583.66@0.80470892} 154510 : { SELL 21321.4@0.8079342} 154509 : { SELL 21321.4@0.8079342} 
Sat Nov 15 13:07:31 EST 2014 , 4 , 2 , 2 , 154512 : { BUY 3583.66@0.80470892} 154511 : { BUY 3583.66@0.80470892} 154510 : { SELL 21321.4@0.8079342} 154509 : { SELL 21321.4@0.8079342} 
Sat Nov 15 13:10:32 EST 2014 , 4 , 2 , 2 , 154512 : { BUY 3583.66@0.80470892} 154511 : { BUY 3583.66@0.80470892} 154510 : { SELL 21321.4@0.8079342} 154509 : { SELL 21321.4@0.8079342} 
Sat Nov 15 13:13:33 EST 2014 , 4 , 2 , 2 , 154563 : { BUY 4169.9@0.80470892} 154562 : { BUY 4169.9@0.80470892} 154561 : { SELL 20736.33@0.8079342} 154560 : { SELL 20736.33@0.8079342} 
Sat Nov 15 13:16:34 EST 2014 , 4 , 2 , 2 , 154563 : { BUY 4169.9@0.80470892} 154562 : { BUY 4169.9@0.80470892} 154561 : { SELL 20736.33@0.8079342} 154560 : { SELL 20736.33@0.8079342} 
Sat Nov 15 13:19:35 EST 2014 , 4 , 2 , 2 , 154563 : { BUY 4169.9@0.80470892} 154562 : { BUY 4169.9@0.80470892} 154561 : { SELL 20736.33@0.8079342} 154560 : { SELL 20736.33@0.8079342} 
Sat Nov 15 13:22:36 EST 2014 , 4 , 2 , 2 , 154563 : { BUY 4169.9@0.80470892} 154562 : { BUY 4169.9@0.80470892} 154561 : { SELL 20736.33@0.8079342} 154560 : { SELL 20736.33@0.8079342} 
Sat Nov 15 13:25:37 EST 2014 , 4 , 2 , 2 , 154563 : { BUY 4169.9@0.80470892} 154562 : { BUY 4169.9@0.80470892} 154561 : { SELL 20736.33@0.8079342} 154560 : { SELL 20736.33@0.8079342} 
Sat Nov 15 13:28:38 EST 2014 , 4 , 2 , 2 , 154563 : { BUY 4169.9@0.80470892} 154562 : { BUY 4169.9@0.80470892} 154561 : { SELL 20736.33@0.8079342} 154560 : { SELL 20736.33@0.8079342} 
Sat Nov 15 13:31:40 EST 2014 , 4 , 2 , 2 , 154563 : { BUY 4169.9@0.80470892} 154562 : { BUY 4169.9@0.80470892} 154561 : { SELL 20736.33@0.8079342} 154560 : { SELL 20736.33@0.8079342} 
Sat Nov 15 13:34:40 EST 2014 , 4 , 2 , 2 , 154563 : { BUY 4169.9@0.80470892} 154562 : { BUY 4169.9@0.80470892} 154561 : { SELL 20736.33@0.8079342} 154560 : { SELL 20736.33@0.8079342} 
Sat Nov 15 13:37:41 EST 2014 , 4 , 2 , 2 , 154563 : { BUY 4169.9@0.80470892} 154562 : { BUY 4169.9@0.80470892} 154561 : { SELL 20736.33@0.8079342} 154560 : { SELL 20736.33@0.8079342} 
Sat Nov 15 13:40:42 EST 2014 , 4 , 2 , 2 , 154563 : { BUY 4169.9@0.80470892} 154562 : { BUY 4169.9@0.80470892} 154561 : { SELL 20736.33@0.8079342} 154560 : { SELL 20736.33@0.8079342} 
Sat Nov 15 13:43:43 EST 2014 , 4 , 2 , 2 , 154563 : { BUY 4169.9@0.80470892} 154562 : { BUY 4169.9@0.80470892} 154561 : { SELL 20736.33@0.8079342} 154560 : { SELL 20736.33@0.8079342} 
Sat Nov 15 13:46:44 EST 2014 , 4 , 2 , 2 , 154563 : { BUY 4169.9@0.80470892} 154562 : { BUY 4169.9@0.80470892} 154561 : { SELL 20736.33@0.8079342} 154560 : { SELL 20736.33@0.8079342} 
Sat Nov 15 13:49:45 EST 2014 , 4 , 2 , 2 , 154563 : { BUY 4169.9@0.80470892} 154562 : { BUY 4169.9@0.80470892} 154561 : { SELL 20736.33@0.8079342} 154560 : { SELL 20736.33@0.8079342} 
Sat Nov 15 13:52:46 EST 2014 , 4 , 2 , 2 , 154563 : { BUY 4169.9@0.80470892} 154562 : { BUY 4169.9@0.80470892} 154561 : { SELL 20736.33@0.8079342} 154560 : { SELL 20736.33@0.8079342} 
Sat Nov 15 13:55:47 EST 2014 , 4 , 2 , 2 , 154563 : { BUY 4169.9@0.80470892} 154562 : { BUY 4169.9@0.80470892} 154561 : { SELL 20736.33@0.8079342} 154560 : { SELL 20736.33@0.8079342} 
Sat Nov 15 13:58:48 EST 2014 , 4 , 2 , 2 , 154563 : { BUY 4169.9@0.80470892} 154562 : { BUY 4169.9@0.80470892} 154561 : { SELL 20736.33@0.8079342} 154560 : { SELL 20736.33@0.8079342} 
Sat Nov 15 14:01:49 EST 2014 , 4 , 2 , 2 , 154563 : { BUY 4169.9@0.80470892} 154562 : { BUY 4169.9@0.80470892} 154561 : { SELL 20736.33@0.8079342} 154560 : { SELL 20736.33@0.8079342} 
Sat Nov 15 14:04:50 EST 2014 , 4 , 2 , 2 , 154563 : { BUY 4169.9@0.80470892} 154562 : { BUY 4169.9@0.80470892} 154561 : { SELL 20736.33@0.8079342} 154560 : { SELL 20736.33@0.8079342} 
Sat Nov 15 14:07:51 EST 2014 , 4 , 2 , 2 , 154563 : { BUY 4169.9@0.80470892} 154562 : { BUY 4169.9@0.80470892} 154561 : { SELL 20736.33@0.8079342} 154560 : { SELL 20736.33@0.8079342} 
Sat Nov 15 14:10:52 EST 2014 , 4 , 2 , 2 , 154563 : { BUY 4169.9@0.80470892} 154562 : { BUY 4169.9@0.80470892} 154561 : { SELL 20736.33@0.8079342} 154560 : { SELL 20736.33@0.8079342} 
Sat Nov 15 14:13:53 EST 2014 , 4 , 2 , 2 , 154563 : { BUY 4169.9@0.80470892} 154562 : { BUY 4169.9@0.80470892} 154561 : { SELL 20736.33@0.8079342} 154560 : { SELL 20736.33@0.8079342} 
Sat Nov 15 14:16:54 EST 2014 , 4 , 2 , 2 , 154563 : { BUY 4169.9@0.80470892} 154562 : { BUY 4169.9@0.80470892} 154561 : { SELL 20736.33@0.8079342} 154560 : { SELL 20736.33@0.8079342} 
Sat Nov 15 14:19:55 EST 2014 , 4 , 2 , 2 , 154563 : { BUY 4169.9@0.80470892} 154562 : { BUY 4169.9@0.80470892} 154561 : { SELL 20736.33@0.8079342} 154560 : { SELL 20736.33@0.8079342} 
Sat Nov 15 14:22:56 EST 2014 , 4 , 2 , 2 , 154563 : { BUY 4169.9@0.80470892} 154562 : { BUY 4169.9@0.80470892} 154561 : { SELL 20736.33@0.8079342} 154560 : { SELL 20736.33@0.8079342} 
Sat Nov 15 14:25:57 EST 2014 , 4 , 2 , 2 , 154563 : { BUY 4169.9@0.80470892} 154562 : { BUY 4169.9@0.80470892} 154561 : { SELL 20736.33@0.8079342} 154560 : { SELL 20736.33@0.8079342} 
Sat Nov 15 14:28:58 EST 2014 , 4 , 2 , 2 , 154563 : { BUY 4169.9@0.80470892} 154562 : { BUY 4169.9@0.80470892} 154561 : { SELL 20736.33@0.8079342} 154560 : { SELL 20186.68@0.8079342} 
Sat Nov 15 14:31:59 EST 2014 , 4 , 2 , 2 , 154663 : { BUY 4445.27@0.80470892} 154662 : { BUY 4445.27@0.80470892} 154661 : { SELL 20461.51@0.8079342} 154660 : { SELL 20461.51@0.8079342} 
Sat Nov 15 14:35:00 EST 2014 , 4 , 2 , 2 , 154663 : { BUY 4445.27@0.80470892} 154662 : { BUY 4445.27@0.80470892} 154661 : { SELL 20461.51@0.8079342} 154660 : { SELL 20461.51@0.8079342} 
Sat Nov 15 14:38:01 EST 2014 , 4 , 2 , 2 , 154663 : { BUY 4445.27@0.80470892} 154662 : { BUY 4445.27@0.80470892} 154661 : { SELL 20461.51@0.8079342} 154660 : { SELL 20461.51@0.8079342} 
Sat Nov 15 14:41:02 EST 2014 , 4 , 2 , 2 , 154663 : { BUY 4445.27@0.80470892} 154662 : { BUY 4445.27@0.80470892} 154661 : { SELL 20461.51@0.8079342} 154660 : { SELL 20461.51@0.8079342} 
Sat Nov 15 14:44:03 EST 2014 , 4 , 2 , 2 , 154663 : { BUY 4445.27@0.80470892} 154662 : { BUY 4445.27@0.80470892} 154661 : { SELL 20461.51@0.8079342} 154660 : { SELL 20461.51@0.8079342} 
Sat Nov 15 14:47:04 EST 2014 , 4 , 2 , 2 , 154663 : { BUY 4445.27@0.80470892} 154662 : { BUY 4445.27@0.80470892} 154661 : { SELL 20461.51@0.8079342} 154660 : { SELL 20461.51@0.8079342} 
Sat Nov 15 14:50:05 EST 2014 , 4 , 2 , 2 , 154663 : { BUY 4445.27@0.80470892} 154662 : { BUY 4445.27@0.80470892} 154661 : { SELL 20461.51@0.8079342} 154660 : { SELL 20461.51@0.8079342} 
Sat Nov 15 14:53:06 EST 2014 , 4 , 2 , 2 , 154663 : { BUY 4445.27@0.80470892} 154662 : { BUY 4445.27@0.80470892} 154661 : { SELL 20461.51@0.8079342} 154660 : { SELL 20461.51@0.8079342} 
Sat Nov 15 14:56:07 EST 2014 , 4 , 2 , 2 , 154663 : { BUY 4445.27@0.80470892} 154662 : { BUY 4445.27@0.80470892} 154661 : { SELL 20461.51@0.8079342} 154660 : { SELL 20461.51@0.8079342} 
Sat Nov 15 14:59:08 EST 2014 , 4 , 2 , 2 , 154663 : { BUY 4445.27@0.80470892} 154662 : { BUY 4445.27@0.80470892} 154661 : { SELL 20461.51@0.8079342} 154660 : { SELL 20461.51@0.8079342} 
Sat Nov 15 15:02:09 EST 2014 , 4 , 2 , 2 , 154663 : { BUY 4445.27@0.80470892} 154662 : { BUY 4445.27@0.80470892} 154661 : { SELL 20461.51@0.8079342} 154660 : { SELL 20461.51@0.8079342} 
Sat Nov 15 15:05:10 EST 2014 , 4 , 2 , 2 , 154663 : { BUY 4445.27@0.80470892} 154662 : { BUY 4445.27@0.80470892} 154661 : { SELL 20461.51@0.8079342} 154660 : { SELL 20461.51@0.8079342} 
Sat Nov 15 15:08:11 EST 2014 , 4 , 2 , 2 , 154663 : { BUY 4445.27@0.80470892} 154662 : { BUY 4445.27@0.80470892} 154661 : { SELL 20461.51@0.8079342} 154660 : { SELL 20461.51@0.8079342} 
Sat Nov 15 15:11:12 EST 2014 , 4 , 2 , 2 , 154663 : { BUY 4445.27@0.80470892} 154662 : { BUY 4445.27@0.80470892} 154661 : { SELL 20461.51@0.8079342} 154660 : { SELL 20461.51@0.8079342} 
Sat Nov 15 15:14:13 EST 2014 , 4 , 2 , 2 , 154663 : { BUY 4445.27@0.80470892} 154662 : { BUY 4445.27@0.80470892} 154661 : { SELL 20461.51@0.8079342} 154660 : { SELL 20461.51@0.8079342} 
Sat Nov 15 15:17:14 EST 2014 , 4 , 2 , 2 , 154744 : { BUY 4569.9@0.80470892} 154743 : { BUY 4569.9@0.80470892} 154741 : { SELL 20337.13@0.8079342} 154740 : { SELL 20337.13@0.8079342} 
Sat Nov 15 15:20:15 EST 2014 , 4 , 2 , 2 , 154744 : { BUY 4569.9@0.80470892} 154743 : { BUY 4569.9@0.80470892} 154741 : { SELL 20337.13@0.8079342} 154740 : { SELL 20337.13@0.8079342} 
Sat Nov 15 15:23:16 EST 2014 , 4 , 2 , 2 , 154744 : { BUY 4569.9@0.80470892} 154743 : { BUY 4569.9@0.80470892} 154741 : { SELL 20337.13@0.8079342} 154740 : { SELL 20337.13@0.8079342} 
Sat Nov 15 15:26:17 EST 2014 , 4 , 2 , 2 , 154744 : { BUY 4569.9@0.80470892} 154743 : { BUY 4569.9@0.80470892} 154741 : { SELL 20337.13@0.8079342} 154740 : { SELL 20337.13@0.8079342} 
Sat Nov 15 15:29:18 EST 2014 , 4 , 2 , 2 , 154744 : { BUY 4569.9@0.80470892} 154743 : { BUY 4569.9@0.80470892} 154741 : { SELL 20337.13@0.8079342} 154740 : { SELL 20337.13@0.8079342} 
Sat Nov 15 15:32:19 EST 2014 , 4 , 2 , 2 , 154744 : { BUY 4569.9@0.80470892} 154743 : { BUY 4569.9@0.80470892} 154741 : { SELL 20337.13@0.8079342} 154740 : { SELL 20337.13@0.8079342} 
Sat Nov 15 15:35:20 EST 2014 , 4 , 2 , 2 , 154744 : { BUY 4569.9@0.80470892} 154743 : { BUY 4569.9@0.80470892} 154741 : { SELL 20337.13@0.8079342} 154740 : { SELL 20337.13@0.8079342} 
Sat Nov 15 15:38:21 EST 2014 , 4 , 2 , 2 , 154744 : { BUY 4569.9@0.80470892} 154743 : { BUY 4569.9@0.80470892} 154741 : { SELL 20337.13@0.8079342} 154740 : { SELL 20337.13@0.8079342} 
Sat Nov 15 15:41:22 EST 2014 , 4 , 2 , 2 , 154744 : { BUY 4569.9@0.80470892} 154743 : { BUY 4569.9@0.80470892} 154741 : { SELL 20337.13@0.8079342} 154740 : { SELL 20337.13@0.8079342} 
Sat Nov 15 15:44:23 EST 2014 , 4 , 2 , 2 , 154744 : { BUY 4569.9@0.80470892} 154743 : { BUY 4569.9@0.80470892} 154741 : { SELL 20337.13@0.8079342} 154740 : { SELL 20337.13@0.8079342} 
Sat Nov 15 15:47:24 EST 2014 , 4 , 2 , 2 , 154744 : { BUY 4569.9@0.80470892} 154743 : { BUY 4569.9@0.80470892} 154741 : { SELL 20337.13@0.8079342} 154740 : { SELL 20337.13@0.8079342} 
Sat Nov 15 15:50:25 EST 2014 , 4 , 2 , 2 , 154744 : { BUY 4569.9@0.80470892} 154743 : { BUY 4569.9@0.80470892} 154741 : { SELL 20337.13@0.8079342} 154740 : { SELL 20337.13@0.8079342} 
Sat Nov 15 15:53:26 EST 2014 , 4 , 2 , 2 , 154744 : { BUY 4569.9@0.80470892} 154743 : { BUY 4569.9@0.80470892} 154741 : { SELL 20337.13@0.8079342} 154740 : { SELL 20337.13@0.8079342} 
Sat Nov 15 15:56:27 EST 2014 , 4 , 2 , 2 , 154744 : { BUY 4569.9@0.80470892} 154743 : { BUY 4569.9@0.80470892} 154741 : { SELL 20337.13@0.8079342} 154740 : { SELL 20337.13@0.8079342} 
Sat Nov 15 15:59:28 EST 2014 , 4 , 2 , 2 , 154744 : { BUY 4569.9@0.80470892} 154743 : { BUY 4569.9@0.80470892} 154741 : { SELL 20337.13@0.8079342} 154740 : { SELL 20337.13@0.8079342} 
Sat Nov 15 16:02:29 EST 2014 , 4 , 2 , 2 , 154744 : { BUY 4569.9@0.80470892} 154743 : { BUY 4569.9@0.80470892} 154741 : { SELL 20337.13@0.8079342} 154740 : { SELL 20337.13@0.8079342} 
Sat Nov 15 16:05:30 EST 2014 , 4 , 2 , 2 , 154744 : { BUY 4569.9@0.80470892} 154743 : { BUY 4569.9@0.80470892} 154741 : { SELL 20337.13@0.8079342} 154740 : { SELL 20337.13@0.8079342} 
Sat Nov 15 16:08:31 EST 2014 , 4 , 2 , 2 , 154744 : { BUY 4569.9@0.80470892} 154743 : { BUY 4569.9@0.80470892} 154741 : { SELL 20337.13@0.8079342} 154740 : { SELL 20337.13@0.8079342} 
Sat Nov 15 16:11:32 EST 2014 , 4 , 2 , 2 , 154744 : { BUY 4569.9@0.80470892} 154743 : { BUY 4569.9@0.80470892} 154741 : { SELL 20337.13@0.8079342} 154740 : { SELL 20337.13@0.8079342} 
Sat Nov 15 16:14:33 EST 2014 , 4 , 2 , 2 , 154744 : { BUY 4569.9@0.80470892} 154743 : { BUY 4569.9@0.80470892} 154741 : { SELL 20337.13@0.8079342} 154740 : { SELL 20337.13@0.8079342} 
Sat Nov 15 16:17:34 EST 2014 , 4 , 2 , 2 , 154744 : { BUY 4569.9@0.80470892} 154743 : { BUY 4569.9@0.80470892} 154741 : { SELL 20337.13@0.8079342} 154740 : { SELL 20337.13@0.8079342} 
Sat Nov 15 16:20:35 EST 2014 , 4 , 2 , 2 , 154744 : { BUY 4569.9@0.80470892} 154743 : { BUY 4569.9@0.80470892} 154741 : { SELL 20337.13@0.8079342} 154740 : { SELL 20337.13@0.8079342} 
Sat Nov 15 16:23:36 EST 2014 , 4 , 2 , 2 , 154744 : { BUY 4569.9@0.80470892} 154743 : { BUY 4569.9@0.80470892} 154741 : { SELL 20337.13@0.8079342} 154740 : { SELL 20337.13@0.8079342} 
Sat Nov 15 16:26:37 EST 2014 , 4 , 2 , 2 , 154744 : { BUY 4569.9@0.80470892} 154743 : { BUY 4569.9@0.80470892} 154741 : { SELL 20337.13@0.8079342} 154740 : { SELL 20337.13@0.8079342} 
Sat Nov 15 16:29:38 EST 2014 , 4 , 2 , 2 , 154744 : { BUY 4569.9@0.80470892} 154743 : { BUY 4569.9@0.80470892} 154741 : { SELL 20337.13@0.8079342} 154740 : { SELL 20337.13@0.8079342} 
Sat Nov 15 16:32:39 EST 2014 , 4 , 2 , 2 , 154744 : { BUY 4569.9@0.80470892} 154743 : { BUY 4569.9@0.80470892} 154741 : { SELL 20337.13@0.8079342} 154740 : { SELL 20335.3@0.8079342} 
Sat Nov 15 16:35:40 EST 2014 , 4 , 2 , 2 , 155014 : { BUY 4570.81@0.80470892} 155013 : { BUY 4570.81@0.80470892} 155012 : { SELL 20336.22@0.8079342} 155011 : { SELL 20336.22@0.8079342} 
Sat Nov 15 16:38:41 EST 2014 , 4 , 2 , 2 , 155014 : { BUY 4570.81@0.80470892} 155013 : { BUY 4570.81@0.80470892} 155012 : { SELL 20336.22@0.8079342} 155011 : { SELL 20336.22@0.8079342} 
Sat Nov 15 16:41:42 EST 2014 , 4 , 2 , 2 , 155014 : { BUY 4570.81@0.80470892} 155013 : { BUY 4570.81@0.80470892} 155012 : { SELL 20336.22@0.8079342} 155011 : { SELL 20336.22@0.8079342} 
Sat Nov 15 16:44:43 EST 2014 , 4 , 2 , 2 , 155014 : { BUY 4570.81@0.80470892} 155013 : { BUY 4570.81@0.80470892} 155012 : { SELL 20336.22@0.8079342} 155011 : { SELL 20336.22@0.8079342} 
Sat Nov 15 16:47:44 EST 2014 , 4 , 2 , 2 , 155014 : { BUY 4570.81@0.80470892} 155013 : { BUY 4570.81@0.80470892} 155012 : { SELL 20336.22@0.8079342} 155011 : { SELL 20336.22@0.8079342} 
Sat Nov 15 16:50:45 EST 2014 , 4 , 2 , 2 , 155014 : { BUY 4570.81@0.80470892} 155013 : { BUY 4570.81@0.80470892} 155012 : { SELL 20336.22@0.8079342} 155011 : { SELL 20336.22@0.8079342} 
Sat Nov 15 16:53:46 EST 2014 , 4 , 2 , 2 , 155014 : { BUY 4570.81@0.80470892} 155013 : { BUY 4570.81@0.80470892} 155012 : { SELL 20336.22@0.8079342} 155011 : { SELL 20336.22@0.8079342} 
Sat Nov 15 16:56:47 EST 2014 , 4 , 2 , 2 , 155014 : { BUY 4570.81@0.80470892} 155013 : { BUY 4570.81@0.80470892} 155012 : { SELL 20336.22@0.8079342} 155011 : { SELL 20336.22@0.8079342} 
Sat Nov 15 16:59:48 EST 2014 , 4 , 2 , 2 , 155014 : { BUY 4570.81@0.80470892} 155013 : { BUY 4570.81@0.80470892} 155012 : { SELL 20336.22@0.8079342} 155011 : { SELL 20336.22@0.8079342} 
Sat Nov 15 17:02:49 EST 2014 , 4 , 2 , 2 , 155014 : { BUY 4570.81@0.80470892} 155013 : { BUY 4570.81@0.80470892} 155012 : { SELL 20336.22@0.8079342} 155011 : { SELL 20336.22@0.8079342} 
Sat Nov 15 17:05:50 EST 2014 , 4 , 2 , 2 , 155014 : { BUY 4570.81@0.80470892} 155013 : { BUY 4570.81@0.80470892} 155012 : { SELL 20336.22@0.8079342} 155011 : { SELL 20336.22@0.8079342} 
Sat Nov 15 17:08:51 EST 2014 , 4 , 2 , 2 , 155014 : { BUY 4570.81@0.80470892} 155013 : { BUY 4570.81@0.80470892} 155012 : { SELL 20336.22@0.8079342} 155011 : { SELL 20336.22@0.8079342} 
Sat Nov 15 17:11:52 EST 2014 , 4 , 2 , 2 , 155014 : { BUY 4570.81@0.80470892} 155013 : { BUY 4570.81@0.80470892} 155012 : { SELL 20336.22@0.8079342} 155011 : { SELL 20336.22@0.8079342} 
Sat Nov 15 17:14:53 EST 2014 , 4 , 2 , 2 , 155014 : { BUY 4570.81@0.80470892} 155013 : { BUY 4570.81@0.80470892} 155012 : { SELL 20336.22@0.8079342} 155011 : { SELL 20336.22@0.8079342} 
Sat Nov 15 17:17:54 EST 2014 , 4 , 2 , 2 , 155014 : { BUY 4570.81@0.80470892} 155013 : { BUY 4570.81@0.80470892} 155012 : { SELL 20336.22@0.8079342} 155011 : { SELL 20336.22@0.8079342} 
Sat Nov 15 17:20:55 EST 2014 , 4 , 2 , 2 , 155014 : { BUY 4570.81@0.80470892} 155013 : { BUY 4570.81@0.80470892} 155012 : { SELL 20336.22@0.8079342} 155011 : { SELL 20336.22@0.8079342} 
Sat Nov 15 17:23:56 EST 2014 , 4 , 2 , 2 , 155014 : { BUY 4570.81@0.80470892} 155013 : { BUY 4570.81@0.80470892} 155012 : { SELL 20336.22@0.8079342} 155011 : { SELL 20336.22@0.8079342} 
Sat Nov 15 17:26:57 EST 2014 , 4 , 2 , 2 , 155014 : { BUY 4570.81@0.80470892} 155013 : { BUY 4570.81@0.80470892} 155012 : { SELL 20336.22@0.8079342} 155011 : { SELL 20336.22@0.8079342} 
Sat Nov 15 17:29:58 EST 2014 , 4 , 2 , 2 , 155014 : { BUY 4570.81@0.80470892} 155013 : { BUY 4570.81@0.80470892} 155012 : { SELL 20336.22@0.8079342} 155011 : { SELL 20336.22@0.8079342} 
Sat Nov 15 17:32:59 EST 2014 , 4 , 2 , 2 , 155014 : { BUY 4570.81@0.80470892} 155013 : { BUY 4570.81@0.80470892} 155012 : { SELL 20336.22@0.8079342} 155011 : { SELL 20336.22@0.8079342} 
Sat Nov 15 17:36:00 EST 2014 , 4 , 2 , 2 , 155014 : { BUY 4570.81@0.80470892} 155013 : { BUY 4570.81@0.80470892} 155012 : { SELL 20336.22@0.8079342} 155011 : { SELL 20336.22@0.8079342} 
Sat Nov 15 17:39:01 EST 2014 , 4 , 2 , 2 , 155014 : { BUY 4570.81@0.80470892} 155013 : { BUY 4570.81@0.80470892} 155012 : { SELL 20336.22@0.8079342} 155011 : { SELL 20336.22@0.8079342} 
Sat Nov 15 17:42:02 EST 2014 , 4 , 2 , 2 , 155014 : { BUY 4570.81@0.80470892} 155013 : { BUY 4570.81@0.80470892} 155012 : { SELL 20336.22@0.8079342} 155011 : { SELL 20336.22@0.8079342} 
Sat Nov 15 17:45:03 EST 2014 , 4 , 2 , 2 , 155014 : { BUY 4570.81@0.80470892} 155013 : { BUY 4570.81@0.80470892} 155012 : { SELL 20336.22@0.8079342} 155011 : { SELL 20336.22@0.8079342} 
Sat Nov 15 17:48:04 EST 2014 , 4 , 2 , 2 , 155014 : { BUY 4570.81@0.80470892} 155013 : { BUY 4570.81@0.80470892} 155012 : { SELL 20336.22@0.8079342} 155011 : { SELL 20336.22@0.8079342} 
Sat Nov 15 17:51:05 EST 2014 , 4 , 2 , 2 , 155014 : { BUY 4570.81@0.80470892} 155013 : { BUY 4570.81@0.80470892} 155012 : { SELL 20336.22@0.8079342} 155011 : { SELL 20336.22@0.8079342} 
Sat Nov 15 17:54:06 EST 2014 , 4 , 2 , 2 , 155014 : { BUY 4570.81@0.80470892} 155013 : { BUY 4570.81@0.80470892} 155012 : { SELL 20336.22@0.8079342} 155011 : { SELL 20336.22@0.8079342} 
Sat Nov 15 17:57:07 EST 2014 , 4 , 2 , 2 , 155014 : { BUY 4570.81@0.80470892} 155013 : { BUY 4570.81@0.80470892} 155012 : { SELL 20336.22@0.8079342} 155011 : { SELL 20336.22@0.8079342} 
Sat Nov 15 18:00:08 EST 2014 , 4 , 2 , 2 , 155014 : { BUY 4570.81@0.80470892} 155013 : { BUY 4570.81@0.80470892} 155012 : { SELL 20336.22@0.8079342} 155011 : { SELL 20336.22@0.8079342} 
Sat Nov 15 18:03:09 EST 2014 , 4 , 2 , 2 , 155014 : { BUY 4570.81@0.80470892} 155013 : { BUY 4570.81@0.80470892} 155012 : { SELL 20336.22@0.8079342} 155011 : { SELL 20336.22@0.8079342} 
Sat Nov 15 18:06:10 EST 2014 , 4 , 2 , 2 , 155014 : { BUY 4570.81@0.80470892} 155013 : { BUY 4570.81@0.80470892} 155012 : { SELL 20336.22@0.8079342} 155011 : { SELL 20336.22@0.8079342} 
Sat Nov 15 18:09:11 EST 2014 , 4 , 2 , 2 , 155014 : { BUY 4570.81@0.80470892} 155013 : { BUY 4570.81@0.80470892} 155012 : { SELL 20336.22@0.8079342} 155011 : { SELL 20336.22@0.8079342} 
Sat Nov 15 18:12:12 EST 2014 , 4 , 2 , 2 , 155014 : { BUY 4570.81@0.80470892} 155013 : { BUY 4570.81@0.80470892} 155012 : { SELL 20336.22@0.8079342} 155011 : { SELL 20336.22@0.8079342} 
Sat Nov 15 18:15:13 EST 2014 , 4 , 2 , 2 , 155014 : { BUY 4570.81@0.80470892} 155013 : { BUY 4570.81@0.80470892} 155012 : { SELL 20336.22@0.8079342} 155011 : { SELL 20336.22@0.8079342} 
Sat Nov 15 18:18:14 EST 2014 , 4 , 2 , 2 , 155014 : { BUY 4570.81@0.80470892} 155013 : { BUY 4570.81@0.80470892} 155012 : { SELL 20336.22@0.8079342} 155011 : { SELL 20336.22@0.8079342} 
Sat Nov 15 18:21:15 EST 2014 , 4 , 2 , 2 , 155014 : { BUY 4570.81@0.80470892} 155013 : { BUY 4570.81@0.80470892} 155012 : { SELL 20336.22@0.8079342} 155011 : { SELL 20336.22@0.8079342} 
Sat Nov 15 18:24:16 EST 2014 , 4 , 2 , 2 , 155014 : { BUY 4570.81@0.80470892} 155013 : { BUY 4570.81@0.80470892} 155012 : { SELL 20336.22@0.8079342} 155011 : { SELL 20336.22@0.8079342} 
Sat Nov 15 18:27:17 EST 2014 , 4 , 2 , 2 , 155014 : { BUY 4570.81@0.80470892} 155013 : { BUY 4570.81@0.80470892} 155012 : { SELL 20336.22@0.8079342} 155011 : { SELL 20336.22@0.8079342} 
Sat Nov 15 18:30:18 EST 2014 , 4 , 2 , 2 , 155014 : { BUY 4570.81@0.80470892} 155013 : { BUY 4570.81@0.80470892} 155012 : { SELL 20336.22@0.8079342} 155011 : { SELL 20336.22@0.8079342} 
Sat Nov 15 18:33:20 EST 2014 , 4 , 2 , 2 , 155014 : { BUY 4570.81@0.80470892} 155013 : { BUY 4570.81@0.80470892} 155012 : { SELL 20336.22@0.8079342} 155011 : { SELL 20336.22@0.8079342} 
Sat Nov 15 18:36:20 EST 2014 , 4 , 2 , 2 , 155014 : { BUY 4570.81@0.80470892} 155013 : { BUY 4570.81@0.80470892} 155012 : { SELL 20336.22@0.8079342} 155011 : { SELL 20336.22@0.8079342} 
Sat Nov 15 18:39:21 EST 2014 , 4 , 2 , 2 , 155014 : { BUY 4570.81@0.80470892} 155013 : { BUY 4570.81@0.80470892} 155012 : { SELL 20336.22@0.8079342} 155011 : { SELL 20336.22@0.8079342} 
Sat Nov 15 18:42:22 EST 2014 , 4 , 2 , 2 , 155014 : { BUY 4570.81@0.80470892} 155013 : { BUY 4570.81@0.80470892} 155012 : { SELL 20336.22@0.8079342} 155011 : { SELL 20336.22@0.8079342} 
Sat Nov 15 18:45:23 EST 2014 , 4 , 2 , 2 , 155014 : { BUY 4570.81@0.80470892} 155013 : { BUY 4570.81@0.80470892} 155012 : { SELL 20336.22@0.8079342} 155011 : { SELL 20336.22@0.8079342} 
Sat Nov 15 18:48:24 EST 2014 , 4 , 2 , 2 , 155014 : { BUY 4570.81@0.80470892} 155013 : { BUY 4570.81@0.80470892} 155012 : { SELL 20336.22@0.8079342} 155011 : { SELL 20336.22@0.8079342} 
Sat Nov 15 18:51:25 EST 2014 , 4 , 2 , 2 , 155014 : { BUY 4570.81@0.80470892} 155013 : { BUY 4570.81@0.80470892} 155012 : { SELL 20336.22@0.8079342} 155011 : { SELL 20336.22@0.8079342} 
Sat Nov 15 18:54:26 EST 2014 , 4 , 2 , 2 , 155014 : { BUY 4570.81@0.80470892} 155013 : { BUY 4570.81@0.80470892} 155012 : { SELL 20336.22@0.8079342} 155011 : { SELL 20336.22@0.8079342} 
Sat Nov 15 18:57:27 EST 2014 , 4 , 2 , 2 , 155014 : { BUY 4570.81@0.80470892} 155013 : { BUY 4570.81@0.80470892} 155012 : { SELL 20336.22@0.8079342} 155011 : { SELL 20336.22@0.8079342} 
Sat Nov 15 19:00:28 EST 2014 , 4 , 2 , 2 , 155014 : { BUY 4570.81@0.80470892} 155013 : { BUY 4570.81@0.80470892} 155012 : { SELL 20336.22@0.8079342} 155011 : { SELL 20336.22@0.8079342} 
Sat Nov 15 19:03:29 EST 2014 , 4 , 2 , 2 , 155014 : { BUY 4570.81@0.80470892} 155013 : { BUY 4570.81@0.80470892} 155012 : { SELL 20336.22@0.8079342} 155011 : { SELL 20336.22@0.8079342} 
Sat Nov 15 19:06:30 EST 2014 , 4 , 2 , 2 , 155014 : { BUY 4570.81@0.80470892} 155013 : { BUY 4570.81@0.80470892} 155012 : { SELL 20336.22@0.8079342} 155011 : { SELL 20336.22@0.8079342} 
Sat Nov 15 19:09:31 EST 2014 , 4 , 2 , 2 , 155014 : { BUY 4570.81@0.80470892} 155013 : { BUY 4570.81@0.80470892} 155012 : { SELL 20336.22@0.8079342} 155011 : { SELL 20336.22@0.8079342} 
Sat Nov 15 19:12:32 EST 2014 , 4 , 2 , 2 , 155014 : { BUY 4570.81@0.80470892} 155013 : { BUY 4570.81@0.80470892} 155012 : { SELL 20336.22@0.8079342} 155011 : { SELL 20336.22@0.8079342} 
Sat Nov 15 19:15:33 EST 2014 , 4 , 2 , 2 , 155014 : { BUY 4570.81@0.80470892} 155013 : { BUY 4570.81@0.80470892} 155012 : { SELL 20336.22@0.8079342} 155011 : { SELL 20336.22@0.8079342} 
Sat Nov 15 19:18:34 EST 2014 , 4 , 2 , 2 , 155014 : { BUY 4570.81@0.80470892} 155013 : { BUY 4570.81@0.80470892} 155012 : { SELL 20336.22@0.8079342} 155011 : { SELL 20336.22@0.8079342} 
Sat Nov 15 19:21:35 EST 2014 , 4 , 2 , 2 , 155014 : { BUY 4570.81@0.80470892} 155013 : { BUY 4570.81@0.80470892} 155012 : { SELL 20336.22@0.8079342} 155011 : { SELL 20336.22@0.8079342} 
Sat Nov 15 19:24:36 EST 2014 , 4 , 2 , 2 , 155014 : { BUY 4570.81@0.80470892} 155013 : { BUY 4570.81@0.80470892} 155012 : { SELL 20336.22@0.8079342} 155011 : { SELL 20336.22@0.8079342} 
Sat Nov 15 19:27:37 EST 2014 , 4 , 2 , 2 , 155014 : { BUY 4570.81@0.80470892} 155013 : { BUY 4570.81@0.80470892} 155012 : { SELL 20336.22@0.8079342} 155011 : { SELL 20336.22@0.8079342} 
Sat Nov 15 19:30:38 EST 2014 , 4 , 2 , 2 , 155014 : { BUY 4570.81@0.80470892} 155013 : { BUY 4570.81@0.80470892} 155012 : { SELL 20336.22@0.8079342} 155011 : { SELL 20336.22@0.8079342} 
Sat Nov 15 19:33:39 EST 2014 , 4 , 2 , 2 , 155014 : { BUY 4570.81@0.80470892} 155013 : { BUY 4570.81@0.80470892} 155012 : { SELL 20336.22@0.8079342} 155011 : { SELL 20336.22@0.8079342} 
Sat Nov 15 19:36:40 EST 2014 , 4 , 2 , 2 , 155014 : { BUY 4570.81@0.80470892} 155013 : { BUY 4570.81@0.80470892} 155012 : { SELL 20336.22@0.8079342} 155011 : { SELL 20336.22@0.8079342} 
Sat Nov 15 19:39:41 EST 2014 , 4 , 2 , 2 , 155014 : { BUY 4570.81@0.80470892} 155013 : { BUY 4570.81@0.80470892} 155012 : { SELL 20336.22@0.8079342} 155011 : { SELL 20336.22@0.8079342} 
Sat Nov 15 19:42:42 EST 2014 , 4 , 2 , 2 , 155014 : { BUY 4570.81@0.80470892} 155013 : { BUY 4570.81@0.80470892} 155012 : { SELL 20336.22@0.8079342} 155011 : { SELL 20336.22@0.8079342} 
Sat Nov 15 19:45:43 EST 2014 , 4 , 2 , 2 , 155014 : { BUY 4570.81@0.80470892} 155013 : { BUY 4570.81@0.80470892} 155012 : { SELL 20336.22@0.8079342} 155011 : { SELL 20336.22@0.8079342} 
Sat Nov 15 19:48:44 EST 2014 , 4 , 2 , 2 , 155014 : { BUY 4570.81@0.80470892} 155013 : { BUY 4570.81@0.80470892} 155012 : { SELL 20336.22@0.8079342} 155011 : { SELL 20336.22@0.8079342} 
Sat Nov 15 19:51:45 EST 2014 , 4 , 2 , 2 , 155014 : { BUY 4570.81@0.80470892} 155013 : { BUY 4570.81@0.80470892} 155012 : { SELL 20336.22@0.8079342} 155011 : { SELL 20336.22@0.8079342} 
Sat Nov 15 19:54:46 EST 2014 , 4 , 2 , 2 , 155014 : { BUY 4570.81@0.80470892} 155013 : { BUY 4570.81@0.80470892} 155012 : { SELL 20336.22@0.8079342} 155011 : { SELL 20336.22@0.8079342} 
Sat Nov 15 19:57:47 EST 2014 , 4 , 2 , 2 , 155014 : { BUY 4570.81@0.80470892} 155013 : { BUY 4570.81@0.80470892} 155012 : { SELL 20336.22@0.8079342} 155011 : { SELL 20336.22@0.8079342} 
Sat Nov 15 20:00:48 EST 2014 , 4 , 2 , 2 , 155014 : { BUY 4570.81@0.80470892} 155013 : { BUY 4570.81@0.80470892} 155012 : { SELL 20336.22@0.8079342} 155011 : { SELL 20336.22@0.8079342} 
Sat Nov 15 20:03:49 EST 2014 , 4 , 2 , 2 , 155014 : { BUY 4570.81@0.80470892} 155013 : { BUY 4570.81@0.80470892} 155012 : { SELL 20336.22@0.8079342} 155011 : { SELL 20336.22@0.8079342} 
Sat Nov 15 20:06:50 EST 2014 , 4 , 2 , 2 , 155014 : { BUY 4570.81@0.80470892} 155013 : { BUY 4570.81@0.80470892} 155012 : { SELL 20336.22@0.8079342} 155011 : { SELL 20336.22@0.8079342} 
Sat Nov 15 20:09:51 EST 2014 , 4 , 2 , 2 , 155014 : { BUY 4570.81@0.80470892} 155013 : { BUY 4570.81@0.80470892} 155012 : { SELL 20336.22@0.8079342} 155011 : { SELL 20336.22@0.8079342} 
Sat Nov 15 20:12:52 EST 2014 , 4 , 2 , 2 , 155014 : { BUY 4570.81@0.80470892} 155013 : { BUY 4570.81@0.80470892} 155012 : { SELL 20336.22@0.8079342} 155011 : { SELL 20336.22@0.8079342} 
Sat Nov 15 20:15:53 EST 2014 , 4 , 2 , 2 , 155014 : { BUY 4570.81@0.80470892} 155013 : { BUY 4570.81@0.80470892} 155012 : { SELL 20336.22@0.8079342} 155011 : { SELL 20336.22@0.8079342} 
Sat Nov 15 20:18:54 EST 2014 , 4 , 2 , 2 , 155014 : { BUY 4570.81@0.80470892} 155013 : { BUY 4570.81@0.80470892} 155012 : { SELL 20336.22@0.8079342} 155011 : { SELL 20336.22@0.8079342} 
Sat Nov 15 20:21:55 EST 2014 , 4 , 2 , 2 , 155014 : { BUY 4570.81@0.80470892} 155013 : { BUY 4570.81@0.80470892} 155012 : { SELL 20336.22@0.8079342} 155011 : { SELL 20336.22@0.8079342} 
Sat Nov 15 20:24:56 EST 2014 , 4 , 2 , 2 , 155014 : { BUY 4570.81@0.80470892} 155013 : { BUY 4570.81@0.80470892} 155012 : { SELL 20336.22@0.8079342} 155011 : { SELL 20336.22@0.8079342} 
Sat Nov 15 20:27:57 EST 2014 , 4 , 2 , 2 , 155014 : { BUY 4570.81@0.80470892} 155013 : { BUY 4570.81@0.80470892} 155012 : { SELL 20336.22@0.8079342} 155011 : { SELL 20336.22@0.8079342} 
Sat Nov 15 20:30:58 EST 2014 , 4 , 2 , 2 , 155014 : { BUY 4570.81@0.80470892} 155013 : { BUY 4570.81@0.80470892} 155012 : { SELL 20336.22@0.8079342} 155011 : { SELL 20336.22@0.8079342} 
Sat Nov 15 20:33:59 EST 2014 , 4 , 2 , 2 , 155014 : { BUY 4570.81@0.80470892} 155013 : { BUY 4570.81@0.80470892} 155012 : { SELL 20336.22@0.8079342} 155011 : { SELL 20336.22@0.8079342} 
Sat Nov 15 20:37:00 EST 2014 , 4 , 2 , 2 , 155014 : { BUY 4570.81@0.80470892} 155013 : { BUY 4570.81@0.80470892} 155012 : { SELL 20336.22@0.8079342} 155011 : { SELL 20336.22@0.8079342} 
Sat Nov 15 20:40:01 EST 2014 , 4 , 2 , 2 , 155014 : { BUY 4570.81@0.80470892} 155013 : { BUY 4570.81@0.80470892} 155012 : { SELL 20336.22@0.8079342} 155011 : { SELL 20336.22@0.8079342} 
Sat Nov 15 20:43:02 EST 2014 , 4 , 2 , 2 , 155014 : { BUY 4570.81@0.80470892} 155013 : { BUY 4570.81@0.80470892} 155012 : { SELL 20336.22@0.8079342} 155011 : { SELL 20336.22@0.8079342} 
Sat Nov 15 20:46:03 EST 2014 , 4 , 2 , 2 , 155014 : { BUY 4570.81@0.80470892} 155013 : { BUY 4570.81@0.80470892} 155012 : { SELL 20336.22@0.8079342} 155011 : { SELL 20336.22@0.8079342} 
Sat Nov 15 20:49:04 EST 2014 , 4 , 2 , 2 , 155014 : { BUY 4570.81@0.80470892} 155013 : { BUY 4570.81@0.80470892} 155012 : { SELL 20336.22@0.8079342} 155011 : { SELL 20336.22@0.8079342} 
Sat Nov 15 20:52:05 EST 2014 , 4 , 2 , 2 , 155014 : { BUY 4570.81@0.80470892} 155013 : { BUY 4570.81@0.80470892} 155012 : { SELL 20336.22@0.8079342} 155011 : { SELL 20336.22@0.8079342} 
Sat Nov 15 20:55:06 EST 2014 , 4 , 2 , 2 , 155014 : { BUY 4570.81@0.80470892} 155013 : { BUY 4570.81@0.80470892} 155012 : { SELL 20336.22@0.8079342} 155011 : { SELL 20336.22@0.8079342} 
Sat Nov 15 20:58:07 EST 2014 , 4 , 2 , 2 , 155014 : { BUY 4570.81@0.80470892} 155013 : { BUY 4570.81@0.80470892} 155012 : { SELL 20336.22@0.8079342} 155011 : { SELL 20336.22@0.8079342} 
Sat Nov 15 21:01:08 EST 2014 , 4 , 2 , 2 , 155014 : { BUY 4570.81@0.80470892} 155013 : { BUY 4570.81@0.80470892} 155012 : { SELL 20336.22@0.8079342} 155011 : { SELL 20336.22@0.8079342} 
Sat Nov 15 21:04:09 EST 2014 , 4 , 2 , 2 , 155014 : { BUY 4570.81@0.80470892} 155013 : { BUY 4570.81@0.80470892} 155012 : { SELL 20336.22@0.8079342} 155011 : { SELL 20336.22@0.8079342} 
Sat Nov 15 21:07:10 EST 2014 , 4 , 2 , 2 , 155014 : { BUY 4570.81@0.80470892} 155013 : { BUY 4570.81@0.80470892} 155012 : { SELL 20336.22@0.8079342} 155011 : { SELL 20336.22@0.8079342} 
Sat Nov 15 21:10:11 EST 2014 , 4 , 2 , 2 , 155014 : { BUY 4570.81@0.80470892} 155013 : { BUY 4570.81@0.80470892} 155012 : { SELL 20336.22@0.8079342} 155011 : { SELL 20336.22@0.8079342} 
Sat Nov 15 21:13:12 EST 2014 , 4 , 2 , 2 , 155014 : { BUY 4570.81@0.80470892} 155013 : { BUY 4570.81@0.80470892} 155012 : { SELL 20336.22@0.8079342} 155011 : { SELL 20336.22@0.8079342} 
Sat Nov 15 21:16:13 EST 2014 , 4 , 2 , 2 , 155014 : { BUY 4570.81@0.80470892} 155013 : { BUY 4570.81@0.80470892} 155012 : { SELL 20336.22@0.8079342} 155011 : { SELL 20336.22@0.8079342} 
Sat Nov 15 21:19:14 EST 2014 , 4 , 2 , 2 , 155014 : { BUY 4570.81@0.80470892} 155013 : { BUY 4570.81@0.80470892} 155012 : { SELL 20336.22@0.8079342} 155011 : { SELL 20336.22@0.8079342} 
Sat Nov 15 21:22:15 EST 2014 , 4 , 2 , 2 , 155014 : { BUY 4570.81@0.80470892} 155013 : { BUY 4570.81@0.80470892} 155012 : { SELL 20336.22@0.8079342} 155011 : { SELL 20336.22@0.8079342} 
Sat Nov 15 21:25:16 EST 2014 , 4 , 2 , 2 , 155014 : { BUY 4570.81@0.80470892} 155013 : { BUY 4570.81@0.80470892} 155012 : { SELL 20336.22@0.8079342} 155011 : { SELL 20336.22@0.8079342} 
Sat Nov 15 21:28:17 EST 2014 , 4 , 2 , 2 , 155014 : { BUY 4570.81@0.80470892} 155013 : { BUY 4570.81@0.80470892} 155012 : { SELL 20336.22@0.8079342} 155011 : { SELL 20336.22@0.8079342} 
Sat Nov 15 21:31:18 EST 2014 , 4 , 2 , 2 , 155014 : { BUY 4570.81@0.80470892} 155013 : { BUY 4570.81@0.80470892} 155012 : { SELL 20336.22@0.8079342} 155011 : { SELL 20336.22@0.8079342} 
Sat Nov 15 21:34:19 EST 2014 , 4 , 2 , 2 , 155014 : { BUY 4570.81@0.80470892} 155013 : { BUY 4570.81@0.80470892} 155012 : { SELL 20336.22@0.8079342} 155011 : { SELL 20336.22@0.8079342} 
Sat Nov 15 21:37:20 EST 2014 , 4 , 2 , 2 , 155014 : { BUY 4570.81@0.80470892} 155013 : { BUY 4570.81@0.80470892} 155012 : { SELL 20336.22@0.8079342} 155011 : { SELL 20336.22@0.8079342} 
Sat Nov 15 21:40:21 EST 2014 , 4 , 2 , 2 , 155014 : { BUY 4570.81@0.80470892} 155013 : { BUY 4570.81@0.80470892} 155012 : { SELL 20336.22@0.8079342} 155011 : { SELL 20336.22@0.8079342} 
Sat Nov 15 21:43:22 EST 2014 , 4 , 2 , 2 , 155014 : { BUY 4570.81@0.80470892} 155013 : { BUY 4570.81@0.80470892} 155012 : { SELL 20336.22@0.8079342} 155011 : { SELL 20336.22@0.8079342} 
Sat Nov 15 21:46:23 EST 2014 , 4 , 2 , 2 , 155014 : { BUY 4570.81@0.80470892} 155013 : { BUY 4570.81@0.80470892} 155012 : { SELL 20336.22@0.8079342} 155011 : { SELL 20336.22@0.8079342} 
Sat Nov 15 21:49:24 EST 2014 , 4 , 2 , 2 , 155014 : { BUY 4570.81@0.80470892} 155013 : { BUY 4570.81@0.80470892} 155012 : { SELL 20336.22@0.8079342} 155011 : { SELL 20336.22@0.8079342} 
Sat Nov 15 21:52:25 EST 2014 , 4 , 2 , 2 , 155014 : { BUY 4570.81@0.80470892} 155013 : { BUY 4570.81@0.80470892} 155012 : { SELL 20336.22@0.8079342} 155011 : { SELL 20336.22@0.8079342} 
Sat Nov 15 21:55:26 EST 2014 , 4 , 2 , 2 , 155014 : { BUY 4570.81@0.80470892} 155013 : { BUY 4570.81@0.80470892} 155012 : { SELL 20336.22@0.8079342} 155011 : { SELL 20336.22@0.8079342} 
Sat Nov 15 21:58:27 EST 2014 , 4 , 2 , 2 , 155014 : { BUY 4570.81@0.80470892} 155013 : { BUY 4570.81@0.80470892} 155012 : { SELL 20336.22@0.8079342} 155011 : { SELL 20336.22@0.8079342} 
Sat Nov 15 22:01:28 EST 2014 , 4 , 2 , 2 , 155014 : { BUY 4570.81@0.80470892} 155013 : { BUY 4570.81@0.80470892} 155012 : { SELL 20336.22@0.8079342} 155011 : { SELL 20336.22@0.8079342} 
Sat Nov 15 22:04:29 EST 2014 , 4 , 2 , 2 , 155014 : { BUY 4570.81@0.80470892} 155013 : { BUY 4570.81@0.80470892} 155012 : { SELL 20336.22@0.8079342} 155011 : { SELL 20336.22@0.8079342} 
Sat Nov 15 22:07:30 EST 2014 , 4 , 2 , 2 , 155014 : { BUY 4570.81@0.80470892} 155013 : { BUY 4570.81@0.80470892} 155012 : { SELL 20336.22@0.8079342} 155011 : { SELL 20336.22@0.8079342} 
Sat Nov 15 22:10:31 EST 2014 , 4 , 2 , 2 , 155014 : { BUY 4570.81@0.80470892} 155013 : { BUY 4570.81@0.80470892} 155012 : { SELL 20336.22@0.8079342} 155011 : { SELL 20336.22@0.8079342} 
Sat Nov 15 22:13:32 EST 2014 , 4 , 2 , 2 , 155014 : { BUY 4570.81@0.80470892} 155013 : { BUY 4570.81@0.80470892} 155012 : { SELL 20336.22@0.8079342} 155011 : { SELL 20336.22@0.8079342} 
Sat Nov 15 22:16:33 EST 2014 , 4 , 2 , 2 , 155014 : { BUY 4570.81@0.80470892} 155013 : { BUY 4570.81@0.80470892} 155012 : { SELL 20336.22@0.8079342} 155011 : { SELL 20336.22@0.8079342} 
Sat Nov 15 22:19:34 EST 2014 , 4 , 2 , 2 , 155014 : { BUY 4570.81@0.80470892} 155013 : { BUY 4570.81@0.80470892} 155012 : { SELL 20336.22@0.8079342} 155011 : { SELL 20336.22@0.8079342} 
Sat Nov 15 22:22:35 EST 2014 , 4 , 2 , 2 , 155014 : { BUY 4570.81@0.80470892} 155013 : { BUY 4570.81@0.80470892} 155012 : { SELL 20336.22@0.8079342} 155011 : { SELL 20336.22@0.8079342} 
Sat Nov 15 22:25:36 EST 2014 , 4 , 2 , 2 , 155014 : { BUY 4570.81@0.80470892} 155013 : { BUY 4570.81@0.80470892} 155012 : { SELL 20336.22@0.8079342} 155011 : { SELL 20336.22@0.8079342} 
Sat Nov 15 22:28:37 EST 2014 , 4 , 2 , 2 , 155014 : { BUY 4570.81@0.80470892} 155013 : { BUY 4570.81@0.80470892} 155012 : { SELL 20336.22@0.8079342} 155011 : { SELL 20336.22@0.8079342} 
Sat Nov 15 22:31:38 EST 2014 , 4 , 2 , 2 , 155014 : { BUY 4570.81@0.80470892} 155013 : { BUY 4570.81@0.80470892} 155012 : { SELL 20336.22@0.8079342} 155011 : { SELL 20336.22@0.8079342} 
Sat Nov 15 22:34:39 EST 2014 , 4 , 2 , 2 , 155014 : { BUY 4570.81@0.80470892} 155013 : { BUY 4570.81@0.80470892} 155012 : { SELL 20336.22@0.8079342} 155011 : { SELL 20336.22@0.8079342} 
Sat Nov 15 22:37:40 EST 2014 , 4 , 2 , 2 , 155014 : { BUY 4570.81@0.80470892} 155013 : { BUY 4570.81@0.80470892} 155012 : { SELL 20336.22@0.8079342} 155011 : { SELL 20336.22@0.8079342} 
Sat Nov 15 22:40:41 EST 2014 , 4 , 2 , 2 , 155014 : { BUY 4570.81@0.80470892} 155013 : { BUY 4570.81@0.80470892} 155012 : { SELL 20336.22@0.8079342} 155011 : { SELL 20336.22@0.8079342} 
Sat Nov 15 22:43:42 EST 2014 , 4 , 2 , 2 , 155014 : { BUY 4570.81@0.80470892} 155013 : { BUY 4570.81@0.80470892} 155012 : { SELL 20336.22@0.8079342} 155011 : { SELL 20336.22@0.8079342} 
Sat Nov 15 22:46:43 EST 2014 , 4 , 2 , 2 , 155014 : { BUY 4570.81@0.80470892} 155013 : { BUY 4570.81@0.80470892} 155012 : { SELL 20336.22@0.8079342} 155011 : { SELL 20336.22@0.8079342} 
Sat Nov 15 22:49:44 EST 2014 , 4 , 2 , 2 , 155014 : { BUY 4570.81@0.80470892} 155013 : { BUY 4570.81@0.80470892} 155012 : { SELL 20336.22@0.8079342} 155011 : { SELL 20336.22@0.8079342} 
Sat Nov 15 22:52:45 EST 2014 , 4 , 2 , 2 , 155014 : { BUY 4570.81@0.80470892} 155013 : { BUY 4570.81@0.80470892} 155012 : { SELL 20336.22@0.8079342} 155011 : { SELL 20336.22@0.8079342} 
Sat Nov 15 22:55:46 EST 2014 , 4 , 2 , 2 , 155014 : { BUY 4570.81@0.80470892} 155013 : { BUY 4570.81@0.80470892} 155012 : { SELL 20336.22@0.8079342} 155011 : { SELL 20336.22@0.8079342} 
Sat Nov 15 22:58:47 EST 2014 , 4 , 2 , 2 , 155014 : { BUY 4570.81@0.80470892} 155013 : { BUY 4570.81@0.80470892} 155012 : { SELL 20336.22@0.8079342} 155011 : { SELL 20336.22@0.8079342} 
Sat Nov 15 23:01:48 EST 2014 , 4 , 2 , 2 , 155014 : { BUY 4570.81@0.80470892} 155013 : { BUY 4570.81@0.80470892} 155012 : { SELL 20336.22@0.8079342} 155011 : { SELL 20336.22@0.8079342} 
Sat Nov 15 23:04:49 EST 2014 , 4 , 2 , 2 , 155014 : { BUY 4570.81@0.80470892} 155013 : { BUY 4570.81@0.80470892} 155012 : { SELL 20336.22@0.8079342} 155011 : { SELL 20336.22@0.8079342} 
Sat Nov 15 23:07:50 EST 2014 , 4 , 2 , 2 , 155014 : { BUY 4570.81@0.80470892} 155013 : { BUY 4570.81@0.80470892} 155012 : { SELL 20336.22@0.8079342} 155011 : { SELL 20336.22@0.8079342} 
Sat Nov 15 23:10:51 EST 2014 , 4 , 2 , 2 , 155014 : { BUY 4570.81@0.80470892} 155013 : { BUY 4570.81@0.80470892} 155012 : { SELL 20336.22@0.8079342} 155011 : { SELL 20336.22@0.8079342} 
Sat Nov 15 23:13:52 EST 2014 , 4 , 2 , 2 , 155014 : { BUY 4570.81@0.80470892} 155013 : { BUY 4570.81@0.80470892} 155012 : { SELL 20336.22@0.8079342} 155011 : { SELL 20336.22@0.8079342} 
Sat Nov 15 23:16:53 EST 2014 , 4 , 2 , 2 , 155014 : { BUY 4570.81@0.80470892} 155013 : { BUY 4570.81@0.80470892} 155012 : { SELL 20336.22@0.8079342} 155011 : { SELL 20336.22@0.8079342} 
Sat Nov 15 23:19:54 EST 2014 , 4 , 2 , 2 , 155014 : { BUY 4570.81@0.80470892} 155013 : { BUY 4570.81@0.80470892} 155012 : { SELL 20336.22@0.8079342} 155011 : { SELL 20336.22@0.8079342} 
Sat Nov 15 23:22:55 EST 2014 , 4 , 2 , 2 , 155014 : { BUY 4570.81@0.80470892} 155013 : { BUY 4570.81@0.80470892} 155012 : { SELL 20336.22@0.8079342} 155011 : { SELL 20336.22@0.8079342} 
Sat Nov 15 23:25:56 EST 2014 , 4 , 2 , 2 , 155014 : { BUY 4570.81@0.80470892} 155013 : { BUY 4570.81@0.80470892} 155012 : { SELL 20336.22@0.8079342} 155011 : { SELL 20336.22@0.8079342} 
Sat Nov 15 23:28:57 EST 2014 , 4 , 2 , 2 , 155014 : { BUY 4570.81@0.80470892} 155013 : { BUY 4570.81@0.80470892} 155012 : { SELL 20336.22@0.8079342} 155011 : { SELL 20336.22@0.8079342} 
Sat Nov 15 23:31:58 EST 2014 , 4 , 2 , 2 , 155014 : { BUY 4570.81@0.80470892} 155013 : { BUY 4570.81@0.80470892} 155012 : { SELL 20336.22@0.8079342} 155011 : { SELL 20336.22@0.8079342} 
Sat Nov 15 23:35:00 EST 2014 , 4 , 2 , 2 , 155014 : { BUY 4570.81@0.80470892} 155013 : { BUY 4570.81@0.80470892} 155012 : { SELL 20336.22@0.8079342} 155011 : { SELL 20336.22@0.8079342} 
Sat Nov 15 23:38:00 EST 2014 , 4 , 2 , 2 , 155014 : { BUY 4570.81@0.80470892} 155013 : { BUY 4570.81@0.80470892} 155012 : { SELL 20336.22@0.8079342} 155011 : { SELL 20336.22@0.8079342} 
Sat Nov 15 23:41:01 EST 2014 , 4 , 2 , 2 , 155014 : { BUY 4570.81@0.80470892} 155013 : { BUY 4570.81@0.80470892} 155012 : { SELL 20336.22@0.8079342} 155011 : { SELL 20336.22@0.8079342} 
Sat Nov 15 23:44:02 EST 2014 , 4 , 2 , 2 , 155014 : { BUY 4570.81@0.80470892} 155013 : { BUY 4570.81@0.80470892} 155012 : { SELL 20336.22@0.8079342} 155011 : { SELL 20336.22@0.8079342} 
Sat Nov 15 23:47:03 EST 2014 , 4 , 2 , 2 , 155014 : { BUY 4570.81@0.80470892} 155013 : { BUY 4570.81@0.80470892} 155012 : { SELL 20336.22@0.8079342} 155011 : { SELL 20336.22@0.8079342} 
Sat Nov 15 23:50:04 EST 2014 , 4 , 2 , 2 , 155014 : { BUY 4570.81@0.80470892} 155013 : { BUY 4570.81@0.80470892} 155012 : { SELL 20336.22@0.8079342} 155011 : { SELL 20336.22@0.8079342} 
Sat Nov 15 23:53:05 EST 2014 , 4 , 2 , 2 , 155014 : { BUY 4570.81@0.80470892} 155013 : { BUY 4570.81@0.80470892} 155012 : { SELL 20336.22@0.8079342} 155011 : { SELL 20336.22@0.8079342} 
Sat Nov 15 23:56:06 EST 2014 , 4 , 2 , 2 , 155014 : { BUY 4570.81@0.80470892} 155013 : { BUY 4570.81@0.80470892} 155012 : { SELL 20336.22@0.8079342} 155011 : { SELL 20336.22@0.8079342} 
Sat Nov 15 23:59:07 EST 2014 , 4 , 2 , 2 , 155014 : { BUY 4570.81@0.80470892} 155013 : { BUY 4570.81@0.80470892} 155012 : { SELL 20336.22@0.8079342} 155011 : { SELL 20336.22@0.8079342} 
Sun Nov 16 00:02:08 EST 2014 , 4 , 2 , 2 , 155014 : { BUY 4570.81@0.80470892} 155013 : { BUY 4570.81@0.80470892} 155012 : { SELL 20336.22@0.8079342} 155011 : { SELL 20336.22@0.8079342} 
Sun Nov 16 00:05:09 EST 2014 , 4 , 2 , 2 , 155014 : { BUY 4570.81@0.80470892} 155013 : { BUY 4570.81@0.80470892} 155012 : { SELL 20336.22@0.8079342} 155011 : { SELL 20336.22@0.8079342} 
Sun Nov 16 00:08:10 EST 2014 , 4 , 2 , 2 , 155014 : { BUY 4570.81@0.80470892} 155013 : { BUY 4570.81@0.80470892} 155012 : { SELL 20336.22@0.8079342} 155011 : { SELL 20336.22@0.8079342} 
Sun Nov 16 00:11:11 EST 2014 , 4 , 2 , 2 , 155014 : { BUY 4570.81@0.80470892} 155013 : { BUY 4570.81@0.80470892} 155012 : { SELL 20336.22@0.8079342} 155011 : { SELL 20336.22@0.8079342} 
Sun Nov 16 00:14:12 EST 2014 , 4 , 2 , 2 , 155014 : { BUY 4570.81@0.80470892} 155013 : { BUY 4570.81@0.80470892} 155012 : { SELL 20336.22@0.8079342} 155011 : { SELL 20336.22@0.8079342} 
Sun Nov 16 00:17:13 EST 2014 , 4 , 2 , 2 , 155014 : { BUY 4570.81@0.80470892} 155013 : { BUY 4570.81@0.80470892} 155012 : { SELL 20336.22@0.8079342} 155011 : { SELL 20336.22@0.8079342} 
Sun Nov 16 00:20:14 EST 2014 , 4 , 2 , 2 , 155014 : { BUY 4570.81@0.80470892} 155013 : { BUY 4570.81@0.80470892} 155012 : { SELL 20336.22@0.8079342} 155011 : { SELL 20336.22@0.8079342} 
Sun Nov 16 00:23:15 EST 2014 , 4 , 2 , 2 , 155014 : { BUY 4570.81@0.80470892} 155013 : { BUY 4570.81@0.80470892} 155012 : { SELL 20336.22@0.8079342} 155011 : { SELL 20336.22@0.8079342} 
Sun Nov 16 00:26:16 EST 2014 , 4 , 2 , 2 , 155014 : { BUY 4570.81@0.80470892} 155013 : { BUY 4570.81@0.80470892} 155012 : { SELL 20336.22@0.8079342} 155011 : { SELL 20336.22@0.8079342} 
Sun Nov 16 00:29:17 EST 2014 , 4 , 2 , 2 , 155014 : { BUY 4570.81@0.80470892} 155013 : { BUY 4570.81@0.80470892} 155012 : { SELL 20336.22@0.8079342} 155011 : { SELL 20336.22@0.8079342} 
Sun Nov 16 00:32:18 EST 2014 , 4 , 2 , 2 , 155014 : { BUY 4570.81@0.80470892} 155013 : { BUY 4570.81@0.80470892} 155012 : { SELL 20336.22@0.8079342} 155011 : { SELL 20336.22@0.8079342} 
Sun Nov 16 00:35:19 EST 2014 , 4 , 2 , 2 , 155014 : { BUY 4570.81@0.80470892} 155013 : { BUY 4570.81@0.80470892} 155012 : { SELL 20336.22@0.8079342} 155011 : { SELL 20336.22@0.8079342} 
Sun Nov 16 00:38:20 EST 2014 , 4 , 2 , 2 , 155014 : { BUY 4570.81@0.80470892} 155013 : { BUY 4570.81@0.80470892} 155012 : { SELL 20336.22@0.8079342} 155011 : { SELL 20336.22@0.8079342} 
Sun Nov 16 00:41:21 EST 2014 , 4 , 2 , 2 , 155014 : { BUY 4570.81@0.80470892} 155013 : { BUY 4570.81@0.80470892} 155012 : { SELL 20336.22@0.8079342} 155011 : { SELL 20336.22@0.8079342} 
Sun Nov 16 00:44:22 EST 2014 , 4 , 2 , 2 , 155014 : { BUY 4570.81@0.80470892} 155013 : { BUY 4570.81@0.80470892} 155012 : { SELL 20336.22@0.8079342} 155011 : { SELL 20336.22@0.8079342} 
Sun Nov 16 00:47:23 EST 2014 , 4 , 2 , 2 , 155014 : { BUY 4570.81@0.80470892} 155013 : { BUY 4570.81@0.80470892} 155012 : { SELL 20336.22@0.8079342} 155011 : { SELL 20336.22@0.8079342} 
Sun Nov 16 00:50:24 EST 2014 , 4 , 2 , 2 , 155014 : { BUY 4570.81@0.80470892} 155013 : { BUY 4570.81@0.80470892} 155012 : { SELL 20336.22@0.8079342} 155011 : { SELL 20336.22@0.8079342} 
Sun Nov 16 00:53:25 EST 2014 , 4 , 2 , 2 , 155014 : { BUY 4570.81@0.80470892} 155013 : { BUY 4570.81@0.80470892} 155012 : { SELL 20336.22@0.8079342} 155011 : { SELL 20336.22@0.8079342} 
Sun Nov 16 00:56:26 EST 2014 , 4 , 2 , 2 , 155014 : { BUY 4570.81@0.80470892} 155013 : { BUY 4570.81@0.80470892} 155012 : { SELL 20336.22@0.8079342} 155011 : { SELL 20336.22@0.8079342} 
Sun Nov 16 00:59:27 EST 2014 , 4 , 2 , 2 , 155014 : { BUY 4570.81@0.80470892} 155013 : { BUY 4570.81@0.80470892} 155012 : { SELL 20336.22@0.8079342} 155011 : { SELL 20336.22@0.8079342} 
Sun Nov 16 01:02:28 EST 2014 , 4 , 2 , 2 , 155014 : { BUY 4570.81@0.80470892} 155013 : { BUY 4570.81@0.80470892} 155012 : { SELL 20336.22@0.8079342} 155011 : { SELL 20336.22@0.8079342} 
Sun Nov 16 01:05:29 EST 2014 , 4 , 2 , 2 , 155014 : { BUY 4570.81@0.80470892} 155013 : { BUY 4570.81@0.80470892} 155012 : { SELL 20336.22@0.8079342} 155011 : { SELL 20336.22@0.8079342} 
Sun Nov 16 01:08:30 EST 2014 , 4 , 2 , 2 , 155014 : { BUY 4570.81@0.80470892} 155013 : { BUY 4570.81@0.80470892} 155012 : { SELL 20336.22@0.8079342} 155011 : { SELL 20336.22@0.8079342} 
Sun Nov 16 01:11:31 EST 2014 , 4 , 2 , 2 , 155014 : { BUY 4570.81@0.80470892} 155013 : { BUY 4570.81@0.80470892} 155012 : { SELL 20336.22@0.8079342} 155011 : { SELL 20336.22@0.8079342} 
Sun Nov 16 01:14:32 EST 2014 , 4 , 2 , 2 , 155014 : { BUY 4570.81@0.80470892} 155013 : { BUY 4570.81@0.80470892} 155012 : { SELL 20336.22@0.8079342} 155011 : { SELL 20336.22@0.8079342} 
Sun Nov 16 01:17:33 EST 2014 , 4 , 2 , 2 , 155014 : { BUY 4570.81@0.80470892} 155013 : { BUY 4570.81@0.80470892} 155012 : { SELL 20336.22@0.8079342} 155011 : { SELL 20336.22@0.8079342} 
Sun Nov 16 01:20:34 EST 2014 , 4 , 2 , 2 , 155014 : { BUY 4570.81@0.80470892} 155013 : { BUY 4570.81@0.80470892} 155012 : { SELL 20336.22@0.8079342} 155011 : { SELL 20336.22@0.8079342} 
Sun Nov 16 01:23:35 EST 2014 , 4 , 2 , 2 , 155014 : { BUY 4570.81@0.80470892} 155013 : { BUY 4570.81@0.80470892} 155012 : { SELL 20336.22@0.8079342} 155011 : { SELL 20336.22@0.8079342} 
Sun Nov 16 01:26:36 EST 2014 , 4 , 2 , 2 , 155014 : { BUY 4570.81@0.80470892} 155013 : { BUY 4570.81@0.80470892} 155012 : { SELL 20336.22@0.8079342} 155011 : { SELL 20336.22@0.8079342} 
Sun Nov 16 01:29:37 EST 2014 , 4 , 2 , 2 , 155014 : { BUY 4570.81@0.80470892} 155013 : { BUY 4570.81@0.80470892} 155012 : { SELL 20336.22@0.8079342} 155011 : { SELL 20336.22@0.8079342} 
Sun Nov 16 01:32:38 EST 2014 , 4 , 2 , 2 , 155014 : { BUY 4570.81@0.80470892} 155013 : { BUY 4570.81@0.80470892} 155012 : { SELL 20336.22@0.8079342} 155011 : { SELL 20336.22@0.8079342} 
Sun Nov 16 01:35:39 EST 2014 , 4 , 2 , 2 , 155014 : { BUY 4570.81@0.80470892} 155013 : { BUY 4570.81@0.80470892} 155012 : { SELL 20336.22@0.8079342} 155011 : { SELL 20336.22@0.8079342} 
Sun Nov 16 01:38:40 EST 2014 , 4 , 2 , 2 , 155014 : { BUY 4570.81@0.80470892} 155013 : { BUY 4570.81@0.80470892} 155012 : { SELL 20336.22@0.8079342} 155011 : { SELL 20336.22@0.8079342} 
Sun Nov 16 01:41:41 EST 2014 , 4 , 2 , 2 , 155014 : { BUY 4570.81@0.80470892} 155013 : { BUY 4570.81@0.80470892} 155012 : { SELL 20336.22@0.8079342} 155011 : { SELL 20336.22@0.8079342} 
Sun Nov 16 01:44:42 EST 2014 , 4 , 2 , 2 , 155014 : { BUY 4570.81@0.80470892} 155013 : { BUY 4570.81@0.80470892} 155012 : { SELL 20336.22@0.8079342} 155011 : { SELL 20336.22@0.8079342} 
Sun Nov 16 01:47:43 EST 2014 , 4 , 2 , 2 , 155014 : { BUY 4570.81@0.80470892} 155013 : { BUY 4570.81@0.80470892} 155012 : { SELL 20336.22@0.8079342} 155011 : { SELL 20336.22@0.8079342} 
Sun Nov 16 01:50:44 EST 2014 , 4 , 2 , 2 , 155014 : { BUY 4570.81@0.80470892} 155013 : { BUY 4570.81@0.80470892} 155012 : { SELL 20336.22@0.8079342} 155011 : { SELL 20336.22@0.8079342} 
Sun Nov 16 01:53:45 EST 2014 , 4 , 2 , 2 , 155014 : { BUY 4570.81@0.80470892} 155013 : { BUY 4570.81@0.80470892} 155012 : { SELL 20336.22@0.8079342} 155011 : { SELL 20336.22@0.8079342} 
Sun Nov 16 01:56:46 EST 2014 , 4 , 2 , 2 , 155014 : { BUY 4570.81@0.80470892} 155013 : { BUY 4570.81@0.80470892} 155012 : { SELL 20336.22@0.8079342} 155011 : { SELL 20336.22@0.8079342} 
Sun Nov 16 01:59:47 EST 2014 , 4 , 2 , 2 , 155014 : { BUY 4570.81@0.80470892} 155013 : { BUY 4570.81@0.80470892} 155012 : { SELL 20336.22@0.8079342} 155011 : { SELL 20336.22@0.8079342} 
Sun Nov 16 02:02:48 EST 2014 , 4 , 2 , 2 , 155014 : { BUY 4570.81@0.80470892} 155013 : { BUY 4570.81@0.80470892} 155012 : { SELL 20336.22@0.8079342} 155011 : { SELL 20336.22@0.8079342} 
Sun Nov 16 02:05:49 EST 2014 , 4 , 2 , 2 , 155014 : { BUY 4570.81@0.80470892} 155013 : { BUY 4570.81@0.80470892} 155012 : { SELL 20336.22@0.8079342} 155011 : { SELL 20336.22@0.8079342} 
Sun Nov 16 02:08:50 EST 2014 , 4 , 2 , 2 , 155014 : { BUY 4570.81@0.80470892} 155013 : { BUY 4570.81@0.80470892} 155012 : { SELL 20336.22@0.8079342} 155011 : { SELL 20336.22@0.8079342} 
Sun Nov 16 02:11:51 EST 2014 , 4 , 2 , 2 , 155014 : { BUY 4570.81@0.80470892} 155013 : { BUY 4570.81@0.80470892} 155012 : { SELL 20336.22@0.8079342} 155011 : { SELL 20336.22@0.8079342} 
Sun Nov 16 02:14:52 EST 2014 , 4 , 2 , 2 , 155014 : { BUY 4570.81@0.80470892} 155013 : { BUY 4570.81@0.80470892} 155012 : { SELL 20336.22@0.8079342} 155011 : { SELL 20336.22@0.8079342} 
Sun Nov 16 02:17:53 EST 2014 , 4 , 2 , 2 , 155014 : { BUY 4570.81@0.80470892} 155013 : { BUY 4570.81@0.80470892} 155012 : { SELL 20336.22@0.8079342} 155011 : { SELL 20336.22@0.8079342} 
Sun Nov 16 02:20:54 EST 2014 , 4 , 2 , 2 , 155014 : { BUY 4570.81@0.80470892} 155013 : { BUY 4570.81@0.80470892} 155012 : { SELL 20336.22@0.8079342} 155011 : { SELL 20336.22@0.8079342} 
Sun Nov 16 02:23:55 EST 2014 , 4 , 2 , 2 , 155014 : { BUY 4570.81@0.80470892} 155013 : { BUY 4570.81@0.80470892} 155012 : { SELL 20336.22@0.8079342} 155011 : { SELL 20336.22@0.8079342} 
Sun Nov 16 02:26:56 EST 2014 , 4 , 2 , 2 , 155014 : { BUY 4570.81@0.80470892} 155013 : { BUY 4570.81@0.80470892} 155012 : { SELL 20336.22@0.8079342} 155011 : { SELL 20336.22@0.8079342} 
Sun Nov 16 02:29:57 EST 2014 , 4 , 2 , 2 , 155014 : { BUY 4570.81@0.80470892} 155013 : { BUY 4570.81@0.80470892} 155012 : { SELL 20336.22@0.8079342} 155011 : { SELL 20336.22@0.8079342} 
Sun Nov 16 02:32:58 EST 2014 , 4 , 2 , 2 , 155014 : { BUY 4570.81@0.80470892} 155013 : { BUY 4570.81@0.80470892} 155012 : { SELL 20336.22@0.8079342} 155011 : { SELL 20336.22@0.8079342} 
Sun Nov 16 02:35:59 EST 2014 , 4 , 2 , 2 , 155014 : { BUY 4570.81@0.80470892} 155013 : { BUY 4570.81@0.80470892} 155012 : { SELL 20336.22@0.8079342} 155011 : { SELL 20336.22@0.8079342} 
Sun Nov 16 02:39:00 EST 2014 , 4 , 2 , 2 , 155014 : { BUY 4570.81@0.80470892} 155013 : { BUY 4570.81@0.80470892} 155012 : { SELL 20336.22@0.8079342} 155011 : { SELL 20336.22@0.8079342} 
Sun Nov 16 02:42:01 EST 2014 , 4 , 2 , 2 , 155014 : { BUY 4570.81@0.80470892} 155013 : { BUY 4570.81@0.80470892} 155012 : { SELL 20336.22@0.8079342} 155011 : { SELL 20336.22@0.8079342} 
Sun Nov 16 02:45:02 EST 2014 , 4 , 2 , 2 , 155014 : { BUY 4570.81@0.80470892} 155013 : { BUY 4570.81@0.80470892} 155012 : { SELL 20336.22@0.8079342} 155011 : { SELL 20336.22@0.8079342} 
Sun Nov 16 02:48:03 EST 2014 , 4 , 2 , 2 , 155014 : { BUY 4570.81@0.80470892} 155013 : { BUY 4570.81@0.80470892} 155012 : { SELL 20336.22@0.8079342} 155011 : { SELL 20336.22@0.8079342} 
Sun Nov 16 02:51:04 EST 2014 , 4 , 2 , 2 , 155014 : { BUY 4570.81@0.80470892} 155013 : { BUY 4570.81@0.80470892} 155012 : { SELL 20336.22@0.8079342} 155011 : { SELL 20336.22@0.8079342} 
Sun Nov 16 02:54:05 EST 2014 , 4 , 2 , 2 , 155014 : { BUY 4570.81@0.80470892} 155013 : { BUY 4570.81@0.80470892} 155012 : { SELL 20336.22@0.8079342} 155011 : { SELL 20336.22@0.8079342} 
Sun Nov 16 02:57:06 EST 2014 , 4 , 2 , 2 , 155014 : { BUY 4570.81@0.80470892} 155013 : { BUY 4570.81@0.80470892} 155012 : { SELL 20336.22@0.8079342} 155011 : { SELL 20336.22@0.8079342} 
Sun Nov 16 03:00:07 EST 2014 , 4 , 2 , 2 , 155014 : { BUY 4570.81@0.80470892} 155013 : { BUY 4570.81@0.80470892} 155012 : { SELL 20336.22@0.8079342} 155011 : { SELL 20336.22@0.8079342} 
Sun Nov 16 03:03:08 EST 2014 , 4 , 2 , 2 , 155014 : { BUY 4570.81@0.80470892} 155013 : { BUY 4570.81@0.80470892} 155012 : { SELL 20336.22@0.8079342} 155011 : { SELL 20336.22@0.8079342} 
Sun Nov 16 03:06:09 EST 2014 , 4 , 2 , 2 , 155014 : { BUY 4570.81@0.80470892} 155013 : { BUY 4570.81@0.80470892} 155012 : { SELL 20336.22@0.8079342} 155011 : { SELL 20336.22@0.8079342} 
Sun Nov 16 03:09:10 EST 2014 , 4 , 2 , 2 , 155014 : { BUY 4570.81@0.80470892} 155013 : { BUY 4570.81@0.80470892} 155012 : { SELL 20336.22@0.8079342} 155011 : { SELL 20336.22@0.8079342} 
Sun Nov 16 03:12:11 EST 2014 , 4 , 2 , 2 , 155014 : { BUY 4570.81@0.80470892} 155013 : { BUY 4570.81@0.80470892} 155012 : { SELL 20336.22@0.8079342} 155011 : { SELL 20336.22@0.8079342} 
Sun Nov 16 03:15:12 EST 2014 , 4 , 2 , 2 , 155014 : { BUY 4570.81@0.80470892} 155013 : { BUY 4570.81@0.80470892} 155012 : { SELL 20336.22@0.8079342} 155011 : { SELL 20336.22@0.8079342} 
Sun Nov 16 03:18:13 EST 2014 , 4 , 2 , 2 , 155014 : { BUY 4570.81@0.80470892} 155013 : { BUY 4570.81@0.80470892} 155012 : { SELL 20336.22@0.8079342} 155011 : { SELL 20336.22@0.8079342} 
Sun Nov 16 03:21:14 EST 2014 , 4 , 2 , 2 , 155014 : { BUY 4570.81@0.80470892} 155013 : { BUY 4570.81@0.80470892} 155012 : { SELL 20336.22@0.8079342} 155011 : { SELL 20336.22@0.8079342} 
Sun Nov 16 03:24:15 EST 2014 , 4 , 2 , 2 , 155014 : { BUY 4570.81@0.80470892} 155013 : { BUY 4570.81@0.80470892} 155012 : { SELL 20336.22@0.8079342} 155011 : { SELL 20336.22@0.8079342} 
Sun Nov 16 03:27:16 EST 2014 , 4 , 2 , 2 , 155014 : { BUY 4570.81@0.80470892} 155013 : { BUY 4570.81@0.80470892} 155012 : { SELL 20336.22@0.8079342} 155011 : { SELL 20336.22@0.8079342} 
Sun Nov 16 03:30:17 EST 2014 , 4 , 2 , 2 , 155014 : { BUY 4570.81@0.80470892} 155013 : { BUY 4570.81@0.80470892} 155012 : { SELL 20336.22@0.8079342} 155011 : { SELL 20336.22@0.8079342} 
Sun Nov 16 03:33:18 EST 2014 , 4 , 2 , 2 , 155014 : { BUY 4570.81@0.80470892} 155013 : { BUY 4570.81@0.80470892} 155012 : { SELL 20336.22@0.8079342} 155011 : { SELL 20336.22@0.8079342} 
Sun Nov 16 03:36:19 EST 2014 , 4 , 2 , 2 , 155014 : { BUY 4570.81@0.80470892} 155013 : { BUY 4570.81@0.80470892} 155012 : { SELL 20336.22@0.8079342} 155011 : { SELL 20336.22@0.8079342} 
Sun Nov 16 03:39:20 EST 2014 , 4 , 2 , 2 , 155014 : { BUY 4570.81@0.80470892} 155013 : { BUY 4570.81@0.80470892} 155012 : { SELL 20336.22@0.8079342} 155011 : { SELL 20336.22@0.8079342} 
Sun Nov 16 03:42:21 EST 2014 , 4 , 2 , 2 , 155014 : { BUY 4570.81@0.80470892} 155013 : { BUY 4570.81@0.80470892} 155012 : { SELL 20336.22@0.8079342} 155011 : { SELL 20336.22@0.8079342} 
Sun Nov 16 03:45:22 EST 2014 , 4 , 2 , 2 , 155014 : { BUY 4570.81@0.80470892} 155013 : { BUY 4570.81@0.80470892} 155012 : { SELL 20336.22@0.8079342} 155011 : { SELL 20336.22@0.8079342} 
Sun Nov 16 03:48:23 EST 2014 , 4 , 2 , 2 , 155014 : { BUY 4570.81@0.80470892} 155013 : { BUY 4570.81@0.80470892} 155012 : { SELL 20336.22@0.8079342} 155011 : { SELL 20336.22@0.8079342} 
Sun Nov 16 03:51:24 EST 2014 , 4 , 2 , 2 , 155014 : { BUY 4570.81@0.80470892} 155013 : { BUY 4570.81@0.80470892} 155012 : { SELL 20336.22@0.8079342} 155011 : { SELL 20336.22@0.8079342} 
Sun Nov 16 03:54:25 EST 2014 , 4 , 2 , 2 , 155014 : { BUY 4570.81@0.80470892} 155013 : { BUY 4570.81@0.80470892} 155012 : { SELL 20336.22@0.8079342} 155011 : { SELL 20336.22@0.8079342} 
Sun Nov 16 03:57:26 EST 2014 , 4 , 2 , 2 , 155014 : { BUY 4570.81@0.80470892} 155013 : { BUY 4570.81@0.80470892} 155012 : { SELL 20336.22@0.8079342} 155011 : { SELL 20336.22@0.8079342} 
Sun Nov 16 04:00:27 EST 2014 , 4 , 2 , 2 , 155014 : { BUY 4570.81@0.80470892} 155013 : { BUY 4570.81@0.80470892} 155012 : { SELL 20336.22@0.8079342} 155011 : { SELL 20336.22@0.8079342} 
Sun Nov 16 04:03:28 EST 2014 , 4 , 2 , 2 , 155014 : { BUY 4570.81@0.80470892} 155013 : { BUY 4570.81@0.80470892} 155012 : { SELL 20336.22@0.8079342} 155011 : { SELL 20336.22@0.8079342} 
Sun Nov 16 04:06:29 EST 2014 , 4 , 2 , 2 , 155014 : { BUY 4570.81@0.80470892} 155013 : { BUY 4570.81@0.80470892} 155012 : { SELL 20336.22@0.8079342} 155011 : { SELL 20336.22@0.8079342} 
Sun Nov 16 04:09:30 EST 2014 , 4 , 2 , 2 , 155014 : { BUY 4570.81@0.80470892} 155013 : { BUY 4570.81@0.80470892} 155012 : { SELL 20336.22@0.8079342} 155011 : { SELL 20336.22@0.8079342} 
Sun Nov 16 04:12:31 EST 2014 , 4 , 2 , 2 , 155014 : { BUY 4570.81@0.80470892} 155013 : { BUY 4570.81@0.80470892} 155012 : { SELL 20336.22@0.8079342} 155011 : { SELL 20336.22@0.8079342} 
Sun Nov 16 04:15:32 EST 2014 , 4 , 2 , 2 , 155014 : { BUY 4570.81@0.80470892} 155013 : { BUY 4570.81@0.80470892} 155012 : { SELL 20336.22@0.8079342} 155011 : { SELL 20336.22@0.8079342} 
Sun Nov 16 04:18:33 EST 2014 , 4 , 2 , 2 , 155014 : { BUY 4570.81@0.80470892} 155013 : { BUY 4570.81@0.80470892} 155012 : { SELL 20336.22@0.8079342} 155011 : { SELL 20336.22@0.8079342} 
Sun Nov 16 04:21:34 EST 2014 , 4 , 2 , 2 , 155014 : { BUY 4570.81@0.80470892} 155013 : { BUY 4570.81@0.80470892} 155012 : { SELL 20336.22@0.8079342} 155011 : { SELL 20336.22@0.8079342} 
Sun Nov 16 04:24:35 EST 2014 , 4 , 2 , 2 , 155014 : { BUY 4570.81@0.80470892} 155013 : { BUY 4570.81@0.80470892} 155012 : { SELL 20336.22@0.8079342} 155011 : { SELL 20336.22@0.8079342} 
Sun Nov 16 04:27:36 EST 2014 , 4 , 2 , 2 , 155014 : { BUY 4570.81@0.80470892} 155013 : { BUY 4570.81@0.80470892} 155012 : { SELL 20336.22@0.8079342} 155011 : { SELL 20336.22@0.8079342} 
Sun Nov 16 04:30:37 EST 2014 , 4 , 2 , 2 , 155014 : { BUY 4570.81@0.80470892} 155013 : { BUY 4570.81@0.80470892} 155012 : { SELL 20336.22@0.8079342} 155011 : { SELL 20336.22@0.8079342} 
Sun Nov 16 04:33:38 EST 2014 , 4 , 2 , 2 , 155014 : { BUY 4570.81@0.80470892} 155013 : { BUY 4570.81@0.80470892} 155012 : { SELL 20336.22@0.8079342} 155011 : { SELL 20336.22@0.8079342} 
Sun Nov 16 04:36:40 EST 2014 , 4 , 2 , 2 , 155014 : { BUY 4570.81@0.80470892} 155013 : { BUY 4570.81@0.80470892} 155012 : { SELL 20336.22@0.8079342} 155011 : { SELL 20336.22@0.8079342} 
Sun Nov 16 04:39:40 EST 2014 , 4 , 2 , 2 , 155014 : { BUY 4570.81@0.80470892} 155013 : { BUY 4570.81@0.80470892} 155012 : { SELL 20336.22@0.8079342} 155011 : { SELL 20336.22@0.8079342} 
Sun Nov 16 04:42:41 EST 2014 , 4 , 2 , 2 , 155014 : { BUY 4570.81@0.80470892} 155013 : { BUY 4570.81@0.80470892} 155012 : { SELL 20336.22@0.8079342} 155011 : { SELL 20336.22@0.8079342} 
Sun Nov 16 04:45:42 EST 2014 , 4 , 2 , 2 , 155014 : { BUY 4570.81@0.80470892} 155013 : { BUY 4570.81@0.80470892} 155012 : { SELL 20336.22@0.8079342} 155011 : { SELL 20336.22@0.8079342} 
Sun Nov 16 04:48:43 EST 2014 , 4 , 2 , 2 , 155014 : { BUY 4570.81@0.80470892} 155013 : { BUY 4570.81@0.80470892} 155012 : { SELL 20336.22@0.8079342} 155011 : { SELL 20336.22@0.8079342} 
Sun Nov 16 04:51:44 EST 2014 , 4 , 2 , 2 , 155014 : { BUY 4570.81@0.80470892} 155013 : { BUY 4570.81@0.80470892} 155012 : { SELL 20336.22@0.8079342} 155011 : { SELL 20336.22@0.8079342} 
Sun Nov 16 04:54:45 EST 2014 , 4 , 2 , 2 , 155014 : { BUY 4570.81@0.80470892} 155013 : { BUY 4570.81@0.80470892} 155012 : { SELL 20336.22@0.8079342} 155011 : { SELL 20336.22@0.8079342} 
Sun Nov 16 04:57:46 EST 2014 , 4 , 2 , 2 , 155014 : { BUY 4570.81@0.80470892} 155013 : { BUY 4570.81@0.80470892} 155012 : { SELL 20336.22@0.8079342} 155011 : { SELL 20336.22@0.8079342} 
Sun Nov 16 05:00:47 EST 2014 , 4 , 2 , 2 , 155014 : { BUY 4570.81@0.80470892} 155013 : { BUY 4570.81@0.80470892} 155012 : { SELL 20336.22@0.8079342} 155011 : { SELL 20336.22@0.8079342} 
Sun Nov 16 05:03:48 EST 2014 , 4 , 2 , 2 , 155014 : { BUY 4570.81@0.80470892} 155013 : { BUY 4570.81@0.80470892} 155012 : { SELL 20336.22@0.8079342} 155011 : { SELL 20336.22@0.8079342} 
Sun Nov 16 05:06:49 EST 2014 , 4 , 2 , 2 , 155014 : { BUY 4570.81@0.80470892} 155013 : { BUY 4570.81@0.80470892} 155012 : { SELL 20336.22@0.8079342} 155011 : { SELL 20336.22@0.8079342} 
Sun Nov 16 05:09:50 EST 2014 , 4 , 2 , 2 , 155014 : { BUY 4570.81@0.80470892} 155013 : { BUY 4570.81@0.80470892} 155012 : { SELL 20336.22@0.8079342} 155011 : { SELL 20336.22@0.8079342} 
Sun Nov 16 05:12:51 EST 2014 , 4 , 2 , 2 , 155014 : { BUY 4570.81@0.80470892} 155013 : { BUY 4570.81@0.80470892} 155012 : { SELL 20336.22@0.8079342} 155011 : { SELL 20336.22@0.8079342} 
Sun Nov 16 05:15:52 EST 2014 , 4 , 2 , 2 , 155014 : { BUY 4570.81@0.80470892} 155013 : { BUY 4570.81@0.80470892} 155012 : { SELL 20336.22@0.8079342} 155011 : { SELL 20336.22@0.8079342} 
Sun Nov 16 05:18:53 EST 2014 , 4 , 2 , 2 , 155014 : { BUY 4570.81@0.80470892} 155013 : { BUY 4570.81@0.80470892} 155012 : { SELL 20336.22@0.8079342} 155011 : { SELL 20336.22@0.8079342} 
Sun Nov 16 05:21:54 EST 2014 , 4 , 2 , 2 , 155014 : { BUY 4570.81@0.80470892} 155013 : { BUY 4570.81@0.80470892} 155012 : { SELL 20336.22@0.8079342} 155011 : { SELL 20336.22@0.8079342} 
Sun Nov 16 05:24:55 EST 2014 , 4 , 2 , 2 , 155014 : { BUY 4570.81@0.80470892} 155013 : { BUY 4570.81@0.80470892} 155012 : { SELL 20336.22@0.8079342} 155011 : { SELL 20336.22@0.8079342} 
Sun Nov 16 05:27:56 EST 2014 , 4 , 2 , 2 , 155014 : { BUY 4570.81@0.80470892} 155013 : { BUY 4570.81@0.80470892} 155012 : { SELL 20336.22@0.8079342} 155011 : { SELL 20336.22@0.8079342} 
Sun Nov 16 05:30:57 EST 2014 , 4 , 2 , 2 , 155014 : { BUY 4570.81@0.80470892} 155013 : { BUY 4570.81@0.80470892} 155012 : { SELL 20336.22@0.8079342} 155011 : { SELL 20336.22@0.8079342} 
Sun Nov 16 05:33:58 EST 2014 , 4 , 2 , 2 , 155014 : { BUY 4570.81@0.80470892} 155013 : { BUY 4570.81@0.80470892} 155012 : { SELL 20336.22@0.8079342} 155011 : { SELL 20336.22@0.8079342} 
Sun Nov 16 05:36:59 EST 2014 , 4 , 2 , 2 , 155014 : { BUY 4570.81@0.80470892} 155013 : { BUY 4570.81@0.80470892} 155012 : { SELL 20336.22@0.8079342} 155011 : { SELL 20336.22@0.8079342} 
Sun Nov 16 05:40:00 EST 2014 , 4 , 2 , 2 , 155014 : { BUY 4570.81@0.80470892} 155013 : { BUY 4570.81@0.80470892} 155012 : { SELL 20336.22@0.8079342} 155011 : { SELL 20336.22@0.8079342} 
Sun Nov 16 05:43:01 EST 2014 , 4 , 2 , 2 , 155014 : { BUY 4570.81@0.80470892} 155013 : { BUY 4570.81@0.80470892} 155012 : { SELL 20336.22@0.8079342} 155011 : { SELL 20336.22@0.8079342} 
Sun Nov 16 05:46:02 EST 2014 , 4 , 2 , 2 , 155014 : { BUY 4570.81@0.80470892} 155013 : { BUY 4570.81@0.80470892} 155012 : { SELL 20336.22@0.8079342} 155011 : { SELL 20336.22@0.8079342} 
Sun Nov 16 05:49:03 EST 2014 , 4 , 2 , 2 , 155014 : { BUY 4570.81@0.80470892} 155013 : { BUY 4570.81@0.80470892} 155012 : { SELL 20336.22@0.8079342} 155011 : { SELL 20336.22@0.8079342} 
Sun Nov 16 05:52:04 EST 2014 , 4 , 2 , 2 , 155014 : { BUY 4570.81@0.80470892} 155013 : { BUY 4570.81@0.80470892} 155012 : { SELL 20336.22@0.8079342} 155011 : { SELL 20336.22@0.8079342} 
Sun Nov 16 05:55:05 EST 2014 , 4 , 2 , 2 , 155014 : { BUY 4570.81@0.80470892} 155013 : { BUY 4570.81@0.80470892} 155012 : { SELL 20336.22@0.8079342} 155011 : { SELL 20336.22@0.8079342} 
Sun Nov 16 05:58:06 EST 2014 , 4 , 2 , 2 , 155014 : { BUY 4570.81@0.80470892} 155013 : { BUY 4570.81@0.80470892} 155012 : { SELL 20336.22@0.8079342} 155011 : { SELL 20336.22@0.8079342} 
Sun Nov 16 06:01:07 EST 2014 , 4 , 2 , 2 , 155014 : { BUY 4570.81@0.80470892} 155013 : { BUY 4570.81@0.80470892} 155012 : { SELL 20336.22@0.8079342} 155011 : { SELL 20336.22@0.8079342} 
Sun Nov 16 06:04:08 EST 2014 , 4 , 2 , 2 , 155014 : { BUY 4570.81@0.80470892} 155013 : { BUY 4570.81@0.80470892} 155012 : { SELL 20336.22@0.8079342} 155011 : { SELL 20336.22@0.8079342} 
Sun Nov 16 06:07:09 EST 2014 , 4 , 2 , 2 , 155014 : { BUY 4570.81@0.80470892} 155013 : { BUY 4570.81@0.80470892} 155012 : { SELL 20336.22@0.8079342} 155011 : { SELL 20336.22@0.8079342} 
Sun Nov 16 06:10:10 EST 2014 , 4 , 2 , 2 , 155014 : { BUY 4570.81@0.80470892} 155013 : { BUY 4570.81@0.80470892} 155012 : { SELL 20336.22@0.8079342} 155011 : { SELL 20336.22@0.8079342} 
Sun Nov 16 06:13:11 EST 2014 , 4 , 2 , 2 , 155014 : { BUY 4570.81@0.80470892} 155013 : { BUY 4570.81@0.80470892} 155012 : { SELL 20336.22@0.8079342} 155011 : { SELL 20336.22@0.8079342} 
Sun Nov 16 06:16:12 EST 2014 , 4 , 2 , 2 , 155014 : { BUY 4570.81@0.80470892} 155013 : { BUY 4570.81@0.80470892} 155012 : { SELL 20336.22@0.8079342} 155011 : { SELL 20336.22@0.8079342} 
Sun Nov 16 06:19:13 EST 2014 , 4 , 2 , 2 , 155014 : { BUY 4570.81@0.80470892} 155013 : { BUY 4570.81@0.80470892} 155012 : { SELL 20336.22@0.8079342} 155011 : { SELL 20336.22@0.8079342} 
Sun Nov 16 06:22:14 EST 2014 , 4 , 2 , 2 , 155014 : { BUY 4570.81@0.80470892} 155013 : { BUY 4570.81@0.80470892} 155012 : { SELL 20336.22@0.8079342} 155011 : { SELL 20336.22@0.8079342} 
Sun Nov 16 06:25:15 EST 2014 , 4 , 2 , 2 , 155014 : { BUY 4570.81@0.80470892} 155013 : { BUY 4570.81@0.80470892} 155012 : { SELL 20336.22@0.8079342} 155011 : { SELL 20336.22@0.8079342} 
Sun Nov 16 06:28:16 EST 2014 , 4 , 2 , 2 , 155014 : { BUY 4570.81@0.80470892} 155013 : { BUY 4570.81@0.80470892} 155012 : { SELL 20336.22@0.8079342} 155011 : { SELL 20336.22@0.8079342} 
Sun Nov 16 06:31:17 EST 2014 , 4 , 2 , 2 , 155014 : { BUY 4570.81@0.80470892} 155013 : { BUY 4570.81@0.80470892} 155012 : { SELL 20336.22@0.8079342} 155011 : { SELL 20336.22@0.8079342} 
Sun Nov 16 06:34:18 EST 2014 , 4 , 2 , 2 , 155014 : { BUY 4570.81@0.80470892} 155013 : { BUY 4570.81@0.80470892} 155012 : { SELL 20336.22@0.8079342} 155011 : { SELL 20336.22@0.8079342} 
Sun Nov 16 06:37:19 EST 2014 , 4 , 2 , 2 , 155014 : { BUY 4570.81@0.80470892} 155013 : { BUY 4570.81@0.80470892} 155012 : { SELL 20336.22@0.8079342} 155011 : { SELL 20336.22@0.8079342} 
Sun Nov 16 06:40:20 EST 2014 , 4 , 2 , 2 , 155014 : { BUY 4570.81@0.80470892} 155013 : { BUY 4570.81@0.80470892} 155012 : { SELL 20336.22@0.8079342} 155011 : { SELL 20336.22@0.8079342} 
Sun Nov 16 06:43:21 EST 2014 , 4 , 2 , 2 , 155014 : { BUY 4570.81@0.80470892} 155013 : { BUY 4570.81@0.80470892} 155012 : { SELL 20336.22@0.8079342} 155011 : { SELL 20336.22@0.8079342} 
Sun Nov 16 06:46:22 EST 2014 , 4 , 2 , 2 , 155014 : { BUY 4570.81@0.80470892} 155013 : { BUY 4570.81@0.80470892} 155012 : { SELL 20336.22@0.8079342} 155011 : { SELL 20336.22@0.8079342} 
Sun Nov 16 06:49:23 EST 2014 , 4 , 2 , 2 , 155014 : { BUY 4570.81@0.80470892} 155013 : { BUY 4570.81@0.80470892} 155012 : { SELL 20336.22@0.8079342} 155011 : { SELL 20336.22@0.8079342} 
Sun Nov 16 06:52:24 EST 2014 , 4 , 2 , 2 , 155014 : { BUY 4570.81@0.80470892} 155013 : { BUY 4570.81@0.80470892} 155012 : { SELL 20336.22@0.8079342} 155011 : { SELL 20336.22@0.8079342} 
Sun Nov 16 06:55:25 EST 2014 , 4 , 2 , 2 , 155014 : { BUY 4570.81@0.80470892} 155013 : { BUY 4570.81@0.80470892} 155012 : { SELL 20336.22@0.8079342} 155011 : { SELL 20336.22@0.8079342} 
Sun Nov 16 06:58:26 EST 2014 , 4 , 2 , 2 , 155014 : { BUY 4570.81@0.80470892} 155013 : { BUY 4570.81@0.80470892} 155012 : { SELL 20336.22@0.8079342} 155011 : { SELL 20336.22@0.8079342} 
Sun Nov 16 07:01:27 EST 2014 , 4 , 2 , 2 , 155014 : { BUY 4570.81@0.80470892} 155013 : { BUY 4570.81@0.80470892} 155012 : { SELL 20336.22@0.8079342} 155011 : { SELL 20336.22@0.8079342} 
Sun Nov 16 07:04:28 EST 2014 , 4 , 2 , 2 , 155014 : { BUY 4570.81@0.80470892} 155013 : { BUY 4570.81@0.80470892} 155012 : { SELL 20336.22@0.8079342} 155011 : { SELL 20336.22@0.8079342} 
Sun Nov 16 07:07:29 EST 2014 , 4 , 2 , 2 , 155014 : { BUY 4570.81@0.80470892} 155013 : { BUY 4570.81@0.80470892} 155012 : { SELL 20336.22@0.8079342} 155011 : { SELL 20336.22@0.8079342} 
Sun Nov 16 07:10:30 EST 2014 , 4 , 2 , 2 , 155014 : { BUY 4570.81@0.80470892} 155013 : { BUY 4570.81@0.80470892} 155012 : { SELL 20336.22@0.8079342} 155011 : { SELL 20336.22@0.8079342} 
Sun Nov 16 07:13:31 EST 2014 , 4 , 2 , 2 , 155014 : { BUY 4570.81@0.80470892} 155013 : { BUY 4570.81@0.80470892} 155012 : { SELL 20336.22@0.8079342} 155011 : { SELL 20336.22@0.8079342} 
Sun Nov 16 07:16:32 EST 2014 , 4 , 2 , 2 , 155014 : { BUY 4570.81@0.80470892} 155013 : { BUY 4570.81@0.80470892} 155012 : { SELL 20336.22@0.8079342} 155011 : { SELL 20336.22@0.8079342} 
Sun Nov 16 07:19:33 EST 2014 , 4 , 2 , 2 , 155014 : { BUY 4570.81@0.80470892} 155013 : { BUY 4570.81@0.80470892} 155012 : { SELL 20336.22@0.8079342} 155011 : { SELL 20336.22@0.8079342} 
Sun Nov 16 07:22:34 EST 2014 , 4 , 2 , 2 , 155014 : { BUY 4570.81@0.80470892} 155013 : { BUY 4570.81@0.80470892} 155012 : { SELL 20336.22@0.8079342} 155011 : { SELL 20336.22@0.8079342} 
Sun Nov 16 07:25:35 EST 2014 , 4 , 2 , 2 , 155014 : { BUY 4570.81@0.80470892} 155013 : { BUY 4570.81@0.80470892} 155012 : { SELL 20336.22@0.8079342} 155011 : { SELL 20336.22@0.8079342} 
Sun Nov 16 07:28:36 EST 2014 , 4 , 2 , 2 , 155014 : { BUY 4570.81@0.80470892} 155013 : { BUY 4570.81@0.80470892} 155012 : { SELL 20336.22@0.8079342} 155011 : { SELL 20336.22@0.8079342} 
Sun Nov 16 07:31:37 EST 2014 , 4 , 2 , 2 , 155014 : { BUY 4570.81@0.80470892} 155013 : { BUY 4570.81@0.80470892} 155012 : { SELL 20336.22@0.8079342} 155011 : { SELL 20336.22@0.8079342} 
Sun Nov 16 07:34:38 EST 2014 , 4 , 2 , 2 , 155014 : { BUY 4570.81@0.80470892} 155013 : { BUY 4570.81@0.80470892} 155012 : { SELL 20336.22@0.8079342} 155011 : { SELL 20336.22@0.8079342} 
Sun Nov 16 07:37:39 EST 2014 , 4 , 2 , 2 , 155014 : { BUY 4570.81@0.80470892} 155013 : { BUY 4570.81@0.80470892} 155012 : { SELL 20336.22@0.8079342} 155011 : { SELL 20336.22@0.8079342} 
Sun Nov 16 07:40:40 EST 2014 , 4 , 2 , 2 , 155014 : { BUY 4570.81@0.80470892} 155013 : { BUY 4570.81@0.80470892} 155012 : { SELL 20336.22@0.8079342} 155011 : { SELL 20336.22@0.8079342} 
Sun Nov 16 07:43:41 EST 2014 , 4 , 2 , 2 , 155014 : { BUY 4570.81@0.80470892} 155013 : { BUY 4570.81@0.80470892} 155012 : { SELL 20336.22@0.8079342} 155011 : { SELL 20336.22@0.8079342} 
Sun Nov 16 07:46:42 EST 2014 , 4 , 2 , 2 , 155014 : { BUY 4570.81@0.80470892} 155013 : { BUY 4570.81@0.80470892} 155012 : { SELL 20336.22@0.8079342} 155011 : { SELL 20336.22@0.8079342} 
Sun Nov 16 07:49:43 EST 2014 , 4 , 2 , 2 , 155014 : { BUY 4570.81@0.80470892} 155013 : { BUY 4570.81@0.80470892} 155012 : { SELL 20336.22@0.8079342} 155011 : { SELL 20336.22@0.8079342} 
Sun Nov 16 07:52:44 EST 2014 , 4 , 2 , 2 , 155014 : { BUY 4570.81@0.80470892} 155013 : { BUY 4570.81@0.80470892} 155012 : { SELL 20336.22@0.8079342} 155011 : { SELL 20336.22@0.8079342} 
Sun Nov 16 07:55:45 EST 2014 , 4 , 2 , 2 , 155014 : { BUY 4570.81@0.80470892} 155013 : { BUY 4570.81@0.80470892} 155012 : { SELL 20336.22@0.8079342} 155011 : { SELL 20336.22@0.8079342} 
Sun Nov 16 07:58:46 EST 2014 , 4 , 2 , 2 , 155014 : { BUY 4570.81@0.80470892} 155013 : { BUY 4570.81@0.80470892} 155012 : { SELL 20336.22@0.8079342} 155011 : { SELL 20336.22@0.8079342} 
Sun Nov 16 08:01:47 EST 2014 , 4 , 2 , 2 , 155014 : { BUY 4570.81@0.80470892} 155013 : { BUY 4570.81@0.80470892} 155012 : { SELL 20336.22@0.8079342} 155011 : { SELL 20336.22@0.8079342} 
Sun Nov 16 08:04:48 EST 2014 , 4 , 2 , 2 , 155014 : { BUY 4570.81@0.80470892} 155013 : { BUY 4570.81@0.80470892} 155012 : { SELL 20336.22@0.8079342} 155011 : { SELL 20336.22@0.8079342} 
Sun Nov 16 08:07:49 EST 2014 , 4 , 2 , 2 , 155014 : { BUY 4570.81@0.80470892} 155013 : { BUY 4570.81@0.80470892} 155012 : { SELL 20336.22@0.8079342} 155011 : { SELL 20336.22@0.8079342} 
Sun Nov 16 08:10:50 EST 2014 , 4 , 2 , 2 , 155014 : { BUY 4570.81@0.80470892} 155013 : { BUY 4570.81@0.80470892} 155012 : { SELL 20336.22@0.8079342} 155011 : { SELL 20336.22@0.8079342} 
Sun Nov 16 08:13:51 EST 2014 , 4 , 2 , 2 , 155014 : { BUY 4570.81@0.80470892} 155013 : { BUY 4570.81@0.80470892} 155012 : { SELL 20336.22@0.8079342} 155011 : { SELL 20336.22@0.8079342} 
Sun Nov 16 08:16:52 EST 2014 , 4 , 2 , 2 , 155014 : { BUY 4570.81@0.80470892} 155013 : { BUY 4570.81@0.80470892} 155012 : { SELL 20336.22@0.8079342} 155011 : { SELL 20336.22@0.8079342} 
Sun Nov 16 08:19:53 EST 2014 , 4 , 2 , 2 , 155014 : { BUY 4570.81@0.80470892} 155013 : { BUY 4570.81@0.80470892} 155012 : { SELL 20336.22@0.8079342} 155011 : { SELL 20336.22@0.8079342} 
Sun Nov 16 08:22:54 EST 2014 , 4 , 2 , 2 , 155014 : { BUY 4570.81@0.80470892} 155013 : { BUY 4570.81@0.80470892} 155012 : { SELL 20336.22@0.8079342} 155011 : { SELL 20336.22@0.8079342} 
Sun Nov 16 08:25:55 EST 2014 , 4 , 2 , 2 , 155014 : { BUY 4570.81@0.80470892} 155013 : { BUY 4570.81@0.80470892} 155012 : { SELL 20336.22@0.8079342} 155011 : { SELL 20336.22@0.8079342} 
Sun Nov 16 08:28:56 EST 2014 , 4 , 2 , 2 , 155014 : { BUY 4570.81@0.80470892} 155013 : { BUY 4570.81@0.80470892} 155012 : { SELL 20336.22@0.8079342} 155011 : { SELL 20336.22@0.8079342} 
Sun Nov 16 08:31:57 EST 2014 , 4 , 2 , 2 , 155014 : { BUY 4570.81@0.80470892} 155013 : { BUY 4570.81@0.80470892} 155012 : { SELL 20336.22@0.8079342} 155011 : { SELL 20336.22@0.8079342} 
Sun Nov 16 08:34:58 EST 2014 , 4 , 2 , 2 , 155014 : { BUY 4570.81@0.80470892} 155013 : { BUY 4570.81@0.80470892} 155012 : { SELL 20336.22@0.8079342} 155011 : { SELL 20336.22@0.8079342} 
Sun Nov 16 08:37:59 EST 2014 , 4 , 2 , 2 , 155014 : { BUY 4570.81@0.80470892} 155013 : { BUY 4570.81@0.80470892} 155012 : { SELL 20336.22@0.8079342} 155011 : { SELL 20336.22@0.8079342} 
Sun Nov 16 08:41:00 EST 2014 , 4 , 2 , 2 , 155014 : { BUY 4570.81@0.80470892} 155013 : { BUY 4570.81@0.80470892} 155012 : { SELL 20336.22@0.8079342} 155011 : { SELL 20336.22@0.8079342} 
Sun Nov 16 08:44:01 EST 2014 , 4 , 2 , 2 , 155014 : { BUY 4570.81@0.80470892} 155013 : { BUY 4570.81@0.80470892} 155012 : { SELL 20336.22@0.8079342} 155011 : { SELL 20336.22@0.8079342} 
Sun Nov 16 08:47:02 EST 2014 , 4 , 2 , 2 , 155014 : { BUY 4570.81@0.80470892} 155013 : { BUY 4570.81@0.80470892} 155012 : { SELL 20336.22@0.8079342} 155011 : { SELL 20336.22@0.8079342} 
Sun Nov 16 08:50:03 EST 2014 , 4 , 2 , 2 , 155014 : { BUY 4570.81@0.80470892} 155013 : { BUY 4570.81@0.80470892} 155012 : { SELL 20336.22@0.8079342} 155011 : { SELL 20336.22@0.8079342} 
Sun Nov 16 08:53:04 EST 2014 , 4 , 2 , 2 , 155014 : { BUY 4570.81@0.80470892} 155013 : { BUY 4570.81@0.80470892} 155012 : { SELL 20336.22@0.8079342} 155011 : { SELL 20336.22@0.8079342} 
Sun Nov 16 08:56:05 EST 2014 , 4 , 2 , 2 , 155014 : { BUY 4570.81@0.80470892} 155013 : { BUY 4570.81@0.80470892} 155012 : { SELL 20336.22@0.8079342} 155011 : { SELL 20336.22@0.8079342} 
Sun Nov 16 08:59:06 EST 2014 , 4 , 2 , 2 , 155014 : { BUY 4570.81@0.80470892} 155013 : { BUY 4570.81@0.80470892} 155012 : { SELL 20336.22@0.8079342} 155011 : { SELL 20336.22@0.8079342} 
Sun Nov 16 09:02:07 EST 2014 , 4 , 2 , 2 , 155014 : { BUY 4570.81@0.80470892} 155013 : { BUY 4570.81@0.80470892} 155012 : { SELL 20336.22@0.8079342} 155011 : { SELL 20336.22@0.8079342} 
Sun Nov 16 09:05:08 EST 2014 , 4 , 2 , 2 , 155014 : { BUY 4570.81@0.80470892} 155013 : { BUY 4570.81@0.80470892} 155012 : { SELL 20336.22@0.8079342} 155011 : { SELL 20336.22@0.8079342} 
Sun Nov 16 09:08:09 EST 2014 , 4 , 2 , 2 , 155014 : { BUY 4570.81@0.80470892} 155013 : { BUY 4570.81@0.80470892} 155012 : { SELL 20336.22@0.8079342} 155011 : { SELL 20336.22@0.8079342} 
Sun Nov 16 09:11:10 EST 2014 , 4 , 2 , 2 , 155014 : { BUY 4570.81@0.80470892} 155013 : { BUY 4570.81@0.80470892} 155012 : { SELL 20336.22@0.8079342} 155011 : { SELL 20336.22@0.8079342} 
Sun Nov 16 09:14:11 EST 2014 , 4 , 2 , 2 , 155014 : { BUY 4570.81@0.80470892} 155013 : { BUY 4570.81@0.80470892} 155012 : { SELL 20336.22@0.8079342} 155011 : { SELL 20336.22@0.8079342} 
Sun Nov 16 09:17:12 EST 2014 , 4 , 2 , 2 , 155014 : { BUY 4570.81@0.80470892} 155013 : { BUY 4570.81@0.80470892} 155012 : { SELL 20336.22@0.8079342} 155011 : { SELL 20336.22@0.8079342} 
Sun Nov 16 09:20:13 EST 2014 , 4 , 2 , 2 , 155014 : { BUY 4570.81@0.80470892} 155013 : { BUY 4570.81@0.80470892} 155012 : { SELL 20336.22@0.8079342} 155011 : { SELL 20336.22@0.8079342} 
Sun Nov 16 09:23:14 EST 2014 , 4 , 2 , 2 , 155014 : { BUY 4570.81@0.80470892} 155013 : { BUY 4570.81@0.80470892} 155012 : { SELL 20336.22@0.8079342} 155011 : { SELL 20336.22@0.8079342} 
Sun Nov 16 09:26:15 EST 2014 , 4 , 2 , 2 , 155014 : { BUY 4570.81@0.80470892} 155013 : { BUY 4570.81@0.80470892} 155012 : { SELL 20336.22@0.8079342} 155011 : { SELL 20336.22@0.8079342} 
Sun Nov 16 09:29:16 EST 2014 , 4 , 2 , 2 , 155014 : { BUY 4570.81@0.80470892} 155013 : { BUY 4570.81@0.80470892} 155012 : { SELL 20336.22@0.8079342} 155011 : { SELL 20336.22@0.8079342} 
Sun Nov 16 09:32:17 EST 2014 , 4 , 2 , 2 , 155014 : { BUY 4570.81@0.80470892} 155013 : { BUY 4570.81@0.80470892} 155012 : { SELL 20336.22@0.8079342} 155011 : { SELL 20336.22@0.8079342} 
Sun Nov 16 09:35:18 EST 2014 , 4 , 2 , 2 , 155014 : { BUY 4570.81@0.80470892} 155013 : { BUY 4570.81@0.80470892} 155012 : { SELL 20336.22@0.8079342} 155011 : { SELL 20336.22@0.8079342} 
Sun Nov 16 09:38:20 EST 2014 , 4 , 2 , 2 , 155014 : { BUY 4570.81@0.80470892} 155013 : { BUY 4570.81@0.80470892} 155012 : { SELL 20336.22@0.8079342} 155011 : { SELL 20336.22@0.8079342} 
Sun Nov 16 09:41:20 EST 2014 , 4 , 2 , 2 , 155014 : { BUY 4570.81@0.80470892} 155013 : { BUY 4570.81@0.80470892} 155012 : { SELL 20336.22@0.8079342} 155011 : { SELL 20336.22@0.8079342} 
Sun Nov 16 09:44:21 EST 2014 , 4 , 2 , 2 , 155014 : { BUY 4570.81@0.80470892} 155013 : { BUY 4570.81@0.80470892} 155012 : { SELL 20336.22@0.8079342} 155011 : { SELL 20336.22@0.8079342} 
Sun Nov 16 09:47:22 EST 2014 , 4 , 2 , 2 , 155014 : { BUY 4570.81@0.80470892} 155013 : { BUY 4570.81@0.80470892} 155012 : { SELL 20336.22@0.8079342} 155011 : { SELL 20336.22@0.8079342} 
Sun Nov 16 09:50:23 EST 2014 , 4 , 2 , 2 , 155014 : { BUY 4570.81@0.80470892} 155013 : { BUY 4570.81@0.80470892} 155012 : { SELL 20336.22@0.8079342} 155011 : { SELL 20336.22@0.8079342} 
Sun Nov 16 09:53:24 EST 2014 , 4 , 2 , 2 , 155014 : { BUY 4570.81@0.80470892} 155013 : { BUY 4570.81@0.80470892} 155012 : { SELL 20336.22@0.8079342} 155011 : { SELL 20336.22@0.8079342} 
Sun Nov 16 09:56:25 EST 2014 , 4 , 2 , 2 , 155014 : { BUY 4570.81@0.80470892} 155013 : { BUY 4570.81@0.80470892} 155012 : { SELL 20336.22@0.8079342} 155011 : { SELL 20336.22@0.8079342} 
Sun Nov 16 09:59:26 EST 2014 , 4 , 2 , 2 , 155014 : { BUY 4570.81@0.80470892} 155013 : { BUY 4570.81@0.80470892} 155012 : { SELL 20336.22@0.8079342} 155011 : { SELL 20336.22@0.8079342} 
Sun Nov 16 10:02:27 EST 2014 , 4 , 2 , 2 , 155014 : { BUY 4570.81@0.80470892} 155013 : { BUY 4570.81@0.80470892} 155012 : { SELL 20336.22@0.8079342} 155011 : { SELL 20336.22@0.8079342} 
Sun Nov 16 10:05:28 EST 2014 , 4 , 2 , 2 , 155014 : { BUY 4570.81@0.80470892} 155013 : { BUY 4570.81@0.80470892} 155012 : { SELL 20336.22@0.8079342} 155011 : { SELL 20336.22@0.8079342} 
Sun Nov 16 10:08:29 EST 2014 , 4 , 2 , 2 , 155014 : { BUY 4570.81@0.80470892} 155013 : { BUY 4570.81@0.80470892} 155012 : { SELL 20336.22@0.8079342} 155011 : { SELL 20336.22@0.8079342} 
Sun Nov 16 10:11:30 EST 2014 , 4 , 2 , 2 , 155014 : { BUY 4570.81@0.80470892} 155013 : { BUY 4570.81@0.80470892} 155012 : { SELL 20336.22@0.8079342} 155011 : { SELL 20336.22@0.8079342} 
Sun Nov 16 10:14:31 EST 2014 , 4 , 2 , 2 , 155014 : { BUY 4570.81@0.80470892} 155013 : { BUY 4570.81@0.80470892} 155012 : { SELL 20336.22@0.8079342} 155011 : { SELL 20336.22@0.8079342} 
Sun Nov 16 10:17:32 EST 2014 , 4 , 2 , 2 , 155014 : { BUY 4570.81@0.80470892} 155013 : { BUY 4570.81@0.80470892} 155012 : { SELL 20336.22@0.8079342} 155011 : { SELL 20336.22@0.8079342} 
Sun Nov 16 10:20:33 EST 2014 , 4 , 2 , 2 , 155014 : { BUY 4570.81@0.80470892} 155013 : { BUY 4570.81@0.80470892} 155012 : { SELL 20336.22@0.8079342} 155011 : { SELL 20336.22@0.8079342} 
Sun Nov 16 10:23:34 EST 2014 , 4 , 2 , 2 , 155014 : { BUY 4570.81@0.80470892} 155013 : { BUY 4570.81@0.80470892} 155012 : { SELL 20336.22@0.8079342} 155011 : { SELL 20336.22@0.8079342} 
Sun Nov 16 10:26:35 EST 2014 , 4 , 2 , 2 , 155014 : { BUY 4570.81@0.80470892} 155013 : { BUY 4570.81@0.80470892} 155012 : { SELL 20336.22@0.8079342} 155011 : { SELL 20336.22@0.8079342} 
Sun Nov 16 10:29:36 EST 2014 , 4 , 2 , 2 , 155014 : { BUY 4570.81@0.80470892} 155013 : { BUY 4570.81@0.80470892} 155012 : { SELL 20336.22@0.8079342} 155011 : { SELL 20336.22@0.8079342} 
Sun Nov 16 10:32:37 EST 2014 , 4 , 2 , 2 , 155014 : { BUY 4570.81@0.80470892} 155013 : { BUY 4570.81@0.80470892} 155012 : { SELL 20336.22@0.8079342} 155011 : { SELL 20336.22@0.8079342} 
Sun Nov 16 10:35:38 EST 2014 , 4 , 2 , 2 , 155014 : { BUY 4570.81@0.80470892} 155013 : { BUY 4570.81@0.80470892} 155012 : { SELL 20336.22@0.8079342} 155011 : { SELL 20336.22@0.8079342} 
Sun Nov 16 10:38:39 EST 2014 , 4 , 2 , 2 , 155014 : { BUY 4570.81@0.80470892} 155013 : { BUY 4570.81@0.80470892} 155012 : { SELL 20336.22@0.8079342} 155011 : { SELL 20336.22@0.8079342} 
Sun Nov 16 10:41:40 EST 2014 , 4 , 2 , 2 , 155014 : { BUY 4570.81@0.80470892} 155013 : { BUY 4570.81@0.80470892} 155012 : { SELL 20336.22@0.8079342} 155011 : { SELL 20336.22@0.8079342} 
Sun Nov 16 10:44:41 EST 2014 , 4 , 2 , 2 , 155014 : { BUY 4570.81@0.80470892} 155013 : { BUY 4570.81@0.80470892} 155012 : { SELL 20336.22@0.8079342} 155011 : { SELL 20336.22@0.8079342} 
Sun Nov 16 10:47:42 EST 2014 , 4 , 2 , 2 , 155014 : { BUY 4570.81@0.80470892} 155013 : { BUY 4570.81@0.80470892} 155012 : { SELL 20336.22@0.8079342} 155011 : { SELL 20336.22@0.8079342} 
Sun Nov 16 10:50:43 EST 2014 , 4 , 2 , 2 , 155014 : { BUY 4570.81@0.80470892} 155013 : { BUY 4570.81@0.80470892} 155012 : { SELL 20336.22@0.8079342} 155011 : { SELL 20336.22@0.8079342} 
Sun Nov 16 10:53:44 EST 2014 , 4 , 2 , 2 , 155014 : { BUY 4570.81@0.80470892} 155013 : { BUY 4570.81@0.80470892} 155012 : { SELL 20336.22@0.8079342} 155011 : { SELL 20336.22@0.8079342} 
Sun Nov 16 10:56:45 EST 2014 , 4 , 2 , 2 , 155014 : { BUY 4570.81@0.80470892} 155013 : { BUY 4570.81@0.80470892} 155012 : { SELL 20336.22@0.8079342} 155011 : { SELL 20336.22@0.8079342} 
Sun Nov 16 10:59:46 EST 2014 , 4 , 2 , 2 , 155014 : { BUY 4570.81@0.80470892} 155013 : { BUY 4570.81@0.80470892} 155012 : { SELL 20336.22@0.8079342} 155011 : { SELL 20336.22@0.8079342} 
Sun Nov 16 11:02:47 EST 2014 , 4 , 2 , 2 , 155014 : { BUY 4570.81@0.80470892} 155013 : { BUY 4570.81@0.80470892} 155012 : { SELL 20336.22@0.8079342} 155011 : { SELL 20336.22@0.8079342} 
Sun Nov 16 11:05:48 EST 2014 , 4 , 2 , 2 , 155014 : { BUY 4570.81@0.80470892} 155013 : { BUY 4570.81@0.80470892} 155012 : { SELL 20336.22@0.8079342} 155011 : { SELL 20336.22@0.8079342} 
Sun Nov 16 11:08:49 EST 2014 , 4 , 2 , 2 , 155014 : { BUY 4570.81@0.80470892} 155013 : { BUY 4570.81@0.80470892} 155012 : { SELL 20336.22@0.8079342} 155011 : { SELL 20336.22@0.8079342} 
Sun Nov 16 11:11:50 EST 2014 , 4 , 2 , 2 , 155014 : { BUY 4570.81@0.80470892} 155013 : { BUY 4570.81@0.80470892} 155012 : { SELL 20336.22@0.8079342} 155011 : { SELL 20336.22@0.8079342} 
Sun Nov 16 11:14:51 EST 2014 , 4 , 2 , 2 , 155014 : { BUY 4570.81@0.80470892} 155013 : { BUY 4570.81@0.80470892} 155012 : { SELL 20336.22@0.8079342} 155011 : { SELL 20336.22@0.8079342} 
Sun Nov 16 11:17:52 EST 2014 , 4 , 2 , 2 , 155014 : { BUY 4570.81@0.80470892} 155013 : { BUY 4570.81@0.80470892} 155012 : { SELL 20336.22@0.8079342} 155011 : { SELL 20336.22@0.8079342} 
Sun Nov 16 11:20:53 EST 2014 , 4 , 2 , 2 , 155014 : { BUY 4570.81@0.80470892} 155013 : { BUY 4570.81@0.80470892} 155012 : { SELL 20336.22@0.8079342} 155011 : { SELL 20336.22@0.8079342} 
Sun Nov 16 11:23:54 EST 2014 , 4 , 2 , 2 , 155014 : { BUY 4570.81@0.80470892} 155013 : { BUY 4570.81@0.80470892} 155012 : { SELL 20336.22@0.8079342} 155011 : { SELL 20336.22@0.8079342} 
Sun Nov 16 11:26:55 EST 2014 , 4 , 2 , 2 , 155014 : { BUY 4570.81@0.80470892} 155013 : { BUY 4570.81@0.80470892} 155012 : { SELL 20336.22@0.8079342} 155011 : { SELL 20336.22@0.8079342} 
Sun Nov 16 11:29:56 EST 2014 , 4 , 2 , 2 , 155014 : { BUY 4570.81@0.80470892} 155013 : { BUY 4570.81@0.80470892} 155012 : { SELL 20336.22@0.8079342} 155011 : { SELL 20336.22@0.8079342} 
Sun Nov 16 11:32:57 EST 2014 , 4 , 2 , 2 , 155014 : { BUY 4570.81@0.80470892} 155013 : { BUY 4570.81@0.80470892} 155012 : { SELL 20336.22@0.8079342} 155011 : { SELL 20336.22@0.8079342} 
Sun Nov 16 11:35:58 EST 2014 , 4 , 2 , 2 , 155014 : { BUY 4570.81@0.80470892} 155013 : { BUY 4570.81@0.80470892} 155012 : { SELL 20336.22@0.8079342} 155011 : { SELL 20336.22@0.8079342} 
Sun Nov 16 11:38:59 EST 2014 , 4 , 2 , 2 , 155014 : { BUY 4570.81@0.80470892} 155013 : { BUY 4570.81@0.80470892} 155012 : { SELL 20336.22@0.8079342} 155011 : { SELL 20336.22@0.8079342} 
Sun Nov 16 11:42:00 EST 2014 , 4 , 2 , 2 , 155014 : { BUY 4570.81@0.80470892} 155013 : { BUY 4570.81@0.80470892} 155012 : { SELL 20336.22@0.8079342} 155011 : { SELL 20336.22@0.8079342} 
Sun Nov 16 11:45:01 EST 2014 , 4 , 2 , 2 , 155014 : { BUY 4570.81@0.80470892} 155013 : { BUY 4570.81@0.80470892} 155012 : { SELL 20336.22@0.8079342} 155011 : { SELL 20336.22@0.8079342} 
Sun Nov 16 11:48:02 EST 2014 , 4 , 2 , 2 , 155014 : { BUY 4570.81@0.80470892} 155013 : { BUY 4570.81@0.80470892} 155012 : { SELL 20336.22@0.8079342} 155011 : { SELL 20336.22@0.8079342} 
Sun Nov 16 11:51:03 EST 2014 , 4 , 2 , 2 , 155014 : { BUY 4570.81@0.80470892} 155013 : { BUY 4570.81@0.80470892} 155012 : { SELL 20336.22@0.8079342} 155011 : { SELL 20336.22@0.8079342} 
Sun Nov 16 11:54:04 EST 2014 , 4 , 2 , 2 , 155014 : { BUY 4570.81@0.80470892} 155013 : { BUY 4570.81@0.80470892} 155012 : { SELL 20336.22@0.8079342} 155011 : { SELL 20336.22@0.8079342} 
Sun Nov 16 11:57:05 EST 2014 , 4 , 2 , 2 , 155014 : { BUY 4570.81@0.80470892} 155013 : { BUY 4570.81@0.80470892} 155012 : { SELL 20336.22@0.8079342} 155011 : { SELL 20336.22@0.8079342} 
Sun Nov 16 12:00:06 EST 2014 , 4 , 2 , 2 , 155014 : { BUY 4570.81@0.80470892} 155013 : { BUY 4570.81@0.80470892} 155012 : { SELL 20336.22@0.8079342} 155011 : { SELL 20336.22@0.8079342} 
Sun Nov 16 12:03:07 EST 2014 , 4 , 2 , 2 , 155014 : { BUY 4570.81@0.80470892} 155013 : { BUY 4570.81@0.80470892} 155012 : { SELL 20336.22@0.8079342} 155011 : { SELL 20336.22@0.8079342} 
Sun Nov 16 12:06:08 EST 2014 , 4 , 2 , 2 , 155014 : { BUY 4570.81@0.80470892} 155013 : { BUY 4570.81@0.80470892} 155012 : { SELL 20336.22@0.8079342} 155011 : { SELL 20336.22@0.8079342} 
Sun Nov 16 12:09:09 EST 2014 , 4 , 2 , 2 , 155014 : { BUY 4570.81@0.80470892} 155013 : { BUY 4570.81@0.80470892} 155012 : { SELL 20336.22@0.8079342} 155011 : { SELL 20336.22@0.8079342} 
Sun Nov 16 12:12:10 EST 2014 , 4 , 2 , 2 , 155014 : { BUY 4570.81@0.80470892} 155013 : { BUY 4570.81@0.80470892} 155012 : { SELL 20336.22@0.8079342} 155011 : { SELL 20336.22@0.8079342} 
Sun Nov 16 12:15:11 EST 2014 , 4 , 2 , 2 , 155014 : { BUY 4570.81@0.80470892} 155013 : { BUY 4570.81@0.80470892} 155012 : { SELL 20336.22@0.8079342} 155011 : { SELL 20336.22@0.8079342} 
Sun Nov 16 12:18:12 EST 2014 , 4 , 2 , 2 , 155014 : { BUY 4570.81@0.80470892} 155013 : { BUY 4570.81@0.80470892} 155012 : { SELL 20336.22@0.8079342} 155011 : { SELL 20336.22@0.8079342} 
Sun Nov 16 12:21:13 EST 2014 , 4 , 2 , 2 , 155014 : { BUY 4570.81@0.80470892} 155013 : { BUY 4570.81@0.80470892} 155012 : { SELL 20336.22@0.8079342} 155011 : { SELL 20336.22@0.8079342} 
Sun Nov 16 12:24:14 EST 2014 , 4 , 2 , 2 , 155014 : { BUY 4570.81@0.80470892} 155013 : { BUY 4570.81@0.80470892} 155012 : { SELL 20336.22@0.8079342} 155011 : { SELL 20336.22@0.8079342} 
Sun Nov 16 12:27:15 EST 2014 , 4 , 2 , 2 , 155014 : { BUY 4570.81@0.80470892} 155013 : { BUY 4570.81@0.80470892} 155012 : { SELL 20336.22@0.8079342} 155011 : { SELL 20336.22@0.8079342} 
Sun Nov 16 12:30:16 EST 2014 , 4 , 2 , 2 , 155014 : { BUY 4570.81@0.80470892} 155013 : { BUY 4570.81@0.80470892} 155012 : { SELL 20336.22@0.8079342} 155011 : { SELL 20336.22@0.8079342} 
Sun Nov 16 12:33:17 EST 2014 , 4 , 2 , 2 , 155014 : { BUY 4570.81@0.80470892} 155013 : { BUY 4570.81@0.80470892} 155012 : { SELL 20336.22@0.8079342} 155011 : { SELL 20336.22@0.8079342} 
Sun Nov 16 12:36:18 EST 2014 , 4 , 2 , 2 , 155014 : { BUY 4570.81@0.80470892} 155013 : { BUY 4570.81@0.80470892} 155012 : { SELL 20336.22@0.8079342} 155011 : { SELL 20336.22@0.8079342} 
Sun Nov 16 12:39:19 EST 2014 , 4 , 2 , 2 , 155014 : { BUY 4570.81@0.80470892} 155013 : { BUY 4570.81@0.80470892} 155012 : { SELL 20336.22@0.8079342} 155011 : { SELL 20336.22@0.8079342} 
Sun Nov 16 12:42:20 EST 2014 , 4 , 2 , 2 , 155014 : { BUY 4570.81@0.80470892} 155013 : { BUY 4570.81@0.80470892} 155012 : { SELL 20336.22@0.8079342} 155011 : { SELL 20336.22@0.8079342} 
Sun Nov 16 12:45:21 EST 2014 , 4 , 2 , 2 , 155014 : { BUY 4570.81@0.80470892} 155013 : { BUY 4570.81@0.80470892} 155012 : { SELL 20336.22@0.8079342} 155011 : { SELL 20336.22@0.8079342} 
Sun Nov 16 12:48:22 EST 2014 , 4 , 2 , 2 , 155014 : { BUY 4570.81@0.80470892} 155013 : { BUY 4570.81@0.80470892} 155012 : { SELL 20336.22@0.8079342} 155011 : { SELL 20336.22@0.8079342} 
Sun Nov 16 12:51:23 EST 2014 , 4 , 2 , 2 , 155014 : { BUY 4570.81@0.80470892} 155013 : { BUY 4570.81@0.80470892} 155012 : { SELL 20336.22@0.8079342} 155011 : { SELL 20336.22@0.8079342} 
Sun Nov 16 12:54:24 EST 2014 , 4 , 2 , 2 , 155014 : { BUY 4570.81@0.80470892} 155013 : { BUY 4570.81@0.80470892} 155012 : { SELL 20336.22@0.8079342} 155011 : { SELL 20336.22@0.8079342} 
Sun Nov 16 12:57:25 EST 2014 , 4 , 2 , 2 , 155014 : { BUY 4570.81@0.80470892} 155013 : { BUY 4570.81@0.80470892} 155012 : { SELL 20336.22@0.8079342} 155011 : { SELL 20336.22@0.8079342} 
Sun Nov 16 13:00:26 EST 2014 , 4 , 2 , 2 , 155014 : { BUY 4570.81@0.80470892} 155013 : { BUY 4570.81@0.80470892} 155012 : { SELL 20336.22@0.8079342} 155011 : { SELL 20336.22@0.8079342} 
Sun Nov 16 13:03:27 EST 2014 , 4 , 2 , 2 , 155014 : { BUY 4570.81@0.80470892} 155013 : { BUY 4570.81@0.80470892} 155012 : { SELL 20336.22@0.8079342} 155011 : { SELL 20336.22@0.8079342} 
Sun Nov 16 13:06:28 EST 2014 , 4 , 2 , 2 , 155014 : { BUY 4570.81@0.80470892} 155013 : { BUY 4570.81@0.80470892} 155012 : { SELL 20336.22@0.8079342} 155011 : { SELL 20336.22@0.8079342} 
Sun Nov 16 13:09:29 EST 2014 , 4 , 2 , 2 , 155014 : { BUY 4570.81@0.80470892} 155013 : { BUY 4570.81@0.80470892} 155012 : { SELL 20336.22@0.8079342} 155011 : { SELL 20336.22@0.8079342} 
Sun Nov 16 13:12:30 EST 2014 , 4 , 2 , 2 , 155014 : { BUY 4570.81@0.80470892} 155013 : { BUY 4570.81@0.80470892} 155012 : { SELL 20336.22@0.8079342} 155011 : { SELL 20336.22@0.8079342} 
Sun Nov 16 13:15:31 EST 2014 , 4 , 2 , 2 , 155014 : { BUY 4570.81@0.80470892} 155013 : { BUY 4570.81@0.80470892} 155012 : { SELL 20336.22@0.8079342} 155011 : { SELL 20336.22@0.8079342} 
Sun Nov 16 13:18:32 EST 2014 , 4 , 2 , 2 , 155014 : { BUY 4570.81@0.80470892} 155013 : { BUY 4570.81@0.80470892} 155012 : { SELL 20336.22@0.8079342} 155011 : { SELL 20336.22@0.8079342} 
Sun Nov 16 13:21:33 EST 2014 , 4 , 2 , 2 , 155014 : { BUY 4570.81@0.80470892} 155013 : { BUY 4570.81@0.80470892} 155012 : { SELL 20336.22@0.8079342} 155011 : { SELL 20336.22@0.8079342} 
Sun Nov 16 13:24:34 EST 2014 , 4 , 2 , 2 , 155014 : { BUY 4570.81@0.80470892} 155013 : { BUY 4570.81@0.80470892} 155012 : { SELL 20336.22@0.8079342} 155011 : { SELL 20336.22@0.8079342} 
Sun Nov 16 13:27:35 EST 2014 , 4 , 2 , 2 , 155014 : { BUY 4570.81@0.80470892} 155013 : { BUY 4570.81@0.80470892} 155012 : { SELL 20336.22@0.8079342} 155011 : { SELL 20336.22@0.8079342} 
Sun Nov 16 13:30:36 EST 2014 , 4 , 2 , 2 , 155014 : { BUY 4570.81@0.80470892} 155013 : { BUY 4570.81@0.80470892} 155012 : { SELL 20336.22@0.8079342} 155011 : { SELL 20336.22@0.8079342} 
Sun Nov 16 13:33:37 EST 2014 , 4 , 2 , 2 , 155014 : { BUY 4570.81@0.80470892} 155013 : { BUY 4570.81@0.80470892} 155012 : { SELL 20336.22@0.8079342} 155011 : { SELL 20336.22@0.8079342} 
Sun Nov 16 13:36:38 EST 2014 , 4 , 2 , 2 , 155014 : { BUY 4570.81@0.80470892} 155013 : { BUY 4570.81@0.80470892} 155012 : { SELL 20336.22@0.8079342} 155011 : { SELL 20336.22@0.8079342} 
Sun Nov 16 13:39:39 EST 2014 , 4 , 2 , 2 , 155014 : { BUY 4570.81@0.80470892} 155013 : { BUY 4570.81@0.80470892} 155012 : { SELL 20336.22@0.8079342} 155011 : { SELL 20336.22@0.8079342} 
Sun Nov 16 13:42:40 EST 2014 , 4 , 2 , 2 , 155014 : { BUY 4570.81@0.80470892} 155013 : { BUY 4570.81@0.80470892} 155012 : { SELL 20336.22@0.8079342} 155011 : { SELL 20336.22@0.8079342} 
Sun Nov 16 13:45:41 EST 2014 , 4 , 2 , 2 , 155014 : { BUY 4570.81@0.80470892} 155013 : { BUY 4570.81@0.80470892} 155012 : { SELL 20336.22@0.8079342} 155011 : { SELL 20336.22@0.8079342} 
Sun Nov 16 13:48:42 EST 2014 , 4 , 2 , 2 , 155014 : { BUY 4570.81@0.80470892} 155013 : { BUY 4570.81@0.80470892} 155012 : { SELL 20336.22@0.8079342} 155011 : { SELL 20336.22@0.8079342} 
Sun Nov 16 13:51:43 EST 2014 , 4 , 2 , 2 , 155014 : { BUY 4570.81@0.80470892} 155013 : { BUY 4570.81@0.80470892} 155012 : { SELL 20336.22@0.8079342} 155011 : { SELL 20336.22@0.8079342} 
Sun Nov 16 13:54:44 EST 2014 , 4 , 2 , 2 , 155014 : { BUY 4570.81@0.80470892} 155013 : { BUY 4570.81@0.80470892} 155012 : { SELL 20336.22@0.8079342} 155011 : { SELL 20336.22@0.8079342} 
Sun Nov 16 13:57:45 EST 2014 , 4 , 2 , 2 , 155014 : { BUY 4570.81@0.80470892} 155013 : { BUY 4570.81@0.80470892} 155012 : { SELL 20336.22@0.8079342} 155011 : { SELL 20336.22@0.8079342} 
Sun Nov 16 14:00:46 EST 2014 , 4 , 2 , 2 , 155014 : { BUY 4570.81@0.80470892} 155013 : { BUY 4570.81@0.80470892} 155012 : { SELL 20336.22@0.8079342} 155011 : { SELL 20336.22@0.8079342} 
Sun Nov 16 14:03:47 EST 2014 , 4 , 2 , 2 , 155014 : { BUY 4570.81@0.80470892} 155013 : { BUY 4570.81@0.80470892} 155012 : { SELL 20336.22@0.8079342} 155011 : { SELL 20336.22@0.8079342} 
Sun Nov 16 14:06:48 EST 2014 , 4 , 2 , 2 , 155014 : { BUY 4570.81@0.80470892} 155013 : { BUY 4570.81@0.80470892} 155012 : { SELL 20336.22@0.8079342} 155011 : { SELL 20336.22@0.8079342} 
Sun Nov 16 14:09:49 EST 2014 , 4 , 2 , 2 , 155014 : { BUY 4570.81@0.80470892} 155013 : { BUY 4570.81@0.80470892} 155012 : { SELL 20336.22@0.8079342} 155011 : { SELL 20336.22@0.8079342} 
Sun Nov 16 14:12:50 EST 2014 , 4 , 2 , 2 , 155014 : { BUY 4570.81@0.80470892} 155013 : { BUY 4570.81@0.80470892} 155012 : { SELL 20336.22@0.8079342} 155011 : { SELL 20336.22@0.8079342} 
Sun Nov 16 14:15:51 EST 2014 , 4 , 2 , 2 , 155014 : { BUY 4570.81@0.80470892} 155013 : { BUY 4570.81@0.80470892} 155012 : { SELL 20336.22@0.8079342} 155011 : { SELL 20336.22@0.8079342} 
Sun Nov 16 14:18:52 EST 2014 , 4 , 2 , 2 , 155014 : { BUY 4570.81@0.80470892} 155013 : { BUY 4570.81@0.80470892} 155012 : { SELL 20336.22@0.8079342} 155011 : { SELL 20336.22@0.8079342} 
Sun Nov 16 14:21:53 EST 2014 , 4 , 2 , 2 , 155014 : { BUY 4570.81@0.80470892} 155013 : { BUY 4570.81@0.80470892} 155012 : { SELL 20336.22@0.8079342} 155011 : { SELL 20336.22@0.8079342} 
Sun Nov 16 14:24:54 EST 2014 , 4 , 2 , 2 , 155014 : { BUY 4570.81@0.80470892} 155013 : { BUY 4570.81@0.80470892} 155012 : { SELL 20336.22@0.8079342} 155011 : { SELL 20336.22@0.8079342} 
Sun Nov 16 14:27:55 EST 2014 , 4 , 2 , 2 , 155014 : { BUY 4570.81@0.80470892} 155013 : { BUY 4570.81@0.80470892} 155012 : { SELL 20336.22@0.8079342} 155011 : { SELL 20336.22@0.8079342} 
Sun Nov 16 14:30:56 EST 2014 , 4 , 2 , 2 , 155014 : { BUY 4570.81@0.80470892} 155013 : { BUY 4570.81@0.80470892} 155012 : { SELL 20336.22@0.8079342} 155011 : { SELL 20336.22@0.8079342} 
Sun Nov 16 14:33:57 EST 2014 , 4 , 2 , 2 , 155014 : { BUY 4570.81@0.80470892} 155013 : { BUY 4570.81@0.80470892} 155012 : { SELL 20336.22@0.8079342} 155011 : { SELL 20336.22@0.8079342} 
Sun Nov 16 14:36:58 EST 2014 , 4 , 2 , 2 , 155014 : { BUY 4570.81@0.80470892} 155013 : { BUY 4570.81@0.80470892} 155012 : { SELL 20336.22@0.8079342} 155011 : { SELL 20336.22@0.8079342} 
Sun Nov 16 14:40:00 EST 2014 , 4 , 2 , 2 , 155014 : { BUY 4570.81@0.80470892} 155013 : { BUY 4570.81@0.80470892} 155012 : { SELL 20336.22@0.8079342} 155011 : { SELL 20336.22@0.8079342} 
Sun Nov 16 14:43:00 EST 2014 , 4 , 2 , 2 , 155014 : { BUY 4570.81@0.80470892} 155013 : { BUY 4570.81@0.80470892} 155012 : { SELL 20336.22@0.8079342} 155011 : { SELL 20336.22@0.8079342} 
Sun Nov 16 14:46:01 EST 2014 , 4 , 2 , 2 , 155014 : { BUY 4570.81@0.80470892} 155013 : { BUY 4570.81@0.80470892} 155012 : { SELL 20336.22@0.8079342} 155011 : { SELL 20336.22@0.8079342} 
Sun Nov 16 14:49:02 EST 2014 , 4 , 2 , 2 , 155014 : { BUY 4570.81@0.80470892} 155013 : { BUY 4570.81@0.80470892} 155012 : { SELL 20336.22@0.8079342} 155011 : { SELL 20336.22@0.8079342} 
Sun Nov 16 14:52:03 EST 2014 , 4 , 2 , 2 , 155014 : { BUY 4570.81@0.80470892} 155013 : { BUY 4570.81@0.80470892} 155012 : { SELL 20336.22@0.8079342} 155011 : { SELL 20336.22@0.8079342} 
Sun Nov 16 14:55:04 EST 2014 , 4 , 2 , 2 , 155014 : { BUY 4570.81@0.80470892} 155013 : { BUY 4570.81@0.80470892} 155012 : { SELL 20336.22@0.8079342} 155011 : { SELL 20336.22@0.8079342} 
Sun Nov 16 14:58:05 EST 2014 , 4 , 2 , 2 , 155014 : { BUY 4570.81@0.80470892} 155013 : { BUY 4570.81@0.80470892} 155012 : { SELL 20336.22@0.8079342} 155011 : { SELL 20336.22@0.8079342} 
Sun Nov 16 15:01:06 EST 2014 , 4 , 2 , 2 , 155014 : { BUY 4570.81@0.80470892} 155013 : { BUY 4570.81@0.80470892} 155012 : { SELL 20336.22@0.8079342} 155011 : { SELL 20336.22@0.8079342} 
Sun Nov 16 15:04:07 EST 2014 , 4 , 2 , 2 , 155014 : { BUY 4570.81@0.80470892} 155013 : { BUY 4570.81@0.80470892} 155012 : { SELL 20336.22@0.8079342} 155011 : { SELL 20336.22@0.8079342} 
Sun Nov 16 15:07:08 EST 2014 , 4 , 2 , 2 , 155014 : { BUY 4570.81@0.80470892} 155013 : { BUY 4570.81@0.80470892} 155012 : { SELL 20336.22@0.8079342} 155011 : { SELL 20336.22@0.8079342} 
Sun Nov 16 15:10:09 EST 2014 , 4 , 2 , 2 , 155014 : { BUY 4570.81@0.80470892} 155013 : { BUY 4570.81@0.80470892} 155012 : { SELL 20336.22@0.8079342} 155011 : { SELL 20336.22@0.8079342} 
Sun Nov 16 15:13:10 EST 2014 , 4 , 2 , 2 , 155014 : { BUY 4570.81@0.80470892} 155013 : { BUY 4570.81@0.80470892} 155012 : { SELL 20336.22@0.8079342} 155011 : { SELL 20336.22@0.8079342} 
Sun Nov 16 15:16:11 EST 2014 , 4 , 2 , 2 , 155014 : { BUY 4570.81@0.80470892} 155013 : { BUY 4570.81@0.80470892} 155012 : { SELL 20336.22@0.8079342} 155011 : { SELL 20336.22@0.8079342} 
Sun Nov 16 15:19:12 EST 2014 , 4 , 2 , 2 , 155014 : { BUY 4570.81@0.80470892} 155013 : { BUY 4570.81@0.80470892} 155012 : { SELL 20336.22@0.8079342} 155011 : { SELL 20336.22@0.8079342} 
Sun Nov 16 15:22:13 EST 2014 , 4 , 2 , 2 , 155014 : { BUY 4570.81@0.80470892} 155013 : { BUY 4570.81@0.80470892} 155012 : { SELL 20336.22@0.8079342} 155011 : { SELL 20336.22@0.8079342} 
Sun Nov 16 15:25:14 EST 2014 , 4 , 2 , 2 , 155014 : { BUY 4570.81@0.80470892} 155013 : { BUY 4570.81@0.80470892} 155012 : { SELL 20336.22@0.8079342} 155011 : { SELL 20336.22@0.8079342} 
Sun Nov 16 15:28:15 EST 2014 , 4 , 2 , 2 , 155014 : { BUY 4570.81@0.80470892} 155013 : { BUY 4570.81@0.80470892} 155012 : { SELL 20336.22@0.8079342} 155011 : { SELL 20336.22@0.8079342} 
Sun Nov 16 15:31:16 EST 2014 , 4 , 2 , 2 , 155014 : { BUY 4570.81@0.80470892} 155013 : { BUY 4570.81@0.80470892} 155012 : { SELL 20336.22@0.8079342} 155011 : { SELL 20336.22@0.8079342} 
Sun Nov 16 15:34:17 EST 2014 , 4 , 2 , 2 , 155014 : { BUY 4570.81@0.80470892} 155013 : { BUY 4570.81@0.80470892} 155012 : { SELL 20336.22@0.8079342} 155011 : { SELL 20336.22@0.8079342} 
Sun Nov 16 15:37:18 EST 2014 , 4 , 2 , 2 , 155014 : { BUY 4570.81@0.80470892} 155013 : { BUY 4570.81@0.80470892} 155012 : { SELL 20336.22@0.8079342} 155011 : { SELL 20336.22@0.8079342} 
Sun Nov 16 15:40:19 EST 2014 , 4 , 2 , 2 , 155014 : { BUY 4570.81@0.80470892} 155013 : { BUY 4570.81@0.80470892} 155012 : { SELL 20336.22@0.8079342} 155011 : { SELL 20336.22@0.8079342} 
Sun Nov 16 15:43:20 EST 2014 , 4 , 2 , 2 , 155014 : { BUY 4570.81@0.80470892} 155013 : { BUY 4570.81@0.80470892} 155012 : { SELL 20336.22@0.8079342} 155011 : { SELL 20336.22@0.8079342} 
Sun Nov 16 15:46:21 EST 2014 , 4 , 2 , 2 , 155014 : { BUY 4570.81@0.80470892} 155013 : { BUY 4570.81@0.80470892} 155012 : { SELL 20336.22@0.8079342} 155011 : { SELL 20336.22@0.8079342} 
Sun Nov 16 15:49:22 EST 2014 , 4 , 2 , 2 , 155014 : { BUY 4570.81@0.80470892} 155013 : { BUY 4570.81@0.80470892} 155012 : { SELL 20336.22@0.8079342} 155011 : { SELL 20336.22@0.8079342} 
Sun Nov 16 15:52:23 EST 2014 , 4 , 2 , 2 , 155014 : { BUY 4570.81@0.80470892} 155013 : { BUY 4570.81@0.80470892} 155012 : { SELL 20336.22@0.8079342} 155011 : { SELL 20336.22@0.8079342} 
Sun Nov 16 15:55:24 EST 2014 , 4 , 2 , 2 , 155014 : { BUY 4570.81@0.80470892} 155013 : { BUY 4570.81@0.80470892} 155012 : { SELL 20336.22@0.8079342} 155011 : { SELL 20336.22@0.8079342} 
Sun Nov 16 15:58:25 EST 2014 , 4 , 2 , 2 , 155014 : { BUY 4570.81@0.80470892} 155013 : { BUY 4570.81@0.80470892} 155012 : { SELL 20336.22@0.8079342} 155011 : { SELL 20336.22@0.8079342} 
Sun Nov 16 16:01:26 EST 2014 , 4 , 2 , 2 , 155014 : { BUY 4570.81@0.80470892} 155013 : { BUY 4570.81@0.80470892} 155012 : { SELL 20336.22@0.8079342} 155011 : { SELL 20336.22@0.8079342} 
Sun Nov 16 16:04:27 EST 2014 , 4 , 2 , 2 , 155014 : { BUY 4570.81@0.80470892} 155013 : { BUY 4570.81@0.80470892} 155012 : { SELL 20336.22@0.8079342} 155011 : { SELL 20336.22@0.8079342} 
Sun Nov 16 16:07:28 EST 2014 , 4 , 2 , 2 , 155014 : { BUY 4570.81@0.80470892} 155013 : { BUY 4570.81@0.80470892} 155012 : { SELL 20336.22@0.8079342} 155011 : { SELL 20336.22@0.8079342} 
Sun Nov 16 16:10:29 EST 2014 , 4 , 2 , 2 , 155014 : { BUY 4570.81@0.80470892} 155013 : { BUY 4570.81@0.80470892} 155012 : { SELL 20336.22@0.8079342} 155011 : { SELL 20336.22@0.8079342} 
Sun Nov 16 16:13:30 EST 2014 , 4 , 2 , 2 , 155014 : { BUY 4570.81@0.80470892} 155013 : { BUY 4570.81@0.80470892} 155012 : { SELL 20336.22@0.8079342} 155011 : { SELL 20336.22@0.8079342} 
Sun Nov 16 16:16:31 EST 2014 , 4 , 2 , 2 , 155014 : { BUY 4570.81@0.80470892} 155013 : { BUY 4570.81@0.80470892} 155012 : { SELL 20336.22@0.8079342} 155011 : { SELL 20336.22@0.8079342} 
Sun Nov 16 16:19:32 EST 2014 , 4 , 2 , 2 , 155014 : { BUY 4570.81@0.80470892} 155013 : { BUY 4570.81@0.80470892} 155012 : { SELL 20336.22@0.8079342} 155011 : { SELL 20336.22@0.8079342} 
Sun Nov 16 16:22:33 EST 2014 , 4 , 2 , 2 , 155014 : { BUY 4570.81@0.80470892} 155013 : { BUY 4570.81@0.80470892} 155012 : { SELL 20336.22@0.8079342} 155011 : { SELL 20336.22@0.8079342} 
Sun Nov 16 16:25:34 EST 2014 , 4 , 2 , 2 , 155014 : { BUY 4570.81@0.80470892} 155013 : { BUY 4570.81@0.80470892} 155012 : { SELL 20336.22@0.8079342} 155011 : { SELL 20336.22@0.8079342} 
Sun Nov 16 16:28:35 EST 2014 , 4 , 2 , 2 , 155014 : { BUY 4570.81@0.80470892} 155013 : { BUY 4570.81@0.80470892} 155012 : { SELL 20336.22@0.8079342} 155011 : { SELL 20336.22@0.8079342} 
Sun Nov 16 16:31:36 EST 2014 , 4 , 2 , 2 , 155014 : { BUY 4570.81@0.80470892} 155013 : { BUY 4570.81@0.80470892} 155012 : { SELL 20336.22@0.8079342} 155011 : { SELL 20336.22@0.8079342} 
Sun Nov 16 16:34:37 EST 2014 , 4 , 2 , 2 , 155014 : { BUY 4570.81@0.80470892} 155013 : { BUY 4570.81@0.80470892} 155012 : { SELL 20336.22@0.8079342} 155011 : { SELL 20336.22@0.8079342} 
Sun Nov 16 16:37:38 EST 2014 , 4 , 2 , 2 , 155014 : { BUY 4570.81@0.80470892} 155013 : { BUY 4570.81@0.80470892} 155012 : { SELL 20336.22@0.8079342} 155011 : { SELL 20336.22@0.8079342} 
Sun Nov 16 16:40:39 EST 2014 , 4 , 2 , 2 , 155014 : { BUY 4570.81@0.80470892} 155013 : { BUY 4570.81@0.80470892} 155012 : { SELL 20336.22@0.8079342} 155011 : { SELL 20336.22@0.8079342} 
Sun Nov 16 16:43:40 EST 2014 , 4 , 2 , 2 , 155014 : { BUY 4570.81@0.80470892} 155013 : { BUY 4570.81@0.80470892} 155012 : { SELL 20336.22@0.8079342} 155011 : { SELL 20336.22@0.8079342} 
Sun Nov 16 16:46:41 EST 2014 , 4 , 2 , 2 , 155014 : { BUY 4570.81@0.80470892} 155013 : { BUY 4570.81@0.80470892} 155012 : { SELL 20336.22@0.8079342} 155011 : { SELL 20336.22@0.8079342} 
Sun Nov 16 16:49:42 EST 2014 , 4 , 2 , 2 , 155014 : { BUY 4570.81@0.80470892} 155013 : { BUY 4570.81@0.80470892} 155012 : { SELL 20336.22@0.8079342} 155011 : { SELL 20336.22@0.8079342} 
Sun Nov 16 16:52:43 EST 2014 , 4 , 2 , 2 , 155014 : { BUY 4570.81@0.80470892} 155013 : { BUY 4570.81@0.80470892} 155012 : { SELL 20336.22@0.8079342} 155011 : { SELL 20336.22@0.8079342} 
Sun Nov 16 16:55:44 EST 2014 , 4 , 2 , 2 , 155014 : { BUY 4570.81@0.80470892} 155013 : { BUY 4570.81@0.80470892} 155012 : { SELL 20336.22@0.8079342} 155011 : { SELL 20336.22@0.8079342} 
Sun Nov 16 16:58:45 EST 2014 , 4 , 2 , 2 , 155014 : { BUY 4570.81@0.80470892} 155013 : { BUY 4570.81@0.80470892} 155012 : { SELL 20336.22@0.8079342} 155011 : { SELL 20336.22@0.8079342} 
Sun Nov 16 17:01:46 EST 2014 , 4 , 2 , 2 , 155014 : { BUY 4570.81@0.80470892} 155013 : { BUY 4570.81@0.80470892} 155012 : { SELL 20336.22@0.8079342} 155011 : { SELL 20336.22@0.8079342} 
Sun Nov 16 17:04:47 EST 2014 , 4 , 2 , 2 , 155014 : { BUY 4570.81@0.80470892} 155013 : { BUY 4570.81@0.80470892} 155012 : { SELL 20336.22@0.8079342} 155011 : { SELL 20336.22@0.8079342} 
Sun Nov 16 17:07:48 EST 2014 , 4 , 2 , 2 , 155014 : { BUY 4570.81@0.80470892} 155013 : { BUY 4570.81@0.80470892} 155012 : { SELL 20336.22@0.8079342} 155011 : { SELL 20336.22@0.8079342} 
Sun Nov 16 17:10:49 EST 2014 , 4 , 2 , 2 , 155014 : { BUY 4570.81@0.80470892} 155013 : { BUY 4570.81@0.80470892} 155012 : { SELL 20336.22@0.8079342} 155011 : { SELL 20336.22@0.8079342} 
Sun Nov 16 17:13:50 EST 2014 , 4 , 2 , 2 , 155014 : { BUY 4570.81@0.80470892} 155013 : { BUY 4570.81@0.80470892} 155012 : { SELL 20336.22@0.8079342} 155011 : { SELL 20336.22@0.8079342} 
Sun Nov 16 17:16:51 EST 2014 , 4 , 2 , 2 , 155014 : { BUY 4570.81@0.80470892} 155013 : { BUY 4570.81@0.80470892} 155012 : { SELL 20336.22@0.8079342} 155011 : { SELL 20336.22@0.8079342} 
Sun Nov 16 17:19:52 EST 2014 , 4 , 2 , 2 , 155014 : { BUY 4570.81@0.80470892} 155013 : { BUY 4570.81@0.80470892} 155012 : { SELL 20336.22@0.8079342} 155011 : { SELL 20336.22@0.8079342} 
Sun Nov 16 17:22:53 EST 2014 , 4 , 2 , 2 , 155014 : { BUY 4570.81@0.80470892} 155013 : { BUY 4570.81@0.80470892} 155012 : { SELL 20336.22@0.8079342} 155011 : { SELL 20336.22@0.8079342} 
Sun Nov 16 17:25:54 EST 2014 , 4 , 2 , 2 , 155014 : { BUY 4570.81@0.80470892} 155013 : { BUY 4570.81@0.80470892} 155012 : { SELL 20336.22@0.8079342} 155011 : { SELL 20336.22@0.8079342} 
Sun Nov 16 17:28:55 EST 2014 , 4 , 2 , 2 , 155014 : { BUY 4570.81@0.80470892} 155013 : { BUY 4570.81@0.80470892} 155012 : { SELL 20336.22@0.8079342} 155011 : { SELL 20336.22@0.8079342} 
Sun Nov 16 17:31:56 EST 2014 , 4 , 2 , 2 , 155014 : { BUY 4570.81@0.80470892} 155013 : { BUY 4570.81@0.80470892} 155012 : { SELL 20336.22@0.8079342} 155011 : { SELL 20336.22@0.8079342} 
Sun Nov 16 17:34:57 EST 2014 , 4 , 2 , 2 , 155014 : { BUY 4570.81@0.80470892} 155013 : { BUY 4570.81@0.80470892} 155012 : { SELL 20336.22@0.8079342} 155011 : { SELL 20336.22@0.8079342} 
Sun Nov 16 17:37:58 EST 2014 , 4 , 2 , 2 , 155014 : { BUY 4570.81@0.80470892} 155013 : { BUY 4570.81@0.80470892} 155012 : { SELL 20336.22@0.8079342} 155011 : { SELL 20336.22@0.8079342} 
Sun Nov 16 17:40:59 EST 2014 , 4 , 2 , 2 , 155014 : { BUY 4570.81@0.80470892} 155013 : { BUY 4570.81@0.80470892} 155012 : { SELL 20336.22@0.8079342} 155011 : { SELL 20336.22@0.8079342} 
Sun Nov 16 17:44:00 EST 2014 , 4 , 2 , 2 , 155014 : { BUY 4570.81@0.80470892} 155013 : { BUY 4570.81@0.80470892} 155012 : { SELL 20336.22@0.8079342} 155011 : { SELL 20336.22@0.8079342} 
Sun Nov 16 17:47:01 EST 2014 , 4 , 2 , 2 , 155014 : { BUY 4570.81@0.80470892} 155013 : { BUY 4570.81@0.80470892} 155012 : { SELL 20336.22@0.8079342} 155011 : { SELL 20336.22@0.8079342} 
Sun Nov 16 17:50:02 EST 2014 , 4 , 2 , 2 , 155014 : { BUY 4570.81@0.80470892} 155013 : { BUY 4570.81@0.80470892} 155012 : { SELL 20336.22@0.8079342} 155011 : { SELL 20336.22@0.8079342} 
Sun Nov 16 17:53:03 EST 2014 , 4 , 2 , 2 , 155014 : { BUY 4570.81@0.80470892} 155013 : { BUY 4570.81@0.80470892} 155012 : { SELL 20336.22@0.8079342} 155011 : { SELL 20336.22@0.8079342} 
Sun Nov 16 17:56:04 EST 2014 , 4 , 2 , 2 , 155014 : { BUY 4570.81@0.80470892} 155013 : { BUY 4570.81@0.80470892} 155012 : { SELL 20336.22@0.8079342} 155011 : { SELL 20336.22@0.8079342} 
Sun Nov 16 17:59:05 EST 2014 , 4 , 2 , 2 , 155014 : { BUY 4570.81@0.80470892} 155013 : { BUY 4570.81@0.80470892} 155012 : { SELL 20336.22@0.8079342} 155011 : { SELL 20336.22@0.8079342} 
Sun Nov 16 18:02:06 EST 2014 , 4 , 2 , 2 , 155014 : { BUY 4570.81@0.80470892} 155013 : { BUY 4570.81@0.80470892} 155012 : { SELL 20336.22@0.8079342} 155011 : { SELL 20336.22@0.8079342} 
Sun Nov 16 18:05:07 EST 2014 , 4 , 2 , 2 , 155014 : { BUY 4570.81@0.80470892} 155013 : { BUY 4570.81@0.80470892} 155012 : { SELL 20336.22@0.8079342} 155011 : { SELL 20336.22@0.8079342} 
Sun Nov 16 18:08:08 EST 2014 , 4 , 2 , 2 , 155014 : { BUY 4570.81@0.80470892} 155013 : { BUY 4570.81@0.80470892} 155012 : { SELL 20336.22@0.8079342} 155011 : { SELL 20336.22@0.8079342} 
Sun Nov 16 18:11:09 EST 2014 , 4 , 2 , 2 , 155014 : { BUY 4570.81@0.80470892} 155013 : { BUY 4570.81@0.80470892} 155012 : { SELL 20336.22@0.8079342} 155011 : { SELL 20336.22@0.8079342} 
Sun Nov 16 18:14:10 EST 2014 , 4 , 2 , 2 , 155014 : { BUY 4570.81@0.80470892} 155013 : { BUY 4570.81@0.80470892} 155012 : { SELL 20336.22@0.8079342} 155011 : { SELL 20336.22@0.8079342} 
Sun Nov 16 18:17:11 EST 2014 , 4 , 2 , 2 , 155014 : { BUY 4570.81@0.80470892} 155013 : { BUY 4570.81@0.80470892} 155012 : { SELL 20336.22@0.8079342} 155011 : { SELL 20336.22@0.8079342} 
Sun Nov 16 18:20:12 EST 2014 , 4 , 2 , 2 , 155014 : { BUY 4570.81@0.80470892} 155013 : { BUY 4570.81@0.80470892} 155012 : { SELL 20336.22@0.8079342} 155011 : { SELL 20336.22@0.8079342} 
Sun Nov 16 18:23:13 EST 2014 , 4 , 2 , 2 , 155014 : { BUY 4570.81@0.80470892} 155013 : { BUY 4570.81@0.80470892} 155012 : { SELL 20336.22@0.8079342} 155011 : { SELL 20336.22@0.8079342} 
Sun Nov 16 18:26:14 EST 2014 , 4 , 2 , 2 , 155014 : { BUY 4570.81@0.80470892} 155013 : { BUY 4570.81@0.80470892} 155012 : { SELL 20336.22@0.8079342} 155011 : { SELL 20336.22@0.8079342} 
Sun Nov 16 18:29:15 EST 2014 , 4 , 2 , 2 , 155014 : { BUY 4570.81@0.80470892} 155013 : { BUY 4570.81@0.80470892} 155012 : { SELL 20336.22@0.8079342} 155011 : { SELL 20336.22@0.8079342} 
Sun Nov 16 18:32:16 EST 2014 , 4 , 2 , 2 , 155014 : { BUY 4570.81@0.80470892} 155013 : { BUY 4570.81@0.80470892} 155012 : { SELL 20336.22@0.8079342} 155011 : { SELL 20336.22@0.8079342} 
Sun Nov 16 18:35:17 EST 2014 , 4 , 2 , 2 , 155014 : { BUY 4570.81@0.80470892} 155013 : { BUY 4570.81@0.80470892} 155012 : { SELL 20336.22@0.8079342} 155011 : { SELL 20336.22@0.8079342} 
Sun Nov 16 18:38:18 EST 2014 , 4 , 2 , 2 , 155014 : { BUY 4570.81@0.80470892} 155013 : { BUY 4570.81@0.80470892} 155012 : { SELL 20336.22@0.8079342} 155011 : { SELL 20336.22@0.8079342} 
Sun Nov 16 18:41:19 EST 2014 , 4 , 2 , 2 , 155014 : { BUY 4570.81@0.80470892} 155013 : { BUY 4570.81@0.80470892} 155012 : { SELL 20336.22@0.8079342} 155011 : { SELL 20336.22@0.8079342} 
Sun Nov 16 18:44:20 EST 2014 , 4 , 2 , 2 , 155014 : { BUY 4570.81@0.80470892} 155013 : { BUY 4570.81@0.80470892} 155012 : { SELL 20336.22@0.8079342} 155011 : { SELL 20336.22@0.8079342} 
Sun Nov 16 18:47:21 EST 2014 , 4 , 2 , 2 , 155014 : { BUY 4570.81@0.80470892} 155013 : { BUY 4570.81@0.80470892} 155012 : { SELL 20336.22@0.8079342} 155011 : { SELL 20336.22@0.8079342} 
Sun Nov 16 18:50:22 EST 2014 , 4 , 2 , 2 , 155014 : { BUY 4570.81@0.80470892} 155013 : { BUY 4570.81@0.80470892} 155012 : { SELL 20336.22@0.8079342} 155011 : { SELL 20336.22@0.8079342} 
Sun Nov 16 18:53:23 EST 2014 , 4 , 2 , 2 , 155014 : { BUY 4570.81@0.80470892} 155013 : { BUY 4570.81@0.80470892} 155012 : { SELL 20336.22@0.8079342} 155011 : { SELL 20336.22@0.8079342} 
Sun Nov 16 18:56:24 EST 2014 , 4 , 2 , 2 , 155014 : { BUY 4570.81@0.80470892} 155013 : { BUY 4570.81@0.80470892} 155012 : { SELL 20336.22@0.8079342} 155011 : { SELL 20336.22@0.8079342} 
Sun Nov 16 18:59:25 EST 2014 , 4 , 2 , 2 , 155014 : { BUY 4570.81@0.80470892} 155013 : { BUY 4570.81@0.80470892} 155012 : { SELL 20336.22@0.8079342} 155011 : { SELL 20336.22@0.8079342} 
Sun Nov 16 19:02:26 EST 2014 , 4 , 2 , 2 , 155014 : { BUY 4570.81@0.80470892} 155013 : { BUY 4570.81@0.80470892} 155012 : { SELL 20336.22@0.8079342} 155011 : { SELL 20336.22@0.8079342} 
Sun Nov 16 19:05:27 EST 2014 , 4 , 2 , 2 , 155014 : { BUY 4570.81@0.80470892} 155013 : { BUY 4570.81@0.80470892} 155012 : { SELL 20336.22@0.8079342} 155011 : { SELL 20336.22@0.8079342} 
Sun Nov 16 19:08:28 EST 2014 , 4 , 2 , 2 , 155014 : { BUY 4570.81@0.80470892} 155013 : { BUY 4570.81@0.80470892} 155012 : { SELL 20336.22@0.8079342} 155011 : { SELL 20336.22@0.8079342} 
Sun Nov 16 19:11:29 EST 2014 , 4 , 2 , 2 , 155014 : { BUY 4570.81@0.80470892} 155013 : { BUY 4570.81@0.80470892} 155012 : { SELL 20336.22@0.8079342} 155011 : { SELL 20336.22@0.8079342} 
Sun Nov 16 19:14:30 EST 2014 , 4 , 2 , 2 , 155014 : { BUY 4570.81@0.80470892} 155013 : { BUY 4570.81@0.80470892} 155012 : { SELL 20336.22@0.8079342} 155011 : { SELL 20336.22@0.8079342} 
Sun Nov 16 19:17:31 EST 2014 , 4 , 2 , 2 , 155014 : { BUY 4570.81@0.80470892} 155013 : { BUY 4570.81@0.80470892} 155012 : { SELL 20336.22@0.8079342} 155011 : { SELL 20336.22@0.8079342} 
Sun Nov 16 19:20:32 EST 2014 , 4 , 2 , 2 , 155014 : { BUY 4570.81@0.80470892} 155013 : { BUY 4570.81@0.80470892} 155012 : { SELL 20336.22@0.8079342} 155011 : { SELL 20336.22@0.8079342} 
Sun Nov 16 19:23:33 EST 2014 , 4 , 2 , 2 , 155014 : { BUY 4570.81@0.80470892} 155013 : { BUY 4570.81@0.80470892} 155012 : { SELL 20336.22@0.8079342} 155011 : { SELL 20336.22@0.8079342} 
Sun Nov 16 19:26:34 EST 2014 , 4 , 2 , 2 , 155014 : { BUY 4570.81@0.80470892} 155013 : { BUY 4570.81@0.80470892} 155012 : { SELL 20336.22@0.8079342} 155011 : { SELL 20336.22@0.8079342} 
Sun Nov 16 19:29:35 EST 2014 , 4 , 2 , 2 , 155014 : { BUY 4570.81@0.80470892} 155013 : { BUY 4570.81@0.80470892} 155012 : { SELL 20336.22@0.8079342} 155011 : { SELL 20336.22@0.8079342} 
Sun Nov 16 19:32:36 EST 2014 , 4 , 2 , 2 , 155014 : { BUY 4570.81@0.80470892} 155013 : { BUY 4570.81@0.80470892} 155012 : { SELL 20336.22@0.8079342} 155011 : { SELL 20336.22@0.8079342} 
Sun Nov 16 19:35:37 EST 2014 , 4 , 2 , 2 , 155014 : { BUY 4570.81@0.80470892} 155013 : { BUY 4570.81@0.80470892} 155012 : { SELL 20336.22@0.8079342} 155011 : { SELL 20336.22@0.8079342} 
Sun Nov 16 19:38:38 EST 2014 , 4 , 2 , 2 , 155014 : { BUY 4570.81@0.80470892} 155013 : { BUY 4570.81@0.80470892} 155012 : { SELL 20336.22@0.8079342} 155011 : { SELL 20336.22@0.8079342} 
Sun Nov 16 19:41:40 EST 2014 , 4 , 2 , 2 , 155014 : { BUY 4570.81@0.80470892} 155013 : { BUY 4570.81@0.80470892} 155012 : { SELL 20336.22@0.8079342} 155011 : { SELL 20336.22@0.8079342} 
Sun Nov 16 19:44:40 EST 2014 , 4 , 2 , 2 , 155014 : { BUY 4570.81@0.80470892} 155013 : { BUY 4570.81@0.80470892} 155012 : { SELL 20336.22@0.8079342} 155011 : { SELL 20336.22@0.8079342} 
Sun Nov 16 19:47:41 EST 2014 , 4 , 2 , 2 , 155014 : { BUY 4570.81@0.80470892} 155013 : { BUY 4570.81@0.80470892} 155012 : { SELL 20336.22@0.8079342} 155011 : { SELL 20336.22@0.8079342} 
Sun Nov 16 19:50:42 EST 2014 , 4 , 2 , 2 , 155014 : { BUY 4570.81@0.80470892} 155013 : { BUY 4570.81@0.80470892} 155012 : { SELL 20336.22@0.8079342} 155011 : { SELL 20336.22@0.8079342} 
Sun Nov 16 19:53:43 EST 2014 , 4 , 2 , 2 , 155014 : { BUY 4570.81@0.80470892} 155013 : { BUY 4570.81@0.80470892} 155012 : { SELL 20336.22@0.8079342} 155011 : { SELL 20336.22@0.8079342} 
Sun Nov 16 19:56:44 EST 2014 , 4 , 2 , 2 , 155014 : { BUY 4570.81@0.80470892} 155013 : { BUY 4570.81@0.80470892} 155012 : { SELL 20336.22@0.8079342} 155011 : { SELL 20336.22@0.8079342} 
Sun Nov 16 19:59:45 EST 2014 , 4 , 2 , 2 , 155014 : { BUY 4570.81@0.80470892} 155013 : { BUY 4570.81@0.80470892} 155012 : { SELL 20336.22@0.8079342} 155011 : { SELL 20336.22@0.8079342} 
Sun Nov 16 20:02:46 EST 2014 , 4 , 2 , 2 , 155014 : { BUY 4570.81@0.80470892} 155013 : { BUY 4570.81@0.80470892} 155012 : { SELL 20336.22@0.8079342} 155011 : { SELL 20336.22@0.8079342} 
Sun Nov 16 20:05:47 EST 2014 , 4 , 2 , 2 , 155014 : { BUY 4570.81@0.80470892} 155013 : { BUY 4570.81@0.80470892} 155012 : { SELL 20336.22@0.8079342} 155011 : { SELL 20336.22@0.8079342} 
Sun Nov 16 20:08:48 EST 2014 , 4 , 2 , 2 , 155014 : { BUY 4570.81@0.80470892} 155013 : { BUY 4570.81@0.80470892} 155012 : { SELL 20336.22@0.8079342} 155011 : { SELL 20336.22@0.8079342} 
Sun Nov 16 20:11:49 EST 2014 , 4 , 2 , 2 , 155014 : { BUY 4570.81@0.80470892} 155013 : { BUY 4570.81@0.80470892} 155012 : { SELL 20336.22@0.8079342} 155011 : { SELL 20336.22@0.8079342} 
Sun Nov 16 20:14:50 EST 2014 , 4 , 2 , 2 , 155014 : { BUY 4570.81@0.80470892} 155013 : { BUY 4570.81@0.80470892} 155012 : { SELL 20336.22@0.8079342} 155011 : { SELL 20336.22@0.8079342} 
Sun Nov 16 20:17:51 EST 2014 , 4 , 2 , 2 , 155014 : { BUY 4570.81@0.80470892} 155013 : { BUY 4570.81@0.80470892} 155012 : { SELL 20336.22@0.8079342} 155011 : { SELL 20336.22@0.8079342} 
Sun Nov 16 20:20:52 EST 2014 , 4 , 2 , 2 , 155014 : { BUY 4570.81@0.80470892} 155013 : { BUY 4570.81@0.80470892} 155012 : { SELL 20336.22@0.8079342} 155011 : { SELL 20336.22@0.8079342} 
Sun Nov 16 20:23:53 EST 2014 , 4 , 2 , 2 , 155014 : { BUY 4570.81@0.80470892} 155013 : { BUY 4570.81@0.80470892} 155012 : { SELL 20336.22@0.8079342} 155011 : { SELL 20336.22@0.8079342} 
Sun Nov 16 20:26:54 EST 2014 , 4 , 2 , 2 , 155014 : { BUY 4570.81@0.80470892} 155013 : { BUY 4570.81@0.80470892} 155012 : { SELL 20336.22@0.8079342} 155011 : { SELL 20336.22@0.8079342} 
Sun Nov 16 20:29:55 EST 2014 , 4 , 2 , 2 , 155014 : { BUY 4570.81@0.80470892} 155013 : { BUY 4570.81@0.80470892} 155012 : { SELL 20336.22@0.8079342} 155011 : { SELL 20336.22@0.8079342} 
Sun Nov 16 20:32:56 EST 2014 , 4 , 2 , 2 , 155014 : { BUY 4570.81@0.80470892} 155013 : { BUY 4570.81@0.80470892} 155012 : { SELL 20336.22@0.8079342} 155011 : { SELL 20336.22@0.8079342} 
Sun Nov 16 20:35:57 EST 2014 , 4 , 2 , 2 , 155014 : { BUY 4570.81@0.80470892} 155013 : { BUY 4570.81@0.80470892} 155012 : { SELL 20336.22@0.8079342} 155011 : { SELL 20336.22@0.8079342} 
Sun Nov 16 20:38:58 EST 2014 , 4 , 2 , 2 , 155014 : { BUY 4570.81@0.80470892} 155013 : { BUY 4570.81@0.80470892} 155012 : { SELL 20336.22@0.8079342} 155011 : { SELL 20336.22@0.8079342} 
Sun Nov 16 20:41:59 EST 2014 , 4 , 2 , 2 , 155014 : { BUY 4570.81@0.80470892} 155013 : { BUY 4570.81@0.80470892} 155012 : { SELL 20336.22@0.8079342} 155011 : { SELL 20336.22@0.8079342} 
Sun Nov 16 20:45:00 EST 2014 , 4 , 2 , 2 , 155014 : { BUY 4570.81@0.80470892} 155013 : { BUY 4570.81@0.80470892} 155012 : { SELL 20336.22@0.8079342} 155011 : { SELL 20336.22@0.8079342} 
Sun Nov 16 20:48:01 EST 2014 , 4 , 2 , 2 , 155014 : { BUY 4570.81@0.80470892} 155013 : { BUY 4570.81@0.80470892} 155012 : { SELL 20336.22@0.8079342} 155011 : { SELL 20336.22@0.8079342} 
Sun Nov 16 20:51:02 EST 2014 , 4 , 2 , 2 , 155014 : { BUY 4570.81@0.80470892} 155013 : { BUY 4570.81@0.80470892} 155012 : { SELL 20336.22@0.8079342} 155011 : { SELL 20336.22@0.8079342} 
Sun Nov 16 20:54:03 EST 2014 , 4 , 2 , 2 , 155014 : { BUY 4570.81@0.80470892} 155013 : { BUY 4570.81@0.80470892} 155012 : { SELL 20336.22@0.8079342} 155011 : { SELL 20336.22@0.8079342} 
Sun Nov 16 20:57:04 EST 2014 , 4 , 2 , 2 , 155014 : { BUY 4570.81@0.80470892} 155013 : { BUY 4570.81@0.80470892} 155012 : { SELL 20336.22@0.8079342} 155011 : { SELL 20336.22@0.8079342} 
Sun Nov 16 21:00:05 EST 2014 , 4 , 2 , 2 , 155014 : { BUY 4570.81@0.80470892} 155013 : { BUY 4570.81@0.80470892} 155012 : { SELL 20336.22@0.8079342} 155011 : { SELL 20336.22@0.8079342} 
Sun Nov 16 21:03:06 EST 2014 , 4 , 2 , 2 , 155014 : { BUY 4570.81@0.80470892} 155013 : { BUY 4570.81@0.80470892} 155012 : { SELL 20336.22@0.8079342} 155011 : { SELL 20336.22@0.8079342} 
Sun Nov 16 21:06:07 EST 2014 , 4 , 2 , 2 , 155014 : { BUY 4570.81@0.80470892} 155013 : { BUY 4570.81@0.80470892} 155012 : { SELL 20336.22@0.8079342} 155011 : { SELL 20336.22@0.8079342} 
Sun Nov 16 21:09:08 EST 2014 , 4 , 2 , 2 , 155014 : { BUY 4570.81@0.80470892} 155013 : { BUY 4570.81@0.80470892} 155012 : { SELL 20336.22@0.8079342} 155011 : { SELL 20336.22@0.8079342} 
Sun Nov 16 21:12:09 EST 2014 , 4 , 2 , 2 , 155014 : { BUY 4570.81@0.80470892} 155013 : { BUY 4570.81@0.80470892} 155012 : { SELL 20336.22@0.8079342} 155011 : { SELL 20336.22@0.8079342} 
Sun Nov 16 21:15:10 EST 2014 , 4 , 2 , 2 , 155014 : { BUY 4570.81@0.80470892} 155013 : { BUY 4570.81@0.80470892} 155012 : { SELL 20336.22@0.8079342} 155011 : { SELL 20336.22@0.8079342} 
Sun Nov 16 21:18:11 EST 2014 , 4 , 2 , 2 , 155014 : { BUY 4570.81@0.80470892} 155013 : { BUY 4570.81@0.80470892} 155012 : { SELL 20336.22@0.8079342} 155011 : { SELL 20336.22@0.8079342} 
Sun Nov 16 21:21:12 EST 2014 , 4 , 2 , 2 , 155014 : { BUY 4570.81@0.80470892} 155013 : { BUY 4570.81@0.80470892} 155012 : { SELL 20336.22@0.8079342} 155011 : { SELL 20336.22@0.8079342} 
Sun Nov 16 21:24:13 EST 2014 , 4 , 2 , 2 , 155014 : { BUY 4570.81@0.80470892} 155013 : { BUY 4570.81@0.80470892} 155012 : { SELL 20336.22@0.8079342} 155011 : { SELL 20336.22@0.8079342} 
Sun Nov 16 21:27:14 EST 2014 , 4 , 2 , 2 , 155014 : { BUY 4570.81@0.80470892} 155013 : { BUY 4570.81@0.80470892} 155012 : { SELL 20336.22@0.8079342} 155011 : { SELL 20336.22@0.8079342} 
Sun Nov 16 21:30:15 EST 2014 , 4 , 2 , 2 , 155014 : { BUY 4570.81@0.80470892} 155013 : { BUY 4570.81@0.80470892} 155012 : { SELL 20336.22@0.8079342} 155011 : { SELL 20336.22@0.8079342} 
Sun Nov 16 21:33:16 EST 2014 , 4 , 2 , 2 , 155014 : { BUY 4570.81@0.80470892} 155013 : { BUY 4570.81@0.80470892} 155012 : { SELL 20336.22@0.8079342} 155011 : { SELL 20336.22@0.8079342} 
Sun Nov 16 21:36:17 EST 2014 , 4 , 2 , 2 , 155014 : { BUY 4570.81@0.80470892} 155013 : { BUY 4570.81@0.80470892} 155012 : { SELL 20336.22@0.8079342} 155011 : { SELL 20336.22@0.8079342} 
Sun Nov 16 21:39:18 EST 2014 , 4 , 2 , 2 , 155014 : { BUY 4570.81@0.80470892} 155013 : { BUY 4570.81@0.80470892} 155012 : { SELL 20336.22@0.8079342} 155011 : { SELL 20336.22@0.8079342} 
Sun Nov 16 21:42:19 EST 2014 , 4 , 2 , 2 , 155014 : { BUY 4570.81@0.80470892} 155013 : { BUY 4570.81@0.80470892} 155012 : { SELL 20336.22@0.8079342} 155011 : { SELL 20336.22@0.8079342} 
Sun Nov 16 21:45:20 EST 2014 , 4 , 2 , 2 , 155014 : { BUY 4570.81@0.80470892} 155013 : { BUY 4570.81@0.80470892} 155012 : { SELL 20336.22@0.8079342} 155011 : { SELL 20336.22@0.8079342} 
Sun Nov 16 21:48:21 EST 2014 , 4 , 2 , 2 , 155014 : { BUY 4570.81@0.80470892} 155013 : { BUY 4570.81@0.80470892} 155012 : { SELL 20336.22@0.8079342} 155011 : { SELL 20336.22@0.8079342} 
Sun Nov 16 21:51:22 EST 2014 , 4 , 2 , 2 , 155014 : { BUY 4570.81@0.80470892} 155013 : { BUY 4570.81@0.80470892} 155012 : { SELL 20336.22@0.8079342} 155011 : { SELL 20336.22@0.8079342} 
Sun Nov 16 21:54:23 EST 2014 , 4 , 2 , 2 , 155014 : { BUY 4570.81@0.80470892} 155013 : { BUY 4570.81@0.80470892} 155012 : { SELL 20336.22@0.8079342} 155011 : { SELL 20336.22@0.8079342} 
Sun Nov 16 21:57:24 EST 2014 , 4 , 2 , 2 , 155014 : { BUY 4570.81@0.80470892} 155013 : { BUY 4570.81@0.80470892} 155012 : { SELL 20336.22@0.8079342} 155011 : { SELL 20336.22@0.8079342} 
Sun Nov 16 22:00:25 EST 2014 , 4 , 2 , 2 , 155014 : { BUY 4570.81@0.80470892} 155013 : { BUY 4570.81@0.80470892} 155012 : { SELL 20336.22@0.8079342} 155011 : { SELL 20336.22@0.8079342} 
Sun Nov 16 22:03:26 EST 2014 , 4 , 2 , 2 , 155014 : { BUY 4570.81@0.80470892} 155013 : { BUY 4570.81@0.80470892} 155012 : { SELL 20336.22@0.8079342} 155011 : { SELL 20336.22@0.8079342} 
Sun Nov 16 22:06:27 EST 2014 , 4 , 2 , 2 , 155014 : { BUY 4570.81@0.80470892} 155013 : { BUY 4570.81@0.80470892} 155012 : { SELL 20336.22@0.8079342} 155011 : { SELL 20336.22@0.8079342} 
Sun Nov 16 22:09:28 EST 2014 , 4 , 2 , 2 , 155014 : { BUY 4570.81@0.80470892} 155013 : { BUY 4570.81@0.80470892} 155012 : { SELL 20336.22@0.8079342} 155011 : { SELL 20336.22@0.8079342} 
Sun Nov 16 22:12:29 EST 2014 , 4 , 2 , 2 , 155014 : { BUY 4570.81@0.80470892} 155013 : { BUY 4570.81@0.80470892} 155012 : { SELL 20336.22@0.8079342} 155011 : { SELL 20336.22@0.8079342} 
Sun Nov 16 22:15:30 EST 2014 , 4 , 2 , 2 , 155014 : { BUY 4570.81@0.80470892} 155013 : { BUY 4570.81@0.80470892} 155012 : { SELL 20336.22@0.8079342} 155011 : { SELL 20336.22@0.8079342} 
Sun Nov 16 22:18:31 EST 2014 , 4 , 2 , 2 , 155014 : { BUY 4570.81@0.80470892} 155013 : { BUY 4570.81@0.80470892} 155012 : { SELL 20336.22@0.8079342} 155011 : { SELL 20336.22@0.8079342} 
Sun Nov 16 22:21:32 EST 2014 , 4 , 2 , 2 , 155014 : { BUY 4570.81@0.80470892} 155013 : { BUY 4570.81@0.80470892} 155012 : { SELL 20336.22@0.8079342} 155011 : { SELL 20336.22@0.8079342} 
Sun Nov 16 22:24:33 EST 2014 , 4 , 2 , 2 , 155014 : { BUY 4570.81@0.80470892} 155013 : { BUY 4570.81@0.80470892} 155012 : { SELL 20336.22@0.8079342} 155011 : { SELL 20336.22@0.8079342} 
Sun Nov 16 22:27:34 EST 2014 , 4 , 2 , 2 , 155014 : { BUY 4570.81@0.80470892} 155013 : { BUY 4570.81@0.80470892} 155012 : { SELL 20336.22@0.8079342} 155011 : { SELL 20336.22@0.8079342} 
Sun Nov 16 22:30:35 EST 2014 , 4 , 2 , 2 , 155014 : { BUY 4570.81@0.80470892} 155013 : { BUY 4570.81@0.80470892} 155012 : { SELL 20336.22@0.8079342} 155011 : { SELL 20336.22@0.8079342} 
Sun Nov 16 22:33:36 EST 2014 , 4 , 2 , 2 , 155014 : { BUY 4570.81@0.80470892} 155013 : { BUY 4570.81@0.80470892} 155012 : { SELL 20336.22@0.8079342} 155011 : { SELL 20336.22@0.8079342} 
Sun Nov 16 22:36:37 EST 2014 , 4 , 2 , 2 , 155014 : { BUY 4570.81@0.80470892} 155013 : { BUY 4570.81@0.80470892} 155012 : { SELL 20336.22@0.8079342} 155011 : { SELL 20336.22@0.8079342} 
Sun Nov 16 22:39:38 EST 2014 , 4 , 2 , 2 , 155014 : { BUY 4570.81@0.80470892} 155013 : { BUY 4570.81@0.80470892} 155012 : { SELL 20336.22@0.8079342} 155011 : { SELL 20336.22@0.8079342} 
Sun Nov 16 22:42:39 EST 2014 , 4 , 2 , 2 , 155014 : { BUY 4570.81@0.80470892} 155013 : { BUY 4570.81@0.80470892} 155012 : { SELL 20336.22@0.8079342} 155011 : { SELL 20336.22@0.8079342} 
Sun Nov 16 22:45:40 EST 2014 , 4 , 2 , 2 , 155014 : { BUY 4570.81@0.80470892} 155013 : { BUY 4570.81@0.80470892} 155012 : { SELL 20336.22@0.8079342} 155011 : { SELL 20336.22@0.8079342} 
Sun Nov 16 22:48:41 EST 2014 , 4 , 2 , 2 , 155014 : { BUY 4570.81@0.80470892} 155013 : { BUY 4570.81@0.80470892} 155012 : { SELL 20336.22@0.8079342} 155011 : { SELL 20336.22@0.8079342} 
Sun Nov 16 22:51:42 EST 2014 , 4 , 2 , 2 , 155014 : { BUY 4570.81@0.80470892} 155013 : { BUY 4570.81@0.80470892} 155012 : { SELL 20336.22@0.8079342} 155011 : { SELL 20336.22@0.8079342} 
Sun Nov 16 22:54:43 EST 2014 , 4 , 2 , 2 , 155014 : { BUY 4570.81@0.80470892} 155013 : { BUY 4570.81@0.80470892} 155012 : { SELL 20336.22@0.8079342} 155011 : { SELL 20336.22@0.8079342} 
Sun Nov 16 22:57:44 EST 2014 , 4 , 2 , 2 , 155014 : { BUY 4570.81@0.80470892} 155013 : { BUY 4570.81@0.80470892} 155012 : { SELL 20336.22@0.8079342} 155011 : { SELL 20336.22@0.8079342} 
Sun Nov 16 23:00:45 EST 2014 , 4 , 2 , 2 , 155014 : { BUY 4570.81@0.80470892} 155013 : { BUY 4570.81@0.80470892} 155012 : { SELL 20336.22@0.8079342} 155011 : { SELL 20336.22@0.8079342} 
Sun Nov 16 23:03:46 EST 2014 , 4 , 2 , 2 , 155014 : { BUY 4570.81@0.80470892} 155013 : { BUY 4570.81@0.80470892} 155012 : { SELL 20336.22@0.8079342} 155011 : { SELL 20336.22@0.8079342} 
Sun Nov 16 23:06:47 EST 2014 , 4 , 2 , 2 , 155014 : { BUY 4570.81@0.80470892} 155013 : { BUY 4570.81@0.80470892} 155012 : { SELL 20336.22@0.8079342} 155011 : { SELL 20336.22@0.8079342} 
Sun Nov 16 23:09:48 EST 2014 , 4 , 2 , 2 , 155014 : { BUY 4570.81@0.80470892} 155013 : { BUY 4570.81@0.80470892} 155012 : { SELL 20336.22@0.8079342} 155011 : { SELL 20336.22@0.8079342} 
Sun Nov 16 23:12:49 EST 2014 , 4 , 2 , 2 , 155014 : { BUY 4570.81@0.80470892} 155013 : { BUY 4570.81@0.80470892} 155012 : { SELL 20336.22@0.8079342} 155011 : { SELL 20336.22@0.8079342} 
Sun Nov 16 23:15:50 EST 2014 , 4 , 2 , 2 , 155014 : { BUY 4570.81@0.80470892} 155013 : { BUY 4570.81@0.80470892} 155012 : { SELL 20336.22@0.8079342} 155011 : { SELL 20336.22@0.8079342} 
Sun Nov 16 23:18:51 EST 2014 , 4 , 2 , 2 , 155014 : { BUY 4570.81@0.80470892} 155013 : { BUY 4570.81@0.80470892} 155012 : { SELL 20336.22@0.8079342} 155011 : { SELL 20336.22@0.8079342} 
Sun Nov 16 23:21:52 EST 2014 , 4 , 2 , 2 , 155014 : { BUY 4570.81@0.80470892} 155013 : { BUY 4570.81@0.80470892} 155012 : { SELL 20336.22@0.8079342} 155011 : { SELL 20336.22@0.8079342} 
Sun Nov 16 23:24:53 EST 2014 , 4 , 2 , 2 , 155014 : { BUY 4570.81@0.80470892} 155013 : { BUY 4570.81@0.80470892} 155012 : { SELL 20336.22@0.8079342} 155011 : { SELL 20336.22@0.8079342} 
Sun Nov 16 23:27:54 EST 2014 , 4 , 2 , 2 , 155014 : { BUY 4570.81@0.80470892} 155013 : { BUY 4570.81@0.80470892} 155012 : { SELL 20336.22@0.8079342} 155011 : { SELL 20336.22@0.8079342} 
Sun Nov 16 23:30:55 EST 2014 , 4 , 2 , 2 , 155014 : { BUY 4570.81@0.80470892} 155013 : { BUY 4570.81@0.80470892} 155012 : { SELL 20336.22@0.8079342} 155011 : { SELL 20336.22@0.8079342} 
Sun Nov 16 23:33:56 EST 2014 , 4 , 2 , 2 , 155014 : { BUY 4570.81@0.80470892} 155013 : { BUY 4570.81@0.80470892} 155012 : { SELL 20336.22@0.8079342} 155011 : { SELL 20336.22@0.8079342} 
Sun Nov 16 23:36:57 EST 2014 , 4 , 2 , 2 , 155014 : { BUY 4570.81@0.80470892} 155013 : { BUY 4570.81@0.80470892} 155012 : { SELL 20336.22@0.8079342} 155011 : { SELL 20336.22@0.8079342} 
Sun Nov 16 23:39:58 EST 2014 , 4 , 2 , 2 , 155014 : { BUY 4570.81@0.80470892} 155013 : { BUY 4570.81@0.80470892} 155012 : { SELL 20336.22@0.8079342} 155011 : { SELL 20336.22@0.8079342} 
Sun Nov 16 23:42:59 EST 2014 , 4 , 2 , 2 , 155014 : { BUY 4570.81@0.80470892} 155013 : { BUY 4570.81@0.80470892} 155012 : { SELL 20336.22@0.8079342} 155011 : { SELL 20336.22@0.8079342} 
Sun Nov 16 23:46:00 EST 2014 , 4 , 2 , 2 , 155014 : { BUY 4570.81@0.80470892} 155013 : { BUY 4570.81@0.80470892} 155012 : { SELL 20336.22@0.8079342} 155011 : { SELL 20336.22@0.8079342} 
Sun Nov 16 23:49:01 EST 2014 , 4 , 2 , 2 , 155014 : { BUY 4570.81@0.80470892} 155013 : { BUY 4570.81@0.80470892} 155012 : { SELL 20336.22@0.8079342} 155011 : { SELL 20336.22@0.8079342} 
Sun Nov 16 23:52:02 EST 2014 , 4 , 2 , 2 , 155014 : { BUY 4570.81@0.80470892} 155013 : { BUY 4570.81@0.80470892} 155012 : { SELL 20336.22@0.8079342} 155011 : { SELL 20336.22@0.8079342} 
Sun Nov 16 23:55:03 EST 2014 , 4 , 2 , 2 , 155014 : { BUY 4570.81@0.80470892} 155013 : { BUY 4570.81@0.80470892} 155012 : { SELL 20336.22@0.8079342} 155011 : { SELL 20336.22@0.8079342} 
Sun Nov 16 23:58:04 EST 2014 , 4 , 2 , 2 , 155014 : { BUY 4570.81@0.80470892} 155013 : { BUY 4570.81@0.80470892} 155012 : { SELL 20336.22@0.8079342} 155011 : { SELL 20336.22@0.8079342} 
Mon Nov 17 00:01:05 EST 2014 , 4 , 2 , 2 , 155014 : { BUY 4570.81@0.80470892} 155013 : { BUY 4570.81@0.80470892} 155012 : { SELL 20336.22@0.8079342} 155011 : { SELL 20336.22@0.8079342} 
Mon Nov 17 00:04:06 EST 2014 , 4 , 2 , 2 , 155014 : { BUY 4570.81@0.80470892} 155013 : { BUY 4570.81@0.80470892} 155012 : { SELL 20336.22@0.8079342} 155011 : { SELL 20336.22@0.8079342} 
Mon Nov 17 00:07:07 EST 2014 , 4 , 2 , 2 , 155014 : { BUY 4570.81@0.80470892} 155013 : { BUY 4570.81@0.80470892} 155012 : { SELL 20336.22@0.8079342} 155011 : { SELL 20336.22@0.8079342} 
Mon Nov 17 00:10:08 EST 2014 , 4 , 2 , 2 , 155014 : { BUY 4570.81@0.80470892} 155013 : { BUY 4570.81@0.80470892} 155012 : { SELL 20336.22@0.8079342} 155011 : { SELL 20336.22@0.8079342} 
Mon Nov 17 00:13:09 EST 2014 , 4 , 2 , 2 , 155014 : { BUY 4570.81@0.80470892} 155013 : { BUY 4570.81@0.80470892} 155012 : { SELL 20336.22@0.8079342} 155011 : { SELL 20336.22@0.8079342} 
Mon Nov 17 00:16:10 EST 2014 , 4 , 2 , 2 , 155014 : { BUY 4570.81@0.80470892} 155013 : { BUY 4570.81@0.80470892} 155012 : { SELL 20336.22@0.8079342} 155011 : { SELL 20336.22@0.8079342} 
Mon Nov 17 00:19:11 EST 2014 , 4 , 2 , 2 , 155014 : { BUY 4570.81@0.80470892} 155013 : { BUY 4570.81@0.80470892} 155012 : { SELL 20336.22@0.8079342} 155011 : { SELL 20336.22@0.8079342} 
Mon Nov 17 00:22:12 EST 2014 , 4 , 2 , 2 , 155014 : { BUY 4570.81@0.80470892} 155013 : { BUY 4570.81@0.80470892} 155012 : { SELL 20336.22@0.8079342} 155011 : { SELL 20336.22@0.8079342} 
Mon Nov 17 00:25:13 EST 2014 , 4 , 2 , 2 , 155014 : { BUY 4570.81@0.80470892} 155013 : { BUY 4570.81@0.80470892} 155012 : { SELL 20336.22@0.8079342} 155011 : { SELL 20336.22@0.8079342} 
Mon Nov 17 00:28:14 EST 2014 , 4 , 2 , 2 , 155014 : { BUY 4570.81@0.80470892} 155013 : { BUY 4570.81@0.80470892} 155012 : { SELL 20336.22@0.8079342} 155011 : { SELL 20336.22@0.8079342} 
Mon Nov 17 00:31:15 EST 2014 , 4 , 2 , 2 , 155014 : { BUY 4570.81@0.80470892} 155013 : { BUY 4570.81@0.80470892} 155012 : { SELL 20336.22@0.8079342} 155011 : { SELL 20336.22@0.8079342} 
Mon Nov 17 00:34:16 EST 2014 , 4 , 2 , 2 , 155014 : { BUY 4570.81@0.80470892} 155013 : { BUY 4570.81@0.80470892} 155012 : { SELL 20336.22@0.8079342} 155011 : { SELL 20336.22@0.8079342} 
Mon Nov 17 00:37:17 EST 2014 , 4 , 2 , 2 , 155014 : { BUY 4570.81@0.80470892} 155013 : { BUY 4570.81@0.80470892} 155012 : { SELL 20336.22@0.8079342} 155011 : { SELL 20336.22@0.8079342} 
Mon Nov 17 00:40:18 EST 2014 , 4 , 2 , 2 , 155014 : { BUY 4570.81@0.80470892} 155013 : { BUY 4570.81@0.80470892} 155012 : { SELL 20336.22@0.8079342} 155011 : { SELL 20336.22@0.8079342} 
Mon Nov 17 00:43:20 EST 2014 , 4 , 2 , 2 , 155014 : { BUY 4570.81@0.80470892} 155013 : { BUY 4570.81@0.80470892} 155012 : { SELL 20336.22@0.8079342} 155011 : { SELL 20336.22@0.8079342} 
Mon Nov 17 00:46:20 EST 2014 , 4 , 2 , 2 , 155014 : { BUY 4570.81@0.80470892} 155013 : { BUY 4570.81@0.80470892} 155012 : { SELL 20336.22@0.8079342} 155011 : { SELL 20336.22@0.8079342} 
Mon Nov 17 00:49:21 EST 2014 , 4 , 2 , 2 , 155014 : { BUY 4570.81@0.80470892} 155013 : { BUY 4570.81@0.80470892} 155012 : { SELL 20336.22@0.8079342} 155011 : { SELL 20336.22@0.8079342} 
Mon Nov 17 00:52:22 EST 2014 , 4 , 2 , 2 , 155014 : { BUY 4570.81@0.80470892} 155013 : { BUY 4570.81@0.80470892} 155012 : { SELL 20336.22@0.8079342} 155011 : { SELL 20336.22@0.8079342} 
Mon Nov 17 00:55:23 EST 2014 , 4 , 2 , 2 , 155014 : { BUY 4570.81@0.80470892} 155013 : { BUY 4570.81@0.80470892} 155012 : { SELL 20336.22@0.8079342} 155011 : { SELL 20336.22@0.8079342} 
Mon Nov 17 00:58:24 EST 2014 , 4 , 2 , 2 , 155014 : { BUY 4570.81@0.80470892} 155013 : { BUY 4570.81@0.80470892} 155012 : { SELL 20336.22@0.8079342} 155011 : { SELL 20336.22@0.8079342} 
Mon Nov 17 01:01:25 EST 2014 , 4 , 2 , 2 , 155014 : { BUY 4570.81@0.80470892} 155013 : { BUY 4570.81@0.80470892} 155012 : { SELL 20336.22@0.8079342} 155011 : { SELL 20336.22@0.8079342} 
Mon Nov 17 01:04:26 EST 2014 , 4 , 2 , 2 , 155014 : { BUY 4570.81@0.80470892} 155013 : { BUY 4570.81@0.80470892} 155012 : { SELL 20336.22@0.8079342} 155011 : { SELL 20336.22@0.8079342} 
Mon Nov 17 01:07:27 EST 2014 , 4 , 2 , 2 , 155014 : { BUY 4570.81@0.80470892} 155013 : { BUY 4570.81@0.80470892} 155012 : { SELL 20336.22@0.8079342} 155011 : { SELL 20336.22@0.8079342} 
Mon Nov 17 01:10:28 EST 2014 , 4 , 2 , 2 , 155014 : { BUY 4570.81@0.80470892} 155013 : { BUY 4570.81@0.80470892} 155012 : { SELL 20336.22@0.8079342} 155011 : { SELL 20336.22@0.8079342} 
Mon Nov 17 01:13:29 EST 2014 , 4 , 2 , 2 , 155014 : { BUY 4570.81@0.80470892} 155013 : { BUY 4570.81@0.80470892} 155012 : { SELL 20336.22@0.8079342} 155011 : { SELL 20336.22@0.8079342} 
Mon Nov 17 01:16:30 EST 2014 , 4 , 2 , 2 , 155014 : { BUY 4570.81@0.80470892} 155013 : { BUY 4570.81@0.80470892} 155012 : { SELL 20336.22@0.8079342} 155011 : { SELL 20336.22@0.8079342} 
Mon Nov 17 01:19:31 EST 2014 , 4 , 2 , 2 , 155014 : { BUY 4570.81@0.80470892} 155013 : { BUY 4570.81@0.80470892} 155012 : { SELL 20336.22@0.8079342} 155011 : { SELL 20336.22@0.8079342} 
Mon Nov 17 01:22:32 EST 2014 , 4 , 2 , 2 , 155014 : { BUY 4570.81@0.80470892} 155013 : { BUY 4570.81@0.80470892} 155012 : { SELL 20336.22@0.8079342} 155011 : { SELL 20336.22@0.8079342} 
Mon Nov 17 01:25:33 EST 2014 , 4 , 2 , 2 , 155014 : { BUY 4570.81@0.80470892} 155013 : { BUY 4570.81@0.80470892} 155012 : { SELL 20336.22@0.8079342} 155011 : { SELL 20336.22@0.8079342} 
Mon Nov 17 01:28:34 EST 2014 , 4 , 2 , 2 , 155014 : { BUY 4570.81@0.80470892} 155013 : { BUY 4570.81@0.80470892} 155012 : { SELL 20336.22@0.8079342} 155011 : { SELL 20336.22@0.8079342} 
Mon Nov 17 01:31:35 EST 2014 , 4 , 2 , 2 , 155014 : { BUY 4570.81@0.80470892} 155013 : { BUY 4570.81@0.80470892} 155012 : { SELL 20336.22@0.8079342} 155011 : { SELL 20336.22@0.8079342} 
Mon Nov 17 01:34:36 EST 2014 , 4 , 2 , 2 , 155014 : { BUY 4570.81@0.80470892} 155013 : { BUY 4570.81@0.80470892} 155012 : { SELL 20336.22@0.8079342} 155011 : { SELL 20336.22@0.8079342} 
Mon Nov 17 01:37:37 EST 2014 , 4 , 2 , 2 , 155014 : { BUY 4570.81@0.80470892} 155013 : { BUY 4570.81@0.80470892} 155012 : { SELL 20336.22@0.8079342} 155011 : { SELL 20336.22@0.8079342} 
Mon Nov 17 01:40:38 EST 2014 , 4 , 2 , 2 , 155014 : { BUY 4570.81@0.80470892} 155013 : { BUY 4570.81@0.80470892} 155012 : { SELL 20336.22@0.8079342} 155011 : { SELL 20336.22@0.8079342} 
Mon Nov 17 01:43:39 EST 2014 , 4 , 2 , 2 , 155014 : { BUY 4570.81@0.80470892} 155013 : { BUY 4570.81@0.80470892} 155012 : { SELL 20336.22@0.8079342} 155011 : { SELL 20336.22@0.8079342} 
Mon Nov 17 01:46:40 EST 2014 , 4 , 2 , 2 , 155014 : { BUY 4570.81@0.80470892} 155013 : { BUY 4570.81@0.80470892} 155012 : { SELL 20336.22@0.8079342} 155011 : { SELL 20336.22@0.8079342} 
Mon Nov 17 01:49:41 EST 2014 , 4 , 2 , 2 , 155014 : { BUY 4570.81@0.80470892} 155013 : { BUY 4570.81@0.80470892} 155012 : { SELL 20336.22@0.8079342} 155011 : { SELL 20336.22@0.8079342} 
Mon Nov 17 01:52:42 EST 2014 , 4 , 2 , 2 , 155014 : { BUY 4570.81@0.80470892} 155013 : { BUY 4570.81@0.80470892} 155012 : { SELL 20336.22@0.8079342} 155011 : { SELL 20336.22@0.8079342} 
Mon Nov 17 01:55:43 EST 2014 , 4 , 2 , 2 , 155014 : { BUY 4570.81@0.80470892} 155013 : { BUY 4570.81@0.80470892} 155012 : { SELL 20336.22@0.8079342} 155011 : { SELL 20336.22@0.8079342} 
Mon Nov 17 01:58:44 EST 2014 , 4 , 2 , 2 , 155014 : { BUY 4570.81@0.80470892} 155013 : { BUY 4570.81@0.80470892} 155012 : { SELL 20336.22@0.8079342} 155011 : { SELL 20336.22@0.8079342} 
Mon Nov 17 02:01:45 EST 2014 , 4 , 2 , 2 , 155014 : { BUY 4570.81@0.80470892} 155013 : { BUY 4570.81@0.80470892} 155012 : { SELL 20336.22@0.8079342} 155011 : { SELL 20336.22@0.8079342} 
Mon Nov 17 02:04:46 EST 2014 , 4 , 2 , 2 , 155014 : { BUY 4570.81@0.80470892} 155013 : { BUY 4570.81@0.80470892} 155012 : { SELL 20336.22@0.8079342} 155011 : { SELL 20336.22@0.8079342} 
Mon Nov 17 02:07:47 EST 2014 , 4 , 2 , 2 , 155014 : { BUY 4570.81@0.80470892} 155013 : { BUY 4570.81@0.80470892} 155012 : { SELL 20336.22@0.8079342} 155011 : { SELL 20336.22@0.8079342} 
Mon Nov 17 02:10:48 EST 2014 , 4 , 2 , 2 , 155014 : { BUY 4570.81@0.80470892} 155013 : { BUY 4570.81@0.80470892} 155012 : { SELL 20336.22@0.8079342} 155011 : { SELL 20336.22@0.8079342} 
Mon Nov 17 02:13:49 EST 2014 , 4 , 2 , 2 , 155014 : { BUY 4570.81@0.80470892} 155013 : { BUY 4570.81@0.80470892} 155012 : { SELL 20336.22@0.8079342} 155011 : { SELL 20336.22@0.8079342} 
Mon Nov 17 02:16:50 EST 2014 , 4 , 2 , 2 , 155014 : { BUY 4570.81@0.80470892} 155013 : { BUY 4570.81@0.80470892} 155012 : { SELL 20336.22@0.8079342} 155011 : { SELL 20336.22@0.8079342} 
Mon Nov 17 02:19:51 EST 2014 , 4 , 2 , 2 , 155014 : { BUY 4570.81@0.80470892} 155013 : { BUY 4570.81@0.80470892} 155012 : { SELL 20336.22@0.8079342} 155011 : { SELL 20336.22@0.8079342} 
Mon Nov 17 02:22:52 EST 2014 , 4 , 2 , 2 , 155014 : { BUY 4570.81@0.80470892} 155013 : { BUY 4570.81@0.80470892} 155012 : { SELL 20336.22@0.8079342} 155011 : { SELL 20336.22@0.8079342} 
Mon Nov 17 02:25:53 EST 2014 , 4 , 2 , 2 , 155014 : { BUY 4570.81@0.80470892} 155013 : { BUY 4570.81@0.80470892} 155012 : { SELL 20336.22@0.8079342} 155011 : { SELL 20336.22@0.8079342} 
Mon Nov 17 02:28:54 EST 2014 , 4 , 2 , 2 , 155014 : { BUY 4570.81@0.80470892} 155013 : { BUY 4570.81@0.80470892} 155012 : { SELL 20336.22@0.8079342} 155011 : { SELL 20336.22@0.8079342} 
Mon Nov 17 02:31:55 EST 2014 , 4 , 2 , 2 , 155014 : { BUY 4570.81@0.80470892} 155013 : { BUY 4570.81@0.80470892} 155012 : { SELL 20336.22@0.8079342} 155011 : { SELL 20336.22@0.8079342} 
Mon Nov 17 02:34:56 EST 2014 , 4 , 2 , 2 , 155014 : { BUY 4570.81@0.80470892} 155013 : { BUY 4570.81@0.80470892} 155012 : { SELL 20336.22@0.8079342} 155011 : { SELL 20336.22@0.8079342} 
Mon Nov 17 02:37:57 EST 2014 , 4 , 2 , 2 , 155014 : { BUY 4570.81@0.80470892} 155013 : { BUY 4570.81@0.80470892} 155012 : { SELL 20336.22@0.8079342} 155011 : { SELL 20336.22@0.8079342} 
Mon Nov 17 02:40:58 EST 2014 , 4 , 2 , 2 , 155014 : { BUY 4570.81@0.80470892} 155013 : { BUY 4570.81@0.80470892} 155012 : { SELL 20336.22@0.8079342} 155011 : { SELL 20336.22@0.8079342} 
Mon Nov 17 02:43:59 EST 2014 , 4 , 2 , 2 , 155014 : { BUY 4570.81@0.80470892} 155013 : { BUY 4570.81@0.80470892} 155012 : { SELL 20336.22@0.8079342} 155011 : { SELL 20336.22@0.8079342} 
Mon Nov 17 02:47:00 EST 2014 , 4 , 2 , 2 , 155014 : { BUY 4570.81@0.80470892} 155013 : { BUY 4570.81@0.80470892} 155012 : { SELL 20336.22@0.8079342} 155011 : { SELL 20336.22@0.8079342} 
Mon Nov 17 02:50:01 EST 2014 , 4 , 2 , 2 , 155014 : { BUY 4570.81@0.80470892} 155013 : { BUY 4570.81@0.80470892} 155012 : { SELL 20336.22@0.8079342} 155011 : { SELL 20336.22@0.8079342} 
Mon Nov 17 02:53:02 EST 2014 , 4 , 2 , 2 , 155014 : { BUY 4570.81@0.80470892} 155013 : { BUY 4570.81@0.80470892} 155012 : { SELL 20336.22@0.8079342} 155011 : { SELL 20336.22@0.8079342} 
Mon Nov 17 02:56:03 EST 2014 , 4 , 2 , 2 , 155014 : { BUY 4570.81@0.80470892} 155013 : { BUY 4570.81@0.80470892} 155012 : { SELL 20336.22@0.8079342} 155011 : { SELL 20336.22@0.8079342} 
Mon Nov 17 02:59:04 EST 2014 , 4 , 2 , 2 , 155014 : { BUY 4570.81@0.80470892} 155013 : { BUY 4570.81@0.80470892} 155012 : { SELL 20336.22@0.8079342} 155011 : { SELL 20336.22@0.8079342} 
Mon Nov 17 03:02:05 EST 2014 , 4 , 2 , 2 , 155014 : { BUY 4570.81@0.80470892} 155013 : { BUY 4570.81@0.80470892} 155012 : { SELL 20336.22@0.8079342} 155011 : { SELL 20336.22@0.8079342} 
Mon Nov 17 03:05:06 EST 2014 , 4 , 2 , 2 , 155014 : { BUY 4570.81@0.80470892} 155013 : { BUY 4570.81@0.80470892} 155012 : { SELL 20336.22@0.8079342} 155011 : { SELL 20336.22@0.8079342} 
Mon Nov 17 03:08:07 EST 2014 , 4 , 2 , 2 , 155014 : { BUY 4570.81@0.80470892} 155013 : { BUY 4570.81@0.80470892} 155012 : { SELL 20336.22@0.8079342} 155011 : { SELL 20336.22@0.8079342} 
Mon Nov 17 03:11:08 EST 2014 , 4 , 2 , 2 , 155014 : { BUY 4570.81@0.80470892} 155013 : { BUY 4570.81@0.80470892} 155012 : { SELL 20336.22@0.8079342} 155011 : { SELL 20336.22@0.8079342} 
Mon Nov 17 03:14:09 EST 2014 , 4 , 2 , 2 , 155014 : { BUY 4570.81@0.80470892} 155013 : { BUY 4570.81@0.80470892} 155012 : { SELL 20336.22@0.8079342} 155011 : { SELL 20336.22@0.8079342} 
Mon Nov 17 03:17:10 EST 2014 , 4 , 2 , 2 , 155014 : { BUY 4570.81@0.80470892} 155013 : { BUY 4570.81@0.80470892} 155012 : { SELL 20336.22@0.8079342} 155011 : { SELL 20336.22@0.8079342} 
Mon Nov 17 03:20:11 EST 2014 , 4 , 2 , 2 , 155014 : { BUY 4570.81@0.80470892} 155013 : { BUY 4570.81@0.80470892} 155012 : { SELL 20336.22@0.8079342} 155011 : { SELL 20336.22@0.8079342} 
Mon Nov 17 03:23:12 EST 2014 , 4 , 2 , 2 , 155014 : { BUY 4570.81@0.80470892} 155013 : { BUY 4570.81@0.80470892} 155012 : { SELL 20336.22@0.8079342} 155011 : { SELL 20336.22@0.8079342} 
Mon Nov 17 03:26:13 EST 2014 , 4 , 2 , 2 , 155014 : { BUY 4570.81@0.80470892} 155013 : { BUY 4570.81@0.80470892} 155012 : { SELL 20336.22@0.8079342} 155011 : { SELL 20336.22@0.8079342} 
Mon Nov 17 03:29:14 EST 2014 , 4 , 2 , 2 , 155014 : { BUY 4570.81@0.80470892} 155013 : { BUY 4570.81@0.80470892} 155012 : { SELL 20336.22@0.8079342} 155011 : { SELL 20336.22@0.8079342} 
Mon Nov 17 03:32:15 EST 2014 , 4 , 2 , 2 , 155014 : { BUY 4570.81@0.80470892} 155013 : { BUY 4570.81@0.80470892} 155012 : { SELL 20336.22@0.8079342} 155011 : { SELL 20336.22@0.8079342} 
Mon Nov 17 03:35:16 EST 2014 , 4 , 2 , 2 , 155014 : { BUY 4570.81@0.80470892} 155013 : { BUY 4570.81@0.80470892} 155012 : { SELL 20336.22@0.8079342} 155011 : { SELL 20336.22@0.8079342} 
Mon Nov 17 03:38:17 EST 2014 , 4 , 2 , 2 , 155014 : { BUY 4570.81@0.80470892} 155013 : { BUY 4570.81@0.80470892} 155012 : { SELL 20336.22@0.8079342} 155011 : { SELL 20336.22@0.8079342} 
Mon Nov 17 03:41:18 EST 2014 , 4 , 2 , 2 , 155014 : { BUY 4570.81@0.80470892} 155013 : { BUY 4570.81@0.80470892} 155012 : { SELL 20336.22@0.8079342} 155011 : { SELL 20336.22@0.8079342} 
Mon Nov 17 03:44:19 EST 2014 , 4 , 2 , 2 , 155014 : { BUY 4570.81@0.80470892} 155013 : { BUY 4570.81@0.80470892} 155012 : { SELL 20336.22@0.8079342} 155011 : { SELL 20336.22@0.8079342} 
Mon Nov 17 03:47:20 EST 2014 , 4 , 2 , 2 , 155014 : { BUY 4570.81@0.80470892} 155013 : { BUY 4570.81@0.80470892} 155012 : { SELL 20336.22@0.8079342} 155011 : { SELL 20336.22@0.8079342} 
Mon Nov 17 03:50:21 EST 2014 , 4 , 2 , 2 , 155014 : { BUY 4570.81@0.80470892} 155013 : { BUY 4570.81@0.80470892} 155012 : { SELL 20336.22@0.8079342} 155011 : { SELL 20336.22@0.8079342} 
Mon Nov 17 03:53:22 EST 2014 , 4 , 2 , 2 , 155014 : { BUY 4570.81@0.80470892} 155013 : { BUY 4570.81@0.80470892} 155012 : { SELL 20336.22@0.8079342} 155011 : { SELL 20336.22@0.8079342} 
Mon Nov 17 03:56:23 EST 2014 , 4 , 2 , 2 , 155014 : { BUY 4570.81@0.80470892} 155013 : { BUY 4570.81@0.80470892} 155012 : { SELL 20336.22@0.8079342} 155011 : { SELL 20336.22@0.8079342} 
Mon Nov 17 03:59:24 EST 2014 , 4 , 2 , 2 , 155014 : { BUY 4570.81@0.80470892} 155013 : { BUY 4570.81@0.80470892} 155012 : { SELL 20336.22@0.8079342} 155011 : { SELL 20336.22@0.8079342} 
Mon Nov 17 04:02:25 EST 2014 , 4 , 2 , 2 , 155014 : { BUY 4570.81@0.80470892} 155013 : { BUY 4570.81@0.80470892} 155012 : { SELL 20336.22@0.8079342} 155011 : { SELL 20336.22@0.8079342} 
Mon Nov 17 04:05:26 EST 2014 , 4 , 2 , 2 , 155014 : { BUY 4570.81@0.80470892} 155013 : { BUY 4570.81@0.80470892} 155012 : { SELL 20336.22@0.8079342} 155011 : { SELL 20336.22@0.8079342} 
Mon Nov 17 04:08:27 EST 2014 , 4 , 2 , 2 , 155014 : { BUY 4570.81@0.80470892} 155013 : { BUY 4570.81@0.80470892} 155012 : { SELL 20336.22@0.8079342} 155011 : { SELL 20336.22@0.8079342} 
Mon Nov 17 04:11:28 EST 2014 , 4 , 2 , 2 , 155014 : { BUY 4570.81@0.80470892} 155013 : { BUY 4570.81@0.80470892} 155012 : { SELL 20336.22@0.8079342} 155011 : { SELL 20336.22@0.8079342} 
Mon Nov 17 04:14:29 EST 2014 , 4 , 2 , 2 , 155014 : { BUY 4570.81@0.80470892} 155013 : { BUY 4570.81@0.80470892} 155012 : { SELL 20336.22@0.8079342} 155011 : { SELL 20336.22@0.8079342} 
Mon Nov 17 04:17:30 EST 2014 , 4 , 2 , 2 , 155014 : { BUY 4570.81@0.80470892} 155013 : { BUY 4570.81@0.80470892} 155012 : { SELL 20336.22@0.8079342} 155011 : { SELL 20336.22@0.8079342} 
Mon Nov 17 04:20:31 EST 2014 , 4 , 2 , 2 , 155014 : { BUY 4570.81@0.80470892} 155013 : { BUY 4570.81@0.80470892} 155012 : { SELL 20336.22@0.8079342} 155011 : { SELL 20336.22@0.8079342} 
Mon Nov 17 04:23:32 EST 2014 , 4 , 2 , 2 , 155014 : { BUY 4570.81@0.80470892} 155013 : { BUY 4570.81@0.80470892} 155012 : { SELL 20336.22@0.8079342} 155011 : { SELL 20336.22@0.8079342} 
Mon Nov 17 04:26:33 EST 2014 , 4 , 2 , 2 , 155014 : { BUY 4570.81@0.80470892} 155013 : { BUY 4570.81@0.80470892} 155012 : { SELL 20336.22@0.8079342} 155011 : { SELL 20336.22@0.8079342} 
Mon Nov 17 04:29:34 EST 2014 , 4 , 2 , 2 , 155014 : { BUY 4570.81@0.80470892} 155013 : { BUY 4570.81@0.80470892} 155012 : { SELL 20336.22@0.8079342} 155011 : { SELL 20336.22@0.8079342} 
Mon Nov 17 04:32:35 EST 2014 , 4 , 2 , 2 , 155014 : { BUY 4570.81@0.80470892} 155013 : { BUY 4570.81@0.80470892} 155012 : { SELL 20336.22@0.8079342} 155011 : { SELL 20336.22@0.8079342} 
Mon Nov 17 04:35:36 EST 2014 , 4 , 2 , 2 , 155014 : { BUY 4570.81@0.80470892} 155013 : { BUY 4570.81@0.80470892} 155012 : { SELL 20336.22@0.8079342} 155011 : { SELL 20336.22@0.8079342} 
Mon Nov 17 04:38:37 EST 2014 , 4 , 2 , 2 , 155014 : { BUY 4570.81@0.80470892} 155013 : { BUY 4570.81@0.80470892} 155012 : { SELL 20336.22@0.8079342} 155011 : { SELL 20336.22@0.8079342} 
Mon Nov 17 04:41:38 EST 2014 , 4 , 2 , 2 , 155014 : { BUY 4570.81@0.80470892} 155013 : { BUY 4570.81@0.80470892} 155012 : { SELL 20336.22@0.8079342} 155011 : { SELL 20336.22@0.8079342} 
Mon Nov 17 04:44:39 EST 2014 , 4 , 2 , 2 , 155014 : { BUY 4570.81@0.80470892} 155013 : { BUY 4570.81@0.80470892} 155012 : { SELL 20336.22@0.8079342} 155011 : { SELL 20336.22@0.8079342} 
Mon Nov 17 04:47:40 EST 2014 , 4 , 2 , 2 , 155014 : { BUY 4570.81@0.80470892} 155013 : { BUY 4570.81@0.80470892} 155012 : { SELL 20336.22@0.8079342} 155011 : { SELL 20336.22@0.8079342} 
Mon Nov 17 04:50:41 EST 2014 , 4 , 2 , 2 , 155014 : { BUY 4570.81@0.80470892} 155013 : { BUY 4570.81@0.80470892} 155012 : { SELL 20336.22@0.8079342} 155011 : { SELL 20336.22@0.8079342} 
Mon Nov 17 04:53:42 EST 2014 , 4 , 2 , 2 , 155014 : { BUY 4570.81@0.80470892} 155013 : { BUY 4570.81@0.80470892} 155012 : { SELL 20336.22@0.8079342} 155011 : { SELL 20336.22@0.8079342} 
Mon Nov 17 04:56:43 EST 2014 , 4 , 2 , 2 , 155014 : { BUY 4570.81@0.80470892} 155013 : { BUY 4570.81@0.80470892} 155012 : { SELL 20336.22@0.8079342} 155011 : { SELL 20336.22@0.8079342} 
Mon Nov 17 04:59:44 EST 2014 , 4 , 2 , 2 , 155014 : { BUY 4570.81@0.80470892} 155013 : { BUY 4570.81@0.80470892} 155012 : { SELL 20336.22@0.8079342} 155011 : { SELL 20336.22@0.8079342} 
Mon Nov 17 05:02:45 EST 2014 , 4 , 2 , 2 , 155014 : { BUY 4570.81@0.80470892} 155013 : { BUY 4570.81@0.80470892} 155012 : { SELL 20336.22@0.8079342} 155011 : { SELL 20336.22@0.8079342} 
Mon Nov 17 05:05:46 EST 2014 , 4 , 2 , 2 , 155014 : { BUY 4570.81@0.80470892} 155013 : { BUY 4570.81@0.80470892} 155012 : { SELL 20336.22@0.8079342} 155011 : { SELL 20336.22@0.8079342} 
Mon Nov 17 05:08:47 EST 2014 , 4 , 2 , 2 , 155014 : { BUY 4570.81@0.80470892} 155013 : { BUY 4570.81@0.80470892} 155012 : { SELL 20336.22@0.8079342} 155011 : { SELL 20336.22@0.8079342} 
Mon Nov 17 05:11:48 EST 2014 , 4 , 2 , 2 , 155014 : { BUY 4570.81@0.80470892} 155013 : { BUY 4570.81@0.80470892} 155012 : { SELL 20336.22@0.8079342} 155011 : { SELL 20336.22@0.8079342} 
Mon Nov 17 05:14:49 EST 2014 , 4 , 2 , 2 , 155014 : { BUY 4570.81@0.80470892} 155013 : { BUY 4570.81@0.80470892} 155012 : { SELL 20336.22@0.8079342} 155011 : { SELL 20336.22@0.8079342} 
Mon Nov 17 05:17:50 EST 2014 , 4 , 2 , 2 , 155014 : { BUY 4570.81@0.80470892} 155013 : { BUY 4570.81@0.80470892} 155012 : { SELL 20336.22@0.8079342} 155011 : { SELL 20336.22@0.8079342} 
Mon Nov 17 05:20:51 EST 2014 , 4 , 2 , 2 , 155014 : { BUY 4570.81@0.80470892} 155013 : { BUY 4570.81@0.80470892} 155012 : { SELL 20336.22@0.8079342} 155011 : { SELL 20336.22@0.8079342} 
Mon Nov 17 05:23:52 EST 2014 , 4 , 2 , 2 , 155014 : { BUY 4570.81@0.80470892} 155013 : { BUY 4570.81@0.80470892} 155012 : { SELL 20336.22@0.8079342} 155011 : { SELL 20336.22@0.8079342} 
Mon Nov 17 05:26:53 EST 2014 , 4 , 2 , 2 , 155014 : { BUY 4570.81@0.80470892} 155013 : { BUY 4570.81@0.80470892} 155012 : { SELL 20336.22@0.8079342} 155011 : { SELL 20336.22@0.8079342} 
Mon Nov 17 05:29:54 EST 2014 , 4 , 2 , 2 , 155014 : { BUY 4570.81@0.80470892} 155013 : { BUY 4570.81@0.80470892} 155012 : { SELL 20336.22@0.8079342} 155011 : { SELL 20336.22@0.8079342} 
Mon Nov 17 05:32:55 EST 2014 , 4 , 2 , 2 , 155014 : { BUY 4570.81@0.80470892} 155013 : { BUY 4570.81@0.80470892} 155012 : { SELL 20336.22@0.8079342} 155011 : { SELL 20336.22@0.8079342} 
Mon Nov 17 05:35:56 EST 2014 , 4 , 2 , 2 , 155014 : { BUY 4570.81@0.80470892} 155013 : { BUY 4570.81@0.80470892} 155012 : { SELL 20336.22@0.8079342} 155011 : { SELL 20336.22@0.8079342} 
Mon Nov 17 05:38:57 EST 2014 , 4 , 2 , 2 , 155014 : { BUY 4570.81@0.80470892} 155013 : { BUY 4570.81@0.80470892} 155012 : { SELL 20336.22@0.8079342} 155011 : { SELL 20336.22@0.8079342} 
Mon Nov 17 05:41:58 EST 2014 , 4 , 2 , 2 , 155014 : { BUY 4570.81@0.80470892} 155013 : { BUY 4570.81@0.80470892} 155012 : { SELL 20336.22@0.8079342} 155011 : { SELL 20336.22@0.8079342} 
Mon Nov 17 05:45:00 EST 2014 , 4 , 2 , 2 , 155014 : { BUY 4570.81@0.80470892} 155013 : { BUY 4570.81@0.80470892} 155012 : { SELL 20336.22@0.8079342} 155011 : { SELL 20336.22@0.8079342} 
Mon Nov 17 05:48:00 EST 2014 , 4 , 2 , 2 , 155014 : { BUY 4570.81@0.80470892} 155013 : { BUY 4570.81@0.80470892} 155012 : { SELL 20336.22@0.8079342} 155011 : { SELL 20336.22@0.8079342} 
Mon Nov 17 05:51:01 EST 2014 , 4 , 2 , 2 , 155014 : { BUY 4570.81@0.80470892} 155013 : { BUY 4570.81@0.80470892} 155012 : { SELL 20336.22@0.8079342} 155011 : { SELL 20336.22@0.8079342} 
Mon Nov 17 05:54:02 EST 2014 , 4 , 2 , 2 , 155014 : { BUY 4570.81@0.80470892} 155013 : { BUY 4570.81@0.80470892} 155012 : { SELL 20336.22@0.8079342} 155011 : { SELL 20336.22@0.8079342} 
Mon Nov 17 05:57:03 EST 2014 , 4 , 2 , 2 , 155014 : { BUY 4570.81@0.80470892} 155013 : { BUY 4570.81@0.80470892} 155012 : { SELL 20336.22@0.8079342} 155011 : { SELL 20336.22@0.8079342} 
Mon Nov 17 06:00:04 EST 2014 , 4 , 2 , 2 , 155014 : { BUY 4570.81@0.80470892} 155013 : { BUY 4570.81@0.80470892} 155012 : { SELL 20336.22@0.8079342} 155011 : { SELL 20336.22@0.8079342} 
Mon Nov 17 06:03:05 EST 2014 , 4 , 2 , 2 , 155014 : { BUY 4570.81@0.80470892} 155013 : { BUY 4570.81@0.80470892} 155012 : { SELL 20336.22@0.8079342} 155011 : { SELL 20336.22@0.8079342} 
Mon Nov 17 06:06:06 EST 2014 , 4 , 2 , 2 , 155014 : { BUY 4570.81@0.80470892} 155013 : { BUY 4570.81@0.80470892} 155012 : { SELL 20336.22@0.8079342} 155011 : { SELL 20336.22@0.8079342} 
Mon Nov 17 06:09:07 EST 2014 , 4 , 2 , 2 , 155014 : { BUY 4570.81@0.80470892} 155013 : { BUY 4570.81@0.80470892} 155012 : { SELL 20336.22@0.8079342} 155011 : { SELL 20336.22@0.8079342} 
Mon Nov 17 06:12:08 EST 2014 , 4 , 2 , 2 , 155014 : { BUY 4570.81@0.80470892} 155013 : { BUY 4570.81@0.80470892} 155012 : { SELL 20336.22@0.8079342} 155011 : { SELL 20336.22@0.8079342} 
Mon Nov 17 06:15:09 EST 2014 , 4 , 2 , 2 , 155014 : { BUY 4570.81@0.80470892} 155013 : { BUY 4570.81@0.80470892} 155012 : { SELL 20336.22@0.8079342} 155011 : { SELL 20336.22@0.8079342} 
Mon Nov 17 06:18:10 EST 2014 , 4 , 2 , 2 , 155014 : { BUY 4570.81@0.80470892} 155013 : { BUY 4570.81@0.80470892} 155012 : { SELL 20336.22@0.8079342} 155011 : { SELL 20336.22@0.8079342} 
Mon Nov 17 06:21:11 EST 2014 , 4 , 2 , 2 , 155014 : { BUY 4570.81@0.80470892} 155013 : { BUY 4570.81@0.80470892} 155012 : { SELL 20336.22@0.8079342} 155011 : { SELL 20336.22@0.8079342} 
Mon Nov 17 06:24:12 EST 2014 , 4 , 2 , 2 , 155014 : { BUY 4570.81@0.80470892} 155013 : { BUY 4570.81@0.80470892} 155012 : { SELL 20336.22@0.8079342} 155011 : { SELL 20336.22@0.8079342} 
Mon Nov 17 06:27:13 EST 2014 , 4 , 2 , 2 , 155014 : { BUY 4570.81@0.80470892} 155013 : { BUY 4570.81@0.80470892} 155012 : { SELL 20336.22@0.8079342} 155011 : { SELL 20336.22@0.8079342} 
Mon Nov 17 06:30:14 EST 2014 , 4 , 2 , 2 , 155014 : { BUY 4570.81@0.80470892} 155013 : { BUY 4570.81@0.80470892} 155012 : { SELL 20336.22@0.8079342} 155011 : { SELL 20336.22@0.8079342} 
Mon Nov 17 06:33:15 EST 2014 , 4 , 2 , 2 , 155014 : { BUY 4570.81@0.80470892} 155013 : { BUY 4570.81@0.80470892} 155012 : { SELL 20336.22@0.8079342} 155011 : { SELL 20336.22@0.8079342} 
Mon Nov 17 06:36:16 EST 2014 , 4 , 2 , 2 , 155014 : { BUY 4570.81@0.80470892} 155013 : { BUY 4570.81@0.80470892} 155012 : { SELL 20336.22@0.8079342} 155011 : { SELL 20336.22@0.8079342} 
Mon Nov 17 06:39:17 EST 2014 , 4 , 2 , 2 , 155014 : { BUY 4570.81@0.80470892} 155013 : { BUY 4570.81@0.80470892} 155012 : { SELL 20336.22@0.8079342} 155011 : { SELL 20336.22@0.8079342} 
Mon Nov 17 06:42:18 EST 2014 , 4 , 2 , 2 , 155014 : { BUY 4570.81@0.80470892} 155013 : { BUY 4570.81@0.80470892} 155012 : { SELL 20336.22@0.8079342} 155011 : { SELL 20336.22@0.8079342} 
Mon Nov 17 06:45:19 EST 2014 , 4 , 2 , 2 , 155014 : { BUY 4570.81@0.80470892} 155013 : { BUY 4570.81@0.80470892} 155012 : { SELL 20336.22@0.8079342} 155011 : { SELL 20336.22@0.8079342} 
Mon Nov 17 06:48:20 EST 2014 , 4 , 2 , 2 , 155014 : { BUY 4570.81@0.80470892} 155013 : { BUY 4570.81@0.80470892} 155012 : { SELL 20336.22@0.8079342} 155011 : { SELL 20336.22@0.8079342} 
Mon Nov 17 06:51:21 EST 2014 , 4 , 2 , 2 , 155014 : { BUY 4570.81@0.80470892} 155013 : { BUY 4570.81@0.80470892} 155012 : { SELL 20336.22@0.8079342} 155011 : { SELL 20336.22@0.8079342} 
Mon Nov 17 06:54:22 EST 2014 , 4 , 2 , 2 , 155014 : { BUY 4570.81@0.80470892} 155013 : { BUY 4570.81@0.80470892} 155012 : { SELL 20336.22@0.8079342} 155011 : { SELL 20336.22@0.8079342} 
Mon Nov 17 06:57:23 EST 2014 , 4 , 2 , 2 , 155014 : { BUY 4570.81@0.80470892} 155013 : { BUY 4570.81@0.80470892} 155012 : { SELL 20336.22@0.8079342} 155011 : { SELL 20336.22@0.8079342} 
Mon Nov 17 07:00:24 EST 2014 , 4 , 2 , 2 , 155014 : { BUY 4570.81@0.80470892} 155013 : { BUY 4570.81@0.80470892} 155012 : { SELL 20336.22@0.8079342} 155011 : { SELL 20336.22@0.8079342} 
Mon Nov 17 07:03:25 EST 2014 , 4 , 2 , 2 , 155014 : { BUY 4570.81@0.80470892} 155013 : { BUY 4570.81@0.80470892} 155012 : { SELL 20336.22@0.8079342} 155011 : { SELL 20336.22@0.8079342} 
Mon Nov 17 07:06:26 EST 2014 , 4 , 2 , 2 , 155014 : { BUY 4570.81@0.80470892} 155013 : { BUY 4570.81@0.80470892} 155012 : { SELL 20336.22@0.8079342} 155011 : { SELL 20336.22@0.8079342} 
Mon Nov 17 07:09:27 EST 2014 , 4 , 2 , 2 , 155014 : { BUY 4570.81@0.80470892} 155013 : { BUY 4570.81@0.80470892} 155012 : { SELL 20336.22@0.8079342} 155011 : { SELL 20336.22@0.8079342} 
Mon Nov 17 07:12:28 EST 2014 , 4 , 2 , 2 , 155014 : { BUY 4570.81@0.80470892} 155013 : { BUY 4570.81@0.80470892} 155012 : { SELL 20336.22@0.8079342} 155011 : { SELL 20336.22@0.8079342} 
Mon Nov 17 07:15:29 EST 2014 , 4 , 2 , 2 , 155014 : { BUY 4570.81@0.80470892} 155013 : { BUY 4570.81@0.80470892} 155012 : { SELL 20336.22@0.8079342} 155011 : { SELL 20336.22@0.8079342} 
Mon Nov 17 07:18:30 EST 2014 , 4 , 2 , 2 , 155014 : { BUY 4570.81@0.80470892} 155013 : { BUY 4570.81@0.80470892} 155012 : { SELL 20336.22@0.8079342} 155011 : { SELL 20336.22@0.8079342} 
Mon Nov 17 07:21:31 EST 2014 , 4 , 2 , 2 , 155014 : { BUY 4570.81@0.80470892} 155013 : { BUY 4570.81@0.80470892} 155012 : { SELL 20336.22@0.8079342} 155011 : { SELL 20336.22@0.8079342} 
Mon Nov 17 07:24:32 EST 2014 , 4 , 2 , 2 , 155014 : { BUY 4570.81@0.80470892} 155013 : { BUY 4570.81@0.80470892} 155012 : { SELL 20336.22@0.8079342} 155011 : { SELL 20336.22@0.8079342} 
Mon Nov 17 07:27:33 EST 2014 , 4 , 2 , 2 , 155014 : { BUY 4570.81@0.80470892} 155013 : { BUY 4570.81@0.80470892} 155012 : { SELL 20336.22@0.8079342} 155011 : { SELL 20336.22@0.8079342} 
Mon Nov 17 07:30:34 EST 2014 , 4 , 2 , 2 , 155014 : { BUY 4570.81@0.80470892} 155013 : { BUY 4570.81@0.80470892} 155012 : { SELL 20336.22@0.8079342} 155011 : { SELL 20336.22@0.8079342} 
Mon Nov 17 07:33:35 EST 2014 , 4 , 2 , 2 , 155014 : { BUY 4570.81@0.80470892} 155013 : { BUY 4570.81@0.80470892} 155012 : { SELL 20336.22@0.8079342} 155011 : { SELL 20336.22@0.8079342} 
Mon Nov 17 07:36:36 EST 2014 , 4 , 2 , 2 , 155014 : { BUY 4570.81@0.80470892} 155013 : { BUY 4570.81@0.80470892} 155012 : { SELL 20336.22@0.8079342} 155011 : { SELL 20336.22@0.8079342} 
Mon Nov 17 07:39:37 EST 2014 , 4 , 2 , 2 , 155014 : { BUY 4570.81@0.80470892} 155013 : { BUY 4570.81@0.80470892} 155012 : { SELL 20336.22@0.8079342} 155011 : { SELL 20336.22@0.8079342} 
Mon Nov 17 07:42:38 EST 2014 , 4 , 2 , 2 , 155014 : { BUY 4570.81@0.80470892} 155013 : { BUY 4570.81@0.80470892} 155012 : { SELL 20336.22@0.8079342} 155011 : { SELL 20336.22@0.8079342} 
Mon Nov 17 07:45:39 EST 2014 , 4 , 2 , 2 , 155014 : { BUY 4570.81@0.80470892} 155013 : { BUY 4570.81@0.80470892} 155012 : { SELL 20336.22@0.8079342} 155011 : { SELL 20336.22@0.8079342} 
Mon Nov 17 07:48:40 EST 2014 , 4 , 2 , 2 , 155014 : { BUY 4570.81@0.80470892} 155013 : { BUY 4570.81@0.80470892} 155012 : { SELL 20336.22@0.8079342} 155011 : { SELL 20336.22@0.8079342} 
Mon Nov 17 07:51:41 EST 2014 , 4 , 2 , 2 , 155014 : { BUY 4570.81@0.80470892} 155013 : { BUY 4570.81@0.80470892} 155012 : { SELL 20336.22@0.8079342} 155011 : { SELL 20336.22@0.8079342} 
Mon Nov 17 07:54:42 EST 2014 , 4 , 2 , 2 , 155014 : { BUY 4570.81@0.80470892} 155013 : { BUY 4570.81@0.80470892} 155012 : { SELL 20336.22@0.8079342} 155011 : { SELL 20336.22@0.8079342} 
Mon Nov 17 07:57:43 EST 2014 , 4 , 2 , 2 , 155014 : { BUY 4570.81@0.80470892} 155013 : { BUY 4570.81@0.80470892} 155012 : { SELL 20336.22@0.8079342} 155011 : { SELL 20336.22@0.8079342} 
Mon Nov 17 08:00:44 EST 2014 , 4 , 2 , 2 , 155014 : { BUY 4570.81@0.80470892} 155013 : { BUY 4570.81@0.80470892} 155012 : { SELL 20336.22@0.8079342} 155011 : { SELL 20336.22@0.8079342} 
Mon Nov 17 08:03:45 EST 2014 , 4 , 2 , 2 , 155014 : { BUY 4570.81@0.80470892} 155013 : { BUY 4570.81@0.80470892} 155012 : { SELL 20336.22@0.8079342} 155011 : { SELL 20336.22@0.8079342} 
Mon Nov 17 08:06:46 EST 2014 , 4 , 2 , 2 , 155014 : { BUY 4570.81@0.80470892} 155013 : { BUY 4570.81@0.80470892} 155012 : { SELL 20336.22@0.8079342} 155011 : { SELL 20336.22@0.8079342} 
Mon Nov 17 08:09:47 EST 2014 , 4 , 2 , 2 , 155014 : { BUY 4570.81@0.80470892} 155013 : { BUY 4570.81@0.80470892} 155012 : { SELL 20336.22@0.8079342} 155011 : { SELL 20336.22@0.8079342} 
Mon Nov 17 08:12:48 EST 2014 , 4 , 2 , 2 , 155014 : { BUY 4570.81@0.80470892} 155013 : { BUY 4570.81@0.80470892} 155012 : { SELL 20336.22@0.8079342} 155011 : { SELL 20336.22@0.8079342} 
Mon Nov 17 08:15:49 EST 2014 , 4 , 2 , 2 , 155014 : { BUY 4570.81@0.80470892} 155013 : { BUY 4570.81@0.80470892} 155012 : { SELL 20336.22@0.8079342} 155011 : { SELL 20336.22@0.8079342} 
Mon Nov 17 08:18:50 EST 2014 , 4 , 2 , 2 , 155014 : { BUY 4570.81@0.80470892} 155013 : { BUY 4570.81@0.80470892} 155012 : { SELL 20336.22@0.8079342} 155011 : { SELL 20336.22@0.8079342} 
Mon Nov 17 08:21:51 EST 2014 , 4 , 2 , 2 , 155014 : { BUY 4570.81@0.80470892} 155013 : { BUY 4570.81@0.80470892} 155012 : { SELL 20336.22@0.8079342} 155011 : { SELL 20336.22@0.8079342} 
Mon Nov 17 08:24:52 EST 2014 , 4 , 2 , 2 , 155014 : { BUY 4570.81@0.80470892} 155013 : { BUY 4570.81@0.80470892} 155012 : { SELL 20336.22@0.8079342} 155011 : { SELL 20336.22@0.8079342} 
Mon Nov 17 08:27:53 EST 2014 , 4 , 2 , 2 , 155014 : { BUY 4570.81@0.80470892} 155013 : { BUY 4570.81@0.80470892} 155012 : { SELL 20336.22@0.8079342} 155011 : { SELL 20336.22@0.8079342} 
Mon Nov 17 08:30:54 EST 2014 , 4 , 2 , 2 , 155014 : { BUY 4570.81@0.80470892} 155013 : { BUY 4570.81@0.80470892} 155012 : { SELL 20336.22@0.8079342} 155011 : { SELL 20336.22@0.8079342} 
Mon Nov 17 08:33:55 EST 2014 , 4 , 2 , 2 , 155014 : { BUY 4570.81@0.80470892} 155013 : { BUY 4570.81@0.80470892} 155012 : { SELL 20336.22@0.8079342} 155011 : { SELL 20336.22@0.8079342} 
Mon Nov 17 08:36:56 EST 2014 , 4 , 2 , 2 , 155014 : { BUY 4570.81@0.80470892} 155013 : { BUY 4570.81@0.80470892} 155012 : { SELL 20336.22@0.8079342} 155011 : { SELL 20336.22@0.8079342} 
Mon Nov 17 08:39:57 EST 2014 , 4 , 2 , 2 , 155014 : { BUY 4570.81@0.80470892} 155013 : { BUY 4570.81@0.80470892} 155012 : { SELL 20336.22@0.8079342} 155011 : { SELL 20336.22@0.8079342} 
Mon Nov 17 08:42:58 EST 2014 , 4 , 2 , 2 , 155014 : { BUY 4570.81@0.80470892} 155013 : { BUY 4570.81@0.80470892} 155012 : { SELL 20336.22@0.8079342} 155011 : { SELL 20336.22@0.8079342} 
Mon Nov 17 08:45:59 EST 2014 , 4 , 2 , 2 , 155014 : { BUY 4570.81@0.80470892} 155013 : { BUY 4570.81@0.80470892} 155012 : { SELL 20336.22@0.8079342} 155011 : { SELL 20336.22@0.8079342} 
Mon Nov 17 08:49:00 EST 2014 , 4 , 2 , 2 , 155014 : { BUY 4570.81@0.80470892} 155013 : { BUY 4570.81@0.80470892} 155012 : { SELL 20336.22@0.8079342} 155011 : { SELL 20336.22@0.8079342} 
Mon Nov 17 08:52:01 EST 2014 , 4 , 2 , 2 , 155014 : { BUY 4570.81@0.80470892} 155013 : { BUY 4570.81@0.80470892} 155012 : { SELL 20336.22@0.8079342} 155011 : { SELL 20336.22@0.8079342} 
Mon Nov 17 08:55:02 EST 2014 , 4 , 2 , 2 , 155014 : { BUY 4570.81@0.80470892} 155013 : { BUY 4570.81@0.80470892} 155012 : { SELL 20336.22@0.8079342} 155011 : { SELL 20336.22@0.8079342} 
Mon Nov 17 08:58:03 EST 2014 , 4 , 2 , 2 , 155014 : { BUY 4570.81@0.80470892} 155013 : { BUY 4570.81@0.80470892} 155012 : { SELL 20336.22@0.8079342} 155011 : { SELL 20336.22@0.8079342} 
Mon Nov 17 09:01:04 EST 2014 , 4 , 2 , 2 , 155014 : { BUY 4570.81@0.80470892} 155013 : { BUY 4570.81@0.80470892} 155012 : { SELL 20336.22@0.8079342} 155011 : { SELL 20336.22@0.8079342} 
Mon Nov 17 09:04:05 EST 2014 , 4 , 2 , 2 , 155014 : { BUY 4570.81@0.80470892} 155013 : { BUY 4570.81@0.80470892} 155012 : { SELL 20336.22@0.8079342} 155011 : { SELL 20336.22@0.8079342} 
Mon Nov 17 09:07:06 EST 2014 , 4 , 2 , 2 , 155014 : { BUY 4570.81@0.80470892} 155013 : { BUY 4570.81@0.80470892} 155012 : { SELL 20336.22@0.8079342} 155011 : { SELL 20336.22@0.8079342} 
Mon Nov 17 09:10:07 EST 2014 , 4 , 2 , 2 , 155014 : { BUY 4570.81@0.80470892} 155013 : { BUY 4570.81@0.80470892} 155012 : { SELL 20336.22@0.8079342} 155011 : { SELL 20336.22@0.8079342} 
Mon Nov 17 09:13:08 EST 2014 , 4 , 2 , 2 , 155014 : { BUY 4570.81@0.80470892} 155013 : { BUY 4570.81@0.80470892} 155012 : { SELL 20336.22@0.8079342} 155011 : { SELL 20336.22@0.8079342} 
Mon Nov 17 09:16:09 EST 2014 , 4 , 2 , 2 , 155014 : { BUY 4570.81@0.80470892} 155013 : { BUY 4570.81@0.80470892} 155012 : { SELL 20336.22@0.8079342} 155011 : { SELL 20336.22@0.8079342} 
Mon Nov 17 09:19:10 EST 2014 , 4 , 2 , 2 , 155014 : { BUY 4570.81@0.80470892} 155013 : { BUY 4570.81@0.80470892} 155012 : { SELL 20336.22@0.8079342} 155011 : { SELL 20336.22@0.8079342} 
Mon Nov 17 09:22:11 EST 2014 , 4 , 2 , 2 , 155014 : { BUY 4570.81@0.80470892} 155013 : { BUY 4570.81@0.80470892} 155012 : { SELL 20336.22@0.8079342} 155011 : { SELL 20336.22@0.8079342} 
Mon Nov 17 09:25:12 EST 2014 , 4 , 2 , 2 , 155014 : { BUY 4570.81@0.80470892} 155013 : { BUY 4570.81@0.80470892} 155012 : { SELL 20336.22@0.8079342} 155011 : { SELL 20336.22@0.8079342} 
Mon Nov 17 09:28:13 EST 2014 , 4 , 2 , 2 , 155014 : { BUY 4570.81@0.80470892} 155013 : { BUY 4570.81@0.80470892} 155012 : { SELL 20336.22@0.8079342} 155011 : { SELL 20336.22@0.8079342} 
Mon Nov 17 09:31:14 EST 2014 , 4 , 2 , 2 , 155014 : { BUY 4570.81@0.80470892} 155013 : { BUY 4570.81@0.80470892} 155012 : { SELL 20336.22@0.8079342} 155011 : { SELL 20336.22@0.8079342} 
Mon Nov 17 09:34:15 EST 2014 , 4 , 2 , 2 , 155014 : { BUY 4570.81@0.80470892} 155013 : { BUY 4570.81@0.80470892} 155012 : { SELL 20336.22@0.8079342} 155011 : { SELL 20336.22@0.8079342} 
Mon Nov 17 09:37:16 EST 2014 , 4 , 2 , 2 , 155014 : { BUY 4570.81@0.80470892} 155013 : { BUY 4570.81@0.80470892} 155012 : { SELL 20336.22@0.8079342} 155011 : { SELL 20336.22@0.8079342} 
Mon Nov 17 09:40:17 EST 2014 , 4 , 2 , 2 , 155014 : { BUY 4570.81@0.80470892} 155013 : { BUY 4570.81@0.80470892} 155012 : { SELL 20336.22@0.8079342} 155011 : { SELL 20336.22@0.8079342} 
Mon Nov 17 09:43:18 EST 2014 , 4 , 2 , 2 , 155014 : { BUY 4570.81@0.80470892} 155013 : { BUY 4570.81@0.80470892} 155012 : { SELL 20336.22@0.8079342} 155011 : { SELL 20336.22@0.8079342} 
Mon Nov 17 09:46:19 EST 2014 , 4 , 2 , 2 , 155014 : { BUY 4570.81@0.80470892} 155013 : { BUY 4570.81@0.80470892} 155012 : { SELL 20336.22@0.8079342} 155011 : { SELL 20336.22@0.8079342} 
Mon Nov 17 09:49:20 EST 2014 , 4 , 2 , 2 , 155014 : { BUY 4570.81@0.80470892} 155013 : { BUY 4570.81@0.80470892} 155012 : { SELL 20336.22@0.8079342} 155011 : { SELL 20336.22@0.8079342} 
Mon Nov 17 09:52:21 EST 2014 , 4 , 2 , 2 , 155014 : { BUY 4570.81@0.80470892} 155013 : { BUY 4570.81@0.80470892} 155012 : { SELL 20336.22@0.8079342} 155011 : { SELL 20336.22@0.8079342} 
Mon Nov 17 09:55:22 EST 2014 , 4 , 2 , 2 , 155014 : { BUY 4570.81@0.80470892} 155013 : { BUY 4570.81@0.80470892} 155012 : { SELL 20336.22@0.8079342} 155011 : { SELL 20336.22@0.8079342} 
Mon Nov 17 09:58:23 EST 2014 , 4 , 2 , 2 , 155014 : { BUY 4570.81@0.80470892} 155013 : { BUY 4570.81@0.80470892} 155012 : { SELL 20336.22@0.8079342} 155011 : { SELL 20336.22@0.8079342} 
Mon Nov 17 10:01:24 EST 2014 , 4 , 2 , 2 , 155014 : { BUY 4570.81@0.80470892} 155013 : { BUY 4570.81@0.80470892} 155012 : { SELL 20336.22@0.8079342} 155011 : { SELL 20336.22@0.8079342} 
Mon Nov 17 10:04:25 EST 2014 , 4 , 2 , 2 , 155014 : { BUY 4570.81@0.80470892} 155013 : { BUY 4570.81@0.80470892} 155012 : { SELL 20336.22@0.8079342} 155011 : { SELL 20336.22@0.8079342} 
Mon Nov 17 10:07:26 EST 2014 , 4 , 2 , 2 , 155014 : { BUY 4570.81@0.80470892} 155013 : { BUY 4570.81@0.80470892} 155012 : { SELL 20336.22@0.8079342} 155011 : { SELL 20336.22@0.8079342} 
Mon Nov 17 10:10:27 EST 2014 , 4 , 2 , 2 , 155014 : { BUY 4570.81@0.80470892} 155013 : { BUY 4570.81@0.80470892} 155012 : { SELL 20336.22@0.8079342} 155011 : { SELL 20336.22@0.8079342} 
Mon Nov 17 10:13:28 EST 2014 , 4 , 2 , 2 , 159585 : { BUY 4525.81@0.80470892} 159584 : { BUY 4525.81@0.80470892} 159583 : { SELL 20381.13@0.8079342} 159582 : { SELL 20381.13@0.8079342} 
Mon Nov 17 10:16:29 EST 2014 , 4 , 2 , 2 , 159585 : { BUY 4525.81@0.80470892} 159584 : { BUY 4525.81@0.80470892} 159583 : { SELL 20381.13@0.8079342} 159582 : { SELL 20381.13@0.8079342} 
Mon Nov 17 10:19:30 EST 2014 , 4 , 2 , 2 , 159585 : { BUY 4525.81@0.80470892} 159584 : { BUY 4525.81@0.80470892} 159583 : { SELL 20381.13@0.8079342} 159582 : { SELL 20381.13@0.8079342} 
Mon Nov 17 10:22:31 EST 2014 , 4 , 2 , 2 , 159585 : { BUY 4525.81@0.80470892} 159584 : { BUY 4525.81@0.80470892} 159583 : { SELL 20381.13@0.8079342} 159582 : { SELL 20381.13@0.8079342} 
Mon Nov 17 10:25:32 EST 2014 , 4 , 2 , 2 , 159585 : { BUY 4525.81@0.80470892} 159584 : { BUY 4525.81@0.80470892} 159583 : { SELL 20381.13@0.8079342} 159582 : { SELL 20381.13@0.8079342} 
Mon Nov 17 10:28:33 EST 2014 , 4 , 2 , 2 , 159585 : { BUY 4525.81@0.80470892} 159584 : { BUY 4525.81@0.80470892} 159583 : { SELL 20381.13@0.8079342} 159582 : { SELL 20381.13@0.8079342} 
Mon Nov 17 10:31:34 EST 2014 , 4 , 2 , 2 , 159585 : { BUY 4525.81@0.80470892} 159584 : { BUY 4525.81@0.80470892} 159583 : { SELL 20381.13@0.8079342} 159582 : { SELL 20381.13@0.8079342} 
Mon Nov 17 10:34:35 EST 2014 , 4 , 2 , 2 , 159585 : { BUY 4525.81@0.80470892} 159584 : { BUY 4525.81@0.80470892} 159583 : { SELL 20381.13@0.8079342} 159582 : { SELL 20381.13@0.8079342} 
Mon Nov 17 10:37:36 EST 2014 , 4 , 2 , 2 , 159585 : { BUY 4525.81@0.80470892} 159584 : { BUY 4525.81@0.80470892} 159583 : { SELL 20381.13@0.8079342} 159582 : { SELL 20381.13@0.8079342} 
Mon Nov 17 10:40:37 EST 2014 , 4 , 2 , 2 , 159585 : { BUY 4525.81@0.80470892} 159584 : { BUY 4525.81@0.80470892} 159583 : { SELL 20381.13@0.8079342} 159582 : { SELL 20381.13@0.8079342} 
Mon Nov 17 10:43:38 EST 2014 , 4 , 2 , 2 , 159585 : { BUY 4525.81@0.80470892} 159584 : { BUY 4525.81@0.80470892} 159583 : { SELL 20381.13@0.8079342} 159582 : { SELL 20381.13@0.8079342} 
Mon Nov 17 10:46:40 EST 2014 , 4 , 2 , 2 , 159585 : { BUY 4525.81@0.80470892} 159584 : { BUY 4525.81@0.80470892} 159583 : { SELL 20381.13@0.8079342} 159582 : { SELL 20381.13@0.8079342} 
Mon Nov 17 10:49:40 EST 2014 , 4 , 2 , 2 , 159585 : { BUY 4525.81@0.80470892} 159584 : { BUY 4525.81@0.80470892} 159583 : { SELL 20381.13@0.8079342} 159582 : { SELL 20381.13@0.8079342} 
Mon Nov 17 10:52:41 EST 2014 , 4 , 2 , 2 , 159585 : { BUY 4525.81@0.80470892} 159584 : { BUY 4525.81@0.80470892} 159583 : { SELL 20381.13@0.8079342} 159582 : { SELL 20381.13@0.8079342} 
Mon Nov 17 10:55:42 EST 2014 , 4 , 2 , 2 , 159585 : { BUY 4525.81@0.80470892} 159584 : { BUY 4525.81@0.80470892} 159583 : { SELL 20381.13@0.8079342} 159582 : { SELL 20381.13@0.8079342} 
Mon Nov 17 10:58:43 EST 2014 , 4 , 2 , 2 , 159585 : { BUY 4525.81@0.80470892} 159584 : { BUY 4525.81@0.80470892} 159583 : { SELL 20381.13@0.8079342} 159582 : { SELL 20381.13@0.8079342} 
Mon Nov 17 11:01:44 EST 2014 , 4 , 2 , 2 , 159585 : { BUY 4525.81@0.80470892} 159584 : { BUY 4525.81@0.80470892} 159583 : { SELL 20381.13@0.8079342} 159582 : { SELL 20381.13@0.8079342} 
Mon Nov 17 11:04:45 EST 2014 , 4 , 2 , 2 , 159585 : { BUY 4525.81@0.80470892} 159584 : { BUY 4525.81@0.80470892} 159583 : { SELL 20381.13@0.8079342} 159582 : { SELL 20381.13@0.8079342} 
Mon Nov 17 11:07:46 EST 2014 , 4 , 2 , 2 , 159585 : { BUY 4525.81@0.80470892} 159584 : { BUY 4525.81@0.80470892} 159583 : { SELL 20381.13@0.8079342} 159582 : { SELL 20381.13@0.8079342} 
Mon Nov 17 11:10:47 EST 2014 , 4 , 2 , 2 , 159585 : { BUY 4525.81@0.80470892} 159584 : { BUY 4525.81@0.80470892} 159583 : { SELL 20381.13@0.8079342} 159582 : { SELL 20381.13@0.8079342} 
Mon Nov 17 11:13:48 EST 2014 , 4 , 2 , 2 , 159585 : { BUY 4525.81@0.80470892} 159584 : { BUY 4525.81@0.80470892} 159583 : { SELL 20381.13@0.8079342} 159582 : { SELL 20381.13@0.8079342} 
Mon Nov 17 11:16:49 EST 2014 , 4 , 2 , 2 , 159585 : { BUY 4525.81@0.80470892} 159584 : { BUY 4525.81@0.80470892} 159583 : { SELL 20381.13@0.8079342} 159582 : { SELL 20381.13@0.8079342} 
Mon Nov 17 11:19:50 EST 2014 , 4 , 2 , 2 , 159585 : { BUY 4525.81@0.80470892} 159584 : { BUY 4525.81@0.80470892} 159583 : { SELL 20381.13@0.8079342} 159582 : { SELL 20381.13@0.8079342} 
Mon Nov 17 11:22:51 EST 2014 , 4 , 2 , 2 , 159585 : { BUY 4525.81@0.80470892} 159584 : { BUY 4525.81@0.80470892} 159583 : { SELL 20381.13@0.8079342} 159582 : { SELL 20381.13@0.8079342} 
Mon Nov 17 11:25:52 EST 2014 , 4 , 2 , 2 , 159585 : { BUY 4525.81@0.80470892} 159584 : { BUY 4525.81@0.80470892} 159583 : { SELL 20381.13@0.8079342} 159582 : { SELL 20381.13@0.8079342} 
Mon Nov 17 11:28:53 EST 2014 , 4 , 2 , 2 , 159585 : { BUY 4525.81@0.80470892} 159584 : { BUY 4525.81@0.80470892} 159583 : { SELL 20381.13@0.8079342} 159582 : { SELL 20381.13@0.8079342} 
Mon Nov 17 11:31:54 EST 2014 , 4 , 2 , 2 , 159585 : { BUY 4525.81@0.80470892} 159584 : { BUY 4525.81@0.80470892} 159583 : { SELL 20381.13@0.8079342} 159582 : { SELL 20381.13@0.8079342} 
Mon Nov 17 11:34:55 EST 2014 , 4 , 2 , 2 , 159585 : { BUY 4525.81@0.80470892} 159584 : { BUY 4525.81@0.80470892} 159583 : { SELL 20381.13@0.8079342} 159582 : { SELL 20381.13@0.8079342} 
Mon Nov 17 11:37:56 EST 2014 , 4 , 2 , 2 , 159585 : { BUY 4525.81@0.80470892} 159584 : { BUY 4525.81@0.80470892} 159583 : { SELL 20381.13@0.8079342} 159582 : { SELL 20381.13@0.8079342} 
Mon Nov 17 11:40:57 EST 2014 , 4 , 2 , 2 , 159585 : { BUY 4525.81@0.80470892} 159584 : { BUY 4525.81@0.80470892} 159583 : { SELL 20381.13@0.8079342} 159582 : { SELL 20381.13@0.8079342} 
Mon Nov 17 11:43:58 EST 2014 , 4 , 2 , 2 , 159585 : { BUY 4525.81@0.80470892} 159584 : { BUY 4525.81@0.80470892} 159583 : { SELL 20381.13@0.8079342} 159582 : { SELL 20381.13@0.8079342} 
Mon Nov 17 11:46:59 EST 2014 , 4 , 2 , 2 , 159585 : { BUY 4525.81@0.80470892} 159584 : { BUY 4525.81@0.80470892} 159583 : { SELL 20381.13@0.8079342} 159582 : { SELL 20381.13@0.8079342} 
Mon Nov 17 11:50:00 EST 2014 , 4 , 2 , 2 , 159585 : { BUY 4525.81@0.80470892} 159584 : { BUY 4525.81@0.80470892} 159583 : { SELL 20381.13@0.8079342} 159582 : { SELL 20381.13@0.8079342} 
Mon Nov 17 11:53:01 EST 2014 , 4 , 2 , 2 , 159585 : { BUY 4525.81@0.80470892} 159584 : { BUY 4525.81@0.80470892} 159583 : { SELL 20381.13@0.8079342} 159582 : { SELL 20381.13@0.8079342} 
Mon Nov 17 11:56:02 EST 2014 , 4 , 2 , 2 , 159585 : { BUY 4525.81@0.80470892} 159584 : { BUY 4525.81@0.80470892} 159583 : { SELL 20381.13@0.8079342} 159582 : { SELL 20381.13@0.8079342} 
Mon Nov 17 11:59:03 EST 2014 , 4 , 2 , 2 , 159585 : { BUY 4525.81@0.80470892} 159584 : { BUY 4525.81@0.80470892} 159583 : { SELL 20381.13@0.8079342} 159582 : { SELL 20381.13@0.8079342} 
Mon Nov 17 12:02:04 EST 2014 , 4 , 2 , 2 , 159585 : { BUY 4525.81@0.80470892} 159584 : { BUY 4525.81@0.80470892} 159583 : { SELL 20381.13@0.8079342} 159582 : { SELL 20381.13@0.8079342} 
Mon Nov 17 12:05:05 EST 2014 , 4 , 2 , 2 , 159585 : { BUY 4525.81@0.80470892} 159584 : { BUY 4525.81@0.80470892} 159583 : { SELL 20381.13@0.8079342} 159582 : { SELL 20381.13@0.8079342} 
Mon Nov 17 12:08:06 EST 2014 , 4 , 2 , 2 , 159585 : { BUY 4525.81@0.80470892} 159584 : { BUY 4525.81@0.80470892} 159583 : { SELL 20381.13@0.8079342} 159582 : { SELL 20381.13@0.8079342} 
Mon Nov 17 12:11:07 EST 2014 , 4 , 2 , 2 , 159585 : { BUY 4525.81@0.80470892} 159584 : { BUY 4525.81@0.80470892} 159583 : { SELL 20381.13@0.8079342} 159582 : { SELL 20381.13@0.8079342} 
Mon Nov 17 12:14:08 EST 2014 , 4 , 2 , 2 , 159585 : { BUY 4525.81@0.80470892} 159584 : { BUY 4525.81@0.80470892} 159583 : { SELL 20381.13@0.8079342} 159582 : { SELL 20381.13@0.8079342} 
Mon Nov 17 12:17:09 EST 2014 , 4 , 2 , 2 , 159585 : { BUY 4525.81@0.80470892} 159584 : { BUY 4525.81@0.80470892} 159583 : { SELL 20381.13@0.8079342} 159582 : { SELL 20381.13@0.8079342} 
Mon Nov 17 12:20:10 EST 2014 , 4 , 2 , 2 , 159585 : { BUY 4525.81@0.80470892} 159584 : { BUY 4525.81@0.80470892} 159583 : { SELL 20381.13@0.8079342} 159582 : { SELL 20381.13@0.8079342} 
Mon Nov 17 12:23:11 EST 2014 , 4 , 2 , 2 , 159585 : { BUY 4525.81@0.80470892} 159584 : { BUY 4525.81@0.80470892} 159583 : { SELL 20381.13@0.8079342} 159582 : { SELL 20381.13@0.8079342} 
Mon Nov 17 12:26:12 EST 2014 , 4 , 2 , 2 , 159585 : { BUY 4525.81@0.80470892} 159584 : { BUY 4525.81@0.80470892} 159583 : { SELL 20381.13@0.8079342} 159582 : { SELL 20381.13@0.8079342} 
Mon Nov 17 12:29:13 EST 2014 , 4 , 2 , 2 , 159585 : { BUY 4525.81@0.80470892} 159584 : { BUY 4525.81@0.80470892} 159583 : { SELL 20381.13@0.8079342} 159582 : { SELL 20381.13@0.8079342} 
Mon Nov 17 12:32:14 EST 2014 , 4 , 2 , 2 , 159585 : { BUY 4525.81@0.80470892} 159584 : { BUY 4525.81@0.80470892} 159583 : { SELL 20381.13@0.8079342} 159582 : { SELL 20381.13@0.8079342} 
Mon Nov 17 12:35:15 EST 2014 , 4 , 2 , 2 , 159585 : { BUY 4525.81@0.80470892} 159584 : { BUY 4525.81@0.80470892} 159583 : { SELL 20381.13@0.8079342} 159582 : { SELL 20381.13@0.8079342} 
Mon Nov 17 12:38:16 EST 2014 , 4 , 2 , 2 , 159585 : { BUY 4525.81@0.80470892} 159584 : { BUY 4525.81@0.80470892} 159583 : { SELL 20381.13@0.8079342} 159582 : { SELL 20381.13@0.8079342} 
Mon Nov 17 12:41:17 EST 2014 , 4 , 2 , 2 , 159585 : { BUY 4525.81@0.80470892} 159584 : { BUY 4525.81@0.80470892} 159583 : { SELL 20381.13@0.8079342} 159582 : { SELL 20381.13@0.8079342} 
Mon Nov 17 12:44:18 EST 2014 , 4 , 2 , 2 , 159585 : { BUY 4525.81@0.80470892} 159584 : { BUY 4525.81@0.80470892} 159583 : { SELL 20381.13@0.8079342} 159582 : { SELL 20381.13@0.8079342} 
Mon Nov 17 12:47:19 EST 2014 , 4 , 2 , 2 , 159585 : { BUY 4525.81@0.80470892} 159584 : { BUY 4525.81@0.80470892} 159583 : { SELL 20381.13@0.8079342} 159582 : { SELL 20381.13@0.8079342} 
Mon Nov 17 12:50:20 EST 2014 , 4 , 2 , 2 , 159585 : { BUY 4525.81@0.80470892} 159584 : { BUY 4525.81@0.80470892} 159583 : { SELL 20381.13@0.8079342} 159582 : { SELL 20381.13@0.8079342} 
Mon Nov 17 12:53:21 EST 2014 , 4 , 2 , 2 , 159585 : { BUY 4525.81@0.80470892} 159584 : { BUY 4525.81@0.80470892} 159583 : { SELL 20381.13@0.8079342} 159582 : { SELL 20381.13@0.8079342} 
Mon Nov 17 12:56:22 EST 2014 , 4 , 2 , 2 , 159585 : { BUY 4525.81@0.80470892} 159584 : { BUY 4525.81@0.80470892} 159583 : { SELL 20381.13@0.8079342} 159582 : { SELL 20381.13@0.8079342} 
Mon Nov 17 12:59:23 EST 2014 , 4 , 2 , 2 , 159896 : { BUY 4505.31@0.80470892} 159895 : { BUY 4505.31@0.80470892} 159894 : { SELL 20401.58@0.8079342} 159893 : { SELL 20401.58@0.8079342} 
Mon Nov 17 13:02:24 EST 2014 , 4 , 2 , 2 , 159896 : { BUY 4505.31@0.80470892} 159895 : { BUY 4505.31@0.80470892} 159894 : { SELL 20401.58@0.8079342} 159893 : { SELL 20401.58@0.8079342} 
Mon Nov 17 13:05:25 EST 2014 , 4 , 2 , 2 , 159896 : { BUY 4505.31@0.80470892} 159895 : { BUY 4505.31@0.80470892} 159894 : { SELL 20401.58@0.8079342} 159893 : { SELL 20401.58@0.8079342} 
Mon Nov 17 13:08:26 EST 2014 , 4 , 2 , 2 , 159896 : { BUY 4505.31@0.80470892} 159895 : { BUY 4505.31@0.80470892} 159894 : { SELL 20401.58@0.8079342} 159893 : { SELL 20401.58@0.8079342} 
Mon Nov 17 13:11:27 EST 2014 , 4 , 2 , 2 , 159896 : { BUY 4505.31@0.80470892} 159895 : { BUY 4505.31@0.80470892} 159894 : { SELL 20401.58@0.8079342} 159893 : { SELL 20401.58@0.8079342} 
Mon Nov 17 13:14:28 EST 2014 , 4 , 2 , 2 , 159896 : { BUY 4505.31@0.80470892} 159895 : { BUY 4505.31@0.80470892} 159894 : { SELL 20401.58@0.8079342} 159893 : { SELL 20401.58@0.8079342} 
Mon Nov 17 13:17:29 EST 2014 , 4 , 2 , 2 , 159896 : { BUY 4505.31@0.80470892} 159895 : { BUY 4505.31@0.80470892} 159894 : { SELL 20401.58@0.8079342} 159893 : { SELL 20401.58@0.8079342} 
Mon Nov 17 13:20:30 EST 2014 , 4 , 2 , 2 , 159896 : { BUY 4505.31@0.80470892} 159895 : { BUY 4505.31@0.80470892} 159894 : { SELL 20401.58@0.8079342} 159893 : { SELL 20401.58@0.8079342} 
Mon Nov 17 13:23:31 EST 2014 , 4 , 2 , 2 , 159896 : { BUY 4505.31@0.80470892} 159895 : { BUY 4505.31@0.80470892} 159894 : { SELL 20401.58@0.8079342} 159893 : { SELL 20401.58@0.8079342} 
Mon Nov 17 13:26:32 EST 2014 , 4 , 2 , 2 , 159896 : { BUY 4505.31@0.80470892} 159895 : { BUY 4505.31@0.80470892} 159894 : { SELL 20401.58@0.8079342} 159893 : { SELL 20401.58@0.8079342} 
Mon Nov 17 13:29:33 EST 2014 , 4 , 2 , 2 , 159896 : { BUY 4505.31@0.80470892} 159895 : { BUY 4505.31@0.80470892} 159894 : { SELL 20401.58@0.8079342} 159893 : { SELL 20401.58@0.8079342} 
Mon Nov 17 13:32:34 EST 2014 , 4 , 2 , 2 , 159896 : { BUY 4505.31@0.80470892} 159895 : { BUY 4505.31@0.80470892} 159894 : { SELL 20401.58@0.8079342} 159893 : { SELL 20401.58@0.8079342} 
Mon Nov 17 13:35:35 EST 2014 , 4 , 2 , 2 , 159896 : { BUY 4505.31@0.80470892} 159895 : { BUY 4505.31@0.80470892} 159894 : { SELL 20401.58@0.8079342} 159893 : { SELL 20401.58@0.8079342} 
Mon Nov 17 13:38:36 EST 2014 , 4 , 2 , 2 , 159896 : { BUY 4505.31@0.80470892} 159895 : { BUY 4505.31@0.80470892} 159894 : { SELL 20401.58@0.8079342} 159893 : { SELL 20401.58@0.8079342} 
Mon Nov 17 13:41:37 EST 2014 , 4 , 2 , 2 , 159896 : { BUY 4505.31@0.80470892} 159895 : { BUY 4505.31@0.80470892} 159894 : { SELL 20401.58@0.8079342} 159893 : { SELL 20401.58@0.8079342} 
Mon Nov 17 13:44:38 EST 2014 , 4 , 2 , 2 , 159896 : { BUY 4505.31@0.80470892} 159895 : { BUY 4505.31@0.80470892} 159894 : { SELL 20401.58@0.8079342} 159893 : { SELL 20401.58@0.8079342} 
Mon Nov 17 13:47:39 EST 2014 , 4 , 2 , 2 , 159896 : { BUY 4505.31@0.80470892} 159895 : { BUY 4505.31@0.80470892} 159894 : { SELL 20401.58@0.8079342} 159893 : { SELL 20401.58@0.8079342} 
Mon Nov 17 13:50:40 EST 2014 , 4 , 2 , 2 , 159896 : { BUY 4505.31@0.80470892} 159895 : { BUY 4505.31@0.80470892} 159894 : { SELL 20401.58@0.8079342} 159893 : { SELL 20401.58@0.8079342} 
Mon Nov 17 13:53:41 EST 2014 , 4 , 2 , 2 , 159896 : { BUY 4505.31@0.80470892} 159895 : { BUY 4505.31@0.80470892} 159894 : { SELL 20401.58@0.8079342} 159893 : { SELL 20401.58@0.8079342} 
Mon Nov 17 13:56:42 EST 2014 , 4 , 2 , 2 , 159896 : { BUY 4505.31@0.80470892} 159895 : { BUY 4505.31@0.80470892} 159894 : { SELL 20401.58@0.8079342} 159893 : { SELL 20401.58@0.8079342} 
Mon Nov 17 13:59:43 EST 2014 , 4 , 2 , 2 , 159896 : { BUY 4505.31@0.80470892} 159895 : { BUY 4505.31@0.80470892} 159894 : { SELL 20401.58@0.8079342} 159893 : { SELL 20401.58@0.8079342} 
Mon Nov 17 14:02:44 EST 2014 , 4 , 2 , 2 , 159896 : { BUY 4505.31@0.80470892} 159895 : { BUY 4505.31@0.80470892} 159894 : { SELL 20401.58@0.8079342} 159893 : { SELL 20401.58@0.8079342} 
Mon Nov 17 14:05:45 EST 2014 , 4 , 2 , 2 , 159896 : { BUY 4505.31@0.80470892} 159895 : { BUY 4505.31@0.80470892} 159894 : { SELL 20401.58@0.8079342} 159893 : { SELL 20401.58@0.8079342} 
Mon Nov 17 14:08:46 EST 2014 , 4 , 2 , 2 , 159896 : { BUY 4505.31@0.80470892} 159895 : { BUY 4505.31@0.80470892} 159894 : { SELL 20401.58@0.8079342} 159893 : { SELL 20401.58@0.8079342} 
Mon Nov 17 14:11:47 EST 2014 , 4 , 2 , 2 , 159896 : { BUY 4505.31@0.80470892} 159895 : { BUY 4505.31@0.80470892} 159894 : { SELL 20401.58@0.8079342} 159893 : { SELL 20401.58@0.8079342} 
Mon Nov 17 14:14:48 EST 2014 , 4 , 2 , 2 , 159896 : { BUY 4505.31@0.80470892} 159895 : { BUY 4505.31@0.80470892} 159894 : { SELL 20401.58@0.8079342} 159893 : { SELL 20401.58@0.8079342} 
Mon Nov 17 14:17:49 EST 2014 , 4 , 2 , 2 , 159896 : { BUY 4505.31@0.80470892} 159895 : { BUY 4505.31@0.80470892} 159894 : { SELL 20401.58@0.8079342} 159893 : { SELL 20401.58@0.8079342} 
Mon Nov 17 14:20:50 EST 2014 , 4 , 2 , 2 , 159896 : { BUY 4505.31@0.80470892} 159895 : { BUY 4505.31@0.80470892} 159894 : { SELL 20401.58@0.8079342} 159893 : { SELL 20401.58@0.8079342} 
Mon Nov 17 14:23:51 EST 2014 , 4 , 2 , 2 , 159896 : { BUY 4505.31@0.80470892} 159895 : { BUY 4505.31@0.80470892} 159894 : { SELL 20401.58@0.8079342} 159893 : { SELL 20401.58@0.8079342} 
Mon Nov 17 14:26:52 EST 2014 , 4 , 2 , 2 , 159896 : { BUY 4505.31@0.80470892} 159895 : { BUY 4505.31@0.80470892} 159894 : { SELL 20401.58@0.8079342} 159893 : { SELL 20401.58@0.8079342} 
Mon Nov 17 14:29:53 EST 2014 , 4 , 2 , 2 , 159896 : { BUY 4505.31@0.80470892} 159895 : { BUY 4505.31@0.80470892} 159894 : { SELL 20401.58@0.8079342} 159893 : { SELL 20401.58@0.8079342} 
Mon Nov 17 14:32:54 EST 2014 , 4 , 2 , 2 , 159896 : { BUY 4505.31@0.80470892} 159895 : { BUY 4505.31@0.80470892} 159894 : { SELL 20401.58@0.8079342} 159893 : { SELL 20401.58@0.8079342} 
Mon Nov 17 14:35:55 EST 2014 , 4 , 2 , 2 , 159896 : { BUY 4505.31@0.80470892} 159895 : { BUY 4505.31@0.80470892} 159894 : { SELL 20401.58@0.8079342} 159893 : { SELL 20401.58@0.8079342} 
Mon Nov 17 14:38:56 EST 2014 , 4 , 2 , 2 , 159896 : { BUY 4505.31@0.80470892} 159895 : { BUY 4505.31@0.80470892} 159894 : { SELL 20401.58@0.8079342} 159893 : { SELL 20401.58@0.8079342} 
Mon Nov 17 14:41:57 EST 2014 , 4 , 2 , 2 , 159896 : { BUY 4505.31@0.80470892} 159895 : { BUY 4505.31@0.80470892} 159894 : { SELL 20401.58@0.8079342} 159893 : { SELL 20401.58@0.8079342} 
Mon Nov 17 14:44:58 EST 2014 , 4 , 2 , 2 , 159896 : { BUY 4505.31@0.80470892} 159895 : { BUY 4505.31@0.80470892} 159894 : { SELL 20401.58@0.8079342} 159893 : { SELL 20401.58@0.8079342} 
Mon Nov 17 14:47:59 EST 2014 , 4 , 2 , 2 , 159896 : { BUY 4505.31@0.80470892} 159895 : { BUY 4505.31@0.80470892} 159894 : { SELL 20401.58@0.8079342} 159893 : { SELL 20401.58@0.8079342} 
Mon Nov 17 14:51:00 EST 2014 , 4 , 2 , 2 , 159896 : { BUY 4505.31@0.80470892} 159895 : { BUY 4505.31@0.80470892} 159894 : { SELL 20401.58@0.8079342} 159893 : { SELL 20401.58@0.8079342} 
Mon Nov 17 14:54:01 EST 2014 , 4 , 2 , 2 , 159896 : { BUY 4505.31@0.80470892} 159895 : { BUY 4505.31@0.80470892} 159894 : { SELL 20401.58@0.8079342} 159893 : { SELL 20401.58@0.8079342} 
Mon Nov 17 14:57:02 EST 2014 , 4 , 2 , 2 , 159896 : { BUY 4505.31@0.80470892} 159895 : { BUY 4505.31@0.80470892} 159894 : { SELL 20401.58@0.8079342} 159893 : { SELL 20401.58@0.8079342} 
Mon Nov 17 15:00:03 EST 2014 , 4 , 2 , 2 , 159896 : { BUY 4505.31@0.80470892} 159895 : { BUY 4505.31@0.80470892} 159894 : { SELL 20401.58@0.8079342} 159893 : { SELL 20401.58@0.8079342} 
Mon Nov 17 15:03:04 EST 2014 , 4 , 2 , 2 , 159896 : { BUY 4505.31@0.80470892} 159895 : { BUY 4505.31@0.80470892} 159894 : { SELL 20401.58@0.8079342} 159893 : { SELL 20401.58@0.8079342} 
Mon Nov 17 15:06:05 EST 2014 , 4 , 2 , 2 , 159896 : { BUY 4505.31@0.80470892} 159895 : { BUY 4505.31@0.80470892} 159894 : { SELL 20401.58@0.8079342} 159893 : { SELL 20401.58@0.8079342} 
Mon Nov 17 15:09:06 EST 2014 , 4 , 2 , 2 , 159896 : { BUY 4505.31@0.80470892} 159895 : { BUY 4505.31@0.80470892} 159894 : { SELL 20401.58@0.8079342} 159893 : { SELL 20401.58@0.8079342} 
Mon Nov 17 15:12:07 EST 2014 , 4 , 2 , 2 , 159896 : { BUY 4505.31@0.80470892} 159895 : { BUY 4505.31@0.80470892} 159894 : { SELL 20401.58@0.8079342} 159893 : { SELL 20401.58@0.8079342} 
Mon Nov 17 15:15:08 EST 2014 , 4 , 2 , 2 , 159896 : { BUY 4505.31@0.80470892} 159895 : { BUY 4505.31@0.80470892} 159894 : { SELL 20401.58@0.8079342} 159893 : { SELL 20401.58@0.8079342} 
Mon Nov 17 15:18:09 EST 2014 , 4 , 2 , 2 , 159896 : { BUY 4505.31@0.80470892} 159895 : { BUY 4505.31@0.80470892} 159894 : { SELL 20401.58@0.8079342} 159893 : { SELL 20401.58@0.8079342} 
Mon Nov 17 15:21:10 EST 2014 , 4 , 2 , 2 , 159896 : { BUY 4505.31@0.80470892} 159895 : { BUY 4505.31@0.80470892} 159894 : { SELL 20401.58@0.8079342} 159893 : { SELL 20401.58@0.8079342} 
Mon Nov 17 15:24:11 EST 2014 , 4 , 2 , 2 , 159896 : { BUY 4505.31@0.80470892} 159895 : { BUY 4505.31@0.80470892} 159894 : { SELL 20401.58@0.8079342} 159893 : { SELL 20401.58@0.8079342} 
Mon Nov 17 15:27:12 EST 2014 , 4 , 2 , 2 , 159896 : { BUY 4505.31@0.80470892} 159895 : { BUY 4505.31@0.80470892} 159894 : { SELL 20401.58@0.8079342} 159893 : { SELL 20401.58@0.8079342} 
Mon Nov 17 15:30:13 EST 2014 , 4 , 2 , 2 , 159896 : { BUY 4505.31@0.80470892} 159895 : { BUY 4505.31@0.80470892} 159894 : { SELL 20401.58@0.8079342} 159893 : { SELL 20401.58@0.8079342} 
Mon Nov 17 15:33:14 EST 2014 , 4 , 2 , 2 , 159896 : { BUY 4505.31@0.80470892} 159895 : { BUY 4505.31@0.80470892} 159894 : { SELL 20401.58@0.8079342} 159893 : { SELL 20401.58@0.8079342} 
Mon Nov 17 15:36:15 EST 2014 , 4 , 2 , 2 , 159896 : { BUY 4505.31@0.80470892} 159895 : { BUY 4505.31@0.80470892} 159894 : { SELL 20401.58@0.8079342} 159893 : { SELL 20401.58@0.8079342} 
Mon Nov 17 15:39:16 EST 2014 , 4 , 2 , 2 , 159896 : { BUY 4505.31@0.80470892} 159895 : { BUY 4505.31@0.80470892} 159894 : { SELL 20401.58@0.8079342} 159893 : { SELL 20401.58@0.8079342} 
Mon Nov 17 15:42:17 EST 2014 , 4 , 2 , 2 , 159896 : { BUY 4505.31@0.80470892} 159895 : { BUY 4505.31@0.80470892} 159894 : { SELL 20401.58@0.8079342} 159893 : { SELL 20401.58@0.8079342} 
Mon Nov 17 15:45:18 EST 2014 , 4 , 2 , 2 , 159896 : { BUY 4505.31@0.80470892} 159895 : { BUY 4505.31@0.80470892} 159894 : { SELL 20401.58@0.8079342} 159893 : { SELL 20401.58@0.8079342} 
Mon Nov 17 15:48:20 EST 2014 , 4 , 2 , 2 , 159896 : { BUY 4505.31@0.80470892} 159895 : { BUY 4505.31@0.80470892} 159894 : { SELL 20401.58@0.8079342} 159893 : { SELL 20401.58@0.8079342} 
Mon Nov 17 15:51:20 EST 2014 , 4 , 2 , 2 , 159896 : { BUY 4505.31@0.80470892} 159895 : { BUY 4505.31@0.80470892} 159894 : { SELL 20401.58@0.8079342} 159893 : { SELL 20401.58@0.8079342} 
Mon Nov 17 15:54:21 EST 2014 , 4 , 2 , 2 , 159896 : { BUY 4505.31@0.80470892} 159895 : { BUY 4505.31@0.80470892} 159894 : { SELL 20401.58@0.8079342} 159893 : { SELL 20401.58@0.8079342} 
Mon Nov 17 15:57:22 EST 2014 , 4 , 2 , 2 , 159896 : { BUY 4505.31@0.80470892} 159895 : { BUY 4505.31@0.80470892} 159894 : { SELL 20401.58@0.8079342} 159893 : { SELL 20401.58@0.8079342} 
Mon Nov 17 16:00:23 EST 2014 , 4 , 2 , 2 , 159896 : { BUY 4505.31@0.80470892} 159895 : { BUY 4505.31@0.80470892} 159894 : { SELL 20401.58@0.8079342} 159893 : { SELL 20401.58@0.8079342} 
Mon Nov 17 16:03:24 EST 2014 , 4 , 2 , 2 , 159896 : { BUY 4505.31@0.80470892} 159895 : { BUY 4505.31@0.80470892} 159894 : { SELL 20401.58@0.8079342} 159893 : { SELL 20401.58@0.8079342} 
Mon Nov 17 16:06:25 EST 2014 , 4 , 2 , 2 , 159896 : { BUY 4505.31@0.80470892} 159895 : { BUY 4505.31@0.80470892} 159894 : { SELL 20401.58@0.8079342} 159893 : { SELL 20401.58@0.8079342} 
Mon Nov 17 16:09:26 EST 2014 , 4 , 2 , 2 , 159896 : { BUY 4505.31@0.80470892} 159895 : { BUY 4505.31@0.80470892} 159894 : { SELL 20401.58@0.8079342} 159893 : { SELL 20401.58@0.8079342} 
Mon Nov 17 16:12:27 EST 2014 , 4 , 2 , 2 , 159896 : { BUY 4505.31@0.80470892} 159895 : { BUY 4505.31@0.80470892} 159894 : { SELL 20401.58@0.8079342} 159893 : { SELL 20401.58@0.8079342} 
Mon Nov 17 16:15:28 EST 2014 , 4 , 2 , 2 , 159896 : { BUY 4505.31@0.80470892} 159895 : { BUY 4505.31@0.80470892} 159894 : { SELL 20401.58@0.8079342} 159893 : { SELL 20401.58@0.8079342} 
Mon Nov 17 16:18:29 EST 2014 , 4 , 2 , 2 , 159896 : { BUY 4505.31@0.80470892} 159895 : { BUY 4505.31@0.80470892} 159894 : { SELL 20401.58@0.8079342} 159893 : { SELL 20401.58@0.8079342} 
Mon Nov 17 16:21:30 EST 2014 , 4 , 2 , 2 , 159896 : { BUY 4505.31@0.80470892} 159895 : { BUY 4505.31@0.80470892} 159894 : { SELL 20401.58@0.8079342} 159893 : { SELL 20401.58@0.8079342} 
Mon Nov 17 16:24:31 EST 2014 , 4 , 2 , 2 , 159896 : { BUY 4505.31@0.80470892} 159895 : { BUY 4505.31@0.80470892} 159894 : { SELL 20401.58@0.8079342} 159893 : { SELL 20401.58@0.8079342} 
Mon Nov 17 16:27:32 EST 2014 , 4 , 2 , 2 , 159896 : { BUY 4505.31@0.80470892} 159895 : { BUY 4505.31@0.80470892} 159894 : { SELL 20401.58@0.8079342} 159893 : { SELL 20401.58@0.8079342} 
Mon Nov 17 16:30:33 EST 2014 , 4 , 2 , 2 , 159896 : { BUY 4505.31@0.80470892} 159895 : { BUY 4505.31@0.80470892} 159894 : { SELL 20401.58@0.8079342} 159893 : { SELL 20401.58@0.8079342} 
Mon Nov 17 16:33:34 EST 2014 , 4 , 2 , 2 , 159896 : { BUY 4505.31@0.80470892} 159895 : { BUY 4505.31@0.80470892} 159894 : { SELL 20401.58@0.8079342} 159893 : { SELL 20401.58@0.8079342} 
Mon Nov 17 16:36:35 EST 2014 , 4 , 2 , 2 , 159896 : { BUY 4505.31@0.80470892} 159895 : { BUY 4505.31@0.80470892} 159894 : { SELL 20401.58@0.8079342} 159893 : { SELL 20401.58@0.8079342} 
Mon Nov 17 16:39:36 EST 2014 , 4 , 2 , 2 , 159896 : { BUY 4505.31@0.80470892} 159895 : { BUY 4505.31@0.80470892} 159894 : { SELL 20401.58@0.8079342} 159893 : { SELL 20401.58@0.8079342} 
Mon Nov 17 16:42:37 EST 2014 , 4 , 2 , 2 , 159896 : { BUY 4505.31@0.80470892} 159895 : { BUY 4505.31@0.80470892} 159894 : { SELL 20401.58@0.8079342} 159893 : { SELL 20401.58@0.8079342} 
Mon Nov 17 16:45:38 EST 2014 , 4 , 2 , 2 , 159896 : { BUY 4505.31@0.80470892} 159895 : { BUY 4505.31@0.80470892} 159894 : { SELL 20401.58@0.8079342} 159893 : { SELL 20401.58@0.8079342} 
Mon Nov 17 16:48:39 EST 2014 , 4 , 2 , 2 , 159896 : { BUY 4505.31@0.80470892} 159895 : { BUY 4505.31@0.80470892} 159894 : { SELL 20401.58@0.8079342} 159893 : { SELL 20401.58@0.8079342} 
Mon Nov 17 16:51:40 EST 2014 , 4 , 2 , 2 , 159896 : { BUY 4505.31@0.80470892} 159895 : { BUY 4505.31@0.80470892} 159894 : { SELL 20401.58@0.8079342} 159893 : { SELL 20401.58@0.8079342} 
Mon Nov 17 16:54:41 EST 2014 , 4 , 2 , 2 , 159896 : { BUY 4505.31@0.80470892} 159895 : { BUY 4505.31@0.80470892} 159894 : { SELL 20401.58@0.8079342} 159893 : { SELL 20401.58@0.8079342} 
Mon Nov 17 16:57:42 EST 2014 , 4 , 2 , 2 , 159896 : { BUY 4505.31@0.80470892} 159895 : { BUY 4505.31@0.80470892} 159894 : { SELL 20401.58@0.8079342} 159893 : { SELL 20401.58@0.8079342} 
Mon Nov 17 17:00:43 EST 2014 , 4 , 2 , 2 , 159896 : { BUY 4505.31@0.80470892} 159895 : { BUY 4505.31@0.80470892} 159894 : { SELL 20401.58@0.8079342} 159893 : { SELL 20401.58@0.8079342} 
Mon Nov 17 17:03:44 EST 2014 , 4 , 2 , 2 , 159896 : { BUY 4505.31@0.80470892} 159895 : { BUY 4505.31@0.80470892} 159894 : { SELL 20401.58@0.8079342} 159893 : { SELL 20401.58@0.8079342} 
Mon Nov 17 17:06:45 EST 2014 , 4 , 2 , 2 , 159896 : { BUY 4505.31@0.80470892} 159895 : { BUY 4505.31@0.80470892} 159894 : { SELL 20401.58@0.8079342} 159893 : { SELL 20401.58@0.8079342} 
Mon Nov 17 17:09:46 EST 2014 , 4 , 2 , 2 , 159896 : { BUY 4505.31@0.80470892} 159895 : { BUY 4505.31@0.80470892} 159894 : { SELL 20401.58@0.8079342} 159893 : { SELL 20401.58@0.8079342} 
Mon Nov 17 17:12:47 EST 2014 , 4 , 2 , 2 , 159896 : { BUY 4505.31@0.80470892} 159895 : { BUY 4505.31@0.80470892} 159894 : { SELL 20401.58@0.8079342} 159893 : { SELL 20401.58@0.8079342} 
Mon Nov 17 17:15:48 EST 2014 , 4 , 2 , 2 , 159896 : { BUY 4505.31@0.80470892} 159895 : { BUY 4505.31@0.80470892} 159894 : { SELL 20401.58@0.8079342} 159893 : { SELL 20401.58@0.8079342} 
Mon Nov 17 17:18:49 EST 2014 , 4 , 2 , 2 , 159896 : { BUY 4505.31@0.80470892} 159895 : { BUY 4505.31@0.80470892} 159894 : { SELL 20401.58@0.8079342} 159893 : { SELL 20401.58@0.8079342} 
Mon Nov 17 17:21:50 EST 2014 , 4 , 2 , 2 , 159896 : { BUY 4505.31@0.80470892} 159895 : { BUY 4505.31@0.80470892} 159894 : { SELL 20401.58@0.8079342} 159893 : { SELL 20401.58@0.8079342} 
Mon Nov 17 17:24:51 EST 2014 , 4 , 2 , 2 , 159896 : { BUY 4505.31@0.80470892} 159895 : { BUY 4505.31@0.80470892} 159894 : { SELL 20401.58@0.8079342} 159893 : { SELL 20401.58@0.8079342} 
Mon Nov 17 17:27:52 EST 2014 , 4 , 2 , 2 , 159896 : { BUY 4505.31@0.80470892} 159895 : { BUY 4505.31@0.80470892} 159894 : { SELL 20401.58@0.8079342} 159893 : { SELL 20401.58@0.8079342} 
Mon Nov 17 17:30:53 EST 2014 , 4 , 2 , 2 , 159896 : { BUY 4505.31@0.80470892} 159895 : { BUY 4505.31@0.80470892} 159894 : { SELL 20401.58@0.8079342} 159893 : { SELL 20401.58@0.8079342} 
Mon Nov 17 17:33:54 EST 2014 , 4 , 2 , 2 , 159896 : { BUY 4505.31@0.80470892} 159895 : { BUY 4505.31@0.80470892} 159894 : { SELL 20401.58@0.8079342} 159893 : { SELL 20401.58@0.8079342} 
Mon Nov 17 17:36:55 EST 2014 , 4 , 2 , 2 , 159896 : { BUY 4505.31@0.80470892} 159895 : { BUY 4505.31@0.80470892} 159894 : { SELL 20401.58@0.8079342} 159893 : { SELL 20401.58@0.8079342} 
Mon Nov 17 17:39:56 EST 2014 , 4 , 2 , 2 , 159896 : { BUY 4505.31@0.80470892} 159895 : { BUY 4505.31@0.80470892} 159894 : { SELL 20401.58@0.8079342} 159893 : { SELL 20401.58@0.8079342} 
Mon Nov 17 17:42:57 EST 2014 , 4 , 2 , 2 , 159896 : { BUY 4505.31@0.80470892} 159895 : { BUY 4505.31@0.80470892} 159894 : { SELL 20401.58@0.8079342} 159893 : { SELL 20401.58@0.8079342} 
Mon Nov 17 17:45:58 EST 2014 , 4 , 2 , 2 , 159896 : { BUY 4505.31@0.80470892} 159895 : { BUY 4505.31@0.80470892} 159894 : { SELL 20401.58@0.8079342} 159893 : { SELL 20401.58@0.8079342} 
Mon Nov 17 17:48:59 EST 2014 , 4 , 2 , 2 , 159896 : { BUY 4505.31@0.80470892} 159895 : { BUY 4505.31@0.80470892} 159894 : { SELL 20401.58@0.8079342} 159893 : { SELL 20401.58@0.8079342} 
Mon Nov 17 17:52:00 EST 2014 , 4 , 2 , 2 , 159896 : { BUY 4505.31@0.80470892} 159895 : { BUY 4505.31@0.80470892} 159894 : { SELL 20401.58@0.8079342} 159893 : { SELL 20401.58@0.8079342} 
Mon Nov 17 17:55:01 EST 2014 , 4 , 2 , 2 , 159896 : { BUY 4505.31@0.80470892} 159895 : { BUY 4505.31@0.80470892} 159894 : { SELL 20401.58@0.8079342} 159893 : { SELL 20401.58@0.8079342} 
Mon Nov 17 17:58:02 EST 2014 , 4 , 2 , 2 , 159896 : { BUY 4505.31@0.80470892} 159895 : { BUY 4505.31@0.80470892} 159894 : { SELL 20401.58@0.8079342} 159893 : { SELL 20401.58@0.8079342} 
Mon Nov 17 18:01:03 EST 2014 , 4 , 2 , 2 , 159896 : { BUY 4505.31@0.80470892} 159895 : { BUY 4505.31@0.80470892} 159894 : { SELL 20401.58@0.8079342} 159893 : { SELL 20401.58@0.8079342} 
Mon Nov 17 18:04:04 EST 2014 , 4 , 2 , 2 , 159896 : { BUY 4505.31@0.80470892} 159895 : { BUY 4505.31@0.80470892} 159894 : { SELL 20401.58@0.8079342} 159893 : { SELL 20401.58@0.8079342} 
Mon Nov 17 18:07:05 EST 2014 , 4 , 2 , 2 , 159896 : { BUY 4505.31@0.80470892} 159895 : { BUY 4505.31@0.80470892} 159894 : { SELL 20401.58@0.8079342} 159893 : { SELL 20401.58@0.8079342} 
Mon Nov 17 18:10:06 EST 2014 , 4 , 2 , 2 , 159896 : { BUY 4505.31@0.80470892} 159895 : { BUY 4505.31@0.80470892} 159894 : { SELL 20401.58@0.8079342} 159893 : { SELL 20401.58@0.8079342} 
Mon Nov 17 18:13:07 EST 2014 , 4 , 2 , 2 , 159896 : { BUY 4505.31@0.80470892} 159895 : { BUY 4505.31@0.80470892} 159894 : { SELL 20401.58@0.8079342} 159893 : { SELL 20401.58@0.8079342} 
Mon Nov 17 18:16:08 EST 2014 , 4 , 2 , 2 , 159896 : { BUY 4505.31@0.80470892} 159895 : { BUY 4505.31@0.80470892} 159894 : { SELL 20401.58@0.8079342} 159893 : { SELL 20401.58@0.8079342} 
Mon Nov 17 18:19:09 EST 2014 , 4 , 2 , 2 , 159896 : { BUY 4505.31@0.80470892} 159895 : { BUY 4505.31@0.80470892} 159894 : { SELL 20401.58@0.8079342} 159893 : { SELL 20401.58@0.8079342} 
Mon Nov 17 18:22:10 EST 2014 , 4 , 2 , 2 , 159896 : { BUY 4505.31@0.80470892} 159895 : { BUY 4505.31@0.80470892} 159894 : { SELL 20401.58@0.8079342} 159893 : { SELL 20401.58@0.8079342} 
Mon Nov 17 18:25:11 EST 2014 , 4 , 2 , 2 , 159896 : { BUY 4505.31@0.80470892} 159895 : { BUY 4505.31@0.80470892} 159894 : { SELL 20401.58@0.8079342} 159893 : { SELL 20401.58@0.8079342} 
Mon Nov 17 18:28:12 EST 2014 , 4 , 2 , 2 , 159896 : { BUY 4505.31@0.80470892} 159895 : { BUY 4505.31@0.80470892} 159894 : { SELL 20401.58@0.8079342} 159893 : { SELL 20401.58@0.8079342} 
Mon Nov 17 18:31:13 EST 2014 , 4 , 2 , 2 , 159896 : { BUY 4505.31@0.80470892} 159895 : { BUY 4505.31@0.80470892} 159894 : { SELL 20401.58@0.8079342} 159893 : { SELL 20401.58@0.8079342} 
Mon Nov 17 18:34:14 EST 2014 , 4 , 2 , 2 , 159896 : { BUY 4505.31@0.80470892} 159895 : { BUY 4505.31@0.80470892} 159894 : { SELL 20401.58@0.8079342} 159893 : { SELL 20401.58@0.8079342} 
Mon Nov 17 18:37:15 EST 2014 , 4 , 2 , 2 , 159896 : { BUY 4505.31@0.80470892} 159895 : { BUY 4505.31@0.80470892} 159894 : { SELL 20401.58@0.8079342} 159893 : { SELL 20401.58@0.8079342} 
Mon Nov 17 18:40:16 EST 2014 , 4 , 2 , 2 , 159896 : { BUY 4505.31@0.80470892} 159895 : { BUY 4505.31@0.80470892} 159894 : { SELL 20401.58@0.8079342} 159893 : { SELL 20401.58@0.8079342} 
Mon Nov 17 18:43:17 EST 2014 , 4 , 2 , 2 , 159896 : { BUY 4505.31@0.80470892} 159895 : { BUY 4505.31@0.80470892} 159894 : { SELL 20401.58@0.8079342} 159893 : { SELL 20401.58@0.8079342} 
Mon Nov 17 18:46:18 EST 2014 , 4 , 2 , 2 , 159896 : { BUY 4505.31@0.80470892} 159895 : { BUY 4505.31@0.80470892} 159894 : { SELL 20401.58@0.8079342} 159893 : { SELL 20401.58@0.8079342} 
Mon Nov 17 18:49:19 EST 2014 , 4 , 2 , 2 , 159896 : { BUY 4505.31@0.80470892} 159895 : { BUY 4505.31@0.80470892} 159894 : { SELL 20401.58@0.8079342} 159893 : { SELL 20401.58@0.8079342} 
Mon Nov 17 18:52:20 EST 2014 , 4 , 2 , 2 , 159896 : { BUY 4505.31@0.80470892} 159895 : { BUY 4505.31@0.80470892} 159894 : { SELL 20401.58@0.8079342} 159893 : { SELL 20401.58@0.8079342} 
Mon Nov 17 18:55:21 EST 2014 , 4 , 2 , 2 , 159896 : { BUY 4505.31@0.80470892} 159895 : { BUY 4505.31@0.80470892} 159894 : { SELL 20401.58@0.8079342} 159893 : { SELL 20401.58@0.8079342} 
Mon Nov 17 18:58:22 EST 2014 , 4 , 2 , 2 , 159896 : { BUY 4505.31@0.80470892} 159895 : { BUY 4505.31@0.80470892} 159894 : { SELL 20401.58@0.8079342} 159893 : { SELL 20401.58@0.8079342} 
Mon Nov 17 19:01:23 EST 2014 , 4 , 2 , 2 , 159896 : { BUY 4505.31@0.80470892} 159895 : { BUY 4505.31@0.80470892} 159894 : { SELL 20401.58@0.8079342} 159893 : { SELL 20401.58@0.8079342} 
Mon Nov 17 19:04:24 EST 2014 , 4 , 2 , 2 , 159896 : { BUY 4505.31@0.80470892} 159895 : { BUY 4505.31@0.80470892} 159894 : { SELL 20401.58@0.8079342} 159893 : { SELL 20401.58@0.8079342} 
Mon Nov 17 19:07:25 EST 2014 , 4 , 2 , 2 , 159896 : { BUY 4505.31@0.80470892} 159895 : { BUY 4505.31@0.80470892} 159894 : { SELL 20401.58@0.8079342} 159893 : { SELL 20401.58@0.8079342} 
Mon Nov 17 19:10:26 EST 2014 , 4 , 2 , 2 , 159896 : { BUY 4505.31@0.80470892} 159895 : { BUY 4505.31@0.80470892} 159894 : { SELL 20401.58@0.8079342} 159893 : { SELL 20401.58@0.8079342} 
Mon Nov 17 19:13:27 EST 2014 , 4 , 2 , 2 , 159896 : { BUY 4505.31@0.80470892} 159895 : { BUY 4505.31@0.80470892} 159894 : { SELL 20401.58@0.8079342} 159893 : { SELL 20401.58@0.8079342} 
Mon Nov 17 19:16:28 EST 2014 , 4 , 2 , 2 , 159896 : { BUY 4505.31@0.80470892} 159895 : { BUY 4505.31@0.80470892} 159894 : { SELL 20401.58@0.8079342} 159893 : { SELL 20401.58@0.8079342} 
Mon Nov 17 19:19:29 EST 2014 , 4 , 2 , 2 , 159896 : { BUY 4505.31@0.80470892} 159895 : { BUY 4505.31@0.80470892} 159894 : { SELL 20401.58@0.8079342} 159893 : { SELL 20401.58@0.8079342} 
Mon Nov 17 19:22:30 EST 2014 , 4 , 2 , 2 , 159896 : { BUY 4505.31@0.80470892} 159895 : { BUY 4505.31@0.80470892} 159894 : { SELL 20401.58@0.8079342} 159893 : { SELL 20401.58@0.8079342} 
Mon Nov 17 19:25:31 EST 2014 , 4 , 2 , 2 , 159896 : { BUY 4505.31@0.80470892} 159895 : { BUY 4505.31@0.80470892} 159894 : { SELL 20401.58@0.8079342} 159893 : { SELL 20401.58@0.8079342} 
Mon Nov 17 19:28:32 EST 2014 , 4 , 2 , 2 , 159896 : { BUY 4505.31@0.80470892} 159895 : { BUY 4505.31@0.80470892} 159894 : { SELL 20401.58@0.8079342} 159893 : { SELL 20401.58@0.8079342} 
Mon Nov 17 19:31:33 EST 2014 , 4 , 2 , 2 , 159896 : { BUY 4505.31@0.80470892} 159895 : { BUY 4505.31@0.80470892} 159894 : { SELL 20401.58@0.8079342} 159893 : { SELL 20401.58@0.8079342} 
Mon Nov 17 19:34:34 EST 2014 , 4 , 2 , 2 , 159896 : { BUY 4505.31@0.80470892} 159895 : { BUY 4505.31@0.80470892} 159894 : { SELL 20401.58@0.8079342} 159893 : { SELL 20401.58@0.8079342} 
Mon Nov 17 19:37:35 EST 2014 , 4 , 2 , 2 , 159896 : { BUY 4505.31@0.80470892} 159895 : { BUY 4505.31@0.80470892} 159894 : { SELL 20401.58@0.8079342} 159893 : { SELL 20401.58@0.8079342} 
Mon Nov 17 19:40:36 EST 2014 , 4 , 2 , 2 , 159896 : { BUY 4505.31@0.80470892} 159895 : { BUY 4505.31@0.80470892} 159894 : { SELL 20401.58@0.8079342} 159893 : { SELL 20401.58@0.8079342} 
Mon Nov 17 19:43:37 EST 2014 , 4 , 2 , 2 , 159896 : { BUY 4505.31@0.80470892} 159895 : { BUY 4505.31@0.80470892} 159894 : { SELL 20401.58@0.8079342} 159893 : { SELL 20401.58@0.8079342} 
Mon Nov 17 19:46:38 EST 2014 , 4 , 2 , 2 , 159896 : { BUY 4505.31@0.80470892} 159895 : { BUY 4505.31@0.80470892} 159894 : { SELL 20401.58@0.8079342} 159893 : { SELL 20401.58@0.8079342} 
Mon Nov 17 19:49:39 EST 2014 , 4 , 2 , 2 , 159896 : { BUY 4505.31@0.80470892} 159895 : { BUY 4505.31@0.80470892} 159894 : { SELL 20401.58@0.8079342} 159893 : { SELL 20401.58@0.8079342} 
Mon Nov 17 19:52:40 EST 2014 , 4 , 2 , 2 , 159896 : { BUY 4505.31@0.80470892} 159895 : { BUY 4505.31@0.80470892} 159894 : { SELL 20401.58@0.8079342} 159893 : { SELL 20401.58@0.8079342} 
Mon Nov 17 19:55:41 EST 2014 , 4 , 2 , 2 , 159896 : { BUY 4505.31@0.80470892} 159895 : { BUY 4505.31@0.80470892} 159894 : { SELL 20401.58@0.8079342} 159893 : { SELL 20401.58@0.8079342} 
Mon Nov 17 19:58:42 EST 2014 , 4 , 2 , 2 , 159896 : { BUY 4505.31@0.80470892} 159895 : { BUY 4505.31@0.80470892} 159894 : { SELL 20401.58@0.8079342} 159893 : { SELL 20401.58@0.8079342} 
Mon Nov 17 20:01:43 EST 2014 , 4 , 2 , 2 , 159896 : { BUY 4505.31@0.80470892} 159895 : { BUY 4505.31@0.80470892} 159894 : { SELL 20401.58@0.8079342} 159893 : { SELL 20401.58@0.8079342} 
Mon Nov 17 20:04:44 EST 2014 , 4 , 2 , 2 , 159896 : { BUY 4505.31@0.80470892} 159895 : { BUY 4505.31@0.80470892} 159894 : { SELL 20401.58@0.8079342} 159893 : { SELL 20401.58@0.8079342} 
Mon Nov 17 20:07:45 EST 2014 , 4 , 2 , 2 , 159896 : { BUY 4505.31@0.80470892} 159895 : { BUY 4505.31@0.80470892} 159894 : { SELL 20401.58@0.8079342} 159893 : { SELL 20401.58@0.8079342} 
Mon Nov 17 20:10:46 EST 2014 , 4 , 2 , 2 , 159896 : { BUY 4505.31@0.80470892} 159895 : { BUY 4505.31@0.80470892} 159894 : { SELL 20401.58@0.8079342} 159893 : { SELL 20401.58@0.8079342} 
Mon Nov 17 20:13:47 EST 2014 , 4 , 2 , 2 , 159896 : { BUY 4505.31@0.80470892} 159895 : { BUY 4505.31@0.80470892} 159894 : { SELL 20401.58@0.8079342} 159893 : { SELL 20401.58@0.8079342} 
Mon Nov 17 20:16:48 EST 2014 , 4 , 2 , 2 , 159896 : { BUY 4505.31@0.80470892} 159895 : { BUY 4505.31@0.80470892} 159894 : { SELL 20401.58@0.8079342} 159893 : { SELL 20401.58@0.8079342} 
Mon Nov 17 20:19:49 EST 2014 , 4 , 2 , 2 , 159896 : { BUY 4505.31@0.80470892} 159895 : { BUY 4505.31@0.80470892} 159894 : { SELL 20401.58@0.8079342} 159893 : { SELL 20401.58@0.8079342} 
Mon Nov 17 20:22:50 EST 2014 , 4 , 2 , 2 , 159896 : { BUY 4505.31@0.80470892} 159895 : { BUY 4505.31@0.80470892} 159894 : { SELL 20401.58@0.8079342} 159893 : { SELL 20401.58@0.8079342} 
Mon Nov 17 20:25:51 EST 2014 , 4 , 2 , 2 , 159896 : { BUY 4505.31@0.80470892} 159895 : { BUY 4505.31@0.80470892} 159894 : { SELL 20401.58@0.8079342} 159893 : { SELL 20401.58@0.8079342} 
Mon Nov 17 20:28:52 EST 2014 , 4 , 2 , 2 , 159896 : { BUY 4505.31@0.80470892} 159895 : { BUY 4505.31@0.80470892} 159894 : { SELL 20401.58@0.8079342} 159893 : { SELL 20401.58@0.8079342} 
Mon Nov 17 20:31:53 EST 2014 , 4 , 2 , 2 , 159896 : { BUY 4505.31@0.80470892} 159895 : { BUY 4505.31@0.80470892} 159894 : { SELL 20401.58@0.8079342} 159893 : { SELL 20401.58@0.8079342} 
Mon Nov 17 20:34:54 EST 2014 , 4 , 2 , 2 , 159896 : { BUY 4505.31@0.80470892} 159895 : { BUY 4505.31@0.80470892} 159894 : { SELL 20401.58@0.8079342} 159893 : { SELL 20401.58@0.8079342} 
Mon Nov 17 20:37:55 EST 2014 , 4 , 2 , 2 , 159896 : { BUY 4505.31@0.80470892} 159895 : { BUY 4505.31@0.80470892} 159894 : { SELL 20401.58@0.8079342} 159893 : { SELL 20401.58@0.8079342} 
Mon Nov 17 20:40:56 EST 2014 , 4 , 2 , 2 , 159896 : { BUY 4505.31@0.80470892} 159895 : { BUY 4505.31@0.80470892} 159894 : { SELL 20401.58@0.8079342} 159893 : { SELL 20401.58@0.8079342} 
Mon Nov 17 20:43:57 EST 2014 , 4 , 2 , 2 , 159896 : { BUY 4505.31@0.80470892} 159895 : { BUY 4505.31@0.80470892} 159894 : { SELL 20401.58@0.8079342} 159893 : { SELL 20401.58@0.8079342} 
Mon Nov 17 20:46:58 EST 2014 , 4 , 2 , 2 , 159896 : { BUY 4505.31@0.80470892} 159895 : { BUY 4505.31@0.80470892} 159894 : { SELL 20401.58@0.8079342} 159893 : { SELL 20401.58@0.8079342} 
Mon Nov 17 20:50:00 EST 2014 , 4 , 2 , 2 , 159896 : { BUY 4505.31@0.80470892} 159895 : { BUY 4505.31@0.80470892} 159894 : { SELL 20401.58@0.8079342} 159893 : { SELL 20401.58@0.8079342} 
Mon Nov 17 20:53:00 EST 2014 , 4 , 2 , 2 , 159896 : { BUY 4505.31@0.80470892} 159895 : { BUY 4505.31@0.80470892} 159894 : { SELL 20401.58@0.8079342} 159893 : { SELL 20401.58@0.8079342} 
Mon Nov 17 20:56:01 EST 2014 , 4 , 2 , 2 , 159896 : { BUY 4505.31@0.80470892} 159895 : { BUY 4505.31@0.80470892} 159894 : { SELL 20401.58@0.8079342} 159893 : { SELL 20401.58@0.8079342} 
Mon Nov 17 20:59:02 EST 2014 , 4 , 2 , 2 , 159896 : { BUY 4505.31@0.80470892} 159895 : { BUY 4505.31@0.80470892} 159894 : { SELL 20401.58@0.8079342} 159893 : { SELL 20401.58@0.8079342} 
Mon Nov 17 21:02:03 EST 2014 , 4 , 2 , 2 , 159896 : { BUY 4505.31@0.80470892} 159895 : { BUY 4505.31@0.80470892} 159894 : { SELL 20401.58@0.8079342} 159893 : { SELL 20401.58@0.8079342} 
Mon Nov 17 21:05:04 EST 2014 , 4 , 2 , 2 , 159896 : { BUY 4505.31@0.80470892} 159895 : { BUY 4505.31@0.80470892} 159894 : { SELL 20401.58@0.8079342} 159893 : { SELL 20401.58@0.8079342} 
Mon Nov 17 21:08:05 EST 2014 , 4 , 2 , 2 , 159896 : { BUY 4505.31@0.80470892} 159895 : { BUY 4505.31@0.80470892} 159894 : { SELL 20401.58@0.8079342} 159893 : { SELL 20401.58@0.8079342} 
Mon Nov 17 21:11:06 EST 2014 , 4 , 2 , 2 , 159896 : { BUY 4505.31@0.80470892} 159895 : { BUY 4505.31@0.80470892} 159894 : { SELL 20401.58@0.8079342} 159893 : { SELL 20401.58@0.8079342} 
Mon Nov 17 21:14:07 EST 2014 , 4 , 2 , 2 , 159896 : { BUY 4505.31@0.80470892} 159895 : { BUY 4505.31@0.80470892} 159894 : { SELL 20401.58@0.8079342} 159893 : { SELL 20401.58@0.8079342} 
Mon Nov 17 21:17:08 EST 2014 , 4 , 2 , 2 , 159896 : { BUY 4505.31@0.80470892} 159895 : { BUY 4505.31@0.80470892} 159894 : { SELL 20401.58@0.8079342} 159893 : { SELL 20401.58@0.8079342} 
Mon Nov 17 21:20:09 EST 2014 , 4 , 2 , 2 , 159896 : { BUY 4505.31@0.80470892} 159895 : { BUY 4505.31@0.80470892} 159894 : { SELL 20401.58@0.8079342} 159893 : { SELL 20401.58@0.8079342} 
Mon Nov 17 21:23:10 EST 2014 , 4 , 2 , 2 , 159896 : { BUY 4505.31@0.80470892} 159895 : { BUY 4505.31@0.80470892} 159894 : { SELL 20401.58@0.8079342} 159893 : { SELL 20401.58@0.8079342} 
Mon Nov 17 21:26:11 EST 2014 , 4 , 2 , 2 , 159896 : { BUY 4505.31@0.80470892} 159895 : { BUY 4505.31@0.80470892} 159894 : { SELL 20401.58@0.8079342} 159893 : { SELL 20401.58@0.8079342} 
Mon Nov 17 21:29:12 EST 2014 , 4 , 2 , 2 , 159896 : { BUY 4505.31@0.80470892} 159895 : { BUY 4505.31@0.80470892} 159894 : { SELL 20401.58@0.8079342} 159893 : { SELL 20401.58@0.8079342} 
Mon Nov 17 21:32:13 EST 2014 , 4 , 2 , 2 , 159896 : { BUY 4505.31@0.80470892} 159895 : { BUY 4505.31@0.80470892} 159894 : { SELL 20401.58@0.8079342} 159893 : { SELL 20401.58@0.8079342} 
Mon Nov 17 21:35:14 EST 2014 , 4 , 2 , 2 , 159896 : { BUY 4505.31@0.80470892} 159895 : { BUY 4505.31@0.80470892} 159894 : { SELL 20401.58@0.8079342} 159893 : { SELL 20401.58@0.8079342} 
Mon Nov 17 21:38:15 EST 2014 , 4 , 2 , 2 , 159896 : { BUY 4505.31@0.80470892} 159895 : { BUY 4505.31@0.80470892} 159894 : { SELL 20401.58@0.8079342} 159893 : { SELL 20401.58@0.8079342} 
Mon Nov 17 21:41:16 EST 2014 , 4 , 2 , 2 , 159896 : { BUY 4505.31@0.80470892} 159895 : { BUY 4505.31@0.80470892} 159894 : { SELL 20401.58@0.8079342} 159893 : { SELL 20401.58@0.8079342} 
Mon Nov 17 21:44:17 EST 2014 , 4 , 2 , 2 , 159896 : { BUY 4505.31@0.80470892} 159895 : { BUY 4505.31@0.80470892} 159894 : { SELL 20401.58@0.8079342} 159893 : { SELL 20401.58@0.8079342} 
Mon Nov 17 21:47:18 EST 2014 , 4 , 2 , 2 , 159896 : { BUY 4505.31@0.80470892} 159895 : { BUY 4505.31@0.80470892} 159894 : { SELL 20401.58@0.8079342} 159893 : { SELL 20401.58@0.8079342} 
Mon Nov 17 21:50:19 EST 2014 , 4 , 2 , 2 , 159896 : { BUY 4505.31@0.80470892} 159895 : { BUY 4505.31@0.80470892} 159894 : { SELL 20401.58@0.8079342} 159893 : { SELL 20401.58@0.8079342} 
Mon Nov 17 21:53:20 EST 2014 , 4 , 2 , 2 , 159896 : { BUY 4505.31@0.80470892} 159895 : { BUY 4505.31@0.80470892} 159894 : { SELL 20401.58@0.8079342} 159893 : { SELL 20401.58@0.8079342} 
Mon Nov 17 21:56:21 EST 2014 , 4 , 2 , 2 , 159896 : { BUY 4505.31@0.80470892} 159895 : { BUY 4505.31@0.80470892} 159894 : { SELL 20401.58@0.8079342} 159893 : { SELL 20401.58@0.8079342} 
Mon Nov 17 21:59:22 EST 2014 , 4 , 2 , 2 , 159896 : { BUY 4505.31@0.80470892} 159895 : { BUY 4505.31@0.80470892} 159894 : { SELL 20401.58@0.8079342} 159893 : { SELL 20401.58@0.8079342} 
Mon Nov 17 22:02:23 EST 2014 , 4 , 2 , 2 , 159896 : { BUY 4505.31@0.80470892} 159895 : { BUY 4505.31@0.80470892} 159894 : { SELL 20401.58@0.8079342} 159893 : { SELL 20401.58@0.8079342} 
Mon Nov 17 22:05:24 EST 2014 , 4 , 2 , 2 , 159896 : { BUY 4505.31@0.80470892} 159895 : { BUY 4505.31@0.80470892} 159894 : { SELL 20401.58@0.8079342} 159893 : { SELL 20401.58@0.8079342} 
Mon Nov 17 22:08:25 EST 2014 , 4 , 2 , 2 , 159896 : { BUY 4505.31@0.80470892} 159895 : { BUY 4505.31@0.80470892} 159894 : { SELL 20401.58@0.8079342} 159893 : { SELL 20401.58@0.8079342} 
Mon Nov 17 22:11:26 EST 2014 , 4 , 2 , 2 , 159896 : { BUY 4505.31@0.80470892} 159895 : { BUY 4505.31@0.80470892} 159894 : { SELL 20401.58@0.8079342} 159893 : { SELL 20401.58@0.8079342} 
Mon Nov 17 22:14:27 EST 2014 , 4 , 2 , 2 , 159896 : { BUY 4505.31@0.80470892} 159895 : { BUY 4505.31@0.80470892} 159894 : { SELL 20401.58@0.8079342} 159893 : { SELL 20401.58@0.8079342} 
Mon Nov 17 22:17:28 EST 2014 , 4 , 2 , 2 , 159896 : { BUY 4505.31@0.80470892} 159895 : { BUY 4505.31@0.80470892} 159894 : { SELL 20401.58@0.8079342} 159893 : { SELL 20401.58@0.8079342} 
Mon Nov 17 22:20:29 EST 2014 , 4 , 2 , 2 , 159896 : { BUY 4505.31@0.80470892} 159895 : { BUY 4505.31@0.80470892} 159894 : { SELL 20401.58@0.8079342} 159893 : { SELL 20401.58@0.8079342} 
Mon Nov 17 22:23:30 EST 2014 , 4 , 2 , 2 , 159896 : { BUY 4505.31@0.80470892} 159895 : { BUY 4505.31@0.80470892} 159894 : { SELL 20401.58@0.8079342} 159893 : { SELL 20401.58@0.8079342} 
Mon Nov 17 22:26:31 EST 2014 , 4 , 2 , 2 , 159896 : { BUY 4505.31@0.80470892} 159895 : { BUY 4505.31@0.80470892} 159894 : { SELL 20401.58@0.8079342} 159893 : { SELL 20401.58@0.8079342} 
Mon Nov 17 22:29:32 EST 2014 , 4 , 2 , 2 , 159896 : { BUY 4505.31@0.80470892} 159895 : { BUY 4505.31@0.80470892} 159894 : { SELL 20401.58@0.8079342} 159893 : { SELL 20401.58@0.8079342} 
Mon Nov 17 22:32:33 EST 2014 , 4 , 2 , 2 , 159896 : { BUY 4505.31@0.80470892} 159895 : { BUY 4505.31@0.80470892} 159894 : { SELL 20401.58@0.8079342} 159893 : { SELL 20401.58@0.8079342} 
Mon Nov 17 22:35:34 EST 2014 , 4 , 2 , 2 , 159896 : { BUY 4505.31@0.80470892} 159895 : { BUY 4505.31@0.80470892} 159894 : { SELL 20401.58@0.8079342} 159893 : { SELL 20401.58@0.8079342} 
Mon Nov 17 22:38:35 EST 2014 , 4 , 2 , 2 , 159896 : { BUY 4505.31@0.80470892} 159895 : { BUY 4505.31@0.80470892} 159894 : { SELL 20401.58@0.8079342} 159893 : { SELL 20401.58@0.8079342} 
Mon Nov 17 22:41:36 EST 2014 , 4 , 2 , 2 , 159896 : { BUY 4505.31@0.80470892} 159895 : { BUY 4505.31@0.80470892} 159894 : { SELL 20401.58@0.8079342} 159893 : { SELL 20401.58@0.8079342} 
Mon Nov 17 22:44:37 EST 2014 , 4 , 2 , 2 , 159896 : { BUY 4505.31@0.80470892} 159895 : { BUY 4505.31@0.80470892} 159894 : { SELL 20401.58@0.8079342} 159893 : { SELL 20401.58@0.8079342} 
Mon Nov 17 22:47:38 EST 2014 , 4 , 2 , 2 , 159896 : { BUY 4505.31@0.80470892} 159895 : { BUY 4505.31@0.80470892} 159894 : { SELL 20401.58@0.8079342} 159893 : { SELL 20401.58@0.8079342} 
Mon Nov 17 22:50:39 EST 2014 , 4 , 2 , 2 , 159896 : { BUY 4505.31@0.80470892} 159895 : { BUY 4505.31@0.80470892} 159894 : { SELL 20401.58@0.8079342} 159893 : { SELL 20401.58@0.8079342} 
Mon Nov 17 22:53:40 EST 2014 , 4 , 2 , 2 , 159896 : { BUY 4505.31@0.80470892} 159895 : { BUY 4505.31@0.80470892} 159894 : { SELL 20401.58@0.8079342} 159893 : { SELL 20401.58@0.8079342} 
Mon Nov 17 22:56:41 EST 2014 , 4 , 2 , 2 , 159896 : { BUY 4505.31@0.80470892} 159895 : { BUY 4505.31@0.80470892} 159894 : { SELL 20401.58@0.8079342} 159893 : { SELL 20401.58@0.8079342} 
Mon Nov 17 22:59:42 EST 2014 , 4 , 2 , 2 , 159896 : { BUY 4505.31@0.80470892} 159895 : { BUY 4505.31@0.80470892} 159894 : { SELL 20401.58@0.8079342} 159893 : { SELL 20401.58@0.8079342} 
Mon Nov 17 23:02:43 EST 2014 , 4 , 2 , 2 , 159896 : { BUY 4505.31@0.80470892} 159895 : { BUY 4505.31@0.80470892} 159894 : { SELL 20401.58@0.8079342} 159893 : { SELL 20401.58@0.8079342} 
Mon Nov 17 23:05:44 EST 2014 , 4 , 2 , 2 , 159896 : { BUY 4505.31@0.80470892} 159895 : { BUY 4505.31@0.80470892} 159894 : { SELL 20401.58@0.8079342} 159893 : { SELL 20401.58@0.8079342} 
Mon Nov 17 23:08:45 EST 2014 , 4 , 2 , 2 , 159896 : { BUY 4505.31@0.80470892} 159895 : { BUY 4505.31@0.80470892} 159894 : { SELL 20401.58@0.8079342} 159893 : { SELL 20401.58@0.8079342} 
Mon Nov 17 23:11:46 EST 2014 , 4 , 2 , 2 , 159896 : { BUY 4505.31@0.80470892} 159895 : { BUY 4505.31@0.80470892} 159894 : { SELL 20401.58@0.8079342} 159893 : { SELL 20401.58@0.8079342} 
Mon Nov 17 23:14:47 EST 2014 , 4 , 2 , 2 , 159896 : { BUY 4505.31@0.80470892} 159895 : { BUY 4505.31@0.80470892} 159894 : { SELL 20401.58@0.8079342} 159893 : { SELL 20401.58@0.8079342} 
Mon Nov 17 23:17:48 EST 2014 , 4 , 2 , 2 , 159896 : { BUY 4505.31@0.80470892} 159895 : { BUY 4505.31@0.80470892} 159894 : { SELL 20401.58@0.8079342} 159893 : { SELL 20401.58@0.8079342} 
Mon Nov 17 23:20:49 EST 2014 , 4 , 2 , 2 , 159896 : { BUY 4505.31@0.80470892} 159895 : { BUY 4505.31@0.80470892} 159894 : { SELL 20401.58@0.8079342} 159893 : { SELL 20401.58@0.8079342} 
Mon Nov 17 23:23:50 EST 2014 , 4 , 2 , 2 , 159896 : { BUY 4505.31@0.80470892} 159895 : { BUY 4505.31@0.80470892} 159894 : { SELL 20401.58@0.8079342} 159893 : { SELL 20401.58@0.8079342} 
Mon Nov 17 23:26:51 EST 2014 , 4 , 2 , 2 , 159896 : { BUY 4505.31@0.80470892} 159895 : { BUY 4505.31@0.80470892} 159894 : { SELL 20401.58@0.8079342} 159893 : { SELL 20401.58@0.8079342} 
Mon Nov 17 23:29:52 EST 2014 , 4 , 2 , 2 , 159896 : { BUY 4505.31@0.80470892} 159895 : { BUY 4505.31@0.80470892} 159894 : { SELL 20401.58@0.8079342} 159893 : { SELL 20401.58@0.8079342} 
Mon Nov 17 23:32:53 EST 2014 , 4 , 2 , 2 , 159896 : { BUY 4505.31@0.80470892} 159895 : { BUY 4505.31@0.80470892} 159894 : { SELL 20401.58@0.8079342} 159893 : { SELL 20401.58@0.8079342} 
Mon Nov 17 23:35:54 EST 2014 , 4 , 2 , 2 , 159896 : { BUY 4505.31@0.80470892} 159895 : { BUY 4505.31@0.80470892} 159894 : { SELL 20401.58@0.8079342} 159893 : { SELL 20401.58@0.8079342} 
Mon Nov 17 23:38:55 EST 2014 , 4 , 2 , 2 , 159896 : { BUY 4505.31@0.80470892} 159895 : { BUY 4505.31@0.80470892} 159894 : { SELL 20401.58@0.8079342} 159893 : { SELL 20401.58@0.8079342} 
Mon Nov 17 23:41:56 EST 2014 , 4 , 2 , 2 , 159896 : { BUY 4505.31@0.80470892} 159895 : { BUY 4505.31@0.80470892} 159894 : { SELL 20401.58@0.8079342} 159893 : { SELL 20401.58@0.8079342} 
Mon Nov 17 23:44:57 EST 2014 , 4 , 2 , 2 , 159896 : { BUY 4505.31@0.80470892} 159895 : { BUY 4505.31@0.80470892} 159894 : { SELL 20401.58@0.8079342} 159893 : { SELL 20401.58@0.8079342} 
Mon Nov 17 23:47:58 EST 2014 , 4 , 2 , 2 , 159896 : { BUY 4505.31@0.80470892} 159895 : { BUY 4505.31@0.80470892} 159894 : { SELL 20401.58@0.8079342} 159893 : { SELL 20401.58@0.8079342} 
Mon Nov 17 23:50:59 EST 2014 , 4 , 2 , 2 , 159896 : { BUY 4505.31@0.80470892} 159895 : { BUY 4505.31@0.80470892} 159894 : { SELL 20401.58@0.8079342} 159893 : { SELL 20401.58@0.8079342} 
Mon Nov 17 23:54:00 EST 2014 , 4 , 2 , 2 , 159896 : { BUY 4505.31@0.80470892} 159895 : { BUY 4505.31@0.80470892} 159894 : { SELL 20401.58@0.8079342} 159893 : { SELL 20401.58@0.8079342} 
Mon Nov 17 23:57:01 EST 2014 , 4 , 2 , 2 , 159896 : { BUY 4505.31@0.80470892} 159895 : { BUY 4505.31@0.80470892} 159894 : { SELL 20401.58@0.8079342} 159893 : { SELL 20401.58@0.8079342} 
Tue Nov 18 00:00:02 EST 2014 , 4 , 2 , 2 , 159896 : { BUY 4505.31@0.80470892} 159895 : { BUY 4505.31@0.80470892} 159894 : { SELL 20401.58@0.8079342} 159893 : { SELL 20401.58@0.8079342} 
Tue Nov 18 00:03:03 EST 2014 , 4 , 2 , 2 , 159896 : { BUY 4505.31@0.80470892} 159895 : { BUY 4505.31@0.80470892} 159894 : { SELL 20401.58@0.8079342} 159893 : { SELL 20401.58@0.8079342} 
Tue Nov 18 00:06:04 EST 2014 , 4 , 2 , 2 , 159896 : { BUY 4505.31@0.80470892} 159895 : { BUY 4505.31@0.80470892} 159894 : { SELL 20401.58@0.8079342} 159893 : { SELL 20401.58@0.8079342} 
Tue Nov 18 00:09:05 EST 2014 , 4 , 2 , 2 , 159896 : { BUY 4505.31@0.80470892} 159895 : { BUY 4505.31@0.80470892} 159894 : { SELL 20401.58@0.8079342} 159893 : { SELL 20401.58@0.8079342} 
Tue Nov 18 00:12:06 EST 2014 , 4 , 2 , 2 , 159896 : { BUY 4505.31@0.80470892} 159895 : { BUY 4505.31@0.80470892} 159894 : { SELL 20401.58@0.8079342} 159893 : { SELL 20401.58@0.8079342} 
Tue Nov 18 00:15:07 EST 2014 , 4 , 2 , 2 , 159896 : { BUY 4505.31@0.80470892} 159895 : { BUY 4505.31@0.80470892} 159894 : { SELL 20401.58@0.8079342} 159893 : { SELL 20401.58@0.8079342} 
Tue Nov 18 00:18:08 EST 2014 , 4 , 2 , 2 , 159896 : { BUY 4505.31@0.80470892} 159895 : { BUY 4505.31@0.80470892} 159894 : { SELL 20401.58@0.8079342} 159893 : { SELL 20401.58@0.8079342} 
Tue Nov 18 00:21:09 EST 2014 , 4 , 2 , 2 , 159896 : { BUY 4505.31@0.80470892} 159895 : { BUY 4505.31@0.80470892} 159894 : { SELL 20401.58@0.8079342} 159893 : { SELL 20401.58@0.8079342} 
Tue Nov 18 00:24:10 EST 2014 , 4 , 2 , 2 , 159896 : { BUY 4505.31@0.80470892} 159895 : { BUY 4505.31@0.80470892} 159894 : { SELL 20401.58@0.8079342} 159893 : { SELL 20401.58@0.8079342} 
Tue Nov 18 00:27:11 EST 2014 , 4 , 2 , 2 , 159896 : { BUY 4505.31@0.80470892} 159895 : { BUY 4505.31@0.80470892} 159894 : { SELL 20401.58@0.8079342} 159893 : { SELL 20401.58@0.8079342} 
Tue Nov 18 00:30:12 EST 2014 , 4 , 2 , 2 , 159896 : { BUY 4505.31@0.80470892} 159895 : { BUY 4505.31@0.80470892} 159894 : { SELL 20401.58@0.8079342} 159893 : { SELL 20401.58@0.8079342} 
Tue Nov 18 00:33:13 EST 2014 , 4 , 2 , 2 , 159896 : { BUY 4505.31@0.80470892} 159895 : { BUY 4505.31@0.80470892} 159894 : { SELL 20401.58@0.8079342} 159893 : { SELL 20401.58@0.8079342} 
Tue Nov 18 00:36:14 EST 2014 , 4 , 2 , 2 , 159896 : { BUY 4505.31@0.80470892} 159895 : { BUY 4505.31@0.80470892} 159894 : { SELL 20401.58@0.8079342} 159893 : { SELL 20401.58@0.8079342} 
Tue Nov 18 00:39:15 EST 2014 , 4 , 2 , 2 , 159896 : { BUY 4505.31@0.80470892} 159895 : { BUY 4505.31@0.80470892} 159894 : { SELL 20401.58@0.8079342} 159893 : { SELL 20401.58@0.8079342} 
Tue Nov 18 00:42:16 EST 2014 , 4 , 2 , 2 , 159896 : { BUY 4505.31@0.80470892} 159895 : { BUY 4505.31@0.80470892} 159894 : { SELL 20401.58@0.8079342} 159893 : { SELL 20401.58@0.8079342} 
Tue Nov 18 00:45:17 EST 2014 , 4 , 2 , 2 , 159896 : { BUY 4505.31@0.80470892} 159895 : { BUY 4505.31@0.80470892} 159894 : { SELL 20401.58@0.8079342} 159893 : { SELL 20401.58@0.8079342} 
Tue Nov 18 00:48:18 EST 2014 , 4 , 2 , 2 , 159896 : { BUY 4505.31@0.80470892} 159895 : { BUY 4505.31@0.80470892} 159894 : { SELL 20401.58@0.8079342} 159893 : { SELL 20401.58@0.8079342} 
Tue Nov 18 00:51:19 EST 2014 , 4 , 2 , 2 , 159896 : { BUY 4505.31@0.80470892} 159895 : { BUY 4505.31@0.80470892} 159894 : { SELL 20401.58@0.8079342} 159893 : { SELL 20401.58@0.8079342} 
Tue Nov 18 00:54:20 EST 2014 , 4 , 2 , 2 , 159896 : { BUY 4505.31@0.80470892} 159895 : { BUY 4505.31@0.80470892} 159894 : { SELL 20401.58@0.8079342} 159893 : { SELL 20401.58@0.8079342} 
Tue Nov 18 00:57:21 EST 2014 , 4 , 2 , 2 , 159896 : { BUY 4505.31@0.80470892} 159895 : { BUY 4505.31@0.80470892} 159894 : { SELL 20401.58@0.8079342} 159893 : { SELL 20401.58@0.8079342} 
Tue Nov 18 01:00:22 EST 2014 , 4 , 2 , 2 , 159896 : { BUY 4505.31@0.80470892} 159895 : { BUY 4505.31@0.80470892} 159894 : { SELL 20401.58@0.8079342} 159893 : { SELL 20401.58@0.8079342} 
Tue Nov 18 01:03:23 EST 2014 , 4 , 2 , 2 , 159896 : { BUY 4505.31@0.80470892} 159895 : { BUY 4505.31@0.80470892} 159894 : { SELL 20401.58@0.8079342} 159893 : { SELL 20401.58@0.8079342} 
Tue Nov 18 01:06:24 EST 2014 , 4 , 2 , 2 , 159896 : { BUY 4505.31@0.80470892} 159895 : { BUY 4505.31@0.80470892} 159894 : { SELL 20401.58@0.8079342} 159893 : { SELL 20401.58@0.8079342} 
Tue Nov 18 01:09:25 EST 2014 , 4 , 2 , 2 , 159896 : { BUY 4505.31@0.80470892} 159895 : { BUY 4505.31@0.80470892} 159894 : { SELL 20401.58@0.8079342} 159893 : { SELL 20401.58@0.8079342} 
Tue Nov 18 01:12:26 EST 2014 , 4 , 2 , 2 , 159896 : { BUY 4505.31@0.80470892} 159895 : { BUY 4505.31@0.80470892} 159894 : { SELL 20401.58@0.8079342} 159893 : { SELL 20401.58@0.8079342} 
Tue Nov 18 01:15:27 EST 2014 , 4 , 2 , 2 , 159896 : { BUY 4505.31@0.80470892} 159895 : { BUY 4505.31@0.80470892} 159894 : { SELL 20401.58@0.8079342} 159893 : { SELL 20401.58@0.8079342} 
Tue Nov 18 01:18:28 EST 2014 , 4 , 2 , 2 , 159896 : { BUY 4505.31@0.80470892} 159895 : { BUY 4505.31@0.80470892} 159894 : { SELL 20401.58@0.8079342} 159893 : { SELL 20401.58@0.8079342} 
Tue Nov 18 01:21:29 EST 2014 , 4 , 2 , 2 , 159896 : { BUY 4505.31@0.80470892} 159895 : { BUY 4505.31@0.80470892} 159894 : { SELL 20401.58@0.8079342} 159893 : { SELL 20401.58@0.8079342} 
Tue Nov 18 01:24:30 EST 2014 , 4 , 2 , 2 , 159896 : { BUY 4505.31@0.80470892} 159895 : { BUY 4505.31@0.80470892} 159894 : { SELL 20401.58@0.8079342} 159893 : { SELL 20401.58@0.8079342} 
Tue Nov 18 01:27:31 EST 2014 , 4 , 2 , 2 , 159896 : { BUY 4505.31@0.80470892} 159895 : { BUY 4505.31@0.80470892} 159894 : { SELL 20401.58@0.8079342} 159893 : { SELL 20401.58@0.8079342} 
Tue Nov 18 01:30:32 EST 2014 , 4 , 2 , 2 , 159896 : { BUY 4505.31@0.80470892} 159895 : { BUY 4505.31@0.80470892} 159894 : { SELL 20401.58@0.8079342} 159893 : { SELL 20401.58@0.8079342} 
Tue Nov 18 01:33:33 EST 2014 , 4 , 2 , 2 , 159896 : { BUY 4505.31@0.80470892} 159895 : { BUY 4505.31@0.80470892} 159894 : { SELL 20401.58@0.8079342} 159893 : { SELL 20401.58@0.8079342} 
Tue Nov 18 01:36:34 EST 2014 , 4 , 2 , 2 , 159896 : { BUY 4505.31@0.80470892} 159895 : { BUY 4505.31@0.80470892} 159894 : { SELL 20401.58@0.8079342} 159893 : { SELL 20401.58@0.8079342} 
Tue Nov 18 01:39:35 EST 2014 , 4 , 2 , 2 , 159896 : { BUY 4505.31@0.80470892} 159895 : { BUY 4505.31@0.80470892} 159894 : { SELL 20401.58@0.8079342} 159893 : { SELL 20401.58@0.8079342} 
Tue Nov 18 01:42:36 EST 2014 , 4 , 2 , 2 , 159896 : { BUY 4505.31@0.80470892} 159895 : { BUY 4505.31@0.80470892} 159894 : { SELL 20401.58@0.8079342} 159893 : { SELL 20401.58@0.8079342} 
Tue Nov 18 01:45:37 EST 2014 , 4 , 2 , 2 , 159896 : { BUY 4505.31@0.80470892} 159895 : { BUY 4505.31@0.80470892} 159894 : { SELL 20401.58@0.8079342} 159893 : { SELL 20401.58@0.8079342} 
Tue Nov 18 01:48:38 EST 2014 , 4 , 2 , 2 , 159896 : { BUY 4505.31@0.80470892} 159895 : { BUY 4505.31@0.80470892} 159894 : { SELL 20401.58@0.8079342} 159893 : { SELL 20401.58@0.8079342} 
Tue Nov 18 01:51:40 EST 2014 , 4 , 2 , 2 , 159896 : { BUY 4505.31@0.80470892} 159895 : { BUY 4505.31@0.80470892} 159894 : { SELL 20401.58@0.8079342} 159893 : { SELL 20401.58@0.8079342} 
Tue Nov 18 01:54:40 EST 2014 , 4 , 2 , 2 , 159896 : { BUY 4505.31@0.80470892} 159895 : { BUY 4505.31@0.80470892} 159894 : { SELL 20401.58@0.8079342} 159893 : { SELL 20401.58@0.8079342} 
Tue Nov 18 01:57:41 EST 2014 , 4 , 2 , 2 , 159896 : { BUY 4505.31@0.80470892} 159895 : { BUY 4505.31@0.80470892} 159894 : { SELL 20401.58@0.8079342} 159893 : { SELL 20401.58@0.8079342} 
Tue Nov 18 02:00:42 EST 2014 , 4 , 2 , 2 , 159896 : { BUY 4505.31@0.80470892} 159895 : { BUY 4505.31@0.80470892} 159894 : { SELL 20401.58@0.8079342} 159893 : { SELL 20401.58@0.8079342} 
Tue Nov 18 02:03:43 EST 2014 , 4 , 2 , 2 , 159896 : { BUY 4505.31@0.80470892} 159895 : { BUY 4505.31@0.80470892} 159894 : { SELL 20401.58@0.8079342} 159893 : { SELL 20401.58@0.8079342} 
Tue Nov 18 02:06:44 EST 2014 , 4 , 2 , 2 , 159896 : { BUY 4505.31@0.80470892} 159895 : { BUY 4505.31@0.80470892} 159894 : { SELL 20401.58@0.8079342} 159893 : { SELL 20401.58@0.8079342} 
Tue Nov 18 02:09:45 EST 2014 , 4 , 2 , 2 , 159896 : { BUY 4505.31@0.80470892} 159895 : { BUY 4505.31@0.80470892} 159894 : { SELL 20401.58@0.8079342} 159893 : { SELL 20401.58@0.8079342} 
Tue Nov 18 02:12:46 EST 2014 , 4 , 2 , 2 , 159896 : { BUY 4505.31@0.80470892} 159895 : { BUY 4505.31@0.80470892} 159894 : { SELL 20401.58@0.8079342} 159893 : { SELL 20401.58@0.8079342} 
Tue Nov 18 02:15:47 EST 2014 , 4 , 2 , 2 , 159896 : { BUY 4505.31@0.80470892} 159895 : { BUY 4505.31@0.80470892} 159894 : { SELL 20401.58@0.8079342} 159893 : { SELL 20401.58@0.8079342} 
Tue Nov 18 02:18:48 EST 2014 , 4 , 2 , 2 , 159896 : { BUY 4505.31@0.80470892} 159895 : { BUY 4505.31@0.80470892} 159894 : { SELL 20401.58@0.8079342} 159893 : { SELL 20401.58@0.8079342} 
Tue Nov 18 02:21:49 EST 2014 , 4 , 2 , 2 , 159896 : { BUY 4505.31@0.80470892} 159895 : { BUY 4505.31@0.80470892} 159894 : { SELL 20401.58@0.8079342} 159893 : { SELL 20401.58@0.8079342} 
Tue Nov 18 02:24:50 EST 2014 , 4 , 2 , 2 , 159896 : { BUY 4505.31@0.80470892} 159895 : { BUY 4505.31@0.80470892} 159894 : { SELL 20401.58@0.8079342} 159893 : { SELL 20401.58@0.8079342} 
Tue Nov 18 02:27:51 EST 2014 , 4 , 2 , 2 , 159896 : { BUY 4505.31@0.80470892} 159895 : { BUY 4505.31@0.80470892} 159894 : { SELL 20401.58@0.8079342} 159893 : { SELL 20401.58@0.8079342} 
Tue Nov 18 02:30:52 EST 2014 , 4 , 2 , 2 , 159896 : { BUY 4505.31@0.80470892} 159895 : { BUY 4505.31@0.80470892} 159894 : { SELL 20401.58@0.8079342} 159893 : { SELL 20401.58@0.8079342} 
Tue Nov 18 02:33:53 EST 2014 , 4 , 2 , 2 , 159896 : { BUY 4505.31@0.80470892} 159895 : { BUY 4505.31@0.80470892} 159894 : { SELL 20401.58@0.8079342} 159893 : { SELL 20401.58@0.8079342} 
Tue Nov 18 02:36:54 EST 2014 , 4 , 2 , 2 , 159896 : { BUY 4505.31@0.80470892} 159895 : { BUY 4505.31@0.80470892} 159894 : { SELL 20401.58@0.8079342} 159893 : { SELL 20401.58@0.8079342} 
Tue Nov 18 02:39:55 EST 2014 , 4 , 2 , 2 , 159896 : { BUY 4505.31@0.80470892} 159895 : { BUY 4505.31@0.80470892} 159894 : { SELL 20401.58@0.8079342} 159893 : { SELL 20401.58@0.8079342} 
Tue Nov 18 02:42:56 EST 2014 , 4 , 2 , 2 , 159896 : { BUY 4505.31@0.80470892} 159895 : { BUY 4505.31@0.80470892} 159894 : { SELL 20401.58@0.8079342} 159893 : { SELL 20401.58@0.8079342} 
Tue Nov 18 02:45:57 EST 2014 , 4 , 2 , 2 , 159896 : { BUY 4505.31@0.80470892} 159895 : { BUY 4505.31@0.80470892} 159894 : { SELL 20401.58@0.8079342} 159893 : { SELL 20401.58@0.8079342} 
Tue Nov 18 02:48:58 EST 2014 , 4 , 2 , 2 , 159896 : { BUY 4505.31@0.80470892} 159895 : { BUY 4505.31@0.80470892} 159894 : { SELL 20401.58@0.8079342} 159893 : { SELL 20401.58@0.8079342} 
Tue Nov 18 02:51:59 EST 2014 , 4 , 2 , 2 , 159896 : { BUY 4505.31@0.80470892} 159895 : { BUY 4505.31@0.80470892} 159894 : { SELL 20401.58@0.8079342} 159893 : { SELL 20401.58@0.8079342} 
Tue Nov 18 02:55:00 EST 2014 , 4 , 2 , 2 , 159896 : { BUY 4505.31@0.80470892} 159895 : { BUY 4505.31@0.80470892} 159894 : { SELL 20401.58@0.8079342} 159893 : { SELL 20401.58@0.8079342} 
Tue Nov 18 02:58:01 EST 2014 , 4 , 2 , 2 , 159896 : { BUY 4505.31@0.80470892} 159895 : { BUY 4505.31@0.80470892} 159894 : { SELL 20401.58@0.8079342} 159893 : { SELL 20401.58@0.8079342} 
Tue Nov 18 03:01:02 EST 2014 , 4 , 2 , 2 , 159896 : { BUY 4505.31@0.80470892} 159895 : { BUY 4505.31@0.80470892} 159894 : { SELL 20401.58@0.8079342} 159893 : { SELL 20401.58@0.8079342} 
Tue Nov 18 03:04:03 EST 2014 , 4 , 2 , 2 , 159896 : { BUY 4505.31@0.80470892} 159895 : { BUY 4505.31@0.80470892} 159894 : { SELL 20401.58@0.8079342} 159893 : { SELL 20401.58@0.8079342} 
Tue Nov 18 03:07:04 EST 2014 , 4 , 2 , 2 , 159896 : { BUY 4505.31@0.80470892} 159895 : { BUY 4505.31@0.80470892} 159894 : { SELL 20401.58@0.8079342} 159893 : { SELL 20401.58@0.8079342} 
Tue Nov 18 03:10:05 EST 2014 , 4 , 2 , 2 , 159896 : { BUY 4505.31@0.80470892} 159895 : { BUY 4505.31@0.80470892} 159894 : { SELL 20401.58@0.8079342} 159893 : { SELL 20401.58@0.8079342} 
Tue Nov 18 03:13:06 EST 2014 , 4 , 2 , 2 , 159896 : { BUY 4505.31@0.80470892} 159895 : { BUY 4505.31@0.80470892} 159894 : { SELL 20401.58@0.8079342} 159893 : { SELL 20401.58@0.8079342} 
Tue Nov 18 03:16:07 EST 2014 , 4 , 2 , 2 , 159896 : { BUY 4505.31@0.80470892} 159895 : { BUY 4505.31@0.80470892} 159894 : { SELL 20401.58@0.8079342} 159893 : { SELL 20401.58@0.8079342} 
Tue Nov 18 03:19:08 EST 2014 , 4 , 2 , 2 , 159896 : { BUY 4505.31@0.80470892} 159895 : { BUY 4505.31@0.80470892} 159894 : { SELL 20401.58@0.8079342} 159893 : { SELL 20401.58@0.8079342} 
Tue Nov 18 03:22:09 EST 2014 , 4 , 2 , 2 , 159896 : { BUY 4505.31@0.80470892} 159895 : { BUY 4505.31@0.80470892} 159894 : { SELL 20401.58@0.8079342} 159893 : { SELL 20401.58@0.8079342} 
Tue Nov 18 03:25:10 EST 2014 , 4 , 2 , 2 , 159896 : { BUY 4505.31@0.80470892} 159895 : { BUY 4505.31@0.80470892} 159894 : { SELL 20401.58@0.8079342} 159893 : { SELL 20401.58@0.8079342} 
Tue Nov 18 03:28:11 EST 2014 , 4 , 2 , 2 , 159896 : { BUY 4505.31@0.80470892} 159895 : { BUY 4505.31@0.80470892} 159894 : { SELL 20401.58@0.8079342} 159893 : { SELL 20401.58@0.8079342} 
Tue Nov 18 03:31:12 EST 2014 , 4 , 2 , 2 , 159896 : { BUY 4505.31@0.80470892} 159895 : { BUY 4505.31@0.80470892} 159894 : { SELL 20401.58@0.8079342} 159893 : { SELL 20401.58@0.8079342} 
Tue Nov 18 03:34:13 EST 2014 , 4 , 2 , 2 , 159896 : { BUY 4505.31@0.80470892} 159895 : { BUY 4505.31@0.80470892} 159894 : { SELL 20401.58@0.8079342} 159893 : { SELL 20401.58@0.8079342} 
Tue Nov 18 03:37:14 EST 2014 , 4 , 2 , 2 , 159896 : { BUY 4505.31@0.80470892} 159895 : { BUY 4505.31@0.80470892} 159894 : { SELL 20401.58@0.8079342} 159893 : { SELL 20401.58@0.8079342} 
Tue Nov 18 03:40:15 EST 2014 , 4 , 2 , 2 , 159896 : { BUY 4505.31@0.80470892} 159895 : { BUY 4505.31@0.80470892} 159894 : { SELL 20401.58@0.8079342} 159893 : { SELL 20401.58@0.8079342} 
Tue Nov 18 03:43:16 EST 2014 , 4 , 2 , 2 , 159896 : { BUY 4505.31@0.80470892} 159895 : { BUY 4505.31@0.80470892} 159894 : { SELL 20401.58@0.8079342} 159893 : { SELL 20401.58@0.8079342} 
Tue Nov 18 03:46:17 EST 2014 , 4 , 2 , 2 , 159896 : { BUY 4505.31@0.80470892} 159895 : { BUY 4505.31@0.80470892} 159894 : { SELL 20401.58@0.8079342} 159893 : { SELL 20401.58@0.8079342} 
Tue Nov 18 03:49:18 EST 2014 , 4 , 2 , 2 , 159896 : { BUY 4505.31@0.80470892} 159895 : { BUY 4505.31@0.80470892} 159894 : { SELL 20401.58@0.8079342} 159893 : { SELL 20401.58@0.8079342} 
Tue Nov 18 03:52:19 EST 2014 , 4 , 2 , 2 , 159896 : { BUY 4505.31@0.80470892} 159895 : { BUY 4505.31@0.80470892} 159894 : { SELL 20401.58@0.8079342} 159893 : { SELL 20401.58@0.8079342} 
Tue Nov 18 03:55:20 EST 2014 , 4 , 2 , 2 , 159896 : { BUY 4505.31@0.80470892} 159895 : { BUY 4505.31@0.80470892} 159894 : { SELL 20401.58@0.8079342} 159893 : { SELL 20401.58@0.8079342} 
Tue Nov 18 03:58:21 EST 2014 , 4 , 2 , 2 , 159896 : { BUY 4505.31@0.80470892} 159895 : { BUY 4505.31@0.80470892} 159894 : { SELL 20401.58@0.8079342} 159893 : { SELL 20401.58@0.8079342} 
Tue Nov 18 04:01:22 EST 2014 , 4 , 2 , 2 , 159896 : { BUY 4505.31@0.80470892} 159895 : { BUY 4505.31@0.80470892} 159894 : { SELL 20401.58@0.8079342} 159893 : { SELL 20401.58@0.8079342} 
Tue Nov 18 04:04:23 EST 2014 , 4 , 2 , 2 , 159896 : { BUY 4505.31@0.80470892} 159895 : { BUY 4505.31@0.80470892} 159894 : { SELL 20401.58@0.8079342} 159893 : { SELL 20401.58@0.8079342} 
Tue Nov 18 04:07:24 EST 2014 , 4 , 2 , 2 , 159896 : { BUY 4505.31@0.80470892} 159895 : { BUY 4505.31@0.80470892} 159894 : { SELL 20401.58@0.8079342} 159893 : { SELL 20401.58@0.8079342} 
Tue Nov 18 04:10:25 EST 2014 , 4 , 2 , 2 , 159896 : { BUY 4505.31@0.80470892} 159895 : { BUY 4505.31@0.80470892} 159894 : { SELL 20401.58@0.8079342} 159893 : { SELL 20401.58@0.8079342} 
Tue Nov 18 04:13:26 EST 2014 , 4 , 2 , 2 , 159896 : { BUY 4505.31@0.80470892} 159895 : { BUY 4505.31@0.80470892} 159894 : { SELL 20401.58@0.8079342} 159893 : { SELL 20401.58@0.8079342} 
Tue Nov 18 04:16:27 EST 2014 , 4 , 2 , 2 , 159896 : { BUY 4505.31@0.80470892} 159895 : { BUY 4505.31@0.80470892} 159894 : { SELL 20401.58@0.8079342} 159893 : { SELL 20401.58@0.8079342} 
Tue Nov 18 04:19:28 EST 2014 , 4 , 2 , 2 , 159896 : { BUY 4505.31@0.80470892} 159895 : { BUY 4505.31@0.80470892} 159894 : { SELL 20401.58@0.8079342} 159893 : { SELL 20401.58@0.8079342} 
Tue Nov 18 04:22:29 EST 2014 , 4 , 2 , 2 , 159896 : { BUY 4505.31@0.80470892} 159895 : { BUY 4505.31@0.80470892} 159894 : { SELL 20401.58@0.8079342} 159893 : { SELL 20401.58@0.8079342} 
Tue Nov 18 04:25:30 EST 2014 , 4 , 2 , 2 , 159896 : { BUY 4505.31@0.80470892} 159895 : { BUY 4505.31@0.80470892} 159894 : { SELL 20401.58@0.8079342} 159893 : { SELL 20401.58@0.8079342} 
Tue Nov 18 04:28:31 EST 2014 , 4 , 2 , 2 , 159896 : { BUY 4505.31@0.80470892} 159895 : { BUY 4505.31@0.80470892} 159894 : { SELL 20401.58@0.8079342} 159893 : { SELL 20401.58@0.8079342} 
Tue Nov 18 04:31:32 EST 2014 , 4 , 2 , 2 , 159896 : { BUY 4505.31@0.80470892} 159895 : { BUY 4505.31@0.80470892} 159894 : { SELL 20401.58@0.8079342} 159893 : { SELL 20401.58@0.8079342} 
Tue Nov 18 04:34:33 EST 2014 , 4 , 2 , 2 , 159896 : { BUY 4505.31@0.80470892} 159895 : { BUY 4505.31@0.80470892} 159894 : { SELL 20401.58@0.8079342} 159893 : { SELL 20401.58@0.8079342} 
Tue Nov 18 04:37:34 EST 2014 , 4 , 2 , 2 , 159896 : { BUY 4505.31@0.80470892} 159895 : { BUY 4505.31@0.80470892} 159894 : { SELL 20401.58@0.8079342} 159893 : { SELL 20401.58@0.8079342} 
Tue Nov 18 04:40:35 EST 2014 , 4 , 2 , 2 , 159896 : { BUY 4505.31@0.80470892} 159895 : { BUY 4505.31@0.80470892} 159894 : { SELL 20401.58@0.8079342} 159893 : { SELL 20401.58@0.8079342} 
Tue Nov 18 04:43:36 EST 2014 , 4 , 2 , 2 , 159896 : { BUY 4505.31@0.80470892} 159895 : { BUY 4505.31@0.80470892} 159894 : { SELL 20401.58@0.8079342} 159893 : { SELL 20401.58@0.8079342} 
Tue Nov 18 04:46:37 EST 2014 , 4 , 2 , 2 , 159896 : { BUY 4505.31@0.80470892} 159895 : { BUY 4505.31@0.80470892} 159894 : { SELL 20401.58@0.8079342} 159893 : { SELL 20401.58@0.8079342} 
Tue Nov 18 04:49:38 EST 2014 , 4 , 2 , 2 , 159896 : { BUY 4505.31@0.80470892} 159895 : { BUY 4505.31@0.80470892} 159894 : { SELL 20401.58@0.8079342} 159893 : { SELL 20401.58@0.8079342} 
Tue Nov 18 04:52:39 EST 2014 , 4 , 2 , 2 , 159896 : { BUY 4505.31@0.80470892} 159895 : { BUY 4505.31@0.80470892} 159894 : { SELL 20401.58@0.8079342} 159893 : { SELL 20401.58@0.8079342} 
Tue Nov 18 04:55:40 EST 2014 , 4 , 2 , 2 , 159896 : { BUY 4505.31@0.80470892} 159895 : { BUY 4505.31@0.80470892} 159894 : { SELL 20401.58@0.8079342} 159893 : { SELL 20401.58@0.8079342} 
Tue Nov 18 04:58:41 EST 2014 , 4 , 2 , 2 , 159896 : { BUY 4505.31@0.80470892} 159895 : { BUY 4505.31@0.80470892} 159894 : { SELL 20401.58@0.8079342} 159893 : { SELL 20401.58@0.8079342} 
Tue Nov 18 05:01:42 EST 2014 , 4 , 2 , 2 , 159896 : { BUY 4505.31@0.80470892} 159895 : { BUY 4505.31@0.80470892} 159894 : { SELL 20401.58@0.8079342} 159893 : { SELL 20401.58@0.8079342} 
Tue Nov 18 05:04:43 EST 2014 , 4 , 2 , 2 , 159896 : { BUY 4505.31@0.80470892} 159895 : { BUY 4505.31@0.80470892} 159894 : { SELL 20401.58@0.8079342} 159893 : { SELL 20401.58@0.8079342} 
Tue Nov 18 05:07:44 EST 2014 , 4 , 2 , 2 , 159896 : { BUY 4505.31@0.80470892} 159895 : { BUY 4505.31@0.80470892} 159894 : { SELL 20401.58@0.8079342} 159893 : { SELL 20401.58@0.8079342} 
Tue Nov 18 05:10:45 EST 2014 , 4 , 2 , 2 , 159896 : { BUY 4505.31@0.80470892} 159895 : { BUY 4505.31@0.80470892} 159894 : { SELL 20401.58@0.8079342} 159893 : { SELL 20401.58@0.8079342} 
Tue Nov 18 05:13:46 EST 2014 , 4 , 2 , 2 , 159896 : { BUY 4505.31@0.80470892} 159895 : { BUY 4505.31@0.80470892} 159894 : { SELL 20401.58@0.8079342} 159893 : { SELL 20401.58@0.8079342} 
Tue Nov 18 05:16:47 EST 2014 , 4 , 2 , 2 , 159896 : { BUY 4505.31@0.80470892} 159895 : { BUY 4505.31@0.80470892} 159894 : { SELL 20401.58@0.8079342} 159893 : { SELL 20401.58@0.8079342} 
Tue Nov 18 05:19:48 EST 2014 , 4 , 2 , 2 , 159896 : { BUY 4505.31@0.80470892} 159895 : { BUY 4505.31@0.80470892} 159894 : { SELL 20401.58@0.8079342} 159893 : { SELL 20401.58@0.8079342} 
Tue Nov 18 05:22:49 EST 2014 , 4 , 2 , 2 , 159896 : { BUY 4505.31@0.80470892} 159895 : { BUY 4505.31@0.80470892} 159894 : { SELL 20401.58@0.8079342} 159893 : { SELL 20401.58@0.8079342} 
Tue Nov 18 05:25:50 EST 2014 , 4 , 2 , 2 , 159896 : { BUY 4505.31@0.80470892} 159895 : { BUY 4505.31@0.80470892} 159894 : { SELL 20401.58@0.8079342} 159893 : { SELL 20401.58@0.8079342} 
Tue Nov 18 05:28:51 EST 2014 , 4 , 2 , 2 , 159896 : { BUY 4505.31@0.80470892} 159895 : { BUY 4505.31@0.80470892} 159894 : { SELL 20401.58@0.8079342} 159893 : { SELL 20401.58@0.8079342} 
Tue Nov 18 05:31:52 EST 2014 , 4 , 2 , 2 , 159896 : { BUY 4505.31@0.80470892} 159895 : { BUY 4505.31@0.80470892} 159894 : { SELL 20401.58@0.8079342} 159893 : { SELL 20401.58@0.8079342} 
Tue Nov 18 05:34:53 EST 2014 , 4 , 2 , 2 , 159896 : { BUY 4505.31@0.80470892} 159895 : { BUY 4505.31@0.80470892} 159894 : { SELL 20401.58@0.8079342} 159893 : { SELL 20401.58@0.8079342} 
Tue Nov 18 05:37:54 EST 2014 , 4 , 2 , 2 , 159896 : { BUY 4505.31@0.80470892} 159895 : { BUY 4505.31@0.80470892} 159894 : { SELL 20401.58@0.8079342} 159893 : { SELL 20401.58@0.8079342} 
Tue Nov 18 05:40:55 EST 2014 , 4 , 2 , 2 , 159896 : { BUY 4505.31@0.80470892} 159895 : { BUY 4505.31@0.80470892} 159894 : { SELL 20401.58@0.8079342} 159893 : { SELL 20401.58@0.8079342} 
Tue Nov 18 05:43:56 EST 2014 , 4 , 2 , 2 , 159896 : { BUY 4505.31@0.80470892} 159895 : { BUY 4505.31@0.80470892} 159894 : { SELL 20401.58@0.8079342} 159893 : { SELL 20401.58@0.8079342} 
Tue Nov 18 05:46:57 EST 2014 , 4 , 2 , 2 , 159896 : { BUY 4505.31@0.80470892} 159895 : { BUY 4505.31@0.80470892} 159894 : { SELL 20401.58@0.8079342} 159893 : { SELL 20401.58@0.8079342} 
Tue Nov 18 05:49:58 EST 2014 , 4 , 2 , 2 , 159896 : { BUY 4505.31@0.80470892} 159895 : { BUY 4505.31@0.80470892} 159894 : { SELL 20401.58@0.8079342} 159893 : { SELL 20401.58@0.8079342} 
Tue Nov 18 05:52:59 EST 2014 , 4 , 2 , 2 , 159896 : { BUY 4505.31@0.80470892} 159895 : { BUY 4505.31@0.80470892} 159894 : { SELL 20401.58@0.8079342} 159893 : { SELL 20401.58@0.8079342} 
Tue Nov 18 05:56:00 EST 2014 , 4 , 2 , 2 , 159896 : { BUY 4505.31@0.80470892} 159895 : { BUY 4505.31@0.80470892} 159894 : { SELL 20401.58@0.8079342} 159893 : { SELL 20401.58@0.8079342} 
Tue Nov 18 05:59:01 EST 2014 , 4 , 2 , 2 , 159896 : { BUY 4505.31@0.80470892} 159895 : { BUY 4505.31@0.80470892} 159894 : { SELL 20401.58@0.8079342} 159893 : { SELL 20401.58@0.8079342} 
Tue Nov 18 06:02:02 EST 2014 , 4 , 2 , 2 , 159896 : { BUY 4505.31@0.80470892} 159895 : { BUY 4505.31@0.80470892} 159894 : { SELL 20401.58@0.8079342} 159893 : { SELL 20401.58@0.8079342} 
Tue Nov 18 06:05:03 EST 2014 , 4 , 2 , 2 , 159896 : { BUY 4505.31@0.80470892} 159895 : { BUY 4505.31@0.80470892} 159894 : { SELL 20401.58@0.8079342} 159893 : { SELL 20401.58@0.8079342} 
Tue Nov 18 06:08:04 EST 2014 , 4 , 2 , 2 , 159896 : { BUY 4505.31@0.80470892} 159895 : { BUY 4505.31@0.80470892} 159894 : { SELL 20401.58@0.8079342} 159893 : { SELL 20401.58@0.8079342} 
Tue Nov 18 06:11:05 EST 2014 , 4 , 2 , 2 , 159896 : { BUY 4505.31@0.80470892} 159895 : { BUY 4505.31@0.80470892} 159894 : { SELL 20401.58@0.8079342} 159893 : { SELL 20401.58@0.8079342} 
Tue Nov 18 06:14:06 EST 2014 , 4 , 2 , 2 , 159896 : { BUY 4505.31@0.80470892} 159895 : { BUY 4505.31@0.80470892} 159894 : { SELL 20401.58@0.8079342} 159893 : { SELL 20401.58@0.8079342} 
Tue Nov 18 06:17:07 EST 2014 , 4 , 2 , 2 , 159896 : { BUY 4505.31@0.80470892} 159895 : { BUY 4505.31@0.80470892} 159894 : { SELL 20401.58@0.8079342} 159893 : { SELL 20401.58@0.8079342} 
Tue Nov 18 06:20:08 EST 2014 , 4 , 2 , 2 , 159896 : { BUY 4505.31@0.80470892} 159895 : { BUY 4505.31@0.80470892} 159894 : { SELL 20401.58@0.8079342} 159893 : { SELL 20401.58@0.8079342} 
Tue Nov 18 06:23:09 EST 2014 , 4 , 2 , 2 , 159896 : { BUY 4505.31@0.80470892} 159895 : { BUY 4505.31@0.80470892} 159894 : { SELL 20401.58@0.8079342} 159893 : { SELL 20401.58@0.8079342} 
Tue Nov 18 06:26:10 EST 2014 , 4 , 2 , 2 , 159896 : { BUY 4505.31@0.80470892} 159895 : { BUY 4505.31@0.80470892} 159894 : { SELL 20401.58@0.8079342} 159893 : { SELL 20401.58@0.8079342} 
Tue Nov 18 06:29:11 EST 2014 , 4 , 2 , 2 , 159896 : { BUY 4505.31@0.80470892} 159895 : { BUY 4505.31@0.80470892} 159894 : { SELL 20401.58@0.8079342} 159893 : { SELL 20401.58@0.8079342} 
Tue Nov 18 06:32:12 EST 2014 , 4 , 2 , 2 , 159896 : { BUY 4505.31@0.80470892} 159895 : { BUY 4505.31@0.80470892} 159894 : { SELL 20401.58@0.8079342} 159893 : { SELL 20401.58@0.8079342} 
Tue Nov 18 06:35:13 EST 2014 , 4 , 2 , 2 , 159896 : { BUY 4505.31@0.80470892} 159895 : { BUY 4505.31@0.80470892} 159894 : { SELL 20401.58@0.8079342} 159893 : { SELL 20401.58@0.8079342} 
Tue Nov 18 06:38:14 EST 2014 , 4 , 2 , 2 , 159896 : { BUY 4505.31@0.80470892} 159895 : { BUY 4505.31@0.80470892} 159894 : { SELL 20401.58@0.8079342} 159893 : { SELL 20401.58@0.8079342} 
Tue Nov 18 06:41:15 EST 2014 , 4 , 2 , 2 , 159896 : { BUY 4505.31@0.80470892} 159895 : { BUY 4505.31@0.80470892} 159894 : { SELL 20401.58@0.8079342} 159893 : { SELL 20401.58@0.8079342} 
Tue Nov 18 06:44:16 EST 2014 , 4 , 2 , 2 , 159896 : { BUY 4505.31@0.80470892} 159895 : { BUY 4505.31@0.80470892} 159894 : { SELL 20401.58@0.8079342} 159893 : { SELL 20401.58@0.8079342} 
Tue Nov 18 06:47:17 EST 2014 , 0 , 0 , 0 , 
Tue Nov 18 06:50:18 EST 2014 , 4 , 2 , 2 , 161546 : { BUY 4538.53@0.80470892} 161544 : { BUY 4538.53@0.80470892} 161543 : { SELL 20368.43@0.8079342} 161542 : { SELL 20368.43@0.8079342} 
Tue Nov 18 06:53:20 EST 2014 , 4 , 2 , 2 , 161546 : { BUY 4538.53@0.80470892} 161544 : { BUY 4538.53@0.80470892} 161543 : { SELL 20368.43@0.8079342} 161542 : { SELL 20368.43@0.8079342} 
Tue Nov 18 06:56:20 EST 2014 , 4 , 2 , 2 , 161546 : { BUY 4538.53@0.80470892} 161544 : { BUY 4538.53@0.80470892} 161543 : { SELL 20368.43@0.8079342} 161542 : { SELL 20368.43@0.8079342} 
Tue Nov 18 06:59:21 EST 2014 , 4 , 2 , 2 , 161572 : { BUY 4539.63@0.80470892} 161571 : { BUY 4539.63@0.80470892} 161570 : { SELL 20367.34@0.8079342} 161569 : { SELL 20367.34@0.8079342} 
Tue Nov 18 07:02:22 EST 2014 , 4 , 2 , 2 , 161572 : { BUY 4539.63@0.80470892} 161571 : { BUY 4539.63@0.80470892} 161570 : { SELL 20367.34@0.8079342} 161569 : { SELL 20367.34@0.8079342} 
Tue Nov 18 07:05:23 EST 2014 , 4 , 2 , 2 , 161572 : { BUY 4539.63@0.80470892} 161571 : { BUY 4539.63@0.80470892} 161570 : { SELL 20367.34@0.8079342} 161569 : { SELL 20367.34@0.8079342} 
Tue Nov 18 07:08:24 EST 2014 , 4 , 2 , 2 , 161572 : { BUY 4539.63@0.80470892} 161571 : { BUY 4539.63@0.80470892} 161570 : { SELL 20367.34@0.8079342} 161569 : { SELL 20367.34@0.8079342} 
Tue Nov 18 07:11:25 EST 2014 , 4 , 2 , 2 , 161572 : { BUY 4539.63@0.80470892} 161571 : { BUY 4539.63@0.80470892} 161570 : { SELL 20367.34@0.8079342} 161569 : { SELL 20367.34@0.8079342} 
Tue Nov 18 07:14:26 EST 2014 , 4 , 2 , 2 , 161572 : { BUY 4539.63@0.80470892} 161571 : { BUY 4539.63@0.80470892} 161570 : { SELL 20367.34@0.8079342} 161569 : { SELL 20367.34@0.8079342} 
Tue Nov 18 07:17:27 EST 2014 , 4 , 2 , 2 , 161572 : { BUY 4539.63@0.80470892} 161571 : { BUY 4539.63@0.80470892} 161570 : { SELL 20367.34@0.8079342} 161569 : { SELL 20367.34@0.8079342} 
Tue Nov 18 07:20:28 EST 2014 , 4 , 2 , 2 , 161572 : { BUY 4539.63@0.80470892} 161571 : { BUY 4539.63@0.80470892} 161570 : { SELL 20367.34@0.8079342} 161569 : { SELL 20367.34@0.8079342} 
Tue Nov 18 07:23:29 EST 2014 , 4 , 2 , 2 , 161572 : { BUY 4539.63@0.80470892} 161571 : { BUY 4539.63@0.80470892} 161570 : { SELL 20367.34@0.8079342} 161569 : { SELL 20367.34@0.8079342} 
Tue Nov 18 07:26:30 EST 2014 , 4 , 2 , 2 , 161572 : { BUY 4539.63@0.80470892} 161571 : { BUY 4539.63@0.80470892} 161570 : { SELL 20367.34@0.8079342} 161569 : { SELL 20367.34@0.8079342} 
Tue Nov 18 07:29:31 EST 2014 , 4 , 2 , 2 , 161572 : { BUY 4539.63@0.80470892} 161571 : { BUY 4539.63@0.80470892} 161570 : { SELL 20367.34@0.8079342} 161569 : { SELL 20367.34@0.8079342} 
Tue Nov 18 07:32:32 EST 2014 , 4 , 2 , 2 , 161572 : { BUY 4539.63@0.80470892} 161571 : { BUY 4539.63@0.80470892} 161570 : { SELL 20367.34@0.8079342} 161569 : { SELL 20367.34@0.8079342} 
Tue Nov 18 07:35:33 EST 2014 , 4 , 2 , 2 , 161572 : { BUY 4539.63@0.80470892} 161571 : { BUY 4539.63@0.80470892} 161570 : { SELL 20367.34@0.8079342} 161569 : { SELL 20367.34@0.8079342} 
Tue Nov 18 07:38:34 EST 2014 , 4 , 2 , 2 , 161572 : { BUY 4539.63@0.80470892} 161571 : { BUY 4539.63@0.80470892} 161570 : { SELL 20367.34@0.8079342} 161569 : { SELL 20367.34@0.8079342} 
Tue Nov 18 07:41:35 EST 2014 , 4 , 2 , 2 , 161572 : { BUY 4539.63@0.80470892} 161571 : { BUY 4539.63@0.80470892} 161570 : { SELL 20367.34@0.8079342} 161569 : { SELL 20367.34@0.8079342} 
Tue Nov 18 07:44:36 EST 2014 , 4 , 2 , 2 , 161572 : { BUY 4539.63@0.80470892} 161571 : { BUY 4539.63@0.80470892} 161570 : { SELL 20367.34@0.8079342} 161569 : { SELL 20367.34@0.8079342} 
Tue Nov 18 07:47:37 EST 2014 , 4 , 2 , 2 , 161572 : { BUY 4539.63@0.80470892} 161571 : { BUY 4539.63@0.80470892} 161570 : { SELL 20367.34@0.8079342} 161569 : { SELL 20367.34@0.8079342} 
Tue Nov 18 07:50:38 EST 2014 , 4 , 2 , 2 , 161572 : { BUY 4539.63@0.80470892} 161571 : { BUY 4539.63@0.80470892} 161570 : { SELL 20367.34@0.8079342} 161569 : { SELL 20367.34@0.8079342} 
Tue Nov 18 07:53:39 EST 2014 , 4 , 2 , 2 , 161572 : { BUY 4539.63@0.80470892} 161571 : { BUY 4539.63@0.80470892} 161570 : { SELL 20367.34@0.8079342} 161569 : { SELL 20367.34@0.8079342} 
Tue Nov 18 07:56:40 EST 2014 , 4 , 2 , 2 , 161572 : { BUY 4539.63@0.80470892} 161571 : { BUY 4539.63@0.80470892} 161570 : { SELL 20367.34@0.8079342} 161569 : { SELL 20367.34@0.8079342} 
Tue Nov 18 07:59:41 EST 2014 , 4 , 2 , 2 , 161572 : { BUY 4539.63@0.80470892} 161571 : { BUY 4539.63@0.80470892} 161570 : { SELL 20367.34@0.8079342} 161569 : { SELL 20367.34@0.8079342} 
Tue Nov 18 08:02:42 EST 2014 , 4 , 2 , 2 , 161572 : { BUY 4539.63@0.80470892} 161571 : { BUY 4539.63@0.80470892} 161570 : { SELL 20367.34@0.8079342} 161569 : { SELL 20367.34@0.8079342} 
Tue Nov 18 08:05:43 EST 2014 , 4 , 2 , 2 , 161572 : { BUY 4539.63@0.80470892} 161571 : { BUY 4539.63@0.80470892} 161570 : { SELL 20367.34@0.8079342} 161569 : { SELL 20367.34@0.8079342} 
Tue Nov 18 08:08:44 EST 2014 , 4 , 2 , 2 , 161572 : { BUY 4539.63@0.80470892} 161571 : { BUY 4539.63@0.80470892} 161570 : { SELL 20367.34@0.8079342} 161569 : { SELL 20367.34@0.8079342} 
Tue Nov 18 08:11:45 EST 2014 , 4 , 2 , 2 , 161572 : { BUY 4539.63@0.80470892} 161571 : { BUY 4539.63@0.80470892} 161570 : { SELL 20367.34@0.8079342} 161569 : { SELL 20367.34@0.8079342} 
Tue Nov 18 08:14:46 EST 2014 , 4 , 2 , 2 , 161572 : { BUY 4539.63@0.80470892} 161571 : { BUY 4539.63@0.80470892} 161570 : { SELL 20367.34@0.8079342} 161569 : { SELL 20367.34@0.8079342} 
Tue Nov 18 08:17:47 EST 2014 , 4 , 2 , 2 , 161572 : { BUY 4539.63@0.80470892} 161571 : { BUY 4539.63@0.80470892} 161570 : { SELL 20367.34@0.8079342} 161569 : { SELL 20367.34@0.8079342} 
Tue Nov 18 08:20:48 EST 2014 , 4 , 2 , 2 , 161572 : { BUY 4539.63@0.80470892} 161571 : { BUY 4539.63@0.80470892} 161570 : { SELL 20367.34@0.8079342} 161569 : { SELL 20367.34@0.8079342} 
Tue Nov 18 08:23:49 EST 2014 , 4 , 2 , 2 , 161572 : { BUY 4539.63@0.80470892} 161571 : { BUY 4539.63@0.80470892} 161570 : { SELL 20367.34@0.8079342} 161569 : { SELL 20367.34@0.8079342} 
Tue Nov 18 08:26:50 EST 2014 , 4 , 2 , 2 , 161572 : { BUY 4539.63@0.80470892} 161571 : { BUY 4539.63@0.80470892} 161570 : { SELL 20367.34@0.8079342} 161569 : { SELL 20367.34@0.8079342} 
Tue Nov 18 08:29:51 EST 2014 , 4 , 2 , 2 , 161572 : { BUY 4539.63@0.80470892} 161571 : { BUY 4539.63@0.80470892} 161570 : { SELL 20367.34@0.8079342} 161569 : { SELL 20367.34@0.8079342} 
Tue Nov 18 08:32:52 EST 2014 , 4 , 2 , 2 , 161572 : { BUY 4539.63@0.80470892} 161571 : { BUY 4539.63@0.80470892} 161570 : { SELL 20367.34@0.8079342} 161569 : { SELL 20367.34@0.8079342} 
Tue Nov 18 08:35:53 EST 2014 , 4 , 2 , 2 , 161572 : { BUY 4539.63@0.80470892} 161571 : { BUY 4539.63@0.80470892} 161570 : { SELL 20367.34@0.8079342} 161569 : { SELL 20367.34@0.8079342} 
Tue Nov 18 08:38:54 EST 2014 , 4 , 2 , 2 , 161572 : { BUY 4539.63@0.80470892} 161571 : { BUY 4539.63@0.80470892} 161570 : { SELL 20367.34@0.8079342} 161569 : { SELL 20367.34@0.8079342} 
Tue Nov 18 08:41:55 EST 2014 , 4 , 2 , 2 , 161572 : { BUY 4539.63@0.80470892} 161571 : { BUY 4539.63@0.80470892} 161570 : { SELL 20367.34@0.8079342} 161569 : { SELL 20367.34@0.8079342} 
Tue Nov 18 08:44:56 EST 2014 , 4 , 2 , 2 , 161572 : { BUY 4539.63@0.80470892} 161571 : { BUY 4539.63@0.80470892} 161570 : { SELL 20367.34@0.8079342} 161569 : { SELL 20367.34@0.8079342} 
Tue Nov 18 08:47:57 EST 2014 , 4 , 2 , 2 , 161572 : { BUY 4539.63@0.80470892} 161571 : { BUY 4539.63@0.80470892} 161570 : { SELL 20367.34@0.8079342} 161569 : { SELL 20367.34@0.8079342} 
Tue Nov 18 08:50:58 EST 2014 , 4 , 2 , 2 , 161572 : { BUY 4539.63@0.80470892} 161571 : { BUY 4539.63@0.80470892} 161570 : { SELL 20367.34@0.8079342} 161569 : { SELL 20367.34@0.8079342} 
Tue Nov 18 08:53:59 EST 2014 , 4 , 2 , 2 , 161572 : { BUY 4539.63@0.80470892} 161571 : { BUY 4539.63@0.80470892} 161570 : { SELL 20367.34@0.8079342} 161569 : { SELL 20367.34@0.8079342} 
Tue Nov 18 08:57:00 EST 2014 , 4 , 2 , 2 , 161572 : { BUY 4539.63@0.80470892} 161571 : { BUY 4539.63@0.80470892} 161570 : { SELL 20367.34@0.8079342} 161569 : { SELL 20367.34@0.8079342} 
Tue Nov 18 09:00:01 EST 2014 , 4 , 2 , 2 , 161572 : { BUY 4539.63@0.80470892} 161571 : { BUY 4539.63@0.80470892} 161570 : { SELL 20367.34@0.8079342} 161569 : { SELL 20367.34@0.8079342} 
Tue Nov 18 09:03:02 EST 2014 , 4 , 2 , 2 , 161572 : { BUY 4539.63@0.80470892} 161571 : { BUY 4539.63@0.80470892} 161570 : { SELL 20367.34@0.8079342} 161569 : { SELL 20367.34@0.8079342} 
Tue Nov 18 09:06:03 EST 2014 , 4 , 2 , 2 , 161572 : { BUY 4539.63@0.80470892} 161571 : { BUY 4539.63@0.80470892} 161570 : { SELL 20367.34@0.8079342} 161569 : { SELL 20367.34@0.8079342} 
Tue Nov 18 09:09:04 EST 2014 , 4 , 2 , 2 , 161572 : { BUY 4539.63@0.80470892} 161571 : { BUY 4539.63@0.80470892} 161570 : { SELL 20367.34@0.8079342} 161569 : { SELL 20367.34@0.8079342} 
Tue Nov 18 09:12:05 EST 2014 , 4 , 2 , 2 , 161572 : { BUY 4539.63@0.80470892} 161571 : { BUY 4539.63@0.80470892} 161570 : { SELL 20367.34@0.8079342} 161569 : { SELL 20367.34@0.8079342} 
Tue Nov 18 09:15:06 EST 2014 , 4 , 2 , 2 , 161572 : { BUY 4539.63@0.80470892} 161571 : { BUY 4539.63@0.80470892} 161570 : { SELL 20367.34@0.8079342} 161569 : { SELL 20367.34@0.8079342} 
Tue Nov 18 09:18:07 EST 2014 , 4 , 2 , 2 , 161572 : { BUY 4539.63@0.80470892} 161571 : { BUY 4539.63@0.80470892} 161570 : { SELL 20367.34@0.8079342} 161569 : { SELL 20367.34@0.8079342} 
Tue Nov 18 09:21:08 EST 2014 , 4 , 2 , 2 , 161572 : { BUY 4539.63@0.80470892} 161571 : { BUY 4539.63@0.80470892} 161570 : { SELL 20367.34@0.8079342} 161569 : { SELL 20367.34@0.8079342} 
Tue Nov 18 09:24:09 EST 2014 , 4 , 2 , 2 , 161572 : { BUY 4539.63@0.80470892} 161571 : { BUY 4539.63@0.80470892} 161570 : { SELL 20367.34@0.8079342} 161569 : { SELL 20367.34@0.8079342} 
Tue Nov 18 09:27:10 EST 2014 , 4 , 2 , 2 , 161572 : { BUY 4539.63@0.80470892} 161571 : { BUY 4539.63@0.80470892} 161570 : { SELL 20367.34@0.8079342} 161569 : { SELL 20367.34@0.8079342} 
Tue Nov 18 09:30:11 EST 2014 , 4 , 2 , 2 , 161572 : { BUY 4539.63@0.80470892} 161571 : { BUY 4539.63@0.80470892} 161570 : { SELL 20367.34@0.8079342} 161569 : { SELL 20367.34@0.8079342} 
Tue Nov 18 09:33:12 EST 2014 , 4 , 2 , 2 , 161572 : { BUY 4539.63@0.80470892} 161571 : { BUY 4539.63@0.80470892} 161570 : { SELL 20367.34@0.8079342} 161569 : { SELL 20367.34@0.8079342} 
Tue Nov 18 09:36:13 EST 2014 , 4 , 2 , 2 , 161572 : { BUY 4539.63@0.80470892} 161571 : { BUY 4539.63@0.80470892} 161570 : { SELL 20367.34@0.8079342} 161569 : { SELL 20367.34@0.8079342} 
Tue Nov 18 09:39:14 EST 2014 , 4 , 2 , 2 , 161572 : { BUY 4539.63@0.80470892} 161571 : { BUY 4539.63@0.80470892} 161570 : { SELL 20367.34@0.8079342} 161569 : { SELL 20367.34@0.8079342} 
Tue Nov 18 09:42:15 EST 2014 , 4 , 2 , 2 , 161572 : { BUY 4539.63@0.80470892} 161571 : { BUY 4539.63@0.80470892} 161570 : { SELL 20367.34@0.8079342} 161569 : { SELL 20367.34@0.8079342} 
Tue Nov 18 09:45:16 EST 2014 , 4 , 2 , 2 , 161572 : { BUY 4539.63@0.80470892} 161571 : { BUY 4539.63@0.80470892} 161570 : { SELL 20367.34@0.8079342} 161569 : { SELL 20367.34@0.8079342} 
Tue Nov 18 09:48:17 EST 2014 , 4 , 2 , 2 , 161572 : { BUY 4539.63@0.80470892} 161571 : { BUY 4539.63@0.80470892} 161570 : { SELL 20367.34@0.8079342} 161569 : { SELL 20367.34@0.8079342} 
Tue Nov 18 09:51:18 EST 2014 , 4 , 2 , 2 , 161572 : { BUY 4539.63@0.80470892} 161571 : { BUY 4539.63@0.80470892} 161570 : { SELL 20367.34@0.8079342} 161569 : { SELL 20367.34@0.8079342} 
Tue Nov 18 09:54:19 EST 2014 , 4 , 2 , 2 , 161572 : { BUY 4539.63@0.80470892} 161571 : { BUY 4539.63@0.80470892} 161570 : { SELL 20367.34@0.8079342} 161569 : { SELL 20367.34@0.8079342} 
Tue Nov 18 09:57:20 EST 2014 , 4 , 2 , 2 , 161572 : { BUY 4539.63@0.80470892} 161571 : { BUY 4539.63@0.80470892} 161570 : { SELL 20367.34@0.8079342} 161569 : { SELL 20367.34@0.8079342} 
Tue Nov 18 10:00:21 EST 2014 , 4 , 2 , 2 , 161572 : { BUY 4539.63@0.80470892} 161571 : { BUY 4539.63@0.80470892} 161570 : { SELL 20367.34@0.8079342} 161569 : { SELL 20367.34@0.8079342} 
Tue Nov 18 10:03:22 EST 2014 , 4 , 2 , 2 , 161572 : { BUY 4539.63@0.80470892} 161571 : { BUY 4539.63@0.80470892} 161570 : { SELL 20367.34@0.8079342} 161569 : { SELL 20367.34@0.8079342} 
Tue Nov 18 10:06:23 EST 2014 , 4 , 2 , 2 , 161572 : { BUY 4539.63@0.80470892} 161571 : { BUY 4539.63@0.80470892} 161570 : { SELL 20367.34@0.8079342} 161569 : { SELL 20367.34@0.8079342} 
Tue Nov 18 10:09:24 EST 2014 , 4 , 2 , 2 , 161572 : { BUY 4539.63@0.80470892} 161571 : { BUY 4539.63@0.80470892} 161570 : { SELL 20367.34@0.8079342} 161569 : { SELL 20367.34@0.8079342} 
Tue Nov 18 10:12:25 EST 2014 , 4 , 2 , 2 , 161572 : { BUY 4539.63@0.80470892} 161571 : { BUY 4539.63@0.80470892} 161570 : { SELL 20367.34@0.8079342} 161569 : { SELL 20367.34@0.8079342} 
Tue Nov 18 10:15:26 EST 2014 , 4 , 2 , 2 , 161572 : { BUY 4539.63@0.80470892} 161571 : { BUY 4539.63@0.80470892} 161570 : { SELL 20367.34@0.8079342} 161569 : { SELL 20367.34@0.8079342} 
Tue Nov 18 10:18:27 EST 2014 , 4 , 2 , 2 , 161572 : { BUY 4539.63@0.80470892} 161571 : { BUY 4539.63@0.80470892} 161570 : { SELL 20367.34@0.8079342} 161569 : { SELL 20367.34@0.8079342} 
Tue Nov 18 10:21:28 EST 2014 , 4 , 2 , 2 , 161572 : { BUY 4539.63@0.80470892} 161571 : { BUY 4539.63@0.80470892} 161570 : { SELL 20367.34@0.8079342} 161569 : { SELL 20367.34@0.8079342} 
Tue Nov 18 10:24:29 EST 2014 , 4 , 2 , 2 , 161572 : { BUY 4539.63@0.80470892} 161571 : { BUY 4539.63@0.80470892} 161570 : { SELL 20367.34@0.8079342} 161569 : { SELL 20367.34@0.8079342} 
Tue Nov 18 10:27:30 EST 2014 , 4 , 2 , 2 , 161572 : { BUY 4539.63@0.80470892} 161571 : { BUY 4539.63@0.80470892} 161570 : { SELL 20367.34@0.8079342} 161569 : { SELL 20367.34@0.8079342} 
Tue Nov 18 10:30:31 EST 2014 , 4 , 2 , 2 , 161572 : { BUY 4539.63@0.80470892} 161571 : { BUY 4539.63@0.80470892} 161570 : { SELL 20367.34@0.8079342} 161569 : { SELL 20367.34@0.8079342} 
Tue Nov 18 10:33:32 EST 2014 , 4 , 2 , 2 , 161572 : { BUY 4539.63@0.80470892} 161571 : { BUY 4539.63@0.80470892} 161570 : { SELL 20367.34@0.8079342} 161569 : { SELL 20367.34@0.8079342} 
Tue Nov 18 10:36:33 EST 2014 , 4 , 2 , 2 , 161572 : { BUY 4539.63@0.80470892} 161571 : { BUY 4539.63@0.80470892} 161570 : { SELL 20367.34@0.8079342} 161569 : { SELL 20367.34@0.8079342} 
Tue Nov 18 10:39:34 EST 2014 , 4 , 2 , 2 , 161572 : { BUY 4539.63@0.80470892} 161571 : { BUY 4539.63@0.80470892} 161570 : { SELL 20367.34@0.8079342} 161569 : { SELL 20367.34@0.8079342} 
Tue Nov 18 10:42:35 EST 2014 , 4 , 2 , 2 , 161572 : { BUY 4539.63@0.80470892} 161571 : { BUY 4539.63@0.80470892} 161570 : { SELL 20367.34@0.8079342} 161569 : { SELL 20367.34@0.8079342} 
Tue Nov 18 10:45:36 EST 2014 , 4 , 2 , 2 , 161572 : { BUY 4539.63@0.80470892} 161571 : { BUY 4539.63@0.80470892} 161570 : { SELL 20367.34@0.8079342} 161569 : { SELL 20367.34@0.8079342} 
Tue Nov 18 10:48:37 EST 2014 , 4 , 2 , 2 , 161572 : { BUY 4539.63@0.80470892} 161571 : { BUY 4539.63@0.80470892} 161570 : { SELL 20367.34@0.8079342} 161569 : { SELL 20367.34@0.8079342} 
Tue Nov 18 10:51:38 EST 2014 , 4 , 2 , 2 , 161572 : { BUY 4539.63@0.80470892} 161571 : { BUY 4539.63@0.80470892} 161570 : { SELL 20367.34@0.8079342} 161569 : { SELL 20367.34@0.8079342} 
Tue Nov 18 10:54:39 EST 2014 , 4 , 2 , 2 , 161572 : { BUY 4539.63@0.80470892} 161571 : { BUY 4539.63@0.80470892} 161570 : { SELL 20367.34@0.8079342} 161569 : { SELL 20367.34@0.8079342} 
Tue Nov 18 10:57:40 EST 2014 , 4 , 2 , 2 , 161572 : { BUY 4539.63@0.80470892} 161571 : { BUY 4539.63@0.80470892} 161570 : { SELL 20367.34@0.8079342} 161569 : { SELL 20367.34@0.8079342} 
Tue Nov 18 11:00:41 EST 2014 , 4 , 2 , 2 , 161572 : { BUY 4539.63@0.80470892} 161571 : { BUY 4539.63@0.80470892} 161570 : { SELL 20367.34@0.8079342} 161569 : { SELL 20367.34@0.8079342} 
Tue Nov 18 11:03:42 EST 2014 , 4 , 2 , 2 , 161572 : { BUY 4539.63@0.80470892} 161571 : { BUY 4539.63@0.80470892} 161570 : { SELL 20367.34@0.8079342} 161569 : { SELL 20367.34@0.8079342} 
Tue Nov 18 11:06:43 EST 2014 , 4 , 2 , 2 , 161572 : { BUY 4539.63@0.80470892} 161571 : { BUY 4539.63@0.80470892} 161570 : { SELL 20367.34@0.8079342} 161569 : { SELL 20367.34@0.8079342} 
Tue Nov 18 11:09:44 EST 2014 , 4 , 2 , 2 , 161572 : { BUY 4539.63@0.80470892} 161571 : { BUY 4539.63@0.80470892} 161570 : { SELL 20367.34@0.8079342} 161569 : { SELL 20367.34@0.8079342} 
Tue Nov 18 11:12:45 EST 2014 , 4 , 2 , 2 , 161572 : { BUY 4539.63@0.80470892} 161571 : { BUY 4539.63@0.80470892} 161570 : { SELL 20367.34@0.8079342} 161569 : { SELL 20367.34@0.8079342} 
Tue Nov 18 11:15:46 EST 2014 , 4 , 2 , 2 , 161572 : { BUY 4539.63@0.80470892} 161571 : { BUY 4539.63@0.80470892} 161570 : { SELL 20367.34@0.8079342} 161569 : { SELL 20367.34@0.8079342} 
Tue Nov 18 11:18:47 EST 2014 , 4 , 2 , 2 , 161572 : { BUY 4539.63@0.80470892} 161571 : { BUY 4539.63@0.80470892} 161570 : { SELL 20367.34@0.8079342} 161569 : { SELL 20367.34@0.8079342} 
Tue Nov 18 11:21:48 EST 2014 , 4 , 2 , 2 , 161572 : { BUY 4539.63@0.80470892} 161571 : { BUY 4539.63@0.80470892} 161570 : { SELL 20367.34@0.8079342} 161569 : { SELL 20367.34@0.8079342} 
Tue Nov 18 11:24:49 EST 2014 , 4 , 2 , 2 , 161572 : { BUY 4539.63@0.80470892} 161571 : { BUY 4539.63@0.80470892} 161570 : { SELL 20367.34@0.8079342} 161569 : { SELL 20367.34@0.8079342} 
Tue Nov 18 11:27:50 EST 2014 , 4 , 2 , 2 , 161572 : { BUY 4539.63@0.80470892} 161571 : { BUY 4539.63@0.80470892} 161570 : { SELL 20367.34@0.8079342} 161569 : { SELL 20367.34@0.8079342} 
Tue Nov 18 11:30:51 EST 2014 , 4 , 2 , 2 , 161572 : { BUY 4539.63@0.80470892} 161571 : { BUY 4539.63@0.80470892} 161570 : { SELL 20367.34@0.8079342} 161569 : { SELL 20367.34@0.8079342} 
Tue Nov 18 11:33:52 EST 2014 , 4 , 2 , 2 , 161572 : { BUY 4539.63@0.80470892} 161571 : { BUY 4539.63@0.80470892} 161570 : { SELL 20367.34@0.8079342} 161569 : { SELL 20367.34@0.8079342} 
Tue Nov 18 11:36:53 EST 2014 , 4 , 2 , 2 , 161572 : { BUY 4539.63@0.80470892} 161571 : { BUY 4539.63@0.80470892} 161570 : { SELL 20367.34@0.8079342} 161569 : { SELL 20367.34@0.8079342} 
Tue Nov 18 11:39:54 EST 2014 , 4 , 2 , 2 , 161572 : { BUY 4539.63@0.80470892} 161571 : { BUY 4539.63@0.80470892} 161570 : { SELL 20367.34@0.8079342} 161569 : { SELL 20367.34@0.8079342} 
Tue Nov 18 11:42:55 EST 2014 , 4 , 2 , 2 , 161572 : { BUY 4539.63@0.80470892} 161571 : { BUY 4539.63@0.80470892} 161570 : { SELL 20367.34@0.8079342} 161569 : { SELL 20367.34@0.8079342} 
Tue Nov 18 11:45:56 EST 2014 , 4 , 2 , 2 , 161572 : { BUY 4539.63@0.80470892} 161571 : { BUY 4539.63@0.80470892} 161570 : { SELL 20367.34@0.8079342} 161569 : { SELL 20367.34@0.8079342} 
Tue Nov 18 11:48:57 EST 2014 , 4 , 2 , 2 , 161572 : { BUY 4539.63@0.80470892} 161571 : { BUY 4539.63@0.80470892} 161570 : { SELL 20367.34@0.8079342} 161569 : { SELL 20367.34@0.8079342} 
Tue Nov 18 11:51:59 EST 2014 , 4 , 2 , 2 , 161572 : { BUY 4539.63@0.80470892} 161571 : { BUY 4539.63@0.80470892} 161570 : { SELL 20367.34@0.8079342} 161569 : { SELL 20367.34@0.8079342} 
Tue Nov 18 11:55:00 EST 2014 , 4 , 2 , 2 , 161572 : { BUY 4539.63@0.80470892} 161571 : { BUY 4539.63@0.80470892} 161570 : { SELL 20367.34@0.8079342} 161569 : { SELL 20367.34@0.8079342} 
Tue Nov 18 11:58:00 EST 2014 , 4 , 2 , 2 , 161572 : { BUY 4539.63@0.80470892} 161571 : { BUY 4539.63@0.80470892} 161570 : { SELL 20367.34@0.8079342} 161569 : { SELL 20367.34@0.8079342} 
Tue Nov 18 12:01:01 EST 2014 , 4 , 2 , 2 , 161572 : { BUY 4539.63@0.80470892} 161571 : { BUY 4539.63@0.80470892} 161570 : { SELL 20367.34@0.8079342} 161569 : { SELL 20367.34@0.8079342} 
Tue Nov 18 12:04:02 EST 2014 , 4 , 2 , 2 , 161572 : { BUY 4539.63@0.80470892} 161571 : { BUY 4539.63@0.80470892} 161570 : { SELL 20367.34@0.8079342} 161569 : { SELL 20367.34@0.8079342} 
Tue Nov 18 12:07:03 EST 2014 , 4 , 2 , 2 , 161572 : { BUY 4539.63@0.80470892} 161571 : { BUY 4539.63@0.80470892} 161570 : { SELL 20367.34@0.8079342} 161569 : { SELL 20367.34@0.8079342} 
Tue Nov 18 12:10:04 EST 2014 , 4 , 2 , 2 , 161572 : { BUY 4539.63@0.80470892} 161571 : { BUY 4539.63@0.80470892} 161570 : { SELL 20367.34@0.8079342} 161569 : { SELL 20367.34@0.8079342} 
Tue Nov 18 12:13:05 EST 2014 , 4 , 2 , 2 , 161572 : { BUY 4539.63@0.80470892} 161571 : { BUY 4539.63@0.80470892} 161570 : { SELL 20367.34@0.8079342} 161569 : { SELL 20367.34@0.8079342} 
Tue Nov 18 12:16:06 EST 2014 , 4 , 2 , 2 , 161572 : { BUY 4539.63@0.80470892} 161571 : { BUY 4539.63@0.80470892} 161570 : { SELL 20367.34@0.8079342} 161569 : { SELL 20367.34@0.8079342} 
Tue Nov 18 12:19:07 EST 2014 , 4 , 2 , 2 , 161572 : { BUY 4539.63@0.80470892} 161571 : { BUY 4539.63@0.80470892} 161570 : { SELL 20367.34@0.8079342} 161569 : { SELL 20367.34@0.8079342} 
Tue Nov 18 12:22:08 EST 2014 , 4 , 2 , 2 , 161572 : { BUY 4539.63@0.80470892} 161571 : { BUY 4539.63@0.80470892} 161570 : { SELL 20367.34@0.8079342} 161569 : { SELL 20367.34@0.8079342} 
Tue Nov 18 12:25:09 EST 2014 , 4 , 2 , 2 , 161572 : { BUY 4539.63@0.80470892} 161571 : { BUY 4539.63@0.80470892} 161570 : { SELL 20367.34@0.8079342} 161569 : { SELL 20367.34@0.8079342} 
Tue Nov 18 12:28:10 EST 2014 , 4 , 2 , 2 , 161572 : { BUY 4539.63@0.80470892} 161571 : { BUY 4539.63@0.80470892} 161570 : { SELL 20367.34@0.8079342} 161569 : { SELL 20367.34@0.8079342} 
Tue Nov 18 12:31:11 EST 2014 , 4 , 2 , 2 , 161572 : { BUY 4539.63@0.80470892} 161571 : { BUY 4539.63@0.80470892} 161570 : { SELL 20367.34@0.8079342} 161569 : { SELL 20367.34@0.8079342} 
Tue Nov 18 12:34:12 EST 2014 , 4 , 2 , 2 , 161572 : { BUY 4539.63@0.80470892} 161571 : { BUY 4539.63@0.80470892} 161570 : { SELL 20367.34@0.8079342} 161569 : { SELL 20367.34@0.8079342} 
Tue Nov 18 12:37:13 EST 2014 , 4 , 2 , 2 , 161572 : { BUY 4539.63@0.80470892} 161571 : { BUY 4539.63@0.80470892} 161570 : { SELL 20367.34@0.8079342} 161569 : { SELL 20367.34@0.8079342} 
Tue Nov 18 12:40:14 EST 2014 , 4 , 2 , 2 , 161572 : { BUY 4539.63@0.80470892} 161571 : { BUY 4539.63@0.80470892} 161570 : { SELL 20367.34@0.8079342} 161569 : { SELL 20367.34@0.8079342} 
Tue Nov 18 12:43:15 EST 2014 , 4 , 2 , 2 , 161572 : { BUY 4539.63@0.80470892} 161571 : { BUY 4539.63@0.80470892} 161570 : { SELL 20367.34@0.8079342} 161569 : { SELL 20367.34@0.8079342} 
Tue Nov 18 12:46:16 EST 2014 , 4 , 2 , 2 , 161572 : { BUY 4539.63@0.80470892} 161571 : { BUY 4539.63@0.80470892} 161570 : { SELL 20367.34@0.8079342} 161569 : { SELL 20367.34@0.8079342} 
Tue Nov 18 12:49:17 EST 2014 , 4 , 2 , 2 , 161572 : { BUY 4539.63@0.80470892} 161571 : { BUY 4539.63@0.80470892} 161570 : { SELL 20367.34@0.8079342} 161569 : { SELL 20367.34@0.8079342} 
Tue Nov 18 12:52:18 EST 2014 , 4 , 2 , 2 , 161572 : { BUY 4539.63@0.80470892} 161571 : { BUY 4539.63@0.80470892} 161570 : { SELL 20367.34@0.8079342} 161569 : { SELL 20367.34@0.8079342} 
Tue Nov 18 12:55:19 EST 2014 , 4 , 2 , 2 , 161572 : { BUY 4539.63@0.80470892} 161571 : { BUY 4539.63@0.80470892} 161570 : { SELL 20367.34@0.8079342} 161569 : { SELL 20367.34@0.8079342} 
Tue Nov 18 12:58:20 EST 2014 , 4 , 2 , 2 , 161572 : { BUY 4539.63@0.80470892} 161571 : { BUY 4539.63@0.80470892} 161570 : { SELL 20367.34@0.8079342} 161569 : { SELL 20367.34@0.8079342} 
Tue Nov 18 13:01:21 EST 2014 , 4 , 2 , 2 , 161572 : { BUY 4539.63@0.80470892} 161571 : { BUY 4539.63@0.80470892} 161570 : { SELL 20367.34@0.8079342} 161569 : { SELL 20367.34@0.8079342} 
Tue Nov 18 13:04:22 EST 2014 , 4 , 2 , 2 , 161572 : { BUY 4539.63@0.80470892} 161571 : { BUY 4539.63@0.80470892} 161570 : { SELL 20367.34@0.8079342} 161569 : { SELL 20367.34@0.8079342} 
Tue Nov 18 13:07:23 EST 2014 , 4 , 2 , 2 , 161572 : { BUY 4539.63@0.80470892} 161571 : { BUY 4539.63@0.80470892} 161570 : { SELL 20367.34@0.8079342} 161569 : { SELL 20367.34@0.8079342} 
Tue Nov 18 13:10:24 EST 2014 , 4 , 2 , 2 , 161572 : { BUY 4539.63@0.80470892} 161571 : { BUY 4539.63@0.80470892} 161570 : { SELL 20367.34@0.8079342} 161569 : { SELL 20367.34@0.8079342} 
Tue Nov 18 13:13:25 EST 2014 , 4 , 2 , 2 , 161572 : { BUY 4539.63@0.80470892} 161571 : { BUY 4539.63@0.80470892} 161570 : { SELL 20367.34@0.8079342} 161569 : { SELL 20367.34@0.8079342} 
Tue Nov 18 13:16:26 EST 2014 , 4 , 2 , 2 , 161572 : { BUY 4539.63@0.80470892} 161571 : { BUY 4539.63@0.80470892} 161570 : { SELL 20367.34@0.8079342} 161569 : { SELL 20367.34@0.8079342} 
Tue Nov 18 13:19:27 EST 2014 , 4 , 2 , 2 , 161572 : { BUY 4539.63@0.80470892} 161571 : { BUY 4539.63@0.80470892} 161570 : { SELL 20367.34@0.8079342} 161569 : { SELL 20367.34@0.8079342} 
Tue Nov 18 13:22:28 EST 2014 , 4 , 2 , 2 , 161572 : { BUY 4539.63@0.80470892} 161571 : { BUY 4539.63@0.80470892} 161570 : { SELL 20367.34@0.8079342} 161569 : { SELL 20367.34@0.8079342} 
Tue Nov 18 13:25:29 EST 2014 , 4 , 2 , 2 , 161572 : { BUY 4539.63@0.80470892} 161571 : { BUY 4539.63@0.80470892} 161570 : { SELL 20367.34@0.8079342} 161569 : { SELL 20367.34@0.8079342} 
Tue Nov 18 13:28:30 EST 2014 , 4 , 2 , 2 , 161572 : { BUY 4539.63@0.80470892} 161571 : { BUY 4539.63@0.80470892} 161570 : { SELL 20367.34@0.8079342} 161569 : { SELL 20367.34@0.8079342} 
Tue Nov 18 13:31:31 EST 2014 , 4 , 2 , 2 , 161572 : { BUY 4539.63@0.80470892} 161571 : { BUY 4539.63@0.80470892} 161570 : { SELL 20367.34@0.8079342} 161569 : { SELL 20367.34@0.8079342} 
Tue Nov 18 13:34:32 EST 2014 , 4 , 2 , 2 , 161572 : { BUY 4539.63@0.80470892} 161571 : { BUY 4539.63@0.80470892} 161570 : { SELL 20367.34@0.8079342} 161569 : { SELL 20367.34@0.8079342} 
Tue Nov 18 13:37:33 EST 2014 , 4 , 2 , 2 , 161572 : { BUY 4539.63@0.80470892} 161571 : { BUY 4539.63@0.80470892} 161570 : { SELL 20367.34@0.8079342} 161569 : { SELL 20367.34@0.8079342} 
Tue Nov 18 13:40:34 EST 2014 , 4 , 2 , 2 , 161572 : { BUY 4539.63@0.80470892} 161571 : { BUY 4539.63@0.80470892} 161570 : { SELL 20367.34@0.8079342} 161569 : { SELL 20367.34@0.8079342} 
Tue Nov 18 13:43:35 EST 2014 , 4 , 2 , 2 , 161572 : { BUY 4539.63@0.80470892} 161571 : { BUY 4539.63@0.80470892} 161570 : { SELL 20367.34@0.8079342} 161569 : { SELL 20367.34@0.8079342} 
Tue Nov 18 13:46:36 EST 2014 , 4 , 2 , 2 , 161572 : { BUY 4539.63@0.80470892} 161571 : { BUY 4539.63@0.80470892} 161570 : { SELL 20367.34@0.8079342} 161569 : { SELL 20367.34@0.8079342} 
Tue Nov 18 13:49:37 EST 2014 , 4 , 2 , 2 , 161572 : { BUY 4539.63@0.80470892} 161571 : { BUY 4539.63@0.80470892} 161570 : { SELL 20367.34@0.8079342} 161569 : { SELL 20367.34@0.8079342} 
Tue Nov 18 13:52:38 EST 2014 , 4 , 2 , 2 , 161572 : { BUY 4539.63@0.80470892} 161571 : { BUY 4539.63@0.80470892} 161570 : { SELL 20367.34@0.8079342} 161569 : { SELL 20367.34@0.8079342} 
Tue Nov 18 13:55:39 EST 2014 , 4 , 2 , 2 , 161572 : { BUY 4539.63@0.80470892} 161571 : { BUY 4539.63@0.80470892} 161570 : { SELL 20367.34@0.8079342} 161569 : { SELL 20367.34@0.8079342} 
Tue Nov 18 13:58:40 EST 2014 , 4 , 2 , 2 , 161572 : { BUY 4539.63@0.80470892} 161571 : { BUY 4539.63@0.80470892} 161570 : { SELL 20367.34@0.8079342} 161569 : { SELL 20367.34@0.8079342} 
Tue Nov 18 14:01:41 EST 2014 , 4 , 2 , 2 , 161572 : { BUY 4539.63@0.80470892} 161571 : { BUY 4539.63@0.80470892} 161570 : { SELL 20367.34@0.8079342} 161569 : { SELL 20367.34@0.8079342} 
Tue Nov 18 14:04:42 EST 2014 , 4 , 2 , 2 , 161572 : { BUY 4539.63@0.80470892} 161571 : { BUY 4539.63@0.80470892} 161570 : { SELL 20367.34@0.8079342} 161569 : { SELL 20367.34@0.8079342} 
Tue Nov 18 14:07:43 EST 2014 , 4 , 2 , 2 , 161572 : { BUY 4539.63@0.80470892} 161571 : { BUY 4539.63@0.80470892} 161570 : { SELL 20367.34@0.8079342} 161569 : { SELL 20367.34@0.8079342} 
Tue Nov 18 14:10:44 EST 2014 , 4 , 2 , 2 , 161572 : { BUY 4539.63@0.80470892} 161571 : { BUY 4539.63@0.80470892} 161570 : { SELL 20367.34@0.8079342} 161569 : { SELL 20367.34@0.8079342} 
Tue Nov 18 14:13:45 EST 2014 , 4 , 2 , 2 , 161572 : { BUY 4539.63@0.80470892} 161571 : { BUY 4539.63@0.80470892} 161570 : { SELL 20367.34@0.8079342} 161569 : { SELL 20367.34@0.8079342} 
Tue Nov 18 14:16:46 EST 2014 , 4 , 2 , 2 , 161572 : { BUY 4539.63@0.80470892} 161571 : { BUY 4539.63@0.80470892} 161570 : { SELL 20367.34@0.8079342} 161569 : { SELL 20367.34@0.8079342} 
Tue Nov 18 14:19:47 EST 2014 , 4 , 2 , 2 , 161572 : { BUY 4539.63@0.80470892} 161571 : { BUY 4539.63@0.80470892} 161570 : { SELL 20367.34@0.8079342} 161569 : { SELL 20367.34@0.8079342} 
Tue Nov 18 14:22:48 EST 2014 , 4 , 2 , 2 , 161572 : { BUY 4539.63@0.80470892} 161571 : { BUY 4539.63@0.80470892} 161570 : { SELL 20367.34@0.8079342} 161569 : { SELL 20367.34@0.8079342} 
Tue Nov 18 14:25:49 EST 2014 , 4 , 2 , 2 , 161572 : { BUY 4539.63@0.80470892} 161571 : { BUY 4539.63@0.80470892} 161570 : { SELL 20367.34@0.8079342} 161569 : { SELL 20367.34@0.8079342} 
Tue Nov 18 14:28:50 EST 2014 , 4 , 2 , 2 , 161572 : { BUY 4539.63@0.80470892} 161571 : { BUY 4539.63@0.80470892} 161570 : { SELL 20367.34@0.8079342} 161569 : { SELL 20367.34@0.8079342} 
Tue Nov 18 14:31:51 EST 2014 , 4 , 2 , 2 , 161572 : { BUY 4539.63@0.80470892} 161571 : { BUY 4539.63@0.80470892} 161570 : { SELL 20367.34@0.8079342} 161569 : { SELL 20367.34@0.8079342} 
Tue Nov 18 14:34:52 EST 2014 , 4 , 2 , 2 , 161572 : { BUY 4539.63@0.80470892} 161571 : { BUY 4539.63@0.80470892} 161570 : { SELL 20367.34@0.8079342} 161569 : { SELL 20367.34@0.8079342} 
Tue Nov 18 14:37:53 EST 2014 , 4 , 2 , 2 , 161572 : { BUY 4539.63@0.80470892} 161571 : { BUY 4539.63@0.80470892} 161570 : { SELL 20367.34@0.8079342} 161569 : { SELL 20367.34@0.8079342} 
Tue Nov 18 14:40:54 EST 2014 , 4 , 2 , 2 , 161572 : { BUY 4539.63@0.80470892} 161571 : { BUY 4539.63@0.80470892} 161570 : { SELL 20367.34@0.8079342} 161569 : { SELL 20367.34@0.8079342} 
Tue Nov 18 14:43:55 EST 2014 , 4 , 2 , 2 , 161572 : { BUY 4539.63@0.80470892} 161571 : { BUY 4539.63@0.80470892} 161570 : { SELL 20367.34@0.8079342} 161569 : { SELL 20367.34@0.8079342} 
Tue Nov 18 14:46:56 EST 2014 , 4 , 2 , 2 , 161572 : { BUY 4539.63@0.80470892} 161571 : { BUY 4539.63@0.80470892} 161570 : { SELL 20367.34@0.8079342} 161569 : { SELL 20367.34@0.8079342} 
Tue Nov 18 14:49:57 EST 2014 , 4 , 2 , 2 , 161572 : { BUY 4539.63@0.80470892} 161571 : { BUY 4539.63@0.80470892} 161570 : { SELL 20367.34@0.8079342} 161569 : { SELL 20367.34@0.8079342} 
Tue Nov 18 14:52:58 EST 2014 , 4 , 2 , 2 , 161572 : { BUY 4539.63@0.80470892} 161571 : { BUY 4539.63@0.80470892} 161570 : { SELL 20367.34@0.8079342} 161569 : { SELL 20367.34@0.8079342} 
Tue Nov 18 14:55:59 EST 2014 , 4 , 2 , 2 , 161572 : { BUY 4539.63@0.80470892} 161571 : { BUY 4539.63@0.80470892} 161570 : { SELL 20367.34@0.8079342} 161569 : { SELL 20367.34@0.8079342} 
Tue Nov 18 14:59:00 EST 2014 , 4 , 2 , 2 , 161572 : { BUY 4539.63@0.80470892} 161571 : { BUY 4539.63@0.80470892} 161570 : { SELL 20367.34@0.8079342} 161569 : { SELL 20367.34@0.8079342} 
Tue Nov 18 15:02:01 EST 2014 , 4 , 2 , 2 , 161572 : { BUY 4539.63@0.80470892} 161571 : { BUY 4539.63@0.80470892} 161570 : { SELL 20367.34@0.8079342} 161569 : { SELL 20367.34@0.8079342} 
Tue Nov 18 15:05:02 EST 2014 , 4 , 2 , 2 , 161572 : { BUY 4539.63@0.80470892} 161571 : { BUY 4539.63@0.80470892} 161570 : { SELL 20367.34@0.8079342} 161569 : { SELL 20367.34@0.8079342} 
Tue Nov 18 15:08:03 EST 2014 , 4 , 2 , 2 , 161572 : { BUY 4539.63@0.80470892} 161571 : { BUY 4539.63@0.80470892} 161570 : { SELL 20367.34@0.8079342} 161569 : { SELL 20367.34@0.8079342} 
Tue Nov 18 15:11:04 EST 2014 , 4 , 2 , 2 , 161572 : { BUY 4539.63@0.80470892} 161571 : { BUY 4539.63@0.80470892} 161570 : { SELL 20367.34@0.8079342} 161569 : { SELL 20367.34@0.8079342} 
Tue Nov 18 15:14:05 EST 2014 , 4 , 2 , 2 , 161572 : { BUY 4539.63@0.80470892} 161571 : { BUY 4539.63@0.80470892} 161570 : { SELL 20367.34@0.8079342} 161569 : { SELL 20367.34@0.8079342} 
Tue Nov 18 15:17:06 EST 2014 , 4 , 2 , 2 , 161572 : { BUY 4539.63@0.80470892} 161571 : { BUY 4539.63@0.80470892} 161570 : { SELL 20367.34@0.8079342} 161569 : { SELL 20367.34@0.8079342} 
Tue Nov 18 15:20:07 EST 2014 , 4 , 2 , 2 , 161572 : { BUY 4539.63@0.80470892} 161571 : { BUY 4539.63@0.80470892} 161570 : { SELL 20367.34@0.8079342} 161569 : { SELL 20367.34@0.8079342} 
Tue Nov 18 15:23:08 EST 2014 , 4 , 2 , 2 , 161572 : { BUY 4539.63@0.80470892} 161571 : { BUY 4539.63@0.80470892} 161570 : { SELL 20367.34@0.8079342} 161569 : { SELL 20367.34@0.8079342} 
Tue Nov 18 15:26:09 EST 2014 , 4 , 2 , 2 , 161572 : { BUY 4539.63@0.80470892} 161571 : { BUY 4539.63@0.80470892} 161570 : { SELL 20367.34@0.8079342} 161569 : { SELL 20367.34@0.8079342} 
Tue Nov 18 15:29:10 EST 2014 , 4 , 2 , 2 , 161572 : { BUY 4539.63@0.80470892} 161571 : { BUY 4539.63@0.80470892} 161570 : { SELL 20367.34@0.8079342} 161569 : { SELL 20367.34@0.8079342} 
Tue Nov 18 15:32:11 EST 2014 , 4 , 2 , 2 , 161572 : { BUY 4539.63@0.80470892} 161571 : { BUY 4539.63@0.80470892} 161570 : { SELL 20367.34@0.8079342} 161569 : { SELL 20367.34@0.8079342} 
Tue Nov 18 15:35:12 EST 2014 , 4 , 2 , 2 , 161572 : { BUY 4539.63@0.80470892} 161571 : { BUY 4539.63@0.80470892} 161570 : { SELL 20367.34@0.8079342} 161569 : { SELL 20367.34@0.8079342} 
Tue Nov 18 15:38:13 EST 2014 , 4 , 2 , 2 , 161572 : { BUY 4539.63@0.80470892} 161571 : { BUY 4539.63@0.80470892} 161570 : { SELL 20367.34@0.8079342} 161569 : { SELL 20367.34@0.8079342} 
Tue Nov 18 15:41:14 EST 2014 , 4 , 2 , 2 , 161572 : { BUY 4539.63@0.80470892} 161571 : { BUY 4539.63@0.80470892} 161570 : { SELL 20367.34@0.8079342} 161569 : { SELL 20367.34@0.8079342} 
Tue Nov 18 15:44:15 EST 2014 , 4 , 2 , 2 , 161572 : { BUY 4539.63@0.80470892} 161571 : { BUY 4539.63@0.80470892} 161570 : { SELL 20367.34@0.8079342} 161569 : { SELL 20367.34@0.8079342} 
Tue Nov 18 15:47:16 EST 2014 , 4 , 2 , 2 , 161572 : { BUY 4539.63@0.80470892} 161571 : { BUY 4539.63@0.80470892} 161570 : { SELL 20367.34@0.8079342} 161569 : { SELL 20367.34@0.8079342} 
Tue Nov 18 15:50:17 EST 2014 , 4 , 2 , 2 , 161572 : { BUY 4539.63@0.80470892} 161571 : { BUY 4539.63@0.80470892} 161570 : { SELL 20367.34@0.8079342} 161569 : { SELL 20367.34@0.8079342} 
Tue Nov 18 15:53:18 EST 2014 , 4 , 2 , 2 , 161572 : { BUY 4539.63@0.80470892} 161571 : { BUY 4539.63@0.80470892} 161570 : { SELL 20367.34@0.8079342} 161569 : { SELL 20367.34@0.8079342} 
Tue Nov 18 15:56:19 EST 2014 , 4 , 2 , 2 , 161572 : { BUY 4539.63@0.80470892} 161571 : { BUY 4539.63@0.80470892} 161570 : { SELL 20367.34@0.8079342} 161569 : { SELL 20367.34@0.8079342} 
Tue Nov 18 15:59:20 EST 2014 , 4 , 2 , 2 , 161572 : { BUY 4539.63@0.80470892} 161571 : { BUY 4539.63@0.80470892} 161570 : { SELL 20367.34@0.8079342} 161569 : { SELL 20367.34@0.8079342} 
Tue Nov 18 16:02:21 EST 2014 , 4 , 2 , 2 , 161572 : { BUY 4539.63@0.80470892} 161571 : { BUY 4539.63@0.80470892} 161570 : { SELL 20367.34@0.8079342} 161569 : { SELL 20367.34@0.8079342} 
Tue Nov 18 16:05:22 EST 2014 , 4 , 2 , 2 , 161572 : { BUY 4539.63@0.80470892} 161571 : { BUY 4539.63@0.80470892} 161570 : { SELL 20367.34@0.8079342} 161569 : { SELL 20367.34@0.8079342} 
Tue Nov 18 16:08:23 EST 2014 , 4 , 2 , 2 , 161572 : { BUY 4539.63@0.80470892} 161571 : { BUY 4539.63@0.80470892} 161570 : { SELL 20367.34@0.8079342} 161569 : { SELL 20367.34@0.8079342} 
Tue Nov 18 16:11:24 EST 2014 , 4 , 2 , 2 , 161572 : { BUY 4539.63@0.80470892} 161571 : { BUY 4539.63@0.80470892} 161570 : { SELL 20367.34@0.8079342} 161569 : { SELL 20367.34@0.8079342} 
Tue Nov 18 16:14:25 EST 2014 , 4 , 2 , 2 , 161572 : { BUY 4539.63@0.80470892} 161571 : { BUY 4539.63@0.80470892} 161570 : { SELL 20367.34@0.8079342} 161569 : { SELL 20367.34@0.8079342} 
Tue Nov 18 16:17:26 EST 2014 , 4 , 2 , 2 , 161572 : { BUY 4539.63@0.80470892} 161571 : { BUY 4539.63@0.80470892} 161570 : { SELL 20367.34@0.8079342} 161569 : { SELL 20367.34@0.8079342} 
Tue Nov 18 16:20:27 EST 2014 , 4 , 2 , 2 , 161572 : { BUY 4539.63@0.80470892} 161571 : { BUY 4539.63@0.80470892} 161570 : { SELL 20367.34@0.8079342} 161569 : { SELL 20367.34@0.8079342} 
Tue Nov 18 16:23:28 EST 2014 , 4 , 2 , 2 , 161572 : { BUY 4539.63@0.80470892} 161571 : { BUY 4539.63@0.80470892} 161570 : { SELL 20367.34@0.8079342} 161569 : { SELL 20367.34@0.8079342} 
Tue Nov 18 16:26:29 EST 2014 , 4 , 2 , 2 , 161572 : { BUY 4539.63@0.80470892} 161571 : { BUY 4539.63@0.80470892} 161570 : { SELL 20367.34@0.8079342} 161569 : { SELL 20367.34@0.8079342} 
Tue Nov 18 16:29:30 EST 2014 , 4 , 2 , 2 , 161572 : { BUY 4539.63@0.80470892} 161571 : { BUY 4539.63@0.80470892} 161570 : { SELL 20367.34@0.8079342} 161569 : { SELL 20367.34@0.8079342} 
Tue Nov 18 16:32:31 EST 2014 , 4 , 2 , 2 , 161572 : { BUY 4539.63@0.80470892} 161571 : { BUY 4539.63@0.80470892} 161570 : { SELL 20367.34@0.8079342} 161569 : { SELL 20367.34@0.8079342} 
Tue Nov 18 16:35:32 EST 2014 , 4 , 2 , 2 , 161572 : { BUY 4539.63@0.80470892} 161571 : { BUY 4539.63@0.80470892} 161570 : { SELL 20367.34@0.8079342} 161569 : { SELL 20367.34@0.8079342} 
Tue Nov 18 16:38:33 EST 2014 , 4 , 2 , 2 , 161572 : { BUY 4539.63@0.80470892} 161571 : { BUY 4539.63@0.80470892} 161570 : { SELL 20367.34@0.8079342} 161569 : { SELL 20367.34@0.8079342} 
Tue Nov 18 16:41:34 EST 2014 , 4 , 2 , 2 , 161572 : { BUY 4539.63@0.80470892} 161571 : { BUY 4539.63@0.80470892} 161570 : { SELL 20367.34@0.8079342} 161569 : { SELL 20367.34@0.8079342} 
Tue Nov 18 16:44:35 EST 2014 , 4 , 2 , 2 , 161572 : { BUY 4539.63@0.80470892} 161571 : { BUY 4539.63@0.80470892} 161570 : { SELL 20367.34@0.8079342} 161569 : { SELL 20367.34@0.8079342} 
Tue Nov 18 16:47:36 EST 2014 , 4 , 2 , 2 , 161572 : { BUY 4539.63@0.80470892} 161571 : { BUY 4539.63@0.80470892} 161570 : { SELL 20367.34@0.8079342} 161569 : { SELL 20367.34@0.8079342} 
Tue Nov 18 16:50:37 EST 2014 , 4 , 2 , 2 , 161572 : { BUY 4539.63@0.80470892} 161571 : { BUY 4539.63@0.80470892} 161570 : { SELL 20367.34@0.8079342} 161569 : { SELL 20367.34@0.8079342} 
Tue Nov 18 16:53:38 EST 2014 , 4 , 2 , 2 , 161572 : { BUY 4539.63@0.80470892} 161571 : { BUY 4539.63@0.80470892} 161570 : { SELL 20367.34@0.8079342} 161569 : { SELL 20367.34@0.8079342} 
Tue Nov 18 16:56:40 EST 2014 , 4 , 2 , 2 , 161572 : { BUY 4539.63@0.80470892} 161571 : { BUY 4539.63@0.80470892} 161570 : { SELL 20367.34@0.8079342} 161569 : { SELL 20367.34@0.8079342} 
Tue Nov 18 16:59:40 EST 2014 , 4 , 2 , 2 , 161572 : { BUY 4539.63@0.80470892} 161571 : { BUY 4539.63@0.80470892} 161570 : { SELL 20367.34@0.8079342} 161569 : { SELL 20367.34@0.8079342} 
Tue Nov 18 17:02:41 EST 2014 , 4 , 2 , 2 , 161572 : { BUY 4539.63@0.80470892} 161571 : { BUY 4539.63@0.80470892} 161570 : { SELL 20367.34@0.8079342} 161569 : { SELL 20367.34@0.8079342} 
Tue Nov 18 17:05:42 EST 2014 , 4 , 2 , 2 , 161572 : { BUY 4539.63@0.80470892} 161571 : { BUY 4539.63@0.80470892} 161570 : { SELL 20367.34@0.8079342} 161569 : { SELL 20367.34@0.8079342} 
Tue Nov 18 17:08:43 EST 2014 , 4 , 2 , 2 , 161572 : { BUY 4539.63@0.80470892} 161571 : { BUY 4539.63@0.80470892} 161570 : { SELL 20367.34@0.8079342} 161569 : { SELL 20367.34@0.8079342} 
Tue Nov 18 17:11:44 EST 2014 , 4 , 2 , 2 , 161572 : { BUY 4539.63@0.80470892} 161571 : { BUY 4539.63@0.80470892} 161570 : { SELL 20367.34@0.8079342} 161569 : { SELL 20367.34@0.8079342} 
Tue Nov 18 17:14:45 EST 2014 , 4 , 2 , 2 , 161572 : { BUY 4539.63@0.80470892} 161571 : { BUY 4539.63@0.80470892} 161570 : { SELL 20367.34@0.8079342} 161569 : { SELL 20367.34@0.8079342} 
Tue Nov 18 17:17:46 EST 2014 , 4 , 2 , 2 , 161572 : { BUY 4539.63@0.80470892} 161571 : { BUY 4539.63@0.80470892} 161570 : { SELL 20367.34@0.8079342} 161569 : { SELL 20367.34@0.8079342} 
Tue Nov 18 17:20:47 EST 2014 , 4 , 2 , 2 , 161572 : { BUY 4539.63@0.80470892} 161571 : { BUY 4539.63@0.80470892} 161570 : { SELL 20367.34@0.8079342} 161569 : { SELL 20367.34@0.8079342} 
Tue Nov 18 17:23:48 EST 2014 , 4 , 2 , 2 , 161572 : { BUY 4539.63@0.80470892} 161571 : { BUY 4539.63@0.80470892} 161570 : { SELL 20367.34@0.8079342} 161569 : { SELL 20367.34@0.8079342} 
Tue Nov 18 17:26:49 EST 2014 , 4 , 2 , 2 , 161572 : { BUY 4539.63@0.80470892} 161571 : { BUY 4539.63@0.80470892} 161570 : { SELL 20367.34@0.8079342} 161569 : { SELL 20367.34@0.8079342} 
Tue Nov 18 17:29:50 EST 2014 , 4 , 2 , 2 , 161572 : { BUY 4539.63@0.80470892} 161571 : { BUY 4539.63@0.80470892} 161570 : { SELL 20367.34@0.8079342} 161569 : { SELL 20367.34@0.8079342} 
Tue Nov 18 17:32:51 EST 2014 , 4 , 2 , 2 , 161572 : { BUY 4539.63@0.80470892} 161571 : { BUY 4539.63@0.80470892} 161570 : { SELL 20367.34@0.8079342} 161569 : { SELL 20367.34@0.8079342} 
Tue Nov 18 17:35:52 EST 2014 , 4 , 2 , 2 , 161572 : { BUY 4539.63@0.80470892} 161571 : { BUY 4539.63@0.80470892} 161570 : { SELL 20367.34@0.8079342} 161569 : { SELL 20367.34@0.8079342} 
Tue Nov 18 17:38:53 EST 2014 , 4 , 2 , 2 , 161572 : { BUY 4539.63@0.80470892} 161571 : { BUY 4539.63@0.80470892} 161570 : { SELL 20367.34@0.8079342} 161569 : { SELL 20367.34@0.8079342} 
Tue Nov 18 17:41:54 EST 2014 , 4 , 2 , 2 , 161572 : { BUY 4539.63@0.80470892} 161571 : { BUY 4539.63@0.80470892} 161570 : { SELL 20367.34@0.8079342} 161569 : { SELL 20367.34@0.8079342} 
Tue Nov 18 17:44:55 EST 2014 , 4 , 2 , 2 , 161572 : { BUY 4539.63@0.80470892} 161571 : { BUY 4539.63@0.80470892} 161570 : { SELL 20367.34@0.8079342} 161569 : { SELL 20367.34@0.8079342} 
Tue Nov 18 17:47:56 EST 2014 , 4 , 2 , 2 , 161572 : { BUY 4539.63@0.80470892} 161571 : { BUY 4539.63@0.80470892} 161570 : { SELL 20367.34@0.8079342} 161569 : { SELL 20367.34@0.8079342} 
Tue Nov 18 17:50:57 EST 2014 , 4 , 2 , 2 , 161572 : { BUY 4539.63@0.80470892} 161571 : { BUY 4539.63@0.80470892} 161570 : { SELL 20367.34@0.8079342} 161569 : { SELL 20367.34@0.8079342} 
Tue Nov 18 17:53:58 EST 2014 , 4 , 2 , 2 , 161572 : { BUY 4539.63@0.80470892} 161571 : { BUY 4539.63@0.80470892} 161570 : { SELL 20367.34@0.8079342} 161569 : { SELL 20367.34@0.8079342} 
Tue Nov 18 17:56:59 EST 2014 , 4 , 2 , 2 , 161572 : { BUY 4539.63@0.80470892} 161571 : { BUY 4539.63@0.80470892} 161570 : { SELL 20367.34@0.8079342} 161569 : { SELL 20367.34@0.8079342} 
Tue Nov 18 18:00:00 EST 2014 , 4 , 2 , 2 , 161572 : { BUY 4539.63@0.80470892} 161571 : { BUY 4539.63@0.80470892} 161570 : { SELL 20367.34@0.8079342} 161569 : { SELL 20367.34@0.8079342} 
Tue Nov 18 18:03:01 EST 2014 , 4 , 2 , 2 , 161572 : { BUY 4539.63@0.80470892} 161571 : { BUY 4539.63@0.80470892} 161570 : { SELL 20367.34@0.8079342} 161569 : { SELL 20367.34@0.8079342} 
Tue Nov 18 18:06:02 EST 2014 , 4 , 2 , 2 , 161572 : { BUY 4539.63@0.80470892} 161571 : { BUY 4539.63@0.80470892} 161570 : { SELL 20367.34@0.8079342} 161569 : { SELL 20367.34@0.8079342} 
Tue Nov 18 18:09:03 EST 2014 , 4 , 2 , 2 , 161572 : { BUY 4539.63@0.80470892} 161571 : { BUY 4539.63@0.80470892} 161570 : { SELL 20367.34@0.8079342} 161569 : { SELL 20367.34@0.8079342} 
Tue Nov 18 18:12:04 EST 2014 , 4 , 2 , 2 , 161572 : { BUY 4539.63@0.80470892} 161571 : { BUY 4539.63@0.80470892} 161570 : { SELL 20367.34@0.8079342} 161569 : { SELL 20367.34@0.8079342} 
Tue Nov 18 18:15:05 EST 2014 , 4 , 2 , 2 , 161572 : { BUY 4539.63@0.80470892} 161571 : { BUY 4539.63@0.80470892} 161570 : { SELL 20367.34@0.8079342} 161569 : { SELL 20367.34@0.8079342} 
Tue Nov 18 18:18:06 EST 2014 , 4 , 2 , 2 , 161572 : { BUY 4539.63@0.80470892} 161571 : { BUY 4539.63@0.80470892} 161570 : { SELL 20367.34@0.8079342} 161569 : { SELL 20367.34@0.8079342} 
Tue Nov 18 18:21:07 EST 2014 , 4 , 2 , 2 , 161572 : { BUY 4539.63@0.80470892} 161571 : { BUY 4539.63@0.80470892} 161570 : { SELL 20367.34@0.8079342} 161569 : { SELL 20367.34@0.8079342} 
Tue Nov 18 18:24:08 EST 2014 , 4 , 2 , 2 , 161572 : { BUY 4539.63@0.80470892} 161571 : { BUY 4539.63@0.80470892} 161570 : { SELL 20367.34@0.8079342} 161569 : { SELL 20367.34@0.8079342} 
Tue Nov 18 18:27:09 EST 2014 , 4 , 2 , 2 , 161572 : { BUY 4539.63@0.80470892} 161571 : { BUY 4539.63@0.80470892} 161570 : { SELL 20367.34@0.8079342} 161569 : { SELL 20367.34@0.8079342} 
Tue Nov 18 18:30:10 EST 2014 , 4 , 2 , 2 , 161572 : { BUY 4539.63@0.80470892} 161571 : { BUY 4539.63@0.80470892} 161570 : { SELL 20367.34@0.8079342} 161569 : { SELL 20367.34@0.8079342} 
Tue Nov 18 18:33:11 EST 2014 , 4 , 2 , 2 , 161572 : { BUY 4539.63@0.80470892} 161571 : { BUY 4539.63@0.80470892} 161570 : { SELL 20367.34@0.8079342} 161569 : { SELL 20367.34@0.8079342} 
Tue Nov 18 18:36:12 EST 2014 , 4 , 2 , 2 , 161572 : { BUY 4539.63@0.80470892} 161571 : { BUY 4539.63@0.80470892} 161570 : { SELL 20367.34@0.8079342} 161569 : { SELL 20367.34@0.8079342} 
Tue Nov 18 18:39:13 EST 2014 , 4 , 2 , 2 , 161572 : { BUY 4539.63@0.80470892} 161571 : { BUY 4539.63@0.80470892} 161570 : { SELL 20367.34@0.8079342} 161569 : { SELL 20367.34@0.8079342} 
Tue Nov 18 18:42:14 EST 2014 , 4 , 2 , 2 , 161572 : { BUY 4539.63@0.80470892} 161571 : { BUY 4539.63@0.80470892} 161570 : { SELL 20367.34@0.8079342} 161569 : { SELL 20367.34@0.8079342} 
Tue Nov 18 18:45:15 EST 2014 , 4 , 2 , 2 , 161572 : { BUY 4539.63@0.80470892} 161571 : { BUY 4539.63@0.80470892} 161570 : { SELL 20367.34@0.8079342} 161569 : { SELL 20367.34@0.8079342} 
Tue Nov 18 18:48:16 EST 2014 , 4 , 2 , 2 , 161572 : { BUY 4539.63@0.80470892} 161571 : { BUY 4539.63@0.80470892} 161570 : { SELL 20367.34@0.8079342} 161569 : { SELL 20367.34@0.8079342} 
Tue Nov 18 18:51:17 EST 2014 , 4 , 2 , 2 , 161572 : { BUY 4539.63@0.80470892} 161571 : { BUY 4539.63@0.80470892} 161570 : { SELL 20367.34@0.8079342} 161569 : { SELL 20367.34@0.8079342} 
Tue Nov 18 18:54:18 EST 2014 , 4 , 2 , 2 , 161572 : { BUY 4539.63@0.80470892} 161571 : { BUY 4539.63@0.80470892} 161570 : { SELL 20367.34@0.8079342} 161569 : { SELL 20367.34@0.8079342} 
Tue Nov 18 18:57:19 EST 2014 , 4 , 2 , 2 , 161572 : { BUY 4539.63@0.80470892} 161571 : { BUY 4539.63@0.80470892} 161570 : { SELL 20367.34@0.8079342} 161569 : { SELL 20367.34@0.8079342} 
Tue Nov 18 19:00:20 EST 2014 , 4 , 2 , 2 , 161572 : { BUY 4539.63@0.80470892} 161571 : { BUY 4539.63@0.80470892} 161570 : { SELL 20367.34@0.8079342} 161569 : { SELL 20367.34@0.8079342} 
Tue Nov 18 19:03:21 EST 2014 , 4 , 2 , 2 , 161572 : { BUY 4539.63@0.80470892} 161571 : { BUY 4539.63@0.80470892} 161570 : { SELL 20367.34@0.8079342} 161569 : { SELL 20367.34@0.8079342} 
Tue Nov 18 19:06:22 EST 2014 , 4 , 2 , 2 , 161572 : { BUY 4539.63@0.80470892} 161571 : { BUY 4539.63@0.80470892} 161570 : { SELL 20367.34@0.8079342} 161569 : { SELL 20367.34@0.8079342} 
Tue Nov 18 19:09:23 EST 2014 , 4 , 2 , 2 , 161572 : { BUY 4539.63@0.80470892} 161571 : { BUY 4539.63@0.80470892} 161570 : { SELL 20367.34@0.8079342} 161569 : { SELL 20367.34@0.8079342} 
Tue Nov 18 19:12:24 EST 2014 , 4 , 2 , 2 , 161572 : { BUY 4539.63@0.80470892} 161571 : { BUY 4539.63@0.80470892} 161570 : { SELL 20367.34@0.8079342} 161569 : { SELL 20367.34@0.8079342} 
Tue Nov 18 19:15:25 EST 2014 , 4 , 2 , 2 , 161572 : { BUY 4539.63@0.80470892} 161571 : { BUY 4539.63@0.80470892} 161570 : { SELL 20367.34@0.8079342} 161569 : { SELL 20367.34@0.8079342} 
Tue Nov 18 19:18:26 EST 2014 , 4 , 2 , 2 , 161572 : { BUY 4539.63@0.80470892} 161571 : { BUY 4539.63@0.80470892} 161570 : { SELL 20367.34@0.8079342} 161569 : { SELL 20367.34@0.8079342} 
Tue Nov 18 19:21:27 EST 2014 , 4 , 2 , 2 , 161572 : { BUY 4539.63@0.80470892} 161571 : { BUY 4539.63@0.80470892} 161570 : { SELL 20367.34@0.8079342} 161569 : { SELL 20367.34@0.8079342} 
Tue Nov 18 19:24:28 EST 2014 , 4 , 2 , 2 , 161572 : { BUY 4539.63@0.80470892} 161571 : { BUY 4539.63@0.80470892} 161570 : { SELL 20367.34@0.8079342} 161569 : { SELL 20367.34@0.8079342} 
Tue Nov 18 19:27:29 EST 2014 , 4 , 2 , 2 , 161572 : { BUY 4539.63@0.80470892} 161571 : { BUY 4539.63@0.80470892} 161570 : { SELL 20367.34@0.8079342} 161569 : { SELL 20367.34@0.8079342} 
Tue Nov 18 19:30:30 EST 2014 , 4 , 2 , 2 , 161572 : { BUY 4539.63@0.80470892} 161571 : { BUY 4539.63@0.80470892} 161570 : { SELL 20367.34@0.8079342} 161569 : { SELL 20367.34@0.8079342} 
Tue Nov 18 19:33:31 EST 2014 , 4 , 2 , 2 , 161572 : { BUY 4539.63@0.80470892} 161571 : { BUY 4539.63@0.80470892} 161570 : { SELL 20367.34@0.8079342} 161569 : { SELL 20367.34@0.8079342} 
Tue Nov 18 19:36:32 EST 2014 , 4 , 2 , 2 , 161572 : { BUY 4539.63@0.80470892} 161571 : { BUY 4539.63@0.80470892} 161570 : { SELL 20367.34@0.8079342} 161569 : { SELL 20367.34@0.8079342} 
Tue Nov 18 19:39:33 EST 2014 , 4 , 2 , 2 , 161572 : { BUY 4539.63@0.80470892} 161571 : { BUY 4539.63@0.80470892} 161570 : { SELL 20367.34@0.8079342} 161569 : { SELL 20367.34@0.8079342} 
Tue Nov 18 19:42:34 EST 2014 , 4 , 2 , 2 , 161572 : { BUY 4539.63@0.80470892} 161571 : { BUY 4539.63@0.80470892} 161570 : { SELL 20367.34@0.8079342} 161569 : { SELL 20367.34@0.8079342} 
Tue Nov 18 19:45:35 EST 2014 , 4 , 2 , 2 , 161572 : { BUY 4539.63@0.80470892} 161571 : { BUY 4539.63@0.80470892} 161570 : { SELL 20367.34@0.8079342} 161569 : { SELL 20367.34@0.8079342} 
Tue Nov 18 19:48:36 EST 2014 , 4 , 2 , 2 , 161572 : { BUY 4539.63@0.80470892} 161571 : { BUY 4539.63@0.80470892} 161570 : { SELL 20367.34@0.8079342} 161569 : { SELL 20367.34@0.8079342} 
Tue Nov 18 19:51:37 EST 2014 , 4 , 2 , 2 , 161572 : { BUY 4539.63@0.80470892} 161571 : { BUY 4539.63@0.80470892} 161570 : { SELL 20367.34@0.8079342} 161569 : { SELL 20367.34@0.8079342} 
Tue Nov 18 19:54:38 EST 2014 , 4 , 2 , 2 , 161572 : { BUY 4539.63@0.80470892} 161571 : { BUY 4539.63@0.80470892} 161570 : { SELL 20367.34@0.8079342} 161569 : { SELL 20367.34@0.8079342} 
Tue Nov 18 19:57:39 EST 2014 , 4 , 2 , 2 , 161572 : { BUY 4539.63@0.80470892} 161571 : { BUY 4539.63@0.80470892} 161570 : { SELL 20367.34@0.8079342} 161569 : { SELL 20367.34@0.8079342} 
Tue Nov 18 20:00:40 EST 2014 , 4 , 2 , 2 , 161572 : { BUY 4539.63@0.80470892} 161571 : { BUY 4539.63@0.80470892} 161570 : { SELL 20367.34@0.8079342} 161569 : { SELL 20367.34@0.8079342} 
Tue Nov 18 20:03:41 EST 2014 , 4 , 2 , 2 , 161572 : { BUY 4539.63@0.80470892} 161571 : { BUY 4539.63@0.80470892} 161570 : { SELL 20367.34@0.8079342} 161569 : { SELL 20367.34@0.8079342} 
Tue Nov 18 20:06:42 EST 2014 , 4 , 2 , 2 , 161572 : { BUY 4539.63@0.80470892} 161571 : { BUY 4539.63@0.80470892} 161570 : { SELL 20367.34@0.8079342} 161569 : { SELL 20367.34@0.8079342} 
Tue Nov 18 20:09:43 EST 2014 , 4 , 2 , 2 , 161572 : { BUY 4539.63@0.80470892} 161571 : { BUY 4539.63@0.80470892} 161570 : { SELL 20367.34@0.8079342} 161569 : { SELL 20367.34@0.8079342} 
Tue Nov 18 20:12:44 EST 2014 , 4 , 2 , 2 , 161572 : { BUY 4539.63@0.80470892} 161571 : { BUY 4539.63@0.80470892} 161570 : { SELL 20367.34@0.8079342} 161569 : { SELL 20367.34@0.8079342} 
Tue Nov 18 20:15:45 EST 2014 , 4 , 2 , 2 , 161572 : { BUY 4539.63@0.80470892} 161571 : { BUY 4539.63@0.80470892} 161570 : { SELL 20367.34@0.8079342} 161569 : { SELL 20367.34@0.8079342} 
Tue Nov 18 20:18:46 EST 2014 , 4 , 2 , 2 , 161572 : { BUY 4539.63@0.80470892} 161571 : { BUY 4539.63@0.80470892} 161570 : { SELL 20367.34@0.8079342} 161569 : { SELL 20367.34@0.8079342} 
Tue Nov 18 20:21:47 EST 2014 , 4 , 2 , 2 , 161572 : { BUY 4539.63@0.80470892} 161571 : { BUY 4539.63@0.80470892} 161570 : { SELL 20367.34@0.8079342} 161569 : { SELL 20367.34@0.8079342} 
Tue Nov 18 20:24:48 EST 2014 , 4 , 2 , 2 , 161572 : { BUY 4539.63@0.80470892} 161571 : { BUY 4539.63@0.80470892} 161570 : { SELL 20367.34@0.8079342} 161569 : { SELL 20367.34@0.8079342} 
Tue Nov 18 20:27:49 EST 2014 , 4 , 2 , 2 , 161572 : { BUY 4539.63@0.80470892} 161571 : { BUY 4539.63@0.80470892} 161570 : { SELL 20367.34@0.8079342} 161569 : { SELL 20367.34@0.8079342} 
Tue Nov 18 20:30:50 EST 2014 , 4 , 2 , 2 , 161572 : { BUY 4539.63@0.80470892} 161571 : { BUY 4539.63@0.80470892} 161570 : { SELL 20367.34@0.8079342} 161569 : { SELL 20367.34@0.8079342} 
Tue Nov 18 20:33:51 EST 2014 , 4 , 2 , 2 , 161572 : { BUY 4539.63@0.80470892} 161571 : { BUY 4539.63@0.80470892} 161570 : { SELL 20367.34@0.8079342} 161569 : { SELL 20367.34@0.8079342} 
Tue Nov 18 20:36:52 EST 2014 , 4 , 2 , 2 , 161572 : { BUY 4539.63@0.80470892} 161571 : { BUY 4539.63@0.80470892} 161570 : { SELL 20367.34@0.8079342} 161569 : { SELL 20367.34@0.8079342} 
Tue Nov 18 20:39:53 EST 2014 , 4 , 2 , 2 , 161572 : { BUY 4539.63@0.80470892} 161571 : { BUY 4539.63@0.80470892} 161570 : { SELL 20367.34@0.8079342} 161569 : { SELL 20367.34@0.8079342} 
Tue Nov 18 20:42:54 EST 2014 , 4 , 2 , 2 , 161572 : { BUY 4539.63@0.80470892} 161571 : { BUY 4539.63@0.80470892} 161570 : { SELL 20367.34@0.8079342} 161569 : { SELL 20367.34@0.8079342} 
Tue Nov 18 20:45:55 EST 2014 , 4 , 2 , 2 , 161572 : { BUY 4539.63@0.80470892} 161571 : { BUY 4539.63@0.80470892} 161570 : { SELL 20367.34@0.8079342} 161569 : { SELL 20367.34@0.8079342} 
Tue Nov 18 20:48:56 EST 2014 , 4 , 2 , 2 , 161572 : { BUY 4539.63@0.80470892} 161571 : { BUY 4539.63@0.80470892} 161570 : { SELL 20367.34@0.8079342} 161569 : { SELL 20367.34@0.8079342} 
Tue Nov 18 20:51:57 EST 2014 , 4 , 2 , 2 , 161572 : { BUY 4539.63@0.80470892} 161571 : { BUY 4539.63@0.80470892} 161570 : { SELL 20367.34@0.8079342} 161569 : { SELL 20367.34@0.8079342} 
Tue Nov 18 20:54:58 EST 2014 , 4 , 2 , 2 , 161572 : { BUY 4539.63@0.80470892} 161571 : { BUY 4539.63@0.80470892} 161570 : { SELL 20367.34@0.8079342} 161569 : { SELL 20367.34@0.8079342} 
Tue Nov 18 20:57:59 EST 2014 , 4 , 2 , 2 , 161572 : { BUY 4539.63@0.80470892} 161571 : { BUY 4539.63@0.80470892} 161570 : { SELL 20367.34@0.8079342} 161569 : { SELL 20367.34@0.8079342} 
Tue Nov 18 21:01:00 EST 2014 , 4 , 2 , 2 , 161572 : { BUY 4539.63@0.80470892} 161571 : { BUY 4539.63@0.80470892} 161570 : { SELL 20367.34@0.8079342} 161569 : { SELL 20367.34@0.8079342} 
Tue Nov 18 21:04:01 EST 2014 , 4 , 2 , 2 , 161572 : { BUY 4539.63@0.80470892} 161571 : { BUY 4539.63@0.80470892} 161570 : { SELL 20367.34@0.8079342} 161569 : { SELL 20367.34@0.8079342} 
Tue Nov 18 21:07:02 EST 2014 , 4 , 2 , 2 , 161572 : { BUY 4539.63@0.80470892} 161571 : { BUY 4539.63@0.80470892} 161570 : { SELL 20367.34@0.8079342} 161569 : { SELL 20367.34@0.8079342} 
Tue Nov 18 21:10:03 EST 2014 , 4 , 2 , 2 , 161572 : { BUY 4539.63@0.80470892} 161571 : { BUY 4539.63@0.80470892} 161570 : { SELL 20367.34@0.8079342} 161569 : { SELL 20367.34@0.8079342} 
Tue Nov 18 21:13:04 EST 2014 , 4 , 2 , 2 , 161572 : { BUY 4539.63@0.80470892} 161571 : { BUY 4539.63@0.80470892} 161570 : { SELL 20367.34@0.8079342} 161569 : { SELL 20367.34@0.8079342} 
Tue Nov 18 21:16:05 EST 2014 , 4 , 2 , 2 , 161572 : { BUY 4539.63@0.80470892} 161571 : { BUY 4539.63@0.80470892} 161570 : { SELL 20367.34@0.8079342} 161569 : { SELL 20367.34@0.8079342} 
Tue Nov 18 21:19:06 EST 2014 , 4 , 2 , 2 , 161572 : { BUY 4539.63@0.80470892} 161571 : { BUY 4539.63@0.80470892} 161570 : { SELL 20367.34@0.8079342} 161569 : { SELL 20367.34@0.8079342} 
Tue Nov 18 21:22:07 EST 2014 , 4 , 2 , 2 , 161572 : { BUY 4539.63@0.80470892} 161571 : { BUY 4539.63@0.80470892} 161570 : { SELL 20367.34@0.8079342} 161569 : { SELL 20367.34@0.8079342} 
Tue Nov 18 21:25:08 EST 2014 , 4 , 2 , 2 , 161572 : { BUY 4539.63@0.80470892} 161571 : { BUY 4539.63@0.80470892} 161570 : { SELL 20367.34@0.8079342} 161569 : { SELL 20367.34@0.8079342} 
Tue Nov 18 21:28:09 EST 2014 , 4 , 2 , 2 , 161572 : { BUY 4539.63@0.80470892} 161571 : { BUY 4539.63@0.80470892} 161570 : { SELL 20367.34@0.8079342} 161569 : { SELL 20367.34@0.8079342} 
Tue Nov 18 21:31:10 EST 2014 , 4 , 2 , 2 , 161572 : { BUY 4539.63@0.80470892} 161571 : { BUY 4539.63@0.80470892} 161570 : { SELL 20367.34@0.8079342} 161569 : { SELL 20367.34@0.8079342} 
Tue Nov 18 21:34:11 EST 2014 , 4 , 2 , 2 , 161572 : { BUY 4539.63@0.80470892} 161571 : { BUY 4539.63@0.80470892} 161570 : { SELL 20367.34@0.8079342} 161569 : { SELL 20367.34@0.8079342} 
Tue Nov 18 21:37:12 EST 2014 , 4 , 2 , 2 , 161572 : { BUY 4539.63@0.80470892} 161571 : { BUY 4539.63@0.80470892} 161570 : { SELL 20367.34@0.8079342} 161569 : { SELL 20367.34@0.8079342} 
Tue Nov 18 21:40:13 EST 2014 , 4 , 2 , 2 , 161572 : { BUY 4539.63@0.80470892} 161571 : { BUY 4539.63@0.80470892} 161570 : { SELL 20367.34@0.8079342} 161569 : { SELL 20367.34@0.8079342} 
Tue Nov 18 21:43:14 EST 2014 , 4 , 2 , 2 , 161572 : { BUY 4539.63@0.80470892} 161571 : { BUY 4539.63@0.80470892} 161570 : { SELL 20367.34@0.8079342} 161569 : { SELL 20367.34@0.8079342} 
Tue Nov 18 21:46:15 EST 2014 , 4 , 2 , 2 , 161572 : { BUY 4539.63@0.80470892} 161571 : { BUY 4539.63@0.80470892} 161570 : { SELL 20367.34@0.8079342} 161569 : { SELL 20367.34@0.8079342} 
Tue Nov 18 21:49:16 EST 2014 , 4 , 2 , 2 , 161572 : { BUY 4539.63@0.80470892} 161571 : { BUY 4539.63@0.80470892} 161570 : { SELL 20367.34@0.8079342} 161569 : { SELL 20367.34@0.8079342} 
Tue Nov 18 21:52:17 EST 2014 , 4 , 2 , 2 , 161572 : { BUY 4539.63@0.80470892} 161571 : { BUY 4539.63@0.80470892} 161570 : { SELL 20367.34@0.8079342} 161569 : { SELL 20367.34@0.8079342} 
Tue Nov 18 21:55:18 EST 2014 , 4 , 2 , 2 , 161572 : { BUY 4539.63@0.80470892} 161571 : { BUY 4539.63@0.80470892} 161570 : { SELL 20367.34@0.8079342} 161569 : { SELL 20367.34@0.8079342} 
Tue Nov 18 21:58:20 EST 2014 , 4 , 2 , 2 , 161572 : { BUY 4539.63@0.80470892} 161571 : { BUY 4539.63@0.80470892} 161570 : { SELL 20367.34@0.8079342} 161569 : { SELL 20367.34@0.8079342} 
Tue Nov 18 22:01:20 EST 2014 , 4 , 2 , 2 , 161572 : { BUY 4539.63@0.80470892} 161571 : { BUY 4539.63@0.80470892} 161570 : { SELL 20367.34@0.8079342} 161569 : { SELL 20367.34@0.8079342} 
Tue Nov 18 22:04:21 EST 2014 , 4 , 2 , 2 , 161572 : { BUY 4539.63@0.80470892} 161571 : { BUY 4539.63@0.80470892} 161570 : { SELL 20367.34@0.8079342} 161569 : { SELL 20367.34@0.8079342} 
Tue Nov 18 22:07:22 EST 2014 , 4 , 2 , 2 , 161572 : { BUY 4539.63@0.80470892} 161571 : { BUY 4539.63@0.80470892} 161570 : { SELL 20367.34@0.8079342} 161569 : { SELL 20367.34@0.8079342} 
Tue Nov 18 22:10:23 EST 2014 , 4 , 2 , 2 , 161572 : { BUY 4539.63@0.80470892} 161571 : { BUY 4539.63@0.80470892} 161570 : { SELL 20367.34@0.8079342} 161569 : { SELL 20367.34@0.8079342} 
Tue Nov 18 22:13:24 EST 2014 , 4 , 2 , 2 , 161572 : { BUY 4539.63@0.80470892} 161571 : { BUY 4539.63@0.80470892} 161570 : { SELL 20367.34@0.8079342} 161569 : { SELL 20367.34@0.8079342} 
Tue Nov 18 22:16:25 EST 2014 , 4 , 2 , 2 , 161572 : { BUY 4539.63@0.80470892} 161571 : { BUY 4539.63@0.80470892} 161570 : { SELL 20367.34@0.8079342} 161569 : { SELL 20367.34@0.8079342} 
Tue Nov 18 22:19:26 EST 2014 , 4 , 2 , 2 , 161572 : { BUY 4539.63@0.80470892} 161571 : { BUY 4539.63@0.80470892} 161570 : { SELL 20367.34@0.8079342} 161569 : { SELL 20367.34@0.8079342} 
Tue Nov 18 22:22:27 EST 2014 , 4 , 2 , 2 , 161572 : { BUY 4539.63@0.80470892} 161571 : { BUY 4539.63@0.80470892} 161570 : { SELL 20367.34@0.8079342} 161569 : { SELL 20367.34@0.8079342} 
Tue Nov 18 22:25:28 EST 2014 , 4 , 2 , 2 , 161572 : { BUY 4539.63@0.80470892} 161571 : { BUY 4539.63@0.80470892} 161570 : { SELL 20367.34@0.8079342} 161569 : { SELL 20367.34@0.8079342} 
Tue Nov 18 22:28:29 EST 2014 , 4 , 2 , 2 , 161572 : { BUY 4539.63@0.80470892} 161571 : { BUY 4539.63@0.80470892} 161570 : { SELL 20367.34@0.8079342} 161569 : { SELL 20367.34@0.8079342} 
Tue Nov 18 22:31:30 EST 2014 , 4 , 2 , 2 , 161572 : { BUY 4539.63@0.80470892} 161571 : { BUY 4539.63@0.80470892} 161570 : { SELL 20367.34@0.8079342} 161569 : { SELL 20367.34@0.8079342} 
Tue Nov 18 22:34:31 EST 2014 , 4 , 2 , 2 , 161572 : { BUY 4539.63@0.80470892} 161571 : { BUY 4539.63@0.80470892} 161570 : { SELL 20367.34@0.8079342} 161569 : { SELL 20367.34@0.8079342} 
Tue Nov 18 22:37:32 EST 2014 , 4 , 2 , 2 , 161572 : { BUY 4539.63@0.80470892} 161571 : { BUY 4539.63@0.80470892} 161570 : { SELL 20367.34@0.8079342} 161569 : { SELL 20367.34@0.8079342} 
Tue Nov 18 22:40:33 EST 2014 , 4 , 2 , 2 , 161572 : { BUY 4539.63@0.80470892} 161571 : { BUY 4539.63@0.80470892} 161570 : { SELL 20367.34@0.8079342} 161569 : { SELL 20367.34@0.8079342} 
Tue Nov 18 22:43:34 EST 2014 , 4 , 2 , 2 , 161572 : { BUY 4539.63@0.80470892} 161571 : { BUY 4539.63@0.80470892} 161570 : { SELL 20367.34@0.8079342} 161569 : { SELL 20367.34@0.8079342} 
Tue Nov 18 22:46:35 EST 2014 , 4 , 2 , 2 , 161572 : { BUY 4539.63@0.80470892} 161571 : { BUY 4539.63@0.80470892} 161570 : { SELL 20367.34@0.8079342} 161569 : { SELL 20367.34@0.8079342} 
Tue Nov 18 22:49:36 EST 2014 , 4 , 2 , 2 , 161572 : { BUY 4539.63@0.80470892} 161571 : { BUY 4539.63@0.80470892} 161570 : { SELL 20367.34@0.8079342} 161569 : { SELL 20367.34@0.8079342} 
Tue Nov 18 22:52:37 EST 2014 , 4 , 2 , 2 , 161572 : { BUY 4539.63@0.80470892} 161571 : { BUY 4539.63@0.80470892} 161570 : { SELL 20367.34@0.8079342} 161569 : { SELL 20367.34@0.8079342} 
Tue Nov 18 22:55:38 EST 2014 , 4 , 2 , 2 , 161572 : { BUY 4539.63@0.80470892} 161571 : { BUY 4539.63@0.80470892} 161570 : { SELL 20367.34@0.8079342} 161569 : { SELL 20367.34@0.8079342} 
Tue Nov 18 22:58:39 EST 2014 , 4 , 2 , 2 , 161572 : { BUY 4539.63@0.80470892} 161571 : { BUY 4539.63@0.80470892} 161570 : { SELL 20367.34@0.8079342} 161569 : { SELL 20367.34@0.8079342} 
Tue Nov 18 23:01:40 EST 2014 , 4 , 2 , 2 , 161572 : { BUY 4539.63@0.80470892} 161571 : { BUY 4539.63@0.80470892} 161570 : { SELL 20367.34@0.8079342} 161569 : { SELL 20367.34@0.8079342} 
Tue Nov 18 23:04:41 EST 2014 , 4 , 2 , 2 , 161572 : { BUY 4539.63@0.80470892} 161571 : { BUY 4539.63@0.80470892} 161570 : { SELL 20367.34@0.8079342} 161569 : { SELL 20367.34@0.8079342} 
Tue Nov 18 23:07:42 EST 2014 , 4 , 2 , 2 , 161572 : { BUY 4539.63@0.80470892} 161571 : { BUY 4539.63@0.80470892} 161570 : { SELL 20367.34@0.8079342} 161569 : { SELL 20367.34@0.8079342} 
Tue Nov 18 23:10:43 EST 2014 , 4 , 2 , 2 , 161572 : { BUY 4539.63@0.80470892} 161571 : { BUY 4539.63@0.80470892} 161570 : { SELL 20367.34@0.8079342} 161569 : { SELL 20367.34@0.8079342} 
Tue Nov 18 23:13:44 EST 2014 , 4 , 2 , 2 , 161572 : { BUY 4539.63@0.80470892} 161571 : { BUY 4539.63@0.80470892} 161570 : { SELL 20367.34@0.8079342} 161569 : { SELL 20367.34@0.8079342} 
Tue Nov 18 23:16:45 EST 2014 , 4 , 2 , 2 , 161572 : { BUY 4539.63@0.80470892} 161571 : { BUY 4539.63@0.80470892} 161570 : { SELL 20367.34@0.8079342} 161569 : { SELL 20367.34@0.8079342} 
Tue Nov 18 23:19:46 EST 2014 , 4 , 2 , 2 , 161572 : { BUY 4539.63@0.80470892} 161571 : { BUY 4539.63@0.80470892} 161570 : { SELL 20367.34@0.8079342} 161569 : { SELL 20367.34@0.8079342} 
Tue Nov 18 23:22:47 EST 2014 , 4 , 2 , 2 , 161572 : { BUY 4539.63@0.80470892} 161571 : { BUY 4539.63@0.80470892} 161570 : { SELL 20367.34@0.8079342} 161569 : { SELL 20367.34@0.8079342} 
Tue Nov 18 23:25:48 EST 2014 , 4 , 2 , 2 , 161572 : { BUY 4539.63@0.80470892} 161571 : { BUY 4539.63@0.80470892} 161570 : { SELL 20367.34@0.8079342} 161569 : { SELL 20367.34@0.8079342} 
Tue Nov 18 23:28:49 EST 2014 , 4 , 2 , 2 , 161572 : { BUY 4539.63@0.80470892} 161571 : { BUY 4539.63@0.80470892} 161570 : { SELL 20367.34@0.8079342} 161569 : { SELL 20367.34@0.8079342} 
Tue Nov 18 23:31:50 EST 2014 , 4 , 2 , 2 , 161572 : { BUY 4539.63@0.80470892} 161571 : { BUY 4539.63@0.80470892} 161570 : { SELL 20367.34@0.8079342} 161569 : { SELL 20367.34@0.8079342} 
Tue Nov 18 23:34:51 EST 2014 , 4 , 2 , 2 , 161572 : { BUY 4539.63@0.80470892} 161571 : { BUY 4539.63@0.80470892} 161570 : { SELL 20367.34@0.8079342} 161569 : { SELL 20367.34@0.8079342} 
Tue Nov 18 23:37:52 EST 2014 , 4 , 2 , 2 , 161572 : { BUY 4539.63@0.80470892} 161571 : { BUY 4539.63@0.80470892} 161570 : { SELL 20367.34@0.8079342} 161569 : { SELL 20367.34@0.8079342} 
Tue Nov 18 23:40:53 EST 2014 , 4 , 2 , 2 , 161572 : { BUY 4539.63@0.80470892} 161571 : { BUY 4539.63@0.80470892} 161570 : { SELL 20367.34@0.8079342} 161569 : { SELL 20367.34@0.8079342} 
Tue Nov 18 23:43:54 EST 2014 , 4 , 2 , 2 , 161572 : { BUY 4539.63@0.80470892} 161571 : { BUY 4539.63@0.80470892} 161570 : { SELL 20367.34@0.8079342} 161569 : { SELL 20367.34@0.8079342} 
Tue Nov 18 23:46:55 EST 2014 , 4 , 2 , 2 , 161572 : { BUY 4539.63@0.80470892} 161571 : { BUY 4539.63@0.80470892} 161570 : { SELL 20367.34@0.8079342} 161569 : { SELL 20367.34@0.8079342} 
Tue Nov 18 23:49:56 EST 2014 , 4 , 2 , 2 , 161572 : { BUY 4539.63@0.80470892} 161571 : { BUY 4539.63@0.80470892} 161570 : { SELL 20367.34@0.8079342} 161569 : { SELL 20367.34@0.8079342} 
Tue Nov 18 23:52:57 EST 2014 , 4 , 2 , 2 , 161572 : { BUY 4539.63@0.80470892} 161571 : { BUY 4539.63@0.80470892} 161570 : { SELL 20367.34@0.8079342} 161569 : { SELL 20367.34@0.8079342} 
Tue Nov 18 23:55:58 EST 2014 , 4 , 2 , 2 , 161572 : { BUY 4539.63@0.80470892} 161571 : { BUY 4539.63@0.80470892} 161570 : { SELL 20367.34@0.8079342} 161569 : { SELL 20367.34@0.8079342} 
Tue Nov 18 23:58:59 EST 2014 , 4 , 2 , 2 , 161572 : { BUY 4539.63@0.80470892} 161571 : { BUY 4539.63@0.80470892} 161570 : { SELL 20367.34@0.8079342} 161569 : { SELL 20367.34@0.8079342} 
Wed Nov 19 00:02:00 EST 2014 , 4 , 2 , 2 , 161572 : { BUY 4539.63@0.80470892} 161571 : { BUY 4539.63@0.80470892} 161570 : { SELL 20367.34@0.8079342} 161569 : { SELL 20367.34@0.8079342} 
Wed Nov 19 00:05:01 EST 2014 , 4 , 2 , 2 , 161572 : { BUY 4539.63@0.80470892} 161571 : { BUY 4539.63@0.80470892} 161570 : { SELL 20367.34@0.8079342} 161569 : { SELL 20367.34@0.8079342} 
Wed Nov 19 00:08:02 EST 2014 , 4 , 2 , 2 , 161572 : { BUY 4539.63@0.80470892} 161571 : { BUY 4539.63@0.80470892} 161570 : { SELL 20367.34@0.8079342} 161569 : { SELL 20367.34@0.8079342} 
Wed Nov 19 00:11:03 EST 2014 , 4 , 2 , 2 , 161572 : { BUY 4539.63@0.80470892} 161571 : { BUY 4539.63@0.80470892} 161570 : { SELL 20367.34@0.8079342} 161569 : { SELL 20367.34@0.8079342} 
Wed Nov 19 00:14:04 EST 2014 , 4 , 2 , 2 , 161572 : { BUY 4539.63@0.80470892} 161571 : { BUY 4539.63@0.80470892} 161570 : { SELL 20367.34@0.8079342} 161569 : { SELL 20367.34@0.8079342} 
Wed Nov 19 00:17:05 EST 2014 , 4 , 2 , 2 , 161572 : { BUY 4539.63@0.80470892} 161571 : { BUY 4539.63@0.80470892} 161570 : { SELL 20367.34@0.8079342} 161569 : { SELL 20367.34@0.8079342} 
Wed Nov 19 00:20:06 EST 2014 , 4 , 2 , 2 , 161572 : { BUY 4539.63@0.80470892} 161571 : { BUY 4539.63@0.80470892} 161570 : { SELL 20367.34@0.8079342} 161569 : { SELL 20367.34@0.8079342} 
Wed Nov 19 00:23:07 EST 2014 , 4 , 2 , 2 , 161572 : { BUY 4539.63@0.80470892} 161571 : { BUY 4539.63@0.80470892} 161570 : { SELL 20367.34@0.8079342} 161569 : { SELL 20367.34@0.8079342} 
Wed Nov 19 00:26:08 EST 2014 , 4 , 2 , 2 , 161572 : { BUY 4539.63@0.80470892} 161571 : { BUY 4539.63@0.80470892} 161570 : { SELL 20367.34@0.8079342} 161569 : { SELL 20367.34@0.8079342} 
Wed Nov 19 00:29:09 EST 2014 , 4 , 2 , 2 , 161572 : { BUY 4539.63@0.80470892} 161571 : { BUY 4539.63@0.80470892} 161570 : { SELL 20367.34@0.8079342} 161569 : { SELL 20367.34@0.8079342} 
Wed Nov 19 00:32:10 EST 2014 , 4 , 2 , 2 , 161572 : { BUY 4539.63@0.80470892} 161571 : { BUY 4539.63@0.80470892} 161570 : { SELL 20367.34@0.8079342} 161569 : { SELL 20367.34@0.8079342} 
Wed Nov 19 00:35:11 EST 2014 , 4 , 2 , 2 , 161572 : { BUY 4539.63@0.80470892} 161571 : { BUY 4539.63@0.80470892} 161570 : { SELL 20367.34@0.8079342} 161569 : { SELL 20367.34@0.8079342} 
Wed Nov 19 00:38:12 EST 2014 , 4 , 2 , 2 , 161572 : { BUY 4539.63@0.80470892} 161571 : { BUY 4539.63@0.80470892} 161570 : { SELL 20367.34@0.8079342} 161569 : { SELL 20367.34@0.8079342} 
Wed Nov 19 00:41:13 EST 2014 , 4 , 2 , 2 , 161572 : { BUY 4539.63@0.80470892} 161571 : { BUY 4539.63@0.80470892} 161570 : { SELL 20367.34@0.8079342} 161569 : { SELL 20367.34@0.8079342} 
Wed Nov 19 00:44:14 EST 2014 , 4 , 2 , 2 , 161572 : { BUY 4539.63@0.80470892} 161571 : { BUY 4539.63@0.80470892} 161570 : { SELL 20367.34@0.8079342} 161569 : { SELL 20367.34@0.8079342} 
Wed Nov 19 00:47:15 EST 2014 , 4 , 2 , 2 , 161572 : { BUY 4539.63@0.80470892} 161571 : { BUY 4539.63@0.80470892} 161570 : { SELL 20367.34@0.8079342} 161569 : { SELL 20367.34@0.8079342} 
Wed Nov 19 00:50:16 EST 2014 , 4 , 2 , 2 , 161572 : { BUY 4539.63@0.80470892} 161571 : { BUY 4539.63@0.80470892} 161570 : { SELL 20367.34@0.8079342} 161569 : { SELL 20367.34@0.8079342} 
Wed Nov 19 00:53:17 EST 2014 , 4 , 2 , 2 , 161572 : { BUY 4539.63@0.80470892} 161571 : { BUY 4539.63@0.80470892} 161570 : { SELL 20367.34@0.8079342} 161569 : { SELL 20367.34@0.8079342} 
Wed Nov 19 00:56:18 EST 2014 , 4 , 2 , 2 , 161572 : { BUY 4539.63@0.80470892} 161571 : { BUY 4539.63@0.80470892} 161570 : { SELL 20367.34@0.8079342} 161569 : { SELL 20367.34@0.8079342} 
Wed Nov 19 00:59:19 EST 2014 , 4 , 2 , 2 , 161572 : { BUY 4539.63@0.80470892} 161571 : { BUY 4539.63@0.80470892} 161570 : { SELL 20367.34@0.8079342} 161569 : { SELL 20367.34@0.8079342} 
Wed Nov 19 01:02:20 EST 2014 , 4 , 2 , 2 , 161572 : { BUY 4539.63@0.80470892} 161571 : { BUY 4539.63@0.80470892} 161570 : { SELL 20367.34@0.8079342} 161569 : { SELL 20367.34@0.8079342} 
Wed Nov 19 01:05:21 EST 2014 , 4 , 2 , 2 , 161572 : { BUY 4539.63@0.80470892} 161571 : { BUY 4539.63@0.80470892} 161570 : { SELL 20367.34@0.8079342} 161569 : { SELL 20367.34@0.8079342} 
Wed Nov 19 01:08:22 EST 2014 , 4 , 2 , 2 , 161572 : { BUY 4539.63@0.80470892} 161571 : { BUY 4539.63@0.80470892} 161570 : { SELL 20367.34@0.8079342} 161569 : { SELL 20367.34@0.8079342} 
Wed Nov 19 01:11:23 EST 2014 , 4 , 2 , 2 , 161572 : { BUY 4539.63@0.80470892} 161571 : { BUY 4539.63@0.80470892} 161570 : { SELL 20367.34@0.8079342} 161569 : { SELL 20367.34@0.8079342} 
Wed Nov 19 01:14:24 EST 2014 , 4 , 2 , 2 , 161572 : { BUY 4539.63@0.80470892} 161571 : { BUY 4539.63@0.80470892} 161570 : { SELL 20367.34@0.8079342} 161569 : { SELL 20367.34@0.8079342} 
Wed Nov 19 01:17:25 EST 2014 , 4 , 2 , 2 , 161572 : { BUY 4539.63@0.80470892} 161571 : { BUY 4539.63@0.80470892} 161570 : { SELL 20367.34@0.8079342} 161569 : { SELL 20367.34@0.8079342} 
Wed Nov 19 01:20:26 EST 2014 , 4 , 2 , 2 , 161572 : { BUY 4539.63@0.80470892} 161571 : { BUY 4539.63@0.80470892} 161570 : { SELL 20367.34@0.8079342} 161569 : { SELL 20367.34@0.8079342} 
Wed Nov 19 01:23:27 EST 2014 , 4 , 2 , 2 , 161572 : { BUY 4539.63@0.80470892} 161571 : { BUY 4539.63@0.80470892} 161570 : { SELL 20367.34@0.8079342} 161569 : { SELL 20367.34@0.8079342} 
Wed Nov 19 01:26:28 EST 2014 , 4 , 2 , 2 , 161572 : { BUY 4539.63@0.80470892} 161571 : { BUY 4539.63@0.80470892} 161570 : { SELL 20367.34@0.8079342} 161569 : { SELL 20367.34@0.8079342} 
Wed Nov 19 01:29:29 EST 2014 , 4 , 2 , 2 , 161572 : { BUY 4539.63@0.80470892} 161571 : { BUY 4539.63@0.80470892} 161570 : { SELL 20367.34@0.8079342} 161569 : { SELL 20367.34@0.8079342} 
Wed Nov 19 01:32:30 EST 2014 , 4 , 2 , 2 , 161572 : { BUY 4539.63@0.80470892} 161571 : { BUY 4539.63@0.80470892} 161570 : { SELL 20367.34@0.8079342} 161569 : { SELL 20367.34@0.8079342} 
Wed Nov 19 01:35:31 EST 2014 , 4 , 2 , 2 , 161572 : { BUY 4539.63@0.80470892} 161571 : { BUY 4539.63@0.80470892} 161570 : { SELL 20367.34@0.8079342} 161569 : { SELL 20367.34@0.8079342} 
Wed Nov 19 01:38:32 EST 2014 , 4 , 2 , 2 , 161572 : { BUY 4539.63@0.80470892} 161571 : { BUY 4539.63@0.80470892} 161570 : { SELL 20367.34@0.8079342} 161569 : { SELL 20367.34@0.8079342} 
Wed Nov 19 01:41:33 EST 2014 , 4 , 2 , 2 , 161572 : { BUY 4539.63@0.80470892} 161571 : { BUY 4539.63@0.80470892} 161570 : { SELL 20367.34@0.8079342} 161569 : { SELL 20367.34@0.8079342} 
Wed Nov 19 01:44:34 EST 2014 , 4 , 2 , 2 , 161572 : { BUY 4539.63@0.80470892} 161571 : { BUY 4539.63@0.80470892} 161570 : { SELL 20367.34@0.8079342} 161569 : { SELL 20367.34@0.8079342} 
Wed Nov 19 01:47:35 EST 2014 , 4 , 2 , 2 , 161572 : { BUY 4539.63@0.80470892} 161571 : { BUY 4539.63@0.80470892} 161570 : { SELL 20367.34@0.8079342} 161569 : { SELL 20367.34@0.8079342} 
Wed Nov 19 01:50:36 EST 2014 , 4 , 2 , 2 , 161572 : { BUY 4539.63@0.80470892} 161571 : { BUY 4539.63@0.80470892} 161570 : { SELL 20367.34@0.8079342} 161569 : { SELL 20367.34@0.8079342} 
Wed Nov 19 01:53:37 EST 2014 , 4 , 2 , 2 , 161572 : { BUY 4539.63@0.80470892} 161571 : { BUY 4539.63@0.80470892} 161570 : { SELL 20367.34@0.8079342} 161569 : { SELL 20367.34@0.8079342} 
Wed Nov 19 01:56:38 EST 2014 , 4 , 2 , 2 , 161572 : { BUY 4539.63@0.80470892} 161571 : { BUY 4539.63@0.80470892} 161570 : { SELL 20367.34@0.8079342} 161569 : { SELL 20367.34@0.8079342} 
Wed Nov 19 01:59:39 EST 2014 , 4 , 2 , 2 , 161572 : { BUY 4539.63@0.80470892} 161571 : { BUY 4539.63@0.80470892} 161570 : { SELL 20367.34@0.8079342} 161569 : { SELL 20367.34@0.8079342} 
Wed Nov 19 02:02:40 EST 2014 , 4 , 2 , 2 , 161572 : { BUY 4539.63@0.80470892} 161571 : { BUY 4539.63@0.80470892} 161570 : { SELL 20367.34@0.8079342} 161569 : { SELL 20367.34@0.8079342} 
Wed Nov 19 02:05:41 EST 2014 , 4 , 2 , 2 , 161572 : { BUY 4539.63@0.80470892} 161571 : { BUY 4539.63@0.80470892} 161570 : { SELL 20367.34@0.8079342} 161569 : { SELL 20367.34@0.8079342} 
Wed Nov 19 02:08:42 EST 2014 , 4 , 2 , 2 , 161572 : { BUY 4539.63@0.80470892} 161571 : { BUY 4539.63@0.80470892} 161570 : { SELL 20367.34@0.8079342} 161569 : { SELL 20367.34@0.8079342} 
Wed Nov 19 02:11:43 EST 2014 , 4 , 2 , 2 , 161572 : { BUY 4539.63@0.80470892} 161571 : { BUY 4539.63@0.80470892} 161570 : { SELL 20367.34@0.8079342} 161569 : { SELL 20367.34@0.8079342} 
Wed Nov 19 02:14:44 EST 2014 , 4 , 2 , 2 , 161572 : { BUY 4539.63@0.80470892} 161571 : { BUY 4539.63@0.80470892} 161570 : { SELL 20367.34@0.8079342} 161569 : { SELL 20367.34@0.8079342} 
Wed Nov 19 02:17:45 EST 2014 , 4 , 2 , 2 , 161572 : { BUY 4539.63@0.80470892} 161571 : { BUY 4539.63@0.80470892} 161570 : { SELL 20367.34@0.8079342} 161569 : { SELL 20367.34@0.8079342} 
Wed Nov 19 02:20:46 EST 2014 , 4 , 2 , 2 , 161572 : { BUY 4539.63@0.80470892} 161571 : { BUY 4539.63@0.80470892} 161570 : { SELL 20367.34@0.8079342} 161569 : { SELL 20367.34@0.8079342} 
Wed Nov 19 02:23:47 EST 2014 , 4 , 2 , 2 , 161572 : { BUY 4539.63@0.80470892} 161571 : { BUY 4539.63@0.80470892} 161570 : { SELL 20367.34@0.8079342} 161569 : { SELL 20367.34@0.8079342} 
Wed Nov 19 02:26:48 EST 2014 , 4 , 2 , 2 , 161572 : { BUY 4539.63@0.80470892} 161571 : { BUY 4539.63@0.80470892} 161570 : { SELL 20367.34@0.8079342} 161569 : { SELL 20367.34@0.8079342} 
Wed Nov 19 02:29:49 EST 2014 , 4 , 2 , 2 , 161572 : { BUY 4539.63@0.80470892} 161571 : { BUY 4539.63@0.80470892} 161570 : { SELL 20367.34@0.8079342} 161569 : { SELL 20367.34@0.8079342} 
Wed Nov 19 02:32:50 EST 2014 , 4 , 2 , 2 , 161572 : { BUY 4539.63@0.80470892} 161571 : { BUY 4539.63@0.80470892} 161570 : { SELL 20367.34@0.8079342} 161569 : { SELL 20367.34@0.8079342} 
Wed Nov 19 02:35:51 EST 2014 , 4 , 2 , 2 , 161572 : { BUY 4539.63@0.80470892} 161571 : { BUY 4539.63@0.80470892} 161570 : { SELL 20367.34@0.8079342} 161569 : { SELL 20367.34@0.8079342} 
Wed Nov 19 02:38:52 EST 2014 , 4 , 2 , 2 , 161572 : { BUY 4539.63@0.80470892} 161571 : { BUY 4539.63@0.80470892} 161570 : { SELL 20367.34@0.8079342} 161569 : { SELL 20367.34@0.8079342} 
Wed Nov 19 02:41:53 EST 2014 , 4 , 2 , 2 , 161572 : { BUY 4539.63@0.80470892} 161571 : { BUY 4539.63@0.80470892} 161570 : { SELL 20367.34@0.8079342} 161569 : { SELL 20367.34@0.8079342} 
Wed Nov 19 02:44:54 EST 2014 , 4 , 2 , 2 , 161572 : { BUY 4539.63@0.80470892} 161571 : { BUY 4539.63@0.80470892} 161570 : { SELL 20367.34@0.8079342} 161569 : { SELL 20367.34@0.8079342} 
Wed Nov 19 02:47:55 EST 2014 , 4 , 2 , 2 , 161572 : { BUY 4539.63@0.80470892} 161571 : { BUY 4539.63@0.80470892} 161570 : { SELL 20367.34@0.8079342} 161569 : { SELL 20367.34@0.8079342} 
Wed Nov 19 02:50:56 EST 2014 , 4 , 2 , 2 , 161572 : { BUY 4539.63@0.80470892} 161571 : { BUY 4539.63@0.80470892} 161570 : { SELL 20367.34@0.8079342} 161569 : { SELL 20367.34@0.8079342} 
Wed Nov 19 02:53:57 EST 2014 , 4 , 2 , 2 , 161572 : { BUY 4539.63@0.80470892} 161571 : { BUY 4539.63@0.80470892} 161570 : { SELL 20367.34@0.8079342} 161569 : { SELL 20367.34@0.8079342} 
Wed Nov 19 02:56:58 EST 2014 , 4 , 2 , 2 , 161572 : { BUY 4539.63@0.80470892} 161571 : { BUY 4539.63@0.80470892} 161570 : { SELL 20367.34@0.8079342} 161569 : { SELL 20367.34@0.8079342} 
Wed Nov 19 03:00:00 EST 2014 , 4 , 2 , 2 , 161572 : { BUY 4539.63@0.80470892} 161571 : { BUY 4539.63@0.80470892} 161570 : { SELL 20367.34@0.8079342} 161569 : { SELL 20367.34@0.8079342} 
Wed Nov 19 03:03:00 EST 2014 , 4 , 2 , 2 , 161572 : { BUY 4539.63@0.80470892} 161571 : { BUY 4539.63@0.80470892} 161570 : { SELL 20367.34@0.8079342} 161569 : { SELL 20367.34@0.8079342} 
Wed Nov 19 03:06:01 EST 2014 , 4 , 2 , 2 , 161572 : { BUY 4539.63@0.80470892} 161571 : { BUY 4539.63@0.80470892} 161570 : { SELL 20367.34@0.8079342} 161569 : { SELL 20367.34@0.8079342} 
Wed Nov 19 03:09:02 EST 2014 , 4 , 2 , 2 , 161572 : { BUY 4539.63@0.80470892} 161571 : { BUY 4539.63@0.80470892} 161570 : { SELL 20367.34@0.8079342} 161569 : { SELL 20367.34@0.8079342} 
Wed Nov 19 03:12:03 EST 2014 , 4 , 2 , 2 , 161572 : { BUY 4539.63@0.80470892} 161571 : { BUY 4539.63@0.80470892} 161570 : { SELL 20367.34@0.8079342} 161569 : { SELL 20367.34@0.8079342} 
Wed Nov 19 03:15:04 EST 2014 , 4 , 2 , 2 , 161572 : { BUY 4539.63@0.80470892} 161571 : { BUY 4539.63@0.80470892} 161570 : { SELL 20367.34@0.8079342} 161569 : { SELL 20367.34@0.8079342} 
Wed Nov 19 03:18:05 EST 2014 , 4 , 2 , 2 , 161572 : { BUY 4539.63@0.80470892} 161571 : { BUY 4539.63@0.80470892} 161570 : { SELL 20367.34@0.8079342} 161569 : { SELL 20367.34@0.8079342} 
Wed Nov 19 03:21:06 EST 2014 , 4 , 2 , 2 , 161572 : { BUY 4539.63@0.80470892} 161571 : { BUY 4539.63@0.80470892} 161570 : { SELL 20367.34@0.8079342} 161569 : { SELL 20367.34@0.8079342} 
Wed Nov 19 03:24:07 EST 2014 , 4 , 2 , 2 , 161572 : { BUY 4539.63@0.80470892} 161571 : { BUY 4539.63@0.80470892} 161570 : { SELL 20367.34@0.8079342} 161569 : { SELL 20367.34@0.8079342} 
Wed Nov 19 03:27:08 EST 2014 , 4 , 2 , 2 , 161572 : { BUY 4539.63@0.80470892} 161571 : { BUY 4539.63@0.80470892} 161570 : { SELL 20367.34@0.8079342} 161569 : { SELL 20367.34@0.8079342} 
Wed Nov 19 03:30:09 EST 2014 , 4 , 2 , 2 , 161572 : { BUY 4539.63@0.80470892} 161571 : { BUY 4539.63@0.80470892} 161570 : { SELL 20367.34@0.8079342} 161569 : { SELL 20367.34@0.8079342} 
Wed Nov 19 03:33:10 EST 2014 , 4 , 2 , 2 , 161572 : { BUY 4539.63@0.80470892} 161571 : { BUY 4539.63@0.80470892} 161570 : { SELL 20367.34@0.8079342} 161569 : { SELL 20367.34@0.8079342} 
Wed Nov 19 03:36:11 EST 2014 , 4 , 2 , 2 , 161572 : { BUY 4539.63@0.80470892} 161571 : { BUY 4539.63@0.80470892} 161570 : { SELL 20367.34@0.8079342} 161569 : { SELL 20367.34@0.8079342} 
Wed Nov 19 03:39:12 EST 2014 , 4 , 2 , 2 , 161572 : { BUY 4539.63@0.80470892} 161571 : { BUY 4539.63@0.80470892} 161570 : { SELL 20367.34@0.8079342} 161569 : { SELL 20367.34@0.8079342} 
Wed Nov 19 03:42:13 EST 2014 , 4 , 2 , 2 , 161572 : { BUY 4539.63@0.80470892} 161571 : { BUY 4539.63@0.80470892} 161570 : { SELL 20367.34@0.8079342} 161569 : { SELL 20367.34@0.8079342} 
Wed Nov 19 03:45:14 EST 2014 , 4 , 2 , 2 , 161572 : { BUY 4539.63@0.80470892} 161571 : { BUY 4539.63@0.80470892} 161570 : { SELL 20367.34@0.8079342} 161569 : { SELL 20367.34@0.8079342} 
Wed Nov 19 03:48:15 EST 2014 , 4 , 2 , 2 , 161572 : { BUY 4539.63@0.80470892} 161571 : { BUY 4539.63@0.80470892} 161570 : { SELL 20367.34@0.8079342} 161569 : { SELL 20367.34@0.8079342} 
Wed Nov 19 03:51:16 EST 2014 , 4 , 2 , 2 , 161572 : { BUY 4539.63@0.80470892} 161571 : { BUY 4539.63@0.80470892} 161570 : { SELL 20367.34@0.8079342} 161569 : { SELL 20367.34@0.8079342} 
Wed Nov 19 03:54:17 EST 2014 , 4 , 2 , 2 , 161572 : { BUY 4539.63@0.80470892} 161571 : { BUY 4539.63@0.80470892} 161570 : { SELL 20367.34@0.8079342} 161569 : { SELL 20367.34@0.8079342} 
Wed Nov 19 03:57:18 EST 2014 , 4 , 2 , 2 , 161572 : { BUY 4539.63@0.80470892} 161571 : { BUY 4539.63@0.80470892} 161570 : { SELL 20367.34@0.8079342} 161569 : { SELL 20367.34@0.8079342} 
Wed Nov 19 04:00:19 EST 2014 , 4 , 2 , 2 , 161572 : { BUY 4539.63@0.80470892} 161571 : { BUY 4539.63@0.80470892} 161570 : { SELL 20367.34@0.8079342} 161569 : { SELL 20367.34@0.8079342} 
Wed Nov 19 04:03:20 EST 2014 , 4 , 2 , 2 , 161572 : { BUY 4539.63@0.80470892} 161571 : { BUY 4539.63@0.80470892} 161570 : { SELL 20367.34@0.8079342} 161569 : { SELL 20367.34@0.8079342} 
Wed Nov 19 04:06:21 EST 2014 , 4 , 2 , 2 , 161572 : { BUY 4539.63@0.80470892} 161571 : { BUY 4539.63@0.80470892} 161570 : { SELL 20367.34@0.8079342} 161569 : { SELL 20367.34@0.8079342} 
Wed Nov 19 04:09:22 EST 2014 , 4 , 2 , 2 , 161572 : { BUY 4539.63@0.80470892} 161571 : { BUY 4539.63@0.80470892} 161570 : { SELL 20367.34@0.8079342} 161569 : { SELL 20367.34@0.8079342} 
Wed Nov 19 04:12:23 EST 2014 , 4 , 2 , 2 , 161572 : { BUY 4539.63@0.80470892} 161571 : { BUY 4539.63@0.80470892} 161570 : { SELL 20367.34@0.8079342} 161569 : { SELL 20367.34@0.8079342} 
Wed Nov 19 04:15:24 EST 2014 , 4 , 2 , 2 , 161572 : { BUY 4539.63@0.80470892} 161571 : { BUY 4539.63@0.80470892} 161570 : { SELL 20367.34@0.8079342} 161569 : { SELL 20367.34@0.8079342} 
Wed Nov 19 04:18:25 EST 2014 , 4 , 2 , 2 , 161572 : { BUY 4539.63@0.80470892} 161571 : { BUY 4539.63@0.80470892} 161570 : { SELL 20367.34@0.8079342} 161569 : { SELL 20367.34@0.8079342} 
Wed Nov 19 04:21:26 EST 2014 , 4 , 2 , 2 , 161572 : { BUY 4539.63@0.80470892} 161571 : { BUY 4539.63@0.80470892} 161570 : { SELL 20367.34@0.8079342} 161569 : { SELL 20367.34@0.8079342} 
Wed Nov 19 04:24:27 EST 2014 , 4 , 2 , 2 , 161572 : { BUY 4539.63@0.80470892} 161571 : { BUY 4539.63@0.80470892} 161570 : { SELL 20367.34@0.8079342} 161569 : { SELL 20367.34@0.8079342} 
Wed Nov 19 04:27:28 EST 2014 , 4 , 2 , 2 , 161572 : { BUY 4539.63@0.80470892} 161571 : { BUY 4539.63@0.80470892} 161570 : { SELL 20367.34@0.8079342} 161569 : { SELL 20367.34@0.8079342} 
Wed Nov 19 04:30:29 EST 2014 , 4 , 2 , 2 , 161572 : { BUY 4539.63@0.80470892} 161571 : { BUY 4539.63@0.80470892} 161570 : { SELL 20367.34@0.8079342} 161569 : { SELL 20367.34@0.8079342} 
Wed Nov 19 04:33:30 EST 2014 , 4 , 2 , 2 , 161572 : { BUY 4539.63@0.80470892} 161571 : { BUY 4539.63@0.80470892} 161570 : { SELL 20367.34@0.8079342} 161569 : { SELL 20367.34@0.8079342} 
Wed Nov 19 04:36:31 EST 2014 , 4 , 2 , 2 , 161572 : { BUY 4539.63@0.80470892} 161571 : { BUY 4539.63@0.80470892} 161570 : { SELL 20367.34@0.8079342} 161569 : { SELL 20367.34@0.8079342} 
Wed Nov 19 04:39:32 EST 2014 , 4 , 2 , 2 , 161572 : { BUY 4539.63@0.80470892} 161571 : { BUY 4539.63@0.80470892} 161570 : { SELL 20367.34@0.8079342} 161569 : { SELL 20367.34@0.8079342} 
Wed Nov 19 04:42:33 EST 2014 , 4 , 2 , 2 , 161572 : { BUY 4539.63@0.80470892} 161571 : { BUY 4539.63@0.80470892} 161570 : { SELL 20367.34@0.8079342} 161569 : { SELL 20367.34@0.8079342} 
Wed Nov 19 04:45:34 EST 2014 , 4 , 2 , 2 , 161572 : { BUY 4539.63@0.80470892} 161571 : { BUY 4539.63@0.80470892} 161570 : { SELL 20367.34@0.8079342} 161569 : { SELL 20367.34@0.8079342} 
Wed Nov 19 04:48:35 EST 2014 , 4 , 2 , 2 , 161572 : { BUY 4539.63@0.80470892} 161571 : { BUY 4539.63@0.80470892} 161570 : { SELL 20367.34@0.8079342} 161569 : { SELL 20367.34@0.8079342} 
Wed Nov 19 04:51:36 EST 2014 , 4 , 2 , 2 , 161572 : { BUY 4539.63@0.80470892} 161571 : { BUY 4539.63@0.80470892} 161570 : { SELL 20367.34@0.8079342} 161569 : { SELL 20367.34@0.8079342} 
Wed Nov 19 04:54:37 EST 2014 , 4 , 2 , 2 , 161572 : { BUY 4539.63@0.80470892} 161571 : { BUY 4539.63@0.80470892} 161570 : { SELL 20367.34@0.8079342} 161569 : { SELL 20367.34@0.8079342} 
Wed Nov 19 04:57:38 EST 2014 , 4 , 2 , 2 , 161572 : { BUY 4539.63@0.80470892} 161571 : { BUY 4539.63@0.80470892} 161570 : { SELL 20367.34@0.8079342} 161569 : { SELL 20367.34@0.8079342} 
Wed Nov 19 05:00:39 EST 2014 , 4 , 2 , 2 , 161572 : { BUY 4539.63@0.80470892} 161571 : { BUY 4539.63@0.80470892} 161570 : { SELL 20367.34@0.8079342} 161569 : { SELL 20367.34@0.8079342} 
Wed Nov 19 05:03:40 EST 2014 , 4 , 2 , 2 , 161572 : { BUY 4539.63@0.80470892} 161571 : { BUY 4539.63@0.80470892} 161570 : { SELL 20367.34@0.8079342} 161569 : { SELL 20367.34@0.8079342} 
Wed Nov 19 05:06:41 EST 2014 , 4 , 2 , 2 , 161572 : { BUY 4539.63@0.80470892} 161571 : { BUY 4539.63@0.80470892} 161570 : { SELL 20367.34@0.8079342} 161569 : { SELL 20367.34@0.8079342} 
Wed Nov 19 05:09:42 EST 2014 , 4 , 2 , 2 , 161572 : { BUY 4539.63@0.80470892} 161571 : { BUY 4539.63@0.80470892} 161570 : { SELL 20367.34@0.8079342} 161569 : { SELL 20367.34@0.8079342} 
Wed Nov 19 05:12:43 EST 2014 , 4 , 2 , 2 , 161572 : { BUY 4539.63@0.80470892} 161571 : { BUY 4539.63@0.80470892} 161570 : { SELL 20367.34@0.8079342} 161569 : { SELL 20367.34@0.8079342} 
Wed Nov 19 05:15:44 EST 2014 , 4 , 2 , 2 , 161572 : { BUY 4539.63@0.80470892} 161571 : { BUY 4539.63@0.80470892} 161570 : { SELL 20367.34@0.8079342} 161569 : { SELL 20367.34@0.8079342} 
Wed Nov 19 05:18:45 EST 2014 , 4 , 2 , 2 , 161572 : { BUY 4539.63@0.80470892} 161571 : { BUY 4539.63@0.80470892} 161570 : { SELL 20367.34@0.8079342} 161569 : { SELL 20367.34@0.8079342} 
Wed Nov 19 05:21:46 EST 2014 , 4 , 2 , 2 , 161572 : { BUY 4539.63@0.80470892} 161571 : { BUY 4539.63@0.80470892} 161570 : { SELL 20367.34@0.8079342} 161569 : { SELL 20367.34@0.8079342} 
Wed Nov 19 05:24:47 EST 2014 , 4 , 2 , 2 , 161572 : { BUY 4539.63@0.80470892} 161571 : { BUY 4539.63@0.80470892} 161570 : { SELL 20367.34@0.8079342} 161569 : { SELL 20367.34@0.8079342} 
Wed Nov 19 05:27:48 EST 2014 , 4 , 2 , 2 , 161572 : { BUY 4539.63@0.80470892} 161571 : { BUY 4539.63@0.80470892} 161570 : { SELL 20367.34@0.8079342} 161569 : { SELL 20367.34@0.8079342} 
Wed Nov 19 05:30:49 EST 2014 , 4 , 2 , 2 , 161572 : { BUY 4539.63@0.80470892} 161571 : { BUY 4539.63@0.80470892} 161570 : { SELL 20367.34@0.8079342} 161569 : { SELL 20367.34@0.8079342} 
Wed Nov 19 05:33:50 EST 2014 , 4 , 2 , 2 , 161572 : { BUY 4539.63@0.80470892} 161571 : { BUY 4539.63@0.80470892} 161570 : { SELL 20367.34@0.8079342} 161569 : { SELL 20367.34@0.8079342} 
Wed Nov 19 05:36:51 EST 2014 , 4 , 2 , 2 , 161572 : { BUY 4539.63@0.80470892} 161571 : { BUY 4539.63@0.80470892} 161570 : { SELL 20367.34@0.8079342} 161569 : { SELL 20367.34@0.8079342} 
Wed Nov 19 05:39:52 EST 2014 , 4 , 2 , 2 , 161572 : { BUY 4539.63@0.80470892} 161571 : { BUY 4539.63@0.80470892} 161570 : { SELL 20367.34@0.8079342} 161569 : { SELL 20367.34@0.8079342} 
Wed Nov 19 05:42:53 EST 2014 , 4 , 2 , 2 , 161572 : { BUY 4539.63@0.80470892} 161571 : { BUY 4539.63@0.80470892} 161570 : { SELL 20367.34@0.8079342} 161569 : { SELL 20367.34@0.8079342} 
Wed Nov 19 05:45:54 EST 2014 , 4 , 2 , 2 , 161572 : { BUY 4539.63@0.80470892} 161571 : { BUY 4539.63@0.80470892} 161570 : { SELL 20367.34@0.8079342} 161569 : { SELL 20367.34@0.8079342} 
Wed Nov 19 05:48:55 EST 2014 , 4 , 2 , 2 , 161572 : { BUY 4539.63@0.80470892} 161571 : { BUY 4539.63@0.80470892} 161570 : { SELL 20367.34@0.8079342} 161569 : { SELL 20367.34@0.8079342} 
Wed Nov 19 05:51:56 EST 2014 , 4 , 2 , 2 , 161572 : { BUY 4539.63@0.80470892} 161571 : { BUY 4539.63@0.80470892} 161570 : { SELL 20367.34@0.8079342} 161569 : { SELL 20367.34@0.8079342} 
Wed Nov 19 05:54:57 EST 2014 , 4 , 2 , 2 , 161572 : { BUY 4539.63@0.80470892} 161571 : { BUY 4539.63@0.80470892} 161570 : { SELL 20367.34@0.8079342} 161569 : { SELL 20367.34@0.8079342} 
Wed Nov 19 05:57:58 EST 2014 , 4 , 2 , 2 , 161572 : { BUY 4539.63@0.80470892} 161571 : { BUY 4539.63@0.80470892} 161570 : { SELL 20367.34@0.8079342} 161569 : { SELL 20367.34@0.8079342} 
Wed Nov 19 06:00:59 EST 2014 , 4 , 2 , 2 , 161572 : { BUY 4539.63@0.80470892} 161571 : { BUY 4539.63@0.80470892} 161570 : { SELL 20367.34@0.8079342} 161569 : { SELL 20367.34@0.8079342} 
Wed Nov 19 06:04:00 EST 2014 , 4 , 2 , 2 , 161572 : { BUY 4539.63@0.80470892} 161571 : { BUY 4539.63@0.80470892} 161570 : { SELL 20367.34@0.8079342} 161569 : { SELL 20367.34@0.8079342} 
Wed Nov 19 06:07:01 EST 2014 , 4 , 2 , 2 , 161572 : { BUY 4539.63@0.80470892} 161571 : { BUY 4539.63@0.80470892} 161570 : { SELL 20367.34@0.8079342} 161569 : { SELL 20367.34@0.8079342} 
Wed Nov 19 06:10:02 EST 2014 , 4 , 2 , 2 , 161572 : { BUY 4539.63@0.80470892} 161571 : { BUY 4539.63@0.80470892} 161570 : { SELL 20367.34@0.8079342} 161569 : { SELL 20367.34@0.8079342} 
Wed Nov 19 06:13:03 EST 2014 , 4 , 2 , 2 , 161572 : { BUY 4539.63@0.80470892} 161571 : { BUY 4539.63@0.80470892} 161570 : { SELL 20367.34@0.8079342} 161569 : { SELL 20367.34@0.8079342} 
Wed Nov 19 06:16:04 EST 2014 , 4 , 2 , 2 , 161572 : { BUY 4539.63@0.80470892} 161571 : { BUY 4539.63@0.80470892} 161570 : { SELL 20367.34@0.8079342} 161569 : { SELL 20367.34@0.8079342} 
Wed Nov 19 06:19:05 EST 2014 , 4 , 2 , 2 , 161572 : { BUY 4539.63@0.80470892} 161571 : { BUY 4539.63@0.80470892} 161570 : { SELL 20367.34@0.8079342} 161569 : { SELL 20367.34@0.8079342} 
Wed Nov 19 06:22:06 EST 2014 , 4 , 2 , 2 , 161572 : { BUY 4539.63@0.80470892} 161571 : { BUY 4539.63@0.80470892} 161570 : { SELL 20367.34@0.8079342} 161569 : { SELL 20367.34@0.8079342} 
Wed Nov 19 06:25:07 EST 2014 , 4 , 2 , 2 , 161572 : { BUY 4539.63@0.80470892} 161571 : { BUY 4539.63@0.80470892} 161570 : { SELL 20367.34@0.8079342} 161569 : { SELL 20367.34@0.8079342} 
Wed Nov 19 06:28:08 EST 2014 , 4 , 2 , 2 , 161572 : { BUY 4539.63@0.80470892} 161571 : { BUY 4539.63@0.80470892} 161570 : { SELL 20367.34@0.8079342} 161569 : { SELL 20367.34@0.8079342} 
Wed Nov 19 06:31:09 EST 2014 , 4 , 2 , 2 , 161572 : { BUY 4539.63@0.80470892} 161571 : { BUY 4539.63@0.80470892} 161570 : { SELL 20367.34@0.8079342} 161569 : { SELL 20367.34@0.8079342} 
Wed Nov 19 06:34:10 EST 2014 , 4 , 2 , 2 , 161572 : { BUY 4539.63@0.80470892} 161571 : { BUY 4539.63@0.80470892} 161570 : { SELL 20367.34@0.8079342} 161569 : { SELL 20367.34@0.8079342} 
Wed Nov 19 06:37:11 EST 2014 , 4 , 2 , 2 , 161572 : { BUY 4539.63@0.80470892} 161571 : { BUY 4539.63@0.80470892} 161570 : { SELL 20367.34@0.8079342} 161569 : { SELL 20367.34@0.8079342} 
Wed Nov 19 06:40:12 EST 2014 , 4 , 2 , 2 , 161572 : { BUY 4539.63@0.80470892} 161571 : { BUY 4539.63@0.80470892} 161570 : { SELL 20367.34@0.8079342} 161569 : { SELL 20367.34@0.8079342} 
Wed Nov 19 06:43:13 EST 2014 , 4 , 2 , 2 , 161572 : { BUY 4539.63@0.80470892} 161571 : { BUY 4539.63@0.80470892} 161570 : { SELL 20367.34@0.8079342} 161569 : { SELL 20367.34@0.8079342} 
Wed Nov 19 06:46:14 EST 2014 , 4 , 2 , 2 , 161572 : { BUY 4539.63@0.80470892} 161571 : { BUY 4539.63@0.80470892} 161570 : { SELL 20367.34@0.8079342} 161569 : { SELL 20367.34@0.8079342} 
Wed Nov 19 06:49:15 EST 2014 , 4 , 2 , 2 , 161572 : { BUY 4539.63@0.80470892} 161571 : { BUY 4539.63@0.80470892} 161570 : { SELL 20367.34@0.8079342} 161569 : { SELL 20367.34@0.8079342} 
Wed Nov 19 06:52:16 EST 2014 , 4 , 2 , 2 , 161572 : { BUY 4539.63@0.80470892} 161571 : { BUY 4539.63@0.80470892} 161570 : { SELL 20367.34@0.8079342} 161569 : { SELL 20367.34@0.8079342} 
Wed Nov 19 06:55:17 EST 2014 , 4 , 2 , 2 , 161572 : { BUY 4539.63@0.80470892} 161571 : { BUY 4539.63@0.80470892} 161570 : { SELL 20367.34@0.8079342} 161569 : { SELL 20367.34@0.8079342} 
Wed Nov 19 06:58:18 EST 2014 , 4 , 2 , 2 , 161572 : { BUY 4539.63@0.80470892} 161571 : { BUY 4539.63@0.80470892} 161570 : { SELL 20367.34@0.8079342} 161569 : { SELL 20367.34@0.8079342} 
Wed Nov 19 07:01:19 EST 2014 , 4 , 2 , 2 , 161572 : { BUY 4539.63@0.80470892} 161571 : { BUY 4539.63@0.80470892} 161570 : { SELL 20367.34@0.8079342} 161569 : { SELL 20367.34@0.8079342} 
Wed Nov 19 07:04:20 EST 2014 , 4 , 2 , 2 , 161572 : { BUY 4539.63@0.80470892} 161571 : { BUY 4539.63@0.80470892} 161570 : { SELL 20367.34@0.8079342} 161569 : { SELL 20367.34@0.8079342} 
Wed Nov 19 07:07:21 EST 2014 , 4 , 2 , 2 , 161572 : { BUY 4539.63@0.80470892} 161571 : { BUY 4539.63@0.80470892} 161570 : { SELL 20367.34@0.8079342} 161569 : { SELL 20367.34@0.8079342} 
Wed Nov 19 07:10:22 EST 2014 , 4 , 2 , 2 , 161572 : { BUY 4539.63@0.80470892} 161571 : { BUY 4539.63@0.80470892} 161570 : { SELL 20367.34@0.8079342} 161569 : { SELL 20367.34@0.8079342} 
Wed Nov 19 07:13:23 EST 2014 , 4 , 2 , 2 , 161572 : { BUY 4539.63@0.80470892} 161571 : { BUY 4539.63@0.80470892} 161570 : { SELL 20367.34@0.8079342} 161569 : { SELL 20367.34@0.8079342} 
Wed Nov 19 07:16:24 EST 2014 , 4 , 2 , 2 , 161572 : { BUY 4539.63@0.80470892} 161571 : { BUY 4539.63@0.80470892} 161570 : { SELL 20367.34@0.8079342} 161569 : { SELL 20367.34@0.8079342} 
Wed Nov 19 07:19:25 EST 2014 , 4 , 2 , 2 , 161572 : { BUY 4539.63@0.80470892} 161571 : { BUY 4539.63@0.80470892} 161570 : { SELL 20367.34@0.8079342} 161569 : { SELL 20367.34@0.8079342} 
Wed Nov 19 07:22:26 EST 2014 , 4 , 2 , 2 , 161572 : { BUY 4539.63@0.80470892} 161571 : { BUY 4539.63@0.80470892} 161570 : { SELL 20367.34@0.8079342} 161569 : { SELL 20367.34@0.8079342} 
Wed Nov 19 07:25:27 EST 2014 , 4 , 2 , 2 , 161572 : { BUY 4539.63@0.80470892} 161571 : { BUY 4539.63@0.80470892} 161570 : { SELL 20367.34@0.8079342} 161569 : { SELL 20367.34@0.8079342} 
Wed Nov 19 07:28:28 EST 2014 , 4 , 2 , 2 , 161572 : { BUY 4539.63@0.80470892} 161571 : { BUY 4539.63@0.80470892} 161570 : { SELL 20367.34@0.8079342} 161569 : { SELL 20367.34@0.8079342} 
Wed Nov 19 07:31:29 EST 2014 , 4 , 2 , 2 , 161572 : { BUY 4539.63@0.80470892} 161571 : { BUY 4539.63@0.80470892} 161570 : { SELL 20367.34@0.8079342} 161569 : { SELL 20367.34@0.8079342} 
Wed Nov 19 07:34:30 EST 2014 , 4 , 2 , 2 , 161572 : { BUY 4539.63@0.80470892} 161571 : { BUY 4539.63@0.80470892} 161570 : { SELL 20367.34@0.8079342} 161569 : { SELL 20367.34@0.8079342} 
Wed Nov 19 07:37:31 EST 2014 , 4 , 2 , 2 , 161572 : { BUY 4539.63@0.80470892} 161571 : { BUY 4539.63@0.80470892} 161570 : { SELL 20367.34@0.8079342} 161569 : { SELL 20367.34@0.8079342} 
Wed Nov 19 07:40:32 EST 2014 , 4 , 2 , 2 , 161572 : { BUY 4539.63@0.80470892} 161571 : { BUY 4539.63@0.80470892} 161570 : { SELL 20367.34@0.8079342} 161569 : { SELL 20367.34@0.8079342} 
Wed Nov 19 07:43:33 EST 2014 , 4 , 2 , 2 , 161572 : { BUY 4539.63@0.80470892} 161571 : { BUY 4539.63@0.80470892} 161570 : { SELL 20367.34@0.8079342} 161569 : { SELL 20367.34@0.8079342} 
Wed Nov 19 07:46:34 EST 2014 , 4 , 2 , 2 , 161572 : { BUY 4539.63@0.80470892} 161571 : { BUY 4539.63@0.80470892} 161570 : { SELL 20367.34@0.8079342} 161569 : { SELL 20367.34@0.8079342} 
Wed Nov 19 07:49:35 EST 2014 , 4 , 2 , 2 , 161572 : { BUY 4539.63@0.80470892} 161571 : { BUY 4539.63@0.80470892} 161570 : { SELL 20367.34@0.8079342} 161569 : { SELL 20367.34@0.8079342} 
Wed Nov 19 07:52:36 EST 2014 , 4 , 2 , 2 , 161572 : { BUY 4539.63@0.80470892} 161571 : { BUY 4539.63@0.80470892} 161570 : { SELL 20367.34@0.8079342} 161569 : { SELL 20367.34@0.8079342} 
Wed Nov 19 07:55:37 EST 2014 , 4 , 2 , 2 , 161572 : { BUY 4539.63@0.80470892} 161571 : { BUY 4539.63@0.80470892} 161570 : { SELL 20367.34@0.8079342} 161569 : { SELL 20367.34@0.8079342} 
Wed Nov 19 07:58:38 EST 2014 , 4 , 2 , 2 , 161572 : { BUY 4539.63@0.80470892} 161571 : { BUY 4539.63@0.80470892} 161570 : { SELL 20367.34@0.8079342} 161569 : { SELL 20367.34@0.8079342} 
Wed Nov 19 08:01:40 EST 2014 , 4 , 2 , 2 , 161572 : { BUY 4539.63@0.80470892} 161571 : { BUY 4539.63@0.80470892} 161570 : { SELL 20367.34@0.8079342} 161569 : { SELL 20367.34@0.8079342} 
Wed Nov 19 08:04:40 EST 2014 , 4 , 2 , 2 , 161572 : { BUY 4539.63@0.80470892} 161571 : { BUY 4539.63@0.80470892} 161570 : { SELL 20367.34@0.8079342} 161569 : { SELL 20367.34@0.8079342} 
Wed Nov 19 08:07:41 EST 2014 , 4 , 2 , 2 , 161572 : { BUY 4539.63@0.80470892} 161571 : { BUY 4539.63@0.80470892} 161570 : { SELL 20367.34@0.8079342} 161569 : { SELL 20367.34@0.8079342} 
Wed Nov 19 08:10:42 EST 2014 , 4 , 2 , 2 , 161572 : { BUY 4539.63@0.80470892} 161571 : { BUY 4539.63@0.80470892} 161570 : { SELL 20367.34@0.8079342} 161569 : { SELL 20367.34@0.8079342} 
Wed Nov 19 08:13:43 EST 2014 , 4 , 2 , 2 , 161572 : { BUY 4539.63@0.80470892} 161571 : { BUY 4539.63@0.80470892} 161570 : { SELL 20367.34@0.8079342} 161569 : { SELL 20367.34@0.8079342} 
Wed Nov 19 08:16:44 EST 2014 , 4 , 2 , 2 , 161572 : { BUY 4539.63@0.80470892} 161571 : { BUY 4539.63@0.80470892} 161570 : { SELL 20367.34@0.8079342} 161569 : { SELL 20367.34@0.8079342} 
Wed Nov 19 08:19:45 EST 2014 , 4 , 2 , 2 , 161572 : { BUY 4539.63@0.80470892} 161571 : { BUY 4539.63@0.80470892} 161570 : { SELL 20367.34@0.8079342} 161569 : { SELL 20367.34@0.8079342} 
Wed Nov 19 08:22:46 EST 2014 , 4 , 2 , 2 , 161572 : { BUY 4539.63@0.80470892} 161571 : { BUY 4539.63@0.80470892} 161570 : { SELL 20367.34@0.8079342} 161569 : { SELL 20367.34@0.8079342} 
Wed Nov 19 08:25:47 EST 2014 , 4 , 2 , 2 , 161572 : { BUY 4539.63@0.80470892} 161571 : { BUY 4539.63@0.80470892} 161570 : { SELL 20367.34@0.8079342} 161569 : { SELL 20367.34@0.8079342} 
Wed Nov 19 08:28:48 EST 2014 , 4 , 2 , 2 , 161572 : { BUY 4539.63@0.80470892} 161571 : { BUY 4539.63@0.80470892} 161570 : { SELL 20367.34@0.8079342} 161569 : { SELL 20367.34@0.8079342} 
Wed Nov 19 08:31:49 EST 2014 , 4 , 2 , 2 , 161572 : { BUY 4539.63@0.80470892} 161571 : { BUY 4539.63@0.80470892} 161570 : { SELL 20367.34@0.8079342} 161569 : { SELL 20367.34@0.8079342} 
Wed Nov 19 08:34:50 EST 2014 , 4 , 2 , 2 , 161572 : { BUY 4539.63@0.80470892} 161571 : { BUY 4539.63@0.80470892} 161570 : { SELL 20367.34@0.8079342} 161569 : { SELL 20367.34@0.8079342} 
Wed Nov 19 08:37:51 EST 2014 , 4 , 2 , 2 , 161572 : { BUY 4539.63@0.80470892} 161571 : { BUY 4539.63@0.80470892} 161570 : { SELL 20367.34@0.8079342} 161569 : { SELL 20367.34@0.8079342} 
Wed Nov 19 08:40:52 EST 2014 , 4 , 2 , 2 , 161572 : { BUY 4539.63@0.80470892} 161571 : { BUY 4539.63@0.80470892} 161570 : { SELL 20367.34@0.8079342} 161569 : { SELL 20367.34@0.8079342} 
Wed Nov 19 08:43:53 EST 2014 , 4 , 2 , 2 , 161572 : { BUY 4539.63@0.80470892} 161571 : { BUY 4539.63@0.80470892} 161570 : { SELL 20367.34@0.8079342} 161569 : { SELL 20367.34@0.8079342} 
Wed Nov 19 08:46:54 EST 2014 , 4 , 2 , 2 , 161572 : { BUY 4539.63@0.80470892} 161571 : { BUY 4539.63@0.80470892} 161570 : { SELL 20367.34@0.8079342} 161569 : { SELL 20367.34@0.8079342} 
Wed Nov 19 08:49:55 EST 2014 , 4 , 2 , 2 , 161572 : { BUY 4539.63@0.80470892} 161571 : { BUY 4539.63@0.80470892} 161570 : { SELL 20367.34@0.8079342} 161569 : { SELL 20367.34@0.8079342} 
Wed Nov 19 08:52:56 EST 2014 , 4 , 2 , 2 , 161572 : { BUY 4539.63@0.80470892} 161571 : { BUY 4539.63@0.80470892} 161570 : { SELL 20367.34@0.8079342} 161569 : { SELL 20367.34@0.8079342} 
Wed Nov 19 08:55:57 EST 2014 , 4 , 2 , 2 , 161572 : { BUY 4539.63@0.80470892} 161571 : { BUY 4539.63@0.80470892} 161570 : { SELL 20367.34@0.8079342} 161569 : { SELL 20367.34@0.8079342} 
Wed Nov 19 08:58:58 EST 2014 , 4 , 2 , 2 , 161572 : { BUY 4539.63@0.80470892} 161571 : { BUY 4539.63@0.80470892} 161570 : { SELL 20367.34@0.8079342} 161569 : { SELL 20367.34@0.8079342} 
Wed Nov 19 09:01:59 EST 2014 , 4 , 2 , 2 , 161572 : { BUY 4539.63@0.80470892} 161571 : { BUY 4539.63@0.80470892} 161570 : { SELL 20367.34@0.8079342} 161569 : { SELL 20367.34@0.8079342} 
Wed Nov 19 09:05:00 EST 2014 , 4 , 2 , 2 , 161572 : { BUY 4539.63@0.80470892} 161571 : { BUY 4539.63@0.80470892} 161570 : { SELL 20367.34@0.8079342} 161569 : { SELL 20367.34@0.8079342} 
Wed Nov 19 09:08:01 EST 2014 , 4 , 2 , 2 , 161572 : { BUY 4539.63@0.80470892} 161571 : { BUY 4539.63@0.80470892} 161570 : { SELL 20367.34@0.8079342} 161569 : { SELL 20367.34@0.8079342} 
Wed Nov 19 09:11:02 EST 2014 , 4 , 2 , 2 , 161572 : { BUY 4539.63@0.80470892} 161571 : { BUY 4539.63@0.80470892} 161570 : { SELL 20367.34@0.8079342} 161569 : { SELL 20367.34@0.8079342} 
Wed Nov 19 09:14:03 EST 2014 , 4 , 2 , 2 , 161572 : { BUY 4539.63@0.80470892} 161571 : { BUY 4539.63@0.80470892} 161570 : { SELL 20367.34@0.8079342} 161569 : { SELL 20367.34@0.8079342} 
Wed Nov 19 09:17:04 EST 2014 , 4 , 2 , 2 , 161572 : { BUY 4539.63@0.80470892} 161571 : { BUY 4539.63@0.80470892} 161570 : { SELL 20367.34@0.8079342} 161569 : { SELL 20367.34@0.8079342} 
Wed Nov 19 09:20:05 EST 2014 , 4 , 2 , 2 , 161572 : { BUY 4539.63@0.80470892} 161571 : { BUY 4539.63@0.80470892} 161570 : { SELL 20367.34@0.8079342} 161569 : { SELL 20367.34@0.8079342} 
Wed Nov 19 09:23:06 EST 2014 , 4 , 2 , 2 , 161572 : { BUY 4539.63@0.80470892} 161571 : { BUY 4539.63@0.80470892} 161570 : { SELL 20367.34@0.8079342} 161569 : { SELL 20367.34@0.8079342} 
Wed Nov 19 09:26:07 EST 2014 , 4 , 2 , 2 , 161572 : { BUY 4539.63@0.80470892} 161571 : { BUY 4539.63@0.80470892} 161570 : { SELL 20367.34@0.8079342} 161569 : { SELL 20367.34@0.8079342} 
Wed Nov 19 09:29:08 EST 2014 , 4 , 2 , 2 , 161572 : { BUY 4539.63@0.80470892} 161571 : { BUY 4539.63@0.80470892} 161570 : { SELL 20367.34@0.8079342} 161569 : { SELL 20367.34@0.8079342} 
Wed Nov 19 09:32:09 EST 2014 , 4 , 2 , 2 , 161572 : { BUY 4539.63@0.80470892} 161571 : { BUY 4539.63@0.80470892} 161570 : { SELL 20367.34@0.8079342} 161569 : { SELL 20367.34@0.8079342} 
Wed Nov 19 09:35:10 EST 2014 , 4 , 2 , 2 , 161572 : { BUY 4539.63@0.80470892} 161571 : { BUY 4539.63@0.80470892} 161570 : { SELL 20367.34@0.8079342} 161569 : { SELL 20367.34@0.8079342} 
Wed Nov 19 09:38:11 EST 2014 , 4 , 2 , 2 , 161572 : { BUY 4539.63@0.80470892} 161571 : { BUY 4539.63@0.80470892} 161570 : { SELL 20367.34@0.8079342} 161569 : { SELL 20367.34@0.8079342} 
Wed Nov 19 09:41:12 EST 2014 , 4 , 2 , 2 , 161572 : { BUY 4539.63@0.80470892} 161571 : { BUY 4539.63@0.80470892} 161570 : { SELL 20367.34@0.8079342} 161569 : { SELL 20367.34@0.8079342} 
Wed Nov 19 09:44:13 EST 2014 , 4 , 2 , 2 , 161572 : { BUY 4539.63@0.80470892} 161571 : { BUY 4539.63@0.80470892} 161570 : { SELL 20367.34@0.8079342} 161569 : { SELL 20367.34@0.8079342} 
Wed Nov 19 09:47:14 EST 2014 , 4 , 2 , 2 , 161572 : { BUY 4539.63@0.80470892} 161571 : { BUY 4539.63@0.80470892} 161570 : { SELL 20367.34@0.8079342} 161569 : { SELL 20367.34@0.8079342} 
Wed Nov 19 09:50:15 EST 2014 , 4 , 2 , 2 , 161572 : { BUY 4539.63@0.80470892} 161571 : { BUY 4539.63@0.80470892} 161570 : { SELL 20367.34@0.8079342} 161569 : { SELL 20367.34@0.8079342} 
Wed Nov 19 09:53:16 EST 2014 , 4 , 2 , 2 , 161572 : { BUY 4539.63@0.80470892} 161571 : { BUY 4539.63@0.80470892} 161570 : { SELL 20367.34@0.8079342} 161569 : { SELL 20367.34@0.8079342} 
Wed Nov 19 09:56:17 EST 2014 , 4 , 2 , 2 , 161572 : { BUY 4539.63@0.80470892} 161571 : { BUY 4539.63@0.80470892} 161570 : { SELL 20367.34@0.8079342} 161569 : { SELL 20367.34@0.8079342} 
Wed Nov 19 09:59:18 EST 2014 , 4 , 2 , 2 , 161572 : { BUY 4539.63@0.80470892} 161571 : { BUY 4539.63@0.80470892} 161570 : { SELL 20367.34@0.8079342} 161569 : { SELL 20367.34@0.8079342} 
Wed Nov 19 10:02:19 EST 2014 , 4 , 2 , 2 , 161572 : { BUY 4539.63@0.80470892} 161571 : { BUY 4539.63@0.80470892} 161570 : { SELL 20367.34@0.8079342} 161569 : { SELL 20367.34@0.8079342} 
Wed Nov 19 10:05:20 EST 2014 , 4 , 2 , 2 , 161572 : { BUY 4539.63@0.80470892} 161571 : { BUY 4539.63@0.80470892} 161570 : { SELL 20367.34@0.8079342} 161569 : { SELL 20367.34@0.8079342} 
Wed Nov 19 10:08:21 EST 2014 , 4 , 2 , 2 , 161572 : { BUY 4539.63@0.80470892} 161571 : { BUY 4539.63@0.80470892} 161570 : { SELL 20367.34@0.8079342} 161569 : { SELL 20367.34@0.8079342} 
Wed Nov 19 10:11:22 EST 2014 , 4 , 2 , 2 , 161572 : { BUY 4539.63@0.80470892} 161571 : { BUY 4539.63@0.80470892} 161570 : { SELL 20367.34@0.8079342} 161569 : { SELL 20367.34@0.8079342} 
Wed Nov 19 10:14:23 EST 2014 , 4 , 2 , 2 , 161572 : { BUY 4539.63@0.80470892} 161571 : { BUY 4539.63@0.80470892} 161570 : { SELL 20367.34@0.8079342} 161569 : { SELL 20367.34@0.8079342} 
Wed Nov 19 10:17:24 EST 2014 , 4 , 2 , 2 , 161572 : { BUY 4539.63@0.80470892} 161571 : { BUY 4539.63@0.80470892} 161570 : { SELL 20367.34@0.8079342} 161569 : { SELL 20367.34@0.8079342} 
Wed Nov 19 10:20:25 EST 2014 , 4 , 2 , 2 , 161572 : { BUY 4539.63@0.80470892} 161571 : { BUY 4539.63@0.80470892} 161570 : { SELL 20367.34@0.8079342} 161569 : { SELL 20367.34@0.8079342} 
Wed Nov 19 10:23:26 EST 2014 , 4 , 2 , 2 , 161572 : { BUY 4539.63@0.80470892} 161571 : { BUY 4539.63@0.80470892} 161570 : { SELL 20367.34@0.8079342} 161569 : { SELL 20367.34@0.8079342} 
Wed Nov 19 10:26:27 EST 2014 , 4 , 2 , 2 , 161572 : { BUY 4539.63@0.80470892} 161571 : { BUY 4539.63@0.80470892} 161570 : { SELL 20367.34@0.8079342} 161569 : { SELL 20367.34@0.8079342} 
Wed Nov 19 10:29:28 EST 2014 , 4 , 2 , 2 , 161572 : { BUY 4539.63@0.80470892} 161571 : { BUY 4539.63@0.80470892} 161570 : { SELL 20367.34@0.8079342} 161569 : { SELL 20367.34@0.8079342} 
Wed Nov 19 10:35:30 EST 2014 , 4 , 2 , 2 , 161572 : { BUY 4539.63@0.80470892} 161571 : { BUY 4539.63@0.80470892} 161570 : { SELL 20367.34@0.8079342} 161569 : { SELL 20367.34@0.8079342} 
Wed Nov 19 10:38:31 EST 2014 , 4 , 2 , 2 , 161572 : { BUY 4539.63@0.80470892} 161571 : { BUY 4539.63@0.80470892} 161570 : { SELL 20367.34@0.8079342} 161569 : { SELL 20367.34@0.8079342} 
Wed Nov 19 10:41:32 EST 2014 , 4 , 2 , 2 , 161572 : { BUY 4539.63@0.80470892} 161571 : { BUY 4539.63@0.80470892} 161570 : { SELL 20367.34@0.8079342} 161569 : { SELL 20367.34@0.8079342} 
Wed Nov 19 10:44:33 EST 2014 , 4 , 2 , 2 , 161572 : { BUY 4539.63@0.80470892} 161571 : { BUY 4539.63@0.80470892} 161570 : { SELL 20367.34@0.8079342} 161569 : { SELL 20367.34@0.8079342} 
Wed Nov 19 10:47:34 EST 2014 , 4 , 2 , 2 , 161572 : { BUY 4539.63@0.80470892} 161571 : { BUY 4539.63@0.80470892} 161570 : { SELL 20367.34@0.8079342} 161569 : { SELL 20367.34@0.8079342} 
Wed Nov 19 10:50:35 EST 2014 , 4 , 2 , 2 , 161572 : { BUY 4539.63@0.80470892} 161571 : { BUY 4539.63@0.80470892} 161570 : { SELL 20367.34@0.8079342} 161569 : { SELL 20367.34@0.8079342} 
Wed Nov 19 10:53:36 EST 2014 , 4 , 2 , 2 , 161572 : { BUY 4539.63@0.80470892} 161571 : { BUY 4539.63@0.80470892} 161570 : { SELL 20367.34@0.8079342} 161569 : { SELL 20367.34@0.8079342} 
Wed Nov 19 10:56:37 EST 2014 , 4 , 2 , 2 , 161572 : { BUY 4539.63@0.80470892} 161571 : { BUY 4539.63@0.80470892} 161570 : { SELL 20367.34@0.8079342} 161569 : { SELL 20367.34@0.8079342} 
Wed Nov 19 10:59:38 EST 2014 , 4 , 2 , 2 , 161572 : { BUY 4539.63@0.80470892} 161571 : { BUY 4539.63@0.80470892} 161570 : { SELL 20367.34@0.8079342} 161569 : { SELL 20367.34@0.8079342} 
Wed Nov 19 11:02:39 EST 2014 , 4 , 2 , 2 , 161572 : { BUY 4539.63@0.80470892} 161571 : { BUY 4539.63@0.80470892} 161570 : { SELL 20367.34@0.8079342} 161569 : { SELL 20367.34@0.8079342} 
Wed Nov 19 11:05:40 EST 2014 , 4 , 2 , 2 , 161572 : { BUY 4539.63@0.80470892} 161571 : { BUY 4539.63@0.80470892} 161570 : { SELL 20367.34@0.8079342} 161569 : { SELL 20367.34@0.8079342} 
Wed Nov 19 11:08:41 EST 2014 , 4 , 2 , 2 , 161572 : { BUY 4539.63@0.80470892} 161571 : { BUY 4539.63@0.80470892} 161570 : { SELL 20367.34@0.8079342} 161569 : { SELL 20367.34@0.8079342} 
Wed Nov 19 11:11:42 EST 2014 , 4 , 2 , 2 , 161572 : { BUY 4539.63@0.80470892} 161571 : { BUY 4539.63@0.80470892} 161570 : { SELL 20367.34@0.8079342} 161569 : { SELL 20367.34@0.8079342} 
Wed Nov 19 11:14:43 EST 2014 , 4 , 2 , 2 , 161572 : { BUY 4539.63@0.80470892} 161571 : { BUY 4539.63@0.80470892} 161570 : { SELL 20367.34@0.8079342} 161569 : { SELL 20367.34@0.8079342} 
Wed Nov 19 11:17:44 EST 2014 , 4 , 2 , 2 , 161572 : { BUY 4539.63@0.80470892} 161571 : { BUY 4539.63@0.80470892} 161570 : { SELL 20367.34@0.8079342} 161569 : { SELL 20367.34@0.8079342} 
Wed Nov 19 11:20:45 EST 2014 , 4 , 2 , 2 , 161572 : { BUY 4539.63@0.80470892} 161571 : { BUY 4539.63@0.80470892} 161570 : { SELL 20367.34@0.8079342} 161569 : { SELL 20367.34@0.8079342} 
Wed Nov 19 11:23:46 EST 2014 , 4 , 2 , 2 , 161572 : { BUY 4539.63@0.80470892} 161571 : { BUY 4539.63@0.80470892} 161570 : { SELL 20367.34@0.8079342} 161569 : { SELL 20367.34@0.8079342} 
Wed Nov 19 11:26:47 EST 2014 , 4 , 2 , 2 , 161572 : { BUY 4539.63@0.80470892} 161571 : { BUY 4539.63@0.80470892} 161570 : { SELL 20367.34@0.8079342} 161569 : { SELL 20367.34@0.8079342} 
Wed Nov 19 11:29:48 EST 2014 , 4 , 2 , 2 , 161572 : { BUY 4539.63@0.80470892} 161571 : { BUY 4539.63@0.80470892} 161570 : { SELL 20367.34@0.8079342} 161569 : { SELL 20367.34@0.8079342} 
Wed Nov 19 11:32:49 EST 2014 , 4 , 2 , 2 , 161572 : { BUY 4539.63@0.80470892} 161571 : { BUY 4539.63@0.80470892} 161570 : { SELL 20367.34@0.8079342} 161569 : { SELL 20367.34@0.8079342} 
Wed Nov 19 11:35:50 EST 2014 , 4 , 2 , 2 , 161572 : { BUY 4539.63@0.80470892} 161571 : { BUY 4539.63@0.80470892} 161570 : { SELL 20367.34@0.8079342} 161569 : { SELL 20367.34@0.8079342} 
Wed Nov 19 11:38:51 EST 2014 , 4 , 2 , 2 , 161572 : { BUY 4539.63@0.80470892} 161571 : { BUY 4539.63@0.80470892} 161570 : { SELL 20367.34@0.8079342} 161569 : { SELL 20367.34@0.8079342} 
Wed Nov 19 11:41:52 EST 2014 , 4 , 2 , 2 , 161572 : { BUY 4539.63@0.80470892} 161571 : { BUY 4539.63@0.80470892} 161570 : { SELL 20367.34@0.8079342} 161569 : { SELL 20367.34@0.8079342} 
Wed Nov 19 11:44:53 EST 2014 , 4 , 2 , 2 , 161572 : { BUY 4539.63@0.80470892} 161571 : { BUY 4539.63@0.80470892} 161570 : { SELL 20367.34@0.8079342} 161569 : { SELL 20367.34@0.8079342} 
Wed Nov 19 11:47:54 EST 2014 , 4 , 2 , 2 , 161572 : { BUY 4539.63@0.80470892} 161571 : { BUY 4539.63@0.80470892} 161570 : { SELL 20367.34@0.8079342} 161569 : { SELL 20367.34@0.8079342} 
Wed Nov 19 11:50:55 EST 2014 , 4 , 2 , 2 , 161572 : { BUY 4539.63@0.80470892} 161571 : { BUY 4539.63@0.80470892} 161570 : { SELL 20367.34@0.8079342} 161569 : { SELL 20367.34@0.8079342} 
Wed Nov 19 11:53:56 EST 2014 , 4 , 2 , 2 , 161572 : { BUY 4539.63@0.80470892} 161571 : { BUY 4539.63@0.80470892} 161570 : { SELL 20367.34@0.8079342} 161569 : { SELL 20367.34@0.8079342} 
Wed Nov 19 11:56:57 EST 2014 , 4 , 2 , 2 , 161572 : { BUY 4539.63@0.80470892} 161571 : { BUY 4539.63@0.80470892} 161570 : { SELL 20367.34@0.8079342} 161569 : { SELL 20367.34@0.8079342} 
Wed Nov 19 11:59:58 EST 2014 , 4 , 2 , 2 , 161572 : { BUY 4539.63@0.80470892} 161571 : { BUY 4539.63@0.80470892} 161570 : { SELL 20367.34@0.8079342} 161569 : { SELL 20367.34@0.8079342} 
Wed Nov 19 12:02:59 EST 2014 , 4 , 2 , 2 , 161572 : { BUY 4539.63@0.80470892} 161571 : { BUY 4539.63@0.80470892} 161570 : { SELL 20367.34@0.8079342} 161569 : { SELL 20367.34@0.8079342} 
Wed Nov 19 12:06:00 EST 2014 , 4 , 2 , 2 , 161572 : { BUY 4539.63@0.80470892} 161571 : { BUY 4539.63@0.80470892} 161570 : { SELL 20367.34@0.8079342} 161569 : { SELL 20367.34@0.8079342} 
Wed Nov 19 12:09:01 EST 2014 , 4 , 2 , 2 , 161572 : { BUY 4539.63@0.80470892} 161571 : { BUY 4539.63@0.80470892} 161570 : { SELL 20367.34@0.8079342} 161569 : { SELL 20367.34@0.8079342} 
Wed Nov 19 12:12:02 EST 2014 , 4 , 2 , 2 , 161572 : { BUY 4539.63@0.80470892} 161571 : { BUY 4539.63@0.80470892} 161570 : { SELL 20367.34@0.8079342} 161569 : { SELL 20367.34@0.8079342} 
Wed Nov 19 12:15:03 EST 2014 , 4 , 2 , 2 , 161572 : { BUY 4539.63@0.80470892} 161571 : { BUY 4539.63@0.80470892} 161570 : { SELL 20367.34@0.8079342} 161569 : { SELL 20367.34@0.8079342} 
Wed Nov 19 12:18:04 EST 2014 , 4 , 2 , 2 , 161572 : { BUY 4539.63@0.80470892} 161571 : { BUY 4539.63@0.80470892} 161570 : { SELL 20367.34@0.8079342} 161569 : { SELL 20367.34@0.8079342} 
Wed Nov 19 12:21:05 EST 2014 , 4 , 2 , 2 , 161572 : { BUY 4539.63@0.80470892} 161571 : { BUY 4539.63@0.80470892} 161570 : { SELL 20367.34@0.8079342} 161569 : { SELL 20367.34@0.8079342} 
Wed Nov 19 12:24:06 EST 2014 , 4 , 2 , 2 , 161572 : { BUY 4539.63@0.80470892} 161571 : { BUY 4539.63@0.80470892} 161570 : { SELL 20367.34@0.8079342} 161569 : { SELL 20367.34@0.8079342} 
Wed Nov 19 12:27:07 EST 2014 , 4 , 2 , 2 , 161572 : { BUY 4539.63@0.80470892} 161571 : { BUY 4539.63@0.80470892} 161570 : { SELL 20367.34@0.8079342} 161569 : { SELL 20367.34@0.8079342} 
Wed Nov 19 12:30:08 EST 2014 , 4 , 2 , 2 , 161572 : { BUY 4539.63@0.80470892} 161571 : { BUY 4539.63@0.80470892} 161570 : { SELL 20367.34@0.8079342} 161569 : { SELL 20367.34@0.8079342} 
Wed Nov 19 12:33:09 EST 2014 , 4 , 2 , 2 , 161572 : { BUY 4539.63@0.80470892} 161571 : { BUY 4539.63@0.80470892} 161570 : { SELL 20367.34@0.8079342} 161569 : { SELL 20367.34@0.8079342} 
Wed Nov 19 12:36:10 EST 2014 , 4 , 2 , 2 , 161572 : { BUY 4539.63@0.80470892} 161571 : { BUY 4539.63@0.80470892} 161570 : { SELL 20367.34@0.8079342} 161569 : { SELL 20367.34@0.8079342} 
Wed Nov 19 12:39:11 EST 2014 , 4 , 2 , 2 , 161572 : { BUY 4539.63@0.80470892} 161571 : { BUY 4539.63@0.80470892} 161570 : { SELL 20367.34@0.8079342} 161569 : { SELL 20367.34@0.8079342} 
Wed Nov 19 12:42:12 EST 2014 , 4 , 2 , 2 , 161572 : { BUY 4539.63@0.80470892} 161571 : { BUY 4539.63@0.80470892} 161570 : { SELL 20367.34@0.8079342} 161569 : { SELL 20367.34@0.8079342} 
Wed Nov 19 12:45:13 EST 2014 , 4 , 2 , 2 , 161572 : { BUY 4539.63@0.80470892} 161571 : { BUY 4539.63@0.80470892} 161570 : { SELL 20367.34@0.8079342} 161569 : { SELL 20367.34@0.8079342} 
Wed Nov 19 12:48:14 EST 2014 , 4 , 2 , 2 , 161572 : { BUY 4539.63@0.80470892} 161571 : { BUY 4539.63@0.80470892} 161570 : { SELL 20367.34@0.8079342} 161569 : { SELL 20367.34@0.8079342} 
Wed Nov 19 12:51:15 EST 2014 , 4 , 2 , 2 , 161572 : { BUY 4539.63@0.80470892} 161571 : { BUY 4539.63@0.80470892} 161570 : { SELL 20367.34@0.8079342} 161569 : { SELL 20367.34@0.8079342} 
Wed Nov 19 12:54:16 EST 2014 , 4 , 2 , 2 , 161572 : { BUY 4539.63@0.80470892} 161571 : { BUY 4539.63@0.80470892} 161570 : { SELL 20367.34@0.8079342} 161569 : { SELL 20367.34@0.8079342} 
Wed Nov 19 12:57:17 EST 2014 , 4 , 2 , 2 , 161572 : { BUY 4539.63@0.80470892} 161571 : { BUY 4539.63@0.80470892} 161570 : { SELL 20367.34@0.8079342} 161569 : { SELL 20367.34@0.8079342} 
Wed Nov 19 13:00:18 EST 2014 , 4 , 2 , 2 , 161572 : { BUY 4539.63@0.80470892} 161571 : { BUY 4539.63@0.80470892} 161570 : { SELL 20367.34@0.8079342} 161569 : { SELL 20367.34@0.8079342} 
Wed Nov 19 13:03:20 EST 2014 , 4 , 2 , 2 , 161572 : { BUY 4539.63@0.80470892} 161571 : { BUY 4539.63@0.80470892} 161570 : { SELL 20367.34@0.8079342} 161569 : { SELL 20367.34@0.8079342} 
Wed Nov 19 13:06:20 EST 2014 , 4 , 2 , 2 , 161572 : { BUY 4539.63@0.80470892} 161571 : { BUY 4539.63@0.80470892} 161570 : { SELL 20367.34@0.8079342} 161569 : { SELL 20367.34@0.8079342} 
Wed Nov 19 13:09:21 EST 2014 , 4 , 2 , 2 , 161572 : { BUY 4539.63@0.80470892} 161571 : { BUY 4539.63@0.80470892} 161570 : { SELL 20367.34@0.8079342} 161569 : { SELL 20367.34@0.8079342} 
Wed Nov 19 13:12:22 EST 2014 , 4 , 2 , 2 , 161572 : { BUY 4539.63@0.80470892} 161571 : { BUY 4539.63@0.80470892} 161570 : { SELL 20367.34@0.8079342} 161569 : { SELL 20367.34@0.8079342} 
Wed Nov 19 13:15:23 EST 2014 , 4 , 2 , 2 , 161572 : { BUY 4539.63@0.80470892} 161571 : { BUY 4539.63@0.80470892} 161570 : { SELL 20367.34@0.8079342} 161569 : { SELL 20367.34@0.8079342} 
Wed Nov 19 13:18:24 EST 2014 , 4 , 2 , 2 , 161572 : { BUY 4539.63@0.80470892} 161571 : { BUY 4539.63@0.80470892} 161570 : { SELL 20367.34@0.8079342} 161569 : { SELL 20367.34@0.8079342} 
Wed Nov 19 13:21:25 EST 2014 , 4 , 2 , 2 , 161572 : { BUY 4539.63@0.80470892} 161571 : { BUY 4539.63@0.80470892} 161570 : { SELL 20367.34@0.8079342} 161569 : { SELL 20367.34@0.8079342} 
Wed Nov 19 13:24:26 EST 2014 , 4 , 2 , 2 , 161572 : { BUY 4539.63@0.80470892} 161571 : { BUY 4539.63@0.80470892} 161570 : { SELL 20367.34@0.8079342} 161569 : { SELL 20367.34@0.8079342} 
Wed Nov 19 13:27:27 EST 2014 , 4 , 2 , 2 , 161572 : { BUY 4539.63@0.80470892} 161571 : { BUY 4539.63@0.80470892} 161570 : { SELL 20367.34@0.8079342} 161569 : { SELL 20367.34@0.8079342} 
Wed Nov 19 13:30:28 EST 2014 , 4 , 2 , 2 , 161572 : { BUY 4539.63@0.80470892} 161571 : { BUY 4539.63@0.80470892} 161570 : { SELL 20367.34@0.8079342} 161569 : { SELL 20367.34@0.8079342} 
Wed Nov 19 13:33:29 EST 2014 , 4 , 2 , 2 , 161572 : { BUY 4539.63@0.80470892} 161571 : { BUY 4539.63@0.80470892} 161570 : { SELL 20367.34@0.8079342} 161569 : { SELL 20367.34@0.8079342} 
Wed Nov 19 13:36:30 EST 2014 , 4 , 2 , 2 , 161572 : { BUY 4539.63@0.80470892} 161571 : { BUY 4539.63@0.80470892} 161570 : { SELL 20367.34@0.8079342} 161569 : { SELL 20367.34@0.8079342} 
Wed Nov 19 13:39:31 EST 2014 , 4 , 2 , 2 , 161572 : { BUY 4539.63@0.80470892} 161571 : { BUY 4539.63@0.80470892} 161570 : { SELL 20367.34@0.8079342} 161569 : { SELL 20367.34@0.8079342} 
Wed Nov 19 13:42:32 EST 2014 , 4 , 2 , 2 , 161572 : { BUY 4539.63@0.80470892} 161571 : { BUY 4539.63@0.80470892} 161570 : { SELL 20367.34@0.8079342} 161569 : { SELL 20367.34@0.8079342} 
Wed Nov 19 13:45:33 EST 2014 , 4 , 2 , 2 , 161572 : { BUY 4539.63@0.80470892} 161571 : { BUY 4539.63@0.80470892} 161570 : { SELL 20367.34@0.8079342} 161569 : { SELL 20367.34@0.8079342} 
Wed Nov 19 13:48:34 EST 2014 , 4 , 2 , 2 , 161572 : { BUY 4539.63@0.80470892} 161571 : { BUY 4539.63@0.80470892} 161570 : { SELL 20367.34@0.8079342} 161569 : { SELL 20367.34@0.8079342} 
Wed Nov 19 13:51:35 EST 2014 , 4 , 2 , 2 , 161572 : { BUY 4539.63@0.80470892} 161571 : { BUY 4539.63@0.80470892} 161570 : { SELL 20367.34@0.8079342} 161569 : { SELL 20367.34@0.8079342} 
Wed Nov 19 13:54:36 EST 2014 , 4 , 2 , 2 , 161572 : { BUY 4539.63@0.80470892} 161571 : { BUY 4539.63@0.80470892} 161570 : { SELL 20367.34@0.8079342} 161569 : { SELL 20367.34@0.8079342} 
Wed Nov 19 13:57:37 EST 2014 , 4 , 2 , 2 , 161572 : { BUY 4539.63@0.80470892} 161571 : { BUY 4539.63@0.80470892} 161570 : { SELL 20367.34@0.8079342} 161569 : { SELL 20367.34@0.8079342} 
Wed Nov 19 14:00:38 EST 2014 , 4 , 2 , 2 , 161572 : { BUY 4539.63@0.80470892} 161571 : { BUY 4539.63@0.80470892} 161570 : { SELL 20367.34@0.8079342} 161569 : { SELL 20367.34@0.8079342} 
Wed Nov 19 14:03:39 EST 2014 , 4 , 2 , 2 , 161572 : { BUY 4539.63@0.80470892} 161571 : { BUY 4539.63@0.80470892} 161570 : { SELL 20367.34@0.8079342} 161569 : { SELL 20367.34@0.8079342} 
Wed Nov 19 14:06:40 EST 2014 , 4 , 2 , 2 , 161572 : { BUY 4539.63@0.80470892} 161571 : { BUY 4539.63@0.80470892} 161570 : { SELL 20367.34@0.8079342} 161569 : { SELL 20367.34@0.8079342} 
Wed Nov 19 14:09:41 EST 2014 , 4 , 2 , 2 , 161572 : { BUY 4539.63@0.80470892} 161571 : { BUY 4539.63@0.80470892} 161570 : { SELL 20367.34@0.8079342} 161569 : { SELL 20367.34@0.8079342} 
Wed Nov 19 14:12:42 EST 2014 , 4 , 2 , 2 , 161572 : { BUY 4539.63@0.80470892} 161571 : { BUY 4539.63@0.80470892} 161570 : { SELL 20367.34@0.8079342} 161569 : { SELL 20367.34@0.8079342} 
Wed Nov 19 14:15:43 EST 2014 , 4 , 2 , 2 , 161572 : { BUY 4539.63@0.80470892} 161571 : { BUY 4539.63@0.80470892} 161570 : { SELL 20367.34@0.8079342} 161569 : { SELL 20367.34@0.8079342} 
Wed Nov 19 14:18:44 EST 2014 , 4 , 2 , 2 , 161572 : { BUY 4539.63@0.80470892} 161571 : { BUY 4539.63@0.80470892} 161570 : { SELL 20367.34@0.8079342} 161569 : { SELL 20367.34@0.8079342} 
Wed Nov 19 14:21:45 EST 2014 , 4 , 2 , 2 , 161572 : { BUY 4539.63@0.80470892} 161571 : { BUY 4539.63@0.80470892} 161570 : { SELL 20367.34@0.8079342} 161569 : { SELL 20367.34@0.8079342} 
Wed Nov 19 14:24:46 EST 2014 , 4 , 2 , 2 , 161572 : { BUY 4539.63@0.80470892} 161571 : { BUY 4539.63@0.80470892} 161570 : { SELL 20367.34@0.8079342} 161569 : { SELL 20367.34@0.8079342} 
Wed Nov 19 14:27:47 EST 2014 , 4 , 2 , 2 , 161572 : { BUY 4539.63@0.80470892} 161571 : { BUY 4539.63@0.80470892} 161570 : { SELL 20367.34@0.8079342} 161569 : { SELL 20367.34@0.8079342} 
Wed Nov 19 14:30:48 EST 2014 , 4 , 2 , 2 , 161572 : { BUY 4539.63@0.80470892} 161571 : { BUY 4539.63@0.80470892} 161570 : { SELL 20367.34@0.8079342} 161569 : { SELL 20367.34@0.8079342} 
Wed Nov 19 14:33:49 EST 2014 , 4 , 2 , 2 , 161572 : { BUY 4539.63@0.80470892} 161571 : { BUY 4539.63@0.80470892} 161570 : { SELL 20367.34@0.8079342} 161569 : { SELL 20367.34@0.8079342} 
Wed Nov 19 14:36:50 EST 2014 , 4 , 2 , 2 , 161572 : { BUY 4539.63@0.80470892} 161571 : { BUY 4539.63@0.80470892} 161570 : { SELL 20367.34@0.8079342} 161569 : { SELL 20367.34@0.8079342} 
Wed Nov 19 14:39:51 EST 2014 , 4 , 2 , 2 , 161572 : { BUY 4539.63@0.80470892} 161571 : { BUY 4539.63@0.80470892} 161570 : { SELL 20367.34@0.8079342} 161569 : { SELL 20367.34@0.8079342} 
Wed Nov 19 14:42:52 EST 2014 , 4 , 2 , 2 , 161572 : { BUY 4539.63@0.80470892} 161571 : { BUY 4539.63@0.80470892} 161570 : { SELL 20367.34@0.8079342} 161569 : { SELL 20367.34@0.8079342} 
Wed Nov 19 14:45:53 EST 2014 , 4 , 2 , 2 , 161572 : { BUY 4539.63@0.80470892} 161571 : { BUY 4539.63@0.80470892} 161570 : { SELL 20367.34@0.8079342} 161569 : { SELL 20367.34@0.8079342} 
Wed Nov 19 14:48:54 EST 2014 , 4 , 2 , 2 , 161572 : { BUY 4539.63@0.80470892} 161571 : { BUY 4539.63@0.80470892} 161570 : { SELL 20367.34@0.8079342} 161569 : { SELL 20367.34@0.8079342} 
Wed Nov 19 14:51:55 EST 2014 , 4 , 2 , 2 , 161572 : { BUY 4539.63@0.80470892} 161571 : { BUY 4539.63@0.80470892} 161570 : { SELL 20367.34@0.8079342} 161569 : { SELL 20367.34@0.8079342} 
Wed Nov 19 14:54:56 EST 2014 , 4 , 2 , 2 , 161572 : { BUY 4539.63@0.80470892} 161571 : { BUY 4539.63@0.80470892} 161570 : { SELL 20367.34@0.8079342} 161569 : { SELL 20367.34@0.8079342} 
Wed Nov 19 14:57:57 EST 2014 , 4 , 2 , 2 , 161572 : { BUY 4539.63@0.80470892} 161571 : { BUY 4539.63@0.80470892} 161570 : { SELL 20367.34@0.8079342} 161569 : { SELL 20367.34@0.8079342} 
Wed Nov 19 15:00:58 EST 2014 , 4 , 2 , 2 , 161572 : { BUY 4539.63@0.80470892} 161571 : { BUY 4539.63@0.80470892} 161570 : { SELL 20367.34@0.8079342} 161569 : { SELL 20367.34@0.8079342} 
Wed Nov 19 15:03:59 EST 2014 , 4 , 2 , 2 , 161572 : { BUY 4539.63@0.80470892} 161571 : { BUY 4539.63@0.80470892} 161570 : { SELL 20367.34@0.8079342} 161569 : { SELL 20367.34@0.8079342} 
Wed Nov 19 15:07:00 EST 2014 , 4 , 2 , 2 , 161572 : { BUY 4539.63@0.80470892} 161571 : { BUY 4539.63@0.80470892} 161570 : { SELL 20367.34@0.8079342} 161569 : { SELL 20367.34@0.8079342} 
Wed Nov 19 15:10:01 EST 2014 , 4 , 2 , 2 , 161572 : { BUY 4539.63@0.80470892} 161571 : { BUY 4539.63@0.80470892} 161570 : { SELL 20367.34@0.8079342} 161569 : { SELL 20367.34@0.8079342} 
Wed Nov 19 15:13:02 EST 2014 , 4 , 2 , 2 , 161572 : { BUY 4539.63@0.80470892} 161571 : { BUY 4539.63@0.80470892} 161570 : { SELL 20367.34@0.8079342} 161569 : { SELL 20367.34@0.8079342} 
Wed Nov 19 15:16:03 EST 2014 , 4 , 2 , 2 , 161572 : { BUY 4539.63@0.80470892} 161571 : { BUY 4539.63@0.80470892} 161570 : { SELL 20367.34@0.8079342} 161569 : { SELL 20367.34@0.8079342} 
Wed Nov 19 15:19:04 EST 2014 , 4 , 2 , 2 , 161572 : { BUY 4539.63@0.80470892} 161571 : { BUY 4539.63@0.80470892} 161570 : { SELL 20367.34@0.8079342} 161569 : { SELL 20367.34@0.8079342} 
Wed Nov 19 15:22:05 EST 2014 , 4 , 2 , 2 , 161572 : { BUY 4539.63@0.80470892} 161571 : { BUY 4539.63@0.80470892} 161570 : { SELL 20367.34@0.8079342} 161569 : { SELL 20367.34@0.8079342} 
Wed Nov 19 15:25:06 EST 2014 , 4 , 2 , 2 , 161572 : { BUY 4539.63@0.80470892} 161571 : { BUY 4539.63@0.80470892} 161570 : { SELL 20367.34@0.8079342} 161569 : { SELL 20367.34@0.8079342} 
Wed Nov 19 15:28:07 EST 2014 , 4 , 2 , 2 , 161572 : { BUY 4539.63@0.80470892} 161571 : { BUY 4539.63@0.80470892} 161570 : { SELL 20367.34@0.8079342} 161569 : { SELL 20367.34@0.8079342} 
Wed Nov 19 15:31:08 EST 2014 , 4 , 2 , 2 , 161572 : { BUY 4539.63@0.80470892} 161571 : { BUY 4539.63@0.80470892} 161570 : { SELL 20367.34@0.8079342} 161569 : { SELL 20367.34@0.8079342} 
Wed Nov 19 15:34:09 EST 2014 , 4 , 2 , 2 , 161572 : { BUY 4539.63@0.80470892} 161571 : { BUY 4539.63@0.80470892} 161570 : { SELL 20367.34@0.8079342} 161569 : { SELL 20367.34@0.8079342} 
Wed Nov 19 15:37:10 EST 2014 , 4 , 2 , 2 , 161572 : { BUY 4539.63@0.80470892} 161571 : { BUY 4539.63@0.80470892} 161570 : { SELL 20367.34@0.8079342} 161569 : { SELL 20367.34@0.8079342} 
Wed Nov 19 15:40:11 EST 2014 , 4 , 2 , 2 , 161572 : { BUY 4539.63@0.80470892} 161571 : { BUY 4539.63@0.80470892} 161570 : { SELL 20367.34@0.8079342} 161569 : { SELL 20367.34@0.8079342} 
Wed Nov 19 15:43:12 EST 2014 , 4 , 2 , 2 , 161572 : { BUY 4539.63@0.80470892} 161571 : { BUY 4539.63@0.80470892} 161570 : { SELL 20367.34@0.8079342} 161569 : { SELL 20367.34@0.8079342} 
Wed Nov 19 15:46:13 EST 2014 , 4 , 2 , 2 , 161572 : { BUY 4539.63@0.80470892} 161571 : { BUY 4539.63@0.80470892} 161570 : { SELL 20367.34@0.8079342} 161569 : { SELL 20367.34@0.8079342} 
Wed Nov 19 15:49:14 EST 2014 , 4 , 2 , 2 , 161572 : { BUY 4539.63@0.80470892} 161571 : { BUY 4539.63@0.80470892} 161570 : { SELL 20367.34@0.8079342} 161569 : { SELL 20367.34@0.8079342} 
Wed Nov 19 15:52:15 EST 2014 , 4 , 2 , 2 , 161572 : { BUY 4539.63@0.80470892} 161571 : { BUY 4539.63@0.80470892} 161570 : { SELL 20367.34@0.8079342} 161569 : { SELL 20367.34@0.8079342} 
Wed Nov 19 15:55:16 EST 2014 , 4 , 2 , 2 , 161572 : { BUY 4539.63@0.80470892} 161571 : { BUY 4539.63@0.80470892} 161570 : { SELL 20367.34@0.8079342} 161569 : { SELL 20367.34@0.8079342} 
Wed Nov 19 15:58:17 EST 2014 , 4 , 2 , 2 , 161572 : { BUY 4539.63@0.80470892} 161571 : { BUY 4539.63@0.80470892} 161570 : { SELL 20367.34@0.8079342} 161569 : { SELL 20367.34@0.8079342} 
Wed Nov 19 16:01:18 EST 2014 , 4 , 2 , 2 , 161572 : { BUY 4539.63@0.80470892} 161571 : { BUY 4539.63@0.80470892} 161570 : { SELL 20367.34@0.8079342} 161569 : { SELL 20367.34@0.8079342} 
Wed Nov 19 16:04:19 EST 2014 , 4 , 2 , 2 , 161572 : { BUY 4539.63@0.80470892} 161571 : { BUY 4539.63@0.80470892} 161570 : { SELL 20367.34@0.8079342} 161569 : { SELL 20367.34@0.8079342} 
Wed Nov 19 16:07:20 EST 2014 , 4 , 2 , 2 , 161572 : { BUY 4539.63@0.80470892} 161571 : { BUY 4539.63@0.80470892} 161570 : { SELL 20367.34@0.8079342} 161569 : { SELL 20367.34@0.8079342} 
Wed Nov 19 16:10:21 EST 2014 , 4 , 2 , 2 , 161572 : { BUY 4539.63@0.80470892} 161571 : { BUY 4539.63@0.80470892} 161570 : { SELL 20367.34@0.8079342} 161569 : { SELL 20367.34@0.8079342} 
Wed Nov 19 16:13:22 EST 2014 , 4 , 2 , 2 , 161572 : { BUY 4539.63@0.80470892} 161571 : { BUY 4539.63@0.80470892} 161570 : { SELL 20367.34@0.8079342} 161569 : { SELL 20367.34@0.8079342} 
Wed Nov 19 16:16:23 EST 2014 , 4 , 2 , 2 , 161572 : { BUY 4539.63@0.80470892} 161571 : { BUY 4539.63@0.80470892} 161570 : { SELL 20367.34@0.8079342} 161569 : { SELL 20367.34@0.8079342} 
Wed Nov 19 16:19:24 EST 2014 , 4 , 2 , 2 , 161572 : { BUY 4539.63@0.80470892} 161571 : { BUY 4539.63@0.80470892} 161570 : { SELL 20367.34@0.8079342} 161569 : { SELL 20367.34@0.8079342} 
Wed Nov 19 16:22:25 EST 2014 , 4 , 2 , 2 , 161572 : { BUY 4539.63@0.80470892} 161571 : { BUY 4539.63@0.80470892} 161570 : { SELL 20367.34@0.8079342} 161569 : { SELL 20367.34@0.8079342} 
Wed Nov 19 16:25:26 EST 2014 , 4 , 2 , 2 , 161572 : { BUY 4539.63@0.80470892} 161571 : { BUY 4539.63@0.80470892} 161570 : { SELL 20367.34@0.8079342} 161569 : { SELL 20367.34@0.8079342} 
Wed Nov 19 16:28:27 EST 2014 , 4 , 2 , 2 , 161572 : { BUY 4539.63@0.80470892} 161571 : { BUY 4539.63@0.80470892} 161570 : { SELL 20367.34@0.8079342} 161569 : { SELL 20367.34@0.8079342} 
Wed Nov 19 16:31:28 EST 2014 , 4 , 2 , 2 , 161572 : { BUY 4539.63@0.80470892} 161571 : { BUY 4539.63@0.80470892} 161570 : { SELL 20367.34@0.8079342} 161569 : { SELL 20367.34@0.8079342} 
Wed Nov 19 16:34:29 EST 2014 , 4 , 2 , 2 , 161572 : { BUY 4539.63@0.80470892} 161571 : { BUY 4539.63@0.80470892} 161570 : { SELL 20367.34@0.8079342} 161569 : { SELL 20367.34@0.8079342} 
Wed Nov 19 16:37:30 EST 2014 , 4 , 2 , 2 , 161572 : { BUY 4539.63@0.80470892} 161571 : { BUY 4539.63@0.80470892} 161570 : { SELL 20367.34@0.8079342} 161569 : { SELL 20367.34@0.8079342} 
Wed Nov 19 16:40:31 EST 2014 , 4 , 2 , 2 , 161572 : { BUY 4539.63@0.80470892} 161571 : { BUY 4539.63@0.80470892} 161570 : { SELL 20367.34@0.8079342} 161569 : { SELL 20367.34@0.8079342} 
Wed Nov 19 16:43:32 EST 2014 , 4 , 2 , 2 , 161572 : { BUY 4539.63@0.80470892} 161571 : { BUY 4539.63@0.80470892} 161570 : { SELL 20367.34@0.8079342} 161569 : { SELL 20367.34@0.8079342} 
Wed Nov 19 16:46:33 EST 2014 , 4 , 2 , 2 , 161572 : { BUY 4539.63@0.80470892} 161571 : { BUY 4539.63@0.80470892} 161570 : { SELL 20367.34@0.8079342} 161569 : { SELL 20367.34@0.8079342} 
Wed Nov 19 16:49:34 EST 2014 , 4 , 2 , 2 , 161572 : { BUY 4539.63@0.80470892} 161571 : { BUY 4539.63@0.80470892} 161570 : { SELL 20367.34@0.8079342} 161569 : { SELL 20367.34@0.8079342} 
Wed Nov 19 16:52:35 EST 2014 , 4 , 2 , 2 , 161572 : { BUY 4539.63@0.80470892} 161571 : { BUY 4539.63@0.80470892} 161570 : { SELL 20367.34@0.8079342} 161569 : { SELL 20367.34@0.8079342} 
Wed Nov 19 16:55:36 EST 2014 , 4 , 2 , 2 , 161572 : { BUY 4539.63@0.80470892} 161571 : { BUY 4539.63@0.80470892} 161570 : { SELL 20367.34@0.8079342} 161569 : { SELL 20367.34@0.8079342} 
Wed Nov 19 16:58:37 EST 2014 , 4 , 2 , 2 , 161572 : { BUY 4539.63@0.80470892} 161571 : { BUY 4539.63@0.80470892} 161570 : { SELL 20367.34@0.8079342} 161569 : { SELL 20367.34@0.8079342} 
Wed Nov 19 17:01:38 EST 2014 , 4 , 2 , 2 , 161572 : { BUY 4539.63@0.80470892} 161571 : { BUY 4539.63@0.80470892} 161570 : { SELL 20367.34@0.8079342} 161569 : { SELL 20367.34@0.8079342} 
Wed Nov 19 17:04:39 EST 2014 , 4 , 2 , 2 , 161572 : { BUY 4539.63@0.80470892} 161571 : { BUY 4539.63@0.80470892} 161570 : { SELL 20367.34@0.8079342} 161569 : { SELL 20367.34@0.8079342} 
Wed Nov 19 17:07:40 EST 2014 , 4 , 2 , 2 , 161572 : { BUY 4539.63@0.80470892} 161571 : { BUY 4539.63@0.80470892} 161570 : { SELL 20367.34@0.8079342} 161569 : { SELL 20367.34@0.8079342} 
Wed Nov 19 17:10:41 EST 2014 , 4 , 2 , 2 , 161572 : { BUY 4539.63@0.80470892} 161571 : { BUY 4539.63@0.80470892} 161570 : { SELL 20367.34@0.8079342} 161569 : { SELL 20367.34@0.8079342} 
Wed Nov 19 17:13:42 EST 2014 , 4 , 2 , 2 , 161572 : { BUY 4539.63@0.80470892} 161571 : { BUY 4539.63@0.80470892} 161570 : { SELL 20367.34@0.8079342} 161569 : { SELL 20367.34@0.8079342} 
Wed Nov 19 17:16:43 EST 2014 , 4 , 2 , 2 , 161572 : { BUY 4539.63@0.80470892} 161571 : { BUY 4539.63@0.80470892} 161570 : { SELL 20367.34@0.8079342} 161569 : { SELL 20367.34@0.8079342} 
Wed Nov 19 17:19:44 EST 2014 , 4 , 2 , 2 , 161572 : { BUY 4539.63@0.80470892} 161571 : { BUY 4539.63@0.80470892} 161570 : { SELL 20367.34@0.8079342} 161569 : { SELL 20367.34@0.8079342} 
Wed Nov 19 17:22:45 EST 2014 , 4 , 2 , 2 , 161572 : { BUY 4539.63@0.80470892} 161571 : { BUY 4539.63@0.80470892} 161570 : { SELL 20367.34@0.8079342} 161569 : { SELL 20367.34@0.8079342} 
Wed Nov 19 17:25:46 EST 2014 , 4 , 2 , 2 , 161572 : { BUY 4539.63@0.80470892} 161571 : { BUY 4539.63@0.80470892} 161570 : { SELL 20367.34@0.8079342} 161569 : { SELL 20367.34@0.8079342} 
Wed Nov 19 17:28:47 EST 2014 , 4 , 2 , 2 , 161572 : { BUY 4539.63@0.80470892} 161571 : { BUY 4539.63@0.80470892} 161570 : { SELL 20367.34@0.8079342} 161569 : { SELL 20367.34@0.8079342} 
Wed Nov 19 17:31:48 EST 2014 , 4 , 2 , 2 , 161572 : { BUY 4539.63@0.80470892} 161571 : { BUY 4539.63@0.80470892} 161570 : { SELL 20367.34@0.8079342} 161569 : { SELL 20367.34@0.8079342} 
Wed Nov 19 17:34:49 EST 2014 , 4 , 2 , 2 , 161572 : { BUY 4539.63@0.80470892} 161571 : { BUY 4539.63@0.80470892} 161570 : { SELL 20367.34@0.8079342} 161569 : { SELL 20367.34@0.8079342} 
Wed Nov 19 17:37:50 EST 2014 , 4 , 2 , 2 , 161572 : { BUY 4539.63@0.80470892} 161571 : { BUY 4539.63@0.80470892} 161570 : { SELL 20367.34@0.8079342} 161569 : { SELL 20367.34@0.8079342} 
Wed Nov 19 17:40:51 EST 2014 , 4 , 2 , 2 , 161572 : { BUY 4539.63@0.80470892} 161571 : { BUY 4539.63@0.80470892} 161570 : { SELL 20367.34@0.8079342} 161569 : { SELL 20367.34@0.8079342} 
Wed Nov 19 17:43:52 EST 2014 , 4 , 2 , 2 , 161572 : { BUY 4539.63@0.80470892} 161571 : { BUY 4539.63@0.80470892} 161570 : { SELL 20367.34@0.8079342} 161569 : { SELL 20367.34@0.8079342} 
Wed Nov 19 17:46:53 EST 2014 , 4 , 2 , 2 , 161572 : { BUY 4539.63@0.80470892} 161571 : { BUY 4539.63@0.80470892} 161570 : { SELL 20367.34@0.8079342} 161569 : { SELL 20367.34@0.8079342} 
Wed Nov 19 17:49:54 EST 2014 , 4 , 2 , 2 , 161572 : { BUY 4539.63@0.80470892} 161571 : { BUY 4539.63@0.80470892} 161570 : { SELL 20367.34@0.8079342} 161569 : { SELL 20367.34@0.8079342} 
Wed Nov 19 17:52:55 EST 2014 , 4 , 2 , 2 , 161572 : { BUY 4539.63@0.80470892} 161571 : { BUY 4539.63@0.80470892} 161570 : { SELL 20367.34@0.8079342} 161569 : { SELL 20367.34@0.8079342} 
Wed Nov 19 17:55:56 EST 2014 , 4 , 2 , 2 , 161572 : { BUY 4539.63@0.80470892} 161571 : { BUY 4539.63@0.80470892} 161570 : { SELL 20367.34@0.8079342} 161569 : { SELL 20367.34@0.8079342} 
Wed Nov 19 17:58:57 EST 2014 , 4 , 2 , 2 , 161572 : { BUY 4539.63@0.80470892} 161571 : { BUY 4539.63@0.80470892} 161570 : { SELL 20367.34@0.8079342} 161569 : { SELL 20367.34@0.8079342} 
Wed Nov 19 18:01:58 EST 2014 , 4 , 2 , 2 , 161572 : { BUY 4539.63@0.80470892} 161571 : { BUY 4539.63@0.80470892} 161570 : { SELL 20367.34@0.8079342} 161569 : { SELL 20367.34@0.8079342} 
Wed Nov 19 18:05:00 EST 2014 , 4 , 2 , 2 , 161572 : { BUY 4539.63@0.80470892} 161571 : { BUY 4539.63@0.80470892} 161570 : { SELL 20367.34@0.8079342} 161569 : { SELL 20367.34@0.8079342} 
Wed Nov 19 18:08:00 EST 2014 , 4 , 2 , 2 , 161572 : { BUY 4539.63@0.80470892} 161571 : { BUY 4539.63@0.80470892} 161570 : { SELL 20367.34@0.8079342} 161569 : { SELL 20367.34@0.8079342} 
Wed Nov 19 18:11:01 EST 2014 , 4 , 2 , 2 , 161572 : { BUY 4539.63@0.80470892} 161571 : { BUY 4539.63@0.80470892} 161570 : { SELL 20367.34@0.8079342} 161569 : { SELL 20367.34@0.8079342} 
Wed Nov 19 18:14:02 EST 2014 , 4 , 2 , 2 , 161572 : { BUY 4539.63@0.80470892} 161571 : { BUY 4539.63@0.80470892} 161570 : { SELL 20367.34@0.8079342} 161569 : { SELL 20367.34@0.8079342} 
Wed Nov 19 18:17:03 EST 2014 , 4 , 2 , 2 , 161572 : { BUY 4539.63@0.80470892} 161571 : { BUY 4539.63@0.80470892} 161570 : { SELL 20367.34@0.8079342} 161569 : { SELL 20367.34@0.8079342} 
Wed Nov 19 18:20:04 EST 2014 , 4 , 2 , 2 , 161572 : { BUY 4539.63@0.80470892} 161571 : { BUY 4539.63@0.80470892} 161570 : { SELL 20367.34@0.8079342} 161569 : { SELL 20367.34@0.8079342} 
Wed Nov 19 18:23:05 EST 2014 , 4 , 2 , 2 , 161572 : { BUY 4539.63@0.80470892} 161571 : { BUY 4539.63@0.80470892} 161570 : { SELL 20367.34@0.8079342} 161569 : { SELL 20367.34@0.8079342} 
Wed Nov 19 18:26:06 EST 2014 , 4 , 2 , 2 , 161572 : { BUY 4539.63@0.80470892} 161571 : { BUY 4539.63@0.80470892} 161570 : { SELL 20367.34@0.8079342} 161569 : { SELL 20367.34@0.8079342} 
Wed Nov 19 18:29:07 EST 2014 , 4 , 2 , 2 , 161572 : { BUY 4539.63@0.80470892} 161571 : { BUY 4539.63@0.80470892} 161570 : { SELL 20367.34@0.8079342} 161569 : { SELL 20367.34@0.8079342} 
Wed Nov 19 18:32:08 EST 2014 , 4 , 2 , 2 , 161572 : { BUY 4539.63@0.80470892} 161571 : { BUY 4539.63@0.80470892} 161570 : { SELL 20367.34@0.8079342} 161569 : { SELL 20367.34@0.8079342} 
Wed Nov 19 18:35:09 EST 2014 , 4 , 2 , 2 , 161572 : { BUY 4539.63@0.80470892} 161571 : { BUY 4539.63@0.80470892} 161570 : { SELL 20367.34@0.8079342} 161569 : { SELL 20367.34@0.8079342} 
Wed Nov 19 18:38:10 EST 2014 , 4 , 2 , 2 , 161572 : { BUY 4539.63@0.80470892} 161571 : { BUY 4539.63@0.80470892} 161570 : { SELL 20367.34@0.8079342} 161569 : { SELL 20367.34@0.8079342} 
Wed Nov 19 18:41:11 EST 2014 , 4 , 2 , 2 , 161572 : { BUY 4539.63@0.80470892} 161571 : { BUY 4539.63@0.80470892} 161570 : { SELL 20367.34@0.8079342} 161569 : { SELL 20367.34@0.8079342} 
Wed Nov 19 18:44:12 EST 2014 , 4 , 2 , 2 , 161572 : { BUY 4539.63@0.80470892} 161571 : { BUY 4539.63@0.80470892} 161570 : { SELL 20367.34@0.8079342} 161569 : { SELL 20367.34@0.8079342} 
Wed Nov 19 18:47:13 EST 2014 , 4 , 2 , 2 , 161572 : { BUY 4539.63@0.80470892} 161571 : { BUY 4539.63@0.80470892} 161570 : { SELL 20367.34@0.8079342} 161569 : { SELL 20367.34@0.8079342} 
Wed Nov 19 18:50:14 EST 2014 , 4 , 2 , 2 , 161572 : { BUY 4539.63@0.80470892} 161571 : { BUY 4539.63@0.80470892} 161570 : { SELL 20367.34@0.8079342} 161569 : { SELL 20367.34@0.8079342} 
Wed Nov 19 18:53:15 EST 2014 , 4 , 2 , 2 , 161572 : { BUY 4539.63@0.80470892} 161571 : { BUY 4539.63@0.80470892} 161570 : { SELL 20367.34@0.8079342} 161569 : { SELL 20367.34@0.8079342} 
Wed Nov 19 18:56:16 EST 2014 , 4 , 2 , 2 , 161572 : { BUY 4539.63@0.80470892} 161571 : { BUY 4539.63@0.80470892} 161570 : { SELL 20367.34@0.8079342} 161569 : { SELL 20367.34@0.8079342} 
Wed Nov 19 18:59:17 EST 2014 , 4 , 2 , 2 , 161572 : { BUY 4539.63@0.80470892} 161571 : { BUY 4539.63@0.80470892} 161570 : { SELL 20367.34@0.8079342} 161569 : { SELL 20367.34@0.8079342} 
Wed Nov 19 19:02:18 EST 2014 , 4 , 2 , 2 , 161572 : { BUY 4539.63@0.80470892} 161571 : { BUY 4539.63@0.80470892} 161570 : { SELL 20367.34@0.8079342} 161569 : { SELL 20367.34@0.8079342} 
Wed Nov 19 19:05:19 EST 2014 , 4 , 2 , 2 , 161572 : { BUY 4539.63@0.80470892} 161571 : { BUY 4539.63@0.80470892} 161570 : { SELL 20367.34@0.8079342} 161569 : { SELL 20367.34@0.8079342} 
Wed Nov 19 19:08:20 EST 2014 , 4 , 2 , 2 , 161572 : { BUY 4539.63@0.80470892} 161571 : { BUY 4539.63@0.80470892} 161570 : { SELL 20367.34@0.8079342} 161569 : { SELL 20367.34@0.8079342} 
Wed Nov 19 19:11:21 EST 2014 , 4 , 2 , 2 , 161572 : { BUY 4539.63@0.80470892} 161571 : { BUY 4539.63@0.80470892} 161570 : { SELL 20367.34@0.8079342} 161569 : { SELL 20367.34@0.8079342} 
Wed Nov 19 19:14:22 EST 2014 , 4 , 2 , 2 , 161572 : { BUY 4539.63@0.80470892} 161571 : { BUY 4539.63@0.80470892} 161570 : { SELL 20367.34@0.8079342} 161569 : { SELL 20367.34@0.8079342} 
Wed Nov 19 19:17:23 EST 2014 , 4 , 2 , 2 , 161572 : { BUY 4539.63@0.80470892} 161571 : { BUY 4539.63@0.80470892} 161570 : { SELL 20367.34@0.8079342} 161569 : { SELL 20367.34@0.8079342} 
Wed Nov 19 19:20:24 EST 2014 , 4 , 2 , 2 , 161572 : { BUY 4539.63@0.80470892} 161571 : { BUY 4539.63@0.80470892} 161570 : { SELL 20367.34@0.8079342} 161569 : { SELL 20367.34@0.8079342} 
Wed Nov 19 19:23:25 EST 2014 , 4 , 2 , 2 , 161572 : { BUY 4539.63@0.80470892} 161571 : { BUY 4539.63@0.80470892} 161570 : { SELL 20367.34@0.8079342} 161569 : { SELL 20367.34@0.8079342} 
Wed Nov 19 19:26:26 EST 2014 , 4 , 2 , 2 , 161572 : { BUY 4539.63@0.80470892} 161571 : { BUY 4539.63@0.80470892} 161570 : { SELL 20367.34@0.8079342} 161569 : { SELL 20367.34@0.8079342} 
Wed Nov 19 19:29:27 EST 2014 , 4 , 2 , 2 , 161572 : { BUY 4539.63@0.80470892} 161571 : { BUY 4539.63@0.80470892} 161570 : { SELL 20367.34@0.8079342} 161569 : { SELL 20367.34@0.8079342} 
Wed Nov 19 19:32:28 EST 2014 , 4 , 2 , 2 , 161572 : { BUY 4539.63@0.80470892} 161571 : { BUY 4539.63@0.80470892} 161570 : { SELL 20367.34@0.8079342} 161569 : { SELL 20367.34@0.8079342} 
Wed Nov 19 19:35:29 EST 2014 , 4 , 2 , 2 , 161572 : { BUY 4539.63@0.80470892} 161571 : { BUY 4539.63@0.80470892} 161570 : { SELL 20367.34@0.8079342} 161569 : { SELL 20367.34@0.8079342} 
Wed Nov 19 19:38:30 EST 2014 , 4 , 2 , 2 , 161572 : { BUY 4539.63@0.80470892} 161571 : { BUY 4539.63@0.80470892} 161570 : { SELL 20367.34@0.8079342} 161569 : { SELL 20367.34@0.8079342} 
Wed Nov 19 19:41:31 EST 2014 , 4 , 2 , 2 , 161572 : { BUY 4539.63@0.80470892} 161571 : { BUY 4539.63@0.80470892} 161570 : { SELL 20367.34@0.8079342} 161569 : { SELL 20367.34@0.8079342} 
Wed Nov 19 19:44:32 EST 2014 , 4 , 2 , 2 , 161572 : { BUY 4539.63@0.80470892} 161571 : { BUY 4539.63@0.80470892} 161570 : { SELL 20367.34@0.8079342} 161569 : { SELL 20367.34@0.8079342} 
Wed Nov 19 19:47:33 EST 2014 , 4 , 2 , 2 , 161572 : { BUY 4539.63@0.80470892} 161571 : { BUY 4539.63@0.80470892} 161570 : { SELL 20367.34@0.8079342} 161569 : { SELL 20367.34@0.8079342} 
Wed Nov 19 19:50:34 EST 2014 , 4 , 2 , 2 , 161572 : { BUY 4539.63@0.80470892} 161571 : { BUY 4539.63@0.80470892} 161570 : { SELL 20367.34@0.8079342} 161569 : { SELL 20367.34@0.8079342} 
Wed Nov 19 19:53:35 EST 2014 , 4 , 2 , 2 , 161572 : { BUY 4539.63@0.80470892} 161571 : { BUY 4539.63@0.80470892} 161570 : { SELL 20367.34@0.8079342} 161569 : { SELL 20367.34@0.8079342} 
Wed Nov 19 19:56:36 EST 2014 , 4 , 2 , 2 , 161572 : { BUY 4539.63@0.80470892} 161571 : { BUY 4539.63@0.80470892} 161570 : { SELL 20367.34@0.8079342} 161569 : { SELL 20367.34@0.8079342} 
Wed Nov 19 19:59:37 EST 2014 , 4 , 2 , 2 , 161572 : { BUY 4539.63@0.80470892} 161571 : { BUY 4539.63@0.80470892} 161570 : { SELL 20367.34@0.8079342} 161569 : { SELL 20367.34@0.8079342} 
Wed Nov 19 20:02:38 EST 2014 , 4 , 2 , 2 , 161572 : { BUY 4539.63@0.80470892} 161571 : { BUY 4539.63@0.80470892} 161570 : { SELL 20367.34@0.8079342} 161569 : { SELL 20367.34@0.8079342} 
Wed Nov 19 20:05:39 EST 2014 , 4 , 2 , 2 , 161572 : { BUY 4539.63@0.80470892} 161571 : { BUY 4539.63@0.80470892} 161570 : { SELL 20367.34@0.8079342} 161569 : { SELL 20367.34@0.8079342} 
Wed Nov 19 20:08:40 EST 2014 , 4 , 2 , 2 , 161572 : { BUY 4539.63@0.80470892} 161571 : { BUY 4539.63@0.80470892} 161570 : { SELL 20367.34@0.8079342} 161569 : { SELL 20367.34@0.8079342} 
Wed Nov 19 20:11:41 EST 2014 , 4 , 2 , 2 , 161572 : { BUY 4539.63@0.80470892} 161571 : { BUY 4539.63@0.80470892} 161570 : { SELL 20367.34@0.8079342} 161569 : { SELL 20367.34@0.8079342} 
Wed Nov 19 20:14:42 EST 2014 , 4 , 2 , 2 , 161572 : { BUY 4539.63@0.80470892} 161571 : { BUY 4539.63@0.80470892} 161570 : { SELL 20367.34@0.8079342} 161569 : { SELL 20367.34@0.8079342} 
Wed Nov 19 20:17:43 EST 2014 , 4 , 2 , 2 , 161572 : { BUY 4539.63@0.80470892} 161571 : { BUY 4539.63@0.80470892} 161570 : { SELL 20367.34@0.8079342} 161569 : { SELL 20367.34@0.8079342} 
Wed Nov 19 20:20:44 EST 2014 , 4 , 2 , 2 , 161572 : { BUY 4539.63@0.80470892} 161571 : { BUY 4539.63@0.80470892} 161570 : { SELL 20367.34@0.8079342} 161569 : { SELL 20367.34@0.8079342} 
Wed Nov 19 20:23:45 EST 2014 , 4 , 2 , 2 , 161572 : { BUY 4539.63@0.80470892} 161571 : { BUY 4539.63@0.80470892} 161570 : { SELL 20367.34@0.8079342} 161569 : { SELL 20367.34@0.8079342} 
Wed Nov 19 20:26:46 EST 2014 , 4 , 2 , 2 , 161572 : { BUY 4539.63@0.80470892} 161571 : { BUY 4539.63@0.80470892} 161570 : { SELL 20367.34@0.8079342} 161569 : { SELL 20367.34@0.8079342} 
Wed Nov 19 20:29:47 EST 2014 , 4 , 2 , 2 , 161572 : { BUY 4539.63@0.80470892} 161571 : { BUY 4539.63@0.80470892} 161570 : { SELL 20367.34@0.8079342} 161569 : { SELL 20367.34@0.8079342} 
Wed Nov 19 20:32:48 EST 2014 , 4 , 2 , 2 , 161572 : { BUY 4539.63@0.80470892} 161571 : { BUY 4539.63@0.80470892} 161570 : { SELL 20367.34@0.8079342} 161569 : { SELL 20367.34@0.8079342} 
Wed Nov 19 20:35:49 EST 2014 , 4 , 2 , 2 , 161572 : { BUY 4539.63@0.80470892} 161571 : { BUY 4539.63@0.80470892} 161570 : { SELL 20367.34@0.8079342} 161569 : { SELL 20367.34@0.8079342} 
Wed Nov 19 20:38:50 EST 2014 , 4 , 2 , 2 , 161572 : { BUY 4539.63@0.80470892} 161571 : { BUY 4539.63@0.80470892} 161570 : { SELL 20367.34@0.8079342} 161569 : { SELL 20367.34@0.8079342} 
Wed Nov 19 20:41:51 EST 2014 , 4 , 2 , 2 , 161572 : { BUY 4539.63@0.80470892} 161571 : { BUY 4539.63@0.80470892} 161570 : { SELL 20367.34@0.8079342} 161569 : { SELL 20367.34@0.8079342} 
Wed Nov 19 20:44:52 EST 2014 , 4 , 2 , 2 , 161572 : { BUY 4539.63@0.80470892} 161571 : { BUY 4539.63@0.80470892} 161570 : { SELL 20367.34@0.8079342} 161569 : { SELL 20367.34@0.8079342} 
Wed Nov 19 20:47:53 EST 2014 , 4 , 2 , 2 , 161572 : { BUY 4539.63@0.80470892} 161571 : { BUY 4539.63@0.80470892} 161570 : { SELL 20367.34@0.8079342} 161569 : { SELL 20367.34@0.8079342} 
Wed Nov 19 20:50:54 EST 2014 , 4 , 2 , 2 , 161572 : { BUY 4539.63@0.80470892} 161571 : { BUY 4539.63@0.80470892} 161570 : { SELL 20367.34@0.8079342} 161569 : { SELL 20367.34@0.8079342} 
Wed Nov 19 20:53:55 EST 2014 , 4 , 2 , 2 , 161572 : { BUY 4539.63@0.80470892} 161571 : { BUY 4539.63@0.80470892} 161570 : { SELL 20367.34@0.8079342} 161569 : { SELL 20367.34@0.8079342} 
Wed Nov 19 20:56:56 EST 2014 , 4 , 2 , 2 , 161572 : { BUY 4539.63@0.80470892} 161571 : { BUY 4539.63@0.80470892} 161570 : { SELL 20367.34@0.8079342} 161569 : { SELL 20367.34@0.8079342} 
Wed Nov 19 20:59:57 EST 2014 , 4 , 2 , 2 , 161572 : { BUY 4539.63@0.80470892} 161571 : { BUY 4539.63@0.80470892} 161570 : { SELL 20367.34@0.8079342} 161569 : { SELL 20367.34@0.8079342} 
Wed Nov 19 21:02:58 EST 2014 , 4 , 2 , 2 , 161572 : { BUY 4539.63@0.80470892} 161571 : { BUY 4539.63@0.80470892} 161570 : { SELL 20367.34@0.8079342} 161569 : { SELL 20367.34@0.8079342} 
Wed Nov 19 21:05:59 EST 2014 , 4 , 2 , 2 , 161572 : { BUY 4539.63@0.80470892} 161571 : { BUY 4539.63@0.80470892} 161570 : { SELL 20367.34@0.8079342} 161569 : { SELL 20367.34@0.8079342} 
Wed Nov 19 21:09:00 EST 2014 , 4 , 2 , 2 , 161572 : { BUY 4539.63@0.80470892} 161571 : { BUY 4539.63@0.80470892} 161570 : { SELL 20367.34@0.8079342} 161569 : { SELL 20367.34@0.8079342} 
Wed Nov 19 21:12:01 EST 2014 , 4 , 2 , 2 , 161572 : { BUY 4539.63@0.80470892} 161571 : { BUY 4539.63@0.80470892} 161570 : { SELL 20367.34@0.8079342} 161569 : { SELL 20367.34@0.8079342} 
Wed Nov 19 21:15:02 EST 2014 , 4 , 2 , 2 , 161572 : { BUY 4539.63@0.80470892} 161571 : { BUY 4539.63@0.80470892} 161570 : { SELL 20367.34@0.8079342} 161569 : { SELL 20367.34@0.8079342} 
Wed Nov 19 21:18:03 EST 2014 , 4 , 2 , 2 , 161572 : { BUY 4539.63@0.80470892} 161571 : { BUY 4539.63@0.80470892} 161570 : { SELL 20367.34@0.8079342} 161569 : { SELL 20367.34@0.8079342} 
Wed Nov 19 21:21:04 EST 2014 , 4 , 2 , 2 , 161572 : { BUY 4539.63@0.80470892} 161571 : { BUY 4539.63@0.80470892} 161570 : { SELL 20367.34@0.8079342} 161569 : { SELL 20367.34@0.8079342} 
Wed Nov 19 21:24:05 EST 2014 , 4 , 2 , 2 , 161572 : { BUY 4539.63@0.80470892} 161571 : { BUY 4539.63@0.80470892} 161570 : { SELL 20367.34@0.8079342} 161569 : { SELL 20367.34@0.8079342} 
Wed Nov 19 21:27:06 EST 2014 , 4 , 2 , 2 , 161572 : { BUY 4539.63@0.80470892} 161571 : { BUY 4539.63@0.80470892} 161570 : { SELL 20367.34@0.8079342} 161569 : { SELL 20367.34@0.8079342} 
Wed Nov 19 21:30:07 EST 2014 , 4 , 2 , 2 , 161572 : { BUY 4539.63@0.80470892} 161571 : { BUY 4539.63@0.80470892} 161570 : { SELL 20367.34@0.8079342} 161569 : { SELL 20367.34@0.8079342} 
Wed Nov 19 21:33:08 EST 2014 , 4 , 2 , 2 , 161572 : { BUY 4539.63@0.80470892} 161571 : { BUY 4539.63@0.80470892} 161570 : { SELL 20367.34@0.8079342} 161569 : { SELL 20367.34@0.8079342} 
Wed Nov 19 21:36:09 EST 2014 , 4 , 2 , 2 , 161572 : { BUY 4539.63@0.80470892} 161571 : { BUY 4539.63@0.80470892} 161570 : { SELL 20367.34@0.8079342} 161569 : { SELL 20367.34@0.8079342} 
Wed Nov 19 21:39:10 EST 2014 , 4 , 2 , 2 , 161572 : { BUY 4539.63@0.80470892} 161571 : { BUY 4539.63@0.80470892} 161570 : { SELL 20367.34@0.8079342} 161569 : { SELL 20367.34@0.8079342} 
Wed Nov 19 21:42:11 EST 2014 , 4 , 2 , 2 , 161572 : { BUY 4539.63@0.80470892} 161571 : { BUY 4539.63@0.80470892} 161570 : { SELL 20367.34@0.8079342} 161569 : { SELL 20367.34@0.8079342} 
Wed Nov 19 21:45:12 EST 2014 , 4 , 2 , 2 , 161572 : { BUY 4539.63@0.80470892} 161571 : { BUY 4539.63@0.80470892} 161570 : { SELL 20367.34@0.8079342} 161569 : { SELL 20367.34@0.8079342} 
Wed Nov 19 21:48:13 EST 2014 , 4 , 2 , 2 , 161572 : { BUY 4539.63@0.80470892} 161571 : { BUY 4539.63@0.80470892} 161570 : { SELL 20367.34@0.8079342} 161569 : { SELL 20367.34@0.8079342} 
Wed Nov 19 21:51:14 EST 2014 , 4 , 2 , 2 , 161572 : { BUY 4539.63@0.80470892} 161571 : { BUY 4539.63@0.80470892} 161570 : { SELL 20367.34@0.8079342} 161569 : { SELL 20367.34@0.8079342} 
Wed Nov 19 21:54:15 EST 2014 , 4 , 2 , 2 , 161572 : { BUY 4539.63@0.80470892} 161571 : { BUY 4539.63@0.80470892} 161570 : { SELL 20367.34@0.8079342} 161569 : { SELL 20367.34@0.8079342} 
Wed Nov 19 21:57:16 EST 2014 , 4 , 2 , 2 , 161572 : { BUY 4539.63@0.80470892} 161571 : { BUY 4539.63@0.80470892} 161570 : { SELL 20367.34@0.8079342} 161569 : { SELL 20367.34@0.8079342} 
Wed Nov 19 22:00:17 EST 2014 , 4 , 2 , 2 , 161572 : { BUY 4539.63@0.80470892} 161571 : { BUY 4539.63@0.80470892} 161570 : { SELL 20367.34@0.8079342} 161569 : { SELL 20367.34@0.8079342} 
Wed Nov 19 22:03:18 EST 2014 , 4 , 2 , 2 , 161572 : { BUY 4539.63@0.80470892} 161571 : { BUY 4539.63@0.80470892} 161570 : { SELL 20367.34@0.8079342} 161569 : { SELL 20367.34@0.8079342} 
Wed Nov 19 22:06:19 EST 2014 , 4 , 2 , 2 , 161572 : { BUY 4539.63@0.80470892} 161571 : { BUY 4539.63@0.80470892} 161570 : { SELL 20367.34@0.8079342} 161569 : { SELL 20367.34@0.8079342} 
Wed Nov 19 22:09:20 EST 2014 , 4 , 2 , 2 , 161572 : { BUY 4539.63@0.80470892} 161571 : { BUY 4539.63@0.80470892} 161570 : { SELL 20367.34@0.8079342} 161569 : { SELL 20367.34@0.8079342} 
Wed Nov 19 22:12:21 EST 2014 , 4 , 2 , 2 , 161572 : { BUY 4539.63@0.80470892} 161571 : { BUY 4539.63@0.80470892} 161570 : { SELL 20367.34@0.8079342} 161569 : { SELL 20367.34@0.8079342} 
Wed Nov 19 22:15:22 EST 2014 , 4 , 2 , 2 , 161572 : { BUY 4539.63@0.80470892} 161571 : { BUY 4539.63@0.80470892} 161570 : { SELL 20367.34@0.8079342} 161569 : { SELL 20367.34@0.8079342} 
Wed Nov 19 22:18:23 EST 2014 , 4 , 2 , 2 , 161572 : { BUY 4539.63@0.80470892} 161571 : { BUY 4539.63@0.80470892} 161570 : { SELL 20367.34@0.8079342} 161569 : { SELL 20367.34@0.8079342} 
Wed Nov 19 22:21:24 EST 2014 , 4 , 2 , 2 , 161572 : { BUY 4539.63@0.80470892} 161571 : { BUY 4539.63@0.80470892} 161570 : { SELL 20367.34@0.8079342} 161569 : { SELL 20367.34@0.8079342} 
Wed Nov 19 22:24:25 EST 2014 , 4 , 2 , 2 , 161572 : { BUY 4539.63@0.80470892} 161571 : { BUY 4539.63@0.80470892} 161570 : { SELL 20367.34@0.8079342} 161569 : { SELL 20367.34@0.8079342} 
Wed Nov 19 22:27:26 EST 2014 , 4 , 2 , 2 , 161572 : { BUY 4539.63@0.80470892} 161571 : { BUY 4539.63@0.80470892} 161570 : { SELL 20367.34@0.8079342} 161569 : { SELL 20367.34@0.8079342} 
Wed Nov 19 22:30:27 EST 2014 , 4 , 2 , 2 , 161572 : { BUY 4539.63@0.80470892} 161571 : { BUY 4539.63@0.80470892} 161570 : { SELL 20367.34@0.8079342} 161569 : { SELL 20367.34@0.8079342} 
Wed Nov 19 22:33:28 EST 2014 , 4 , 2 , 2 , 161572 : { BUY 4539.63@0.80470892} 161571 : { BUY 4539.63@0.80470892} 161570 : { SELL 20367.34@0.8079342} 161569 : { SELL 20367.34@0.8079342} 
Wed Nov 19 22:36:29 EST 2014 , 4 , 2 , 2 , 161572 : { BUY 4539.63@0.80470892} 161571 : { BUY 4539.63@0.80470892} 161570 : { SELL 20367.34@0.8079342} 161569 : { SELL 20367.34@0.8079342} 
Wed Nov 19 22:39:30 EST 2014 , 4 , 2 , 2 , 161572 : { BUY 4539.63@0.80470892} 161571 : { BUY 4539.63@0.80470892} 161570 : { SELL 20367.34@0.8079342} 161569 : { SELL 20367.34@0.8079342} 
Wed Nov 19 22:42:31 EST 2014 , 4 , 2 , 2 , 161572 : { BUY 4539.63@0.80470892} 161571 : { BUY 4539.63@0.80470892} 161570 : { SELL 20367.34@0.8079342} 161569 : { SELL 20367.34@0.8079342} 
Wed Nov 19 22:45:32 EST 2014 , 4 , 2 , 2 , 161572 : { BUY 4539.63@0.80470892} 161571 : { BUY 4539.63@0.80470892} 161570 : { SELL 20367.34@0.8079342} 161569 : { SELL 20367.34@0.8079342} 
Wed Nov 19 22:48:33 EST 2014 , 4 , 2 , 2 , 161572 : { BUY 4539.63@0.80470892} 161571 : { BUY 4539.63@0.80470892} 161570 : { SELL 20367.34@0.8079342} 161569 : { SELL 20367.34@0.8079342} 
Wed Nov 19 22:51:34 EST 2014 , 4 , 2 , 2 , 161572 : { BUY 4539.63@0.80470892} 161571 : { BUY 4539.63@0.80470892} 161570 : { SELL 20367.34@0.8079342} 161569 : { SELL 20367.34@0.8079342} 
Wed Nov 19 22:54:35 EST 2014 , 4 , 2 , 2 , 161572 : { BUY 4539.63@0.80470892} 161571 : { BUY 4539.63@0.80470892} 161570 : { SELL 20367.34@0.8079342} 161569 : { SELL 20367.34@0.8079342} 
Wed Nov 19 22:57:36 EST 2014 , 4 , 2 , 2 , 161572 : { BUY 4539.63@0.80470892} 161571 : { BUY 4539.63@0.80470892} 161570 : { SELL 20367.34@0.8079342} 161569 : { SELL 20367.34@0.8079342} 
Wed Nov 19 23:00:37 EST 2014 , 4 , 2 , 2 , 161572 : { BUY 4539.63@0.80470892} 161571 : { BUY 4539.63@0.80470892} 161570 : { SELL 20367.34@0.8079342} 161569 : { SELL 20367.34@0.8079342} 
Wed Nov 19 23:03:38 EST 2014 , 4 , 2 , 2 , 161572 : { BUY 4539.63@0.80470892} 161571 : { BUY 4539.63@0.80470892} 161570 : { SELL 20367.34@0.8079342} 161569 : { SELL 20367.34@0.8079342} 
Wed Nov 19 23:06:40 EST 2014 , 4 , 2 , 2 , 161572 : { BUY 4539.63@0.80470892} 161571 : { BUY 4539.63@0.80470892} 161570 : { SELL 20367.34@0.8079342} 161569 : { SELL 20367.34@0.8079342} 
Wed Nov 19 23:09:40 EST 2014 , 4 , 2 , 2 , 161572 : { BUY 4539.63@0.80470892} 161571 : { BUY 4539.63@0.80470892} 161570 : { SELL 20367.34@0.8079342} 161569 : { SELL 20367.34@0.8079342} 
Wed Nov 19 23:12:41 EST 2014 , 4 , 2 , 2 , 161572 : { BUY 4539.63@0.80470892} 161571 : { BUY 4539.63@0.80470892} 161570 : { SELL 20367.34@0.8079342} 161569 : { SELL 20367.34@0.8079342} 
Wed Nov 19 23:15:42 EST 2014 , 4 , 2 , 2 , 161572 : { BUY 4539.63@0.80470892} 161571 : { BUY 4539.63@0.80470892} 161570 : { SELL 20367.34@0.8079342} 161569 : { SELL 20367.34@0.8079342} 
Wed Nov 19 23:18:43 EST 2014 , 4 , 2 , 2 , 161572 : { BUY 4539.63@0.80470892} 161571 : { BUY 4539.63@0.80470892} 161570 : { SELL 20367.34@0.8079342} 161569 : { SELL 20367.34@0.8079342} 
Wed Nov 19 23:21:44 EST 2014 , 4 , 2 , 2 , 161572 : { BUY 4539.63@0.80470892} 161571 : { BUY 4539.63@0.80470892} 161570 : { SELL 20367.34@0.8079342} 161569 : { SELL 20367.34@0.8079342} 
Wed Nov 19 23:24:45 EST 2014 , 4 , 2 , 2 , 161572 : { BUY 4539.63@0.80470892} 161571 : { BUY 4539.63@0.80470892} 161570 : { SELL 20367.34@0.8079342} 161569 : { SELL 20367.34@0.8079342} 
Wed Nov 19 23:27:46 EST 2014 , 4 , 2 , 2 , 161572 : { BUY 4539.63@0.80470892} 161571 : { BUY 4539.63@0.80470892} 161570 : { SELL 20367.34@0.8079342} 161569 : { SELL 20367.34@0.8079342} 
Wed Nov 19 23:30:47 EST 2014 , 4 , 2 , 2 , 161572 : { BUY 4539.63@0.80470892} 161571 : { BUY 4539.63@0.80470892} 161570 : { SELL 20367.34@0.8079342} 161569 : { SELL 20367.34@0.8079342} 
Wed Nov 19 23:33:48 EST 2014 , 4 , 2 , 2 , 161572 : { BUY 4539.63@0.80470892} 161571 : { BUY 4539.63@0.80470892} 161570 : { SELL 20367.34@0.8079342} 161569 : { SELL 20367.34@0.8079342} 
Wed Nov 19 23:36:49 EST 2014 , 4 , 2 , 2 , 161572 : { BUY 4539.63@0.80470892} 161571 : { BUY 4539.63@0.80470892} 161570 : { SELL 20367.34@0.8079342} 161569 : { SELL 20367.34@0.8079342} 
Wed Nov 19 23:39:50 EST 2014 , 4 , 2 , 2 , 161572 : { BUY 4539.63@0.80470892} 161571 : { BUY 4539.63@0.80470892} 161570 : { SELL 20367.34@0.8079342} 161569 : { SELL 20367.34@0.8079342} 
Wed Nov 19 23:42:51 EST 2014 , 4 , 2 , 2 , 161572 : { BUY 4539.63@0.80470892} 161571 : { BUY 4539.63@0.80470892} 161570 : { SELL 20367.34@0.8079342} 161569 : { SELL 20367.34@0.8079342} 
Wed Nov 19 23:45:52 EST 2014 , 4 , 2 , 2 , 161572 : { BUY 4539.63@0.80470892} 161571 : { BUY 4539.63@0.80470892} 161570 : { SELL 20367.34@0.8079342} 161569 : { SELL 20367.34@0.8079342} 
Wed Nov 19 23:48:53 EST 2014 , 4 , 2 , 2 , 161572 : { BUY 4539.63@0.80470892} 161571 : { BUY 4539.63@0.80470892} 161570 : { SELL 20367.34@0.8079342} 161569 : { SELL 20367.34@0.8079342} 
Wed Nov 19 23:51:54 EST 2014 , 4 , 2 , 2 , 161572 : { BUY 4539.63@0.80470892} 161571 : { BUY 4539.63@0.80470892} 161570 : { SELL 20367.34@0.8079342} 161569 : { SELL 20367.34@0.8079342} 
Wed Nov 19 23:54:55 EST 2014 , 4 , 2 , 2 , 161572 : { BUY 4539.63@0.80470892} 161571 : { BUY 4539.63@0.80470892} 161570 : { SELL 20367.34@0.8079342} 161569 : { SELL 20367.34@0.8079342} 
Wed Nov 19 23:57:56 EST 2014 , 4 , 2 , 2 , 161572 : { BUY 4539.63@0.80470892} 161571 : { BUY 4539.63@0.80470892} 161570 : { SELL 20367.34@0.8079342} 161569 : { SELL 20367.34@0.8079342} 
Thu Nov 20 00:00:57 EST 2014 , 4 , 2 , 2 , 161572 : { BUY 4539.63@0.80470892} 161571 : { BUY 4539.63@0.80470892} 161570 : { SELL 20367.34@0.8079342} 161569 : { SELL 20367.34@0.8079342} 
Thu Nov 20 00:03:58 EST 2014 , 4 , 2 , 2 , 161572 : { BUY 4539.63@0.80470892} 161571 : { BUY 4539.63@0.80470892} 161570 : { SELL 20367.34@0.8079342} 161569 : { SELL 20367.34@0.8079342} 
Thu Nov 20 00:06:59 EST 2014 , 4 , 2 , 2 , 161572 : { BUY 4539.63@0.80470892} 161571 : { BUY 4539.63@0.80470892} 161570 : { SELL 20367.34@0.8079342} 161569 : { SELL 20367.34@0.8079342} 
Thu Nov 20 00:10:00 EST 2014 , 4 , 2 , 2 , 161572 : { BUY 4539.63@0.80470892} 161571 : { BUY 4539.63@0.80470892} 161570 : { SELL 20367.34@0.8079342} 161569 : { SELL 20367.34@0.8079342} 
Thu Nov 20 00:13:01 EST 2014 , 4 , 2 , 2 , 161572 : { BUY 4539.63@0.80470892} 161571 : { BUY 4539.63@0.80470892} 161570 : { SELL 20367.34@0.8079342} 161569 : { SELL 20367.34@0.8079342} 
Thu Nov 20 00:16:02 EST 2014 , 4 , 2 , 2 , 161572 : { BUY 4539.63@0.80470892} 161571 : { BUY 4539.63@0.80470892} 161570 : { SELL 20367.34@0.8079342} 161569 : { SELL 20367.34@0.8079342} 
Thu Nov 20 00:19:03 EST 2014 , 4 , 2 , 2 , 161572 : { BUY 4539.63@0.80470892} 161571 : { BUY 4539.63@0.80470892} 161570 : { SELL 20367.34@0.8079342} 161569 : { SELL 20367.34@0.8079342} 
Thu Nov 20 00:22:04 EST 2014 , 4 , 2 , 2 , 161572 : { BUY 4539.63@0.80470892} 161571 : { BUY 4539.63@0.80470892} 161570 : { SELL 20367.34@0.8079342} 161569 : { SELL 20367.34@0.8079342} 
Thu Nov 20 00:25:05 EST 2014 , 4 , 2 , 2 , 161572 : { BUY 4539.63@0.80470892} 161571 : { BUY 4539.63@0.80470892} 161570 : { SELL 20367.34@0.8079342} 161569 : { SELL 20367.34@0.8079342} 
Thu Nov 20 00:28:06 EST 2014 , 4 , 2 , 2 , 161572 : { BUY 4539.63@0.80470892} 161571 : { BUY 4539.63@0.80470892} 161570 : { SELL 20367.34@0.8079342} 161569 : { SELL 20367.34@0.8079342} 
Thu Nov 20 00:31:07 EST 2014 , 4 , 2 , 2 , 161572 : { BUY 4539.63@0.80470892} 161571 : { BUY 4539.63@0.80470892} 161570 : { SELL 20367.34@0.8079342} 161569 : { SELL 20367.34@0.8079342} 
Thu Nov 20 00:34:08 EST 2014 , 4 , 2 , 2 , 161572 : { BUY 4539.63@0.80470892} 161571 : { BUY 4539.63@0.80470892} 161570 : { SELL 20367.34@0.8079342} 161569 : { SELL 20367.34@0.8079342} 
Thu Nov 20 00:37:09 EST 2014 , 4 , 2 , 2 , 161572 : { BUY 4539.63@0.80470892} 161571 : { BUY 4539.63@0.80470892} 161570 : { SELL 20367.34@0.8079342} 161569 : { SELL 20367.34@0.8079342} 
Thu Nov 20 00:40:10 EST 2014 , 4 , 2 , 2 , 161572 : { BUY 4539.63@0.80470892} 161571 : { BUY 4539.63@0.80470892} 161570 : { SELL 20367.34@0.8079342} 161569 : { SELL 20367.34@0.8079342} 
Thu Nov 20 00:43:11 EST 2014 , 4 , 2 , 2 , 161572 : { BUY 4539.63@0.80470892} 161571 : { BUY 4539.63@0.80470892} 161570 : { SELL 20367.34@0.8079342} 161569 : { SELL 20367.34@0.8079342} 
Thu Nov 20 00:46:12 EST 2014 , 4 , 2 , 2 , 161572 : { BUY 4539.63@0.80470892} 161571 : { BUY 4539.63@0.80470892} 161570 : { SELL 20367.34@0.8079342} 161569 : { SELL 20367.34@0.8079342} 
Thu Nov 20 00:49:13 EST 2014 , 4 , 2 , 2 , 161572 : { BUY 4539.63@0.80470892} 161571 : { BUY 4539.63@0.80470892} 161570 : { SELL 20367.34@0.8079342} 161569 : { SELL 20367.34@0.8079342} 
Thu Nov 20 00:52:14 EST 2014 , 4 , 2 , 2 , 161572 : { BUY 4539.63@0.80470892} 161571 : { BUY 4539.63@0.80470892} 161570 : { SELL 20367.34@0.8079342} 161569 : { SELL 20367.34@0.8079342} 
Thu Nov 20 00:55:15 EST 2014 , 4 , 2 , 2 , 161572 : { BUY 4539.63@0.80470892} 161571 : { BUY 4539.63@0.80470892} 161570 : { SELL 20367.34@0.8079342} 161569 : { SELL 20367.34@0.8079342} 
Thu Nov 20 00:58:16 EST 2014 , 4 , 2 , 2 , 161572 : { BUY 4539.63@0.80470892} 161571 : { BUY 4539.63@0.80470892} 161570 : { SELL 20367.34@0.8079342} 161569 : { SELL 20367.34@0.8079342} 
Thu Nov 20 01:01:17 EST 2014 , 4 , 2 , 2 , 161572 : { BUY 4539.63@0.80470892} 161571 : { BUY 4539.63@0.80470892} 161570 : { SELL 20367.34@0.8079342} 161569 : { SELL 20367.34@0.8079342} 
Thu Nov 20 01:04:18 EST 2014 , 4 , 2 , 2 , 161572 : { BUY 4539.63@0.80470892} 161571 : { BUY 4539.63@0.80470892} 161570 : { SELL 20367.34@0.8079342} 161569 : { SELL 20367.34@0.8079342} 
Thu Nov 20 01:07:19 EST 2014 , 4 , 2 , 2 , 161572 : { BUY 4539.63@0.80470892} 161571 : { BUY 4539.63@0.80470892} 161570 : { SELL 20367.34@0.8079342} 161569 : { SELL 20367.34@0.8079342} 
Thu Nov 20 01:10:20 EST 2014 , 4 , 2 , 2 , 161572 : { BUY 4539.63@0.80470892} 161571 : { BUY 4539.63@0.80470892} 161570 : { SELL 20367.34@0.8079342} 161569 : { SELL 20367.34@0.8079342} 
Thu Nov 20 01:13:21 EST 2014 , 4 , 2 , 2 , 161572 : { BUY 4539.63@0.80470892} 161571 : { BUY 4539.63@0.80470892} 161570 : { SELL 20367.34@0.8079342} 161569 : { SELL 20367.34@0.8079342} 
Thu Nov 20 01:16:22 EST 2014 , 4 , 2 , 2 , 161572 : { BUY 4539.63@0.80470892} 161571 : { BUY 4539.63@0.80470892} 161570 : { SELL 20367.34@0.8079342} 161569 : { SELL 20367.34@0.8079342} 
Thu Nov 20 01:19:23 EST 2014 , 4 , 2 , 2 , 161572 : { BUY 4539.63@0.80470892} 161571 : { BUY 4539.63@0.80470892} 161570 : { SELL 20367.34@0.8079342} 161569 : { SELL 20367.34@0.8079342} 
Thu Nov 20 01:22:24 EST 2014 , 4 , 2 , 2 , 161572 : { BUY 4539.63@0.80470892} 161571 : { BUY 4539.63@0.80470892} 161570 : { SELL 20367.34@0.8079342} 161569 : { SELL 20367.34@0.8079342} 
Thu Nov 20 01:25:25 EST 2014 , 4 , 2 , 2 , 161572 : { BUY 4539.63@0.80470892} 161571 : { BUY 4539.63@0.80470892} 161570 : { SELL 20367.34@0.8079342} 161569 : { SELL 20367.34@0.8079342} 
Thu Nov 20 01:28:26 EST 2014 , 4 , 2 , 2 , 161572 : { BUY 4539.63@0.80470892} 161571 : { BUY 4539.63@0.80470892} 161570 : { SELL 20367.34@0.8079342} 161569 : { SELL 20367.34@0.8079342} 
Thu Nov 20 01:31:27 EST 2014 , 4 , 2 , 2 , 161572 : { BUY 4539.63@0.80470892} 161571 : { BUY 4539.63@0.80470892} 161570 : { SELL 20367.34@0.8079342} 161569 : { SELL 20367.34@0.8079342} 
Thu Nov 20 01:34:28 EST 2014 , 4 , 2 , 2 , 161572 : { BUY 4539.63@0.80470892} 161571 : { BUY 4539.63@0.80470892} 161570 : { SELL 20367.34@0.8079342} 161569 : { SELL 20367.34@0.8079342} 
Thu Nov 20 01:37:29 EST 2014 , 4 , 2 , 2 , 161572 : { BUY 4539.63@0.80470892} 161571 : { BUY 4539.63@0.80470892} 161570 : { SELL 20367.34@0.8079342} 161569 : { SELL 20367.34@0.8079342} 
Thu Nov 20 01:40:30 EST 2014 , 4 , 2 , 2 , 161572 : { BUY 4539.63@0.80470892} 161571 : { BUY 4539.63@0.80470892} 161570 : { SELL 20367.34@0.8079342} 161569 : { SELL 20367.34@0.8079342} 
Thu Nov 20 01:43:31 EST 2014 , 4 , 2 , 2 , 161572 : { BUY 4539.63@0.80470892} 161571 : { BUY 4539.63@0.80470892} 161570 : { SELL 20367.34@0.8079342} 161569 : { SELL 20367.34@0.8079342} 
Thu Nov 20 01:46:32 EST 2014 , 4 , 2 , 2 , 161572 : { BUY 4539.63@0.80470892} 161571 : { BUY 4539.63@0.80470892} 161570 : { SELL 20367.34@0.8079342} 161569 : { SELL 20367.34@0.8079342} 
Thu Nov 20 01:49:33 EST 2014 , 4 , 2 , 2 , 161572 : { BUY 4539.63@0.80470892} 161571 : { BUY 4539.63@0.80470892} 161570 : { SELL 20367.34@0.8079342} 161569 : { SELL 20367.34@0.8079342} 
Thu Nov 20 01:52:34 EST 2014 , 4 , 2 , 2 , 161572 : { BUY 4539.63@0.80470892} 161571 : { BUY 4539.63@0.80470892} 161570 : { SELL 20367.34@0.8079342} 161569 : { SELL 20367.34@0.8079342} 
Thu Nov 20 01:55:35 EST 2014 , 4 , 2 , 2 , 161572 : { BUY 4539.63@0.80470892} 161571 : { BUY 4539.63@0.80470892} 161570 : { SELL 20367.34@0.8079342} 161569 : { SELL 20367.34@0.8079342} 
Thu Nov 20 01:58:36 EST 2014 , 4 , 2 , 2 , 161572 : { BUY 4539.63@0.80470892} 161571 : { BUY 4539.63@0.80470892} 161570 : { SELL 20367.34@0.8079342} 161569 : { SELL 20367.34@0.8079342} 
Thu Nov 20 02:01:37 EST 2014 , 4 , 2 , 2 , 161572 : { BUY 4539.63@0.80470892} 161571 : { BUY 4539.63@0.80470892} 161570 : { SELL 20367.34@0.8079342} 161569 : { SELL 20367.34@0.8079342} 
Thu Nov 20 02:04:38 EST 2014 , 4 , 2 , 2 , 161572 : { BUY 4539.63@0.80470892} 161571 : { BUY 4539.63@0.80470892} 161570 : { SELL 20367.34@0.8079342} 161569 : { SELL 20367.34@0.8079342} 
Thu Nov 20 02:07:39 EST 2014 , 4 , 2 , 2 , 161572 : { BUY 4539.63@0.80470892} 161571 : { BUY 4539.63@0.80470892} 161570 : { SELL 20367.34@0.8079342} 161569 : { SELL 20367.34@0.8079342} 
Thu Nov 20 02:10:40 EST 2014 , 4 , 2 , 2 , 161572 : { BUY 4539.63@0.80470892} 161571 : { BUY 4539.63@0.80470892} 161570 : { SELL 20367.34@0.8079342} 161569 : { SELL 20367.34@0.8079342} 
Thu Nov 20 02:13:41 EST 2014 , 4 , 2 , 2 , 161572 : { BUY 4539.63@0.80470892} 161571 : { BUY 4539.63@0.80470892} 161570 : { SELL 20367.34@0.8079342} 161569 : { SELL 20367.34@0.8079342} 
Thu Nov 20 02:16:42 EST 2014 , 4 , 2 , 2 , 161572 : { BUY 4539.63@0.80470892} 161571 : { BUY 4539.63@0.80470892} 161570 : { SELL 20367.34@0.8079342} 161569 : { SELL 20367.34@0.8079342} 
Thu Nov 20 02:19:43 EST 2014 , 4 , 2 , 2 , 161572 : { BUY 4539.63@0.80470892} 161571 : { BUY 4539.63@0.80470892} 161570 : { SELL 20367.34@0.8079342} 161569 : { SELL 20367.34@0.8079342} 
Thu Nov 20 02:22:44 EST 2014 , 4 , 2 , 2 , 161572 : { BUY 4539.63@0.80470892} 161571 : { BUY 4539.63@0.80470892} 161570 : { SELL 20367.34@0.8079342} 161569 : { SELL 20367.34@0.8079342} 
Thu Nov 20 02:25:45 EST 2014 , 4 , 2 , 2 , 161572 : { BUY 4539.63@0.80470892} 161571 : { BUY 4539.63@0.80470892} 161570 : { SELL 20367.34@0.8079342} 161569 : { SELL 20367.34@0.8079342} 
Thu Nov 20 02:28:46 EST 2014 , 4 , 2 , 2 , 161572 : { BUY 4539.63@0.80470892} 161571 : { BUY 4539.63@0.80470892} 161570 : { SELL 20367.34@0.8079342} 161569 : { SELL 20367.34@0.8079342} 
Thu Nov 20 02:31:47 EST 2014 , 4 , 2 , 2 , 161572 : { BUY 4539.63@0.80470892} 161571 : { BUY 4539.63@0.80470892} 161570 : { SELL 20367.34@0.8079342} 161569 : { SELL 20367.34@0.8079342} 
Thu Nov 20 02:34:48 EST 2014 , 4 , 2 , 2 , 161572 : { BUY 4539.63@0.80470892} 161571 : { BUY 4539.63@0.80470892} 161570 : { SELL 20367.34@0.8079342} 161569 : { SELL 20367.34@0.8079342} 
Thu Nov 20 02:37:49 EST 2014 , 4 , 2 , 2 , 161572 : { BUY 4539.63@0.80470892} 161571 : { BUY 4539.63@0.80470892} 161570 : { SELL 20367.34@0.8079342} 161569 : { SELL 20367.34@0.8079342} 
Thu Nov 20 02:40:50 EST 2014 , 4 , 2 , 2 , 161572 : { BUY 4539.63@0.80470892} 161571 : { BUY 4539.63@0.80470892} 161570 : { SELL 20367.34@0.8079342} 161569 : { SELL 20367.34@0.8079342} 
Thu Nov 20 02:43:51 EST 2014 , 4 , 2 , 2 , 161572 : { BUY 4539.63@0.80470892} 161571 : { BUY 4539.63@0.80470892} 161570 : { SELL 20367.34@0.8079342} 161569 : { SELL 20367.34@0.8079342} 
Thu Nov 20 02:46:52 EST 2014 , 4 , 2 , 2 , 161572 : { BUY 4539.63@0.80470892} 161571 : { BUY 4539.63@0.80470892} 161570 : { SELL 20367.34@0.8079342} 161569 : { SELL 20367.34@0.8079342} 
Thu Nov 20 02:49:53 EST 2014 , 4 , 2 , 2 , 161572 : { BUY 4539.63@0.80470892} 161571 : { BUY 4539.63@0.80470892} 161570 : { SELL 20367.34@0.8079342} 161569 : { SELL 20367.34@0.8079342} 
Thu Nov 20 02:52:54 EST 2014 , 4 , 2 , 2 , 161572 : { BUY 4539.63@0.80470892} 161571 : { BUY 4539.63@0.80470892} 161570 : { SELL 20367.34@0.8079342} 161569 : { SELL 20367.34@0.8079342} 
Thu Nov 20 02:55:55 EST 2014 , 4 , 2 , 2 , 161572 : { BUY 4539.63@0.80470892} 161571 : { BUY 4539.63@0.80470892} 161570 : { SELL 20367.34@0.8079342} 161569 : { SELL 20367.34@0.8079342} 
Thu Nov 20 02:58:56 EST 2014 , 4 , 2 , 2 , 161572 : { BUY 4539.63@0.80470892} 161571 : { BUY 4539.63@0.80470892} 161570 : { SELL 20367.34@0.8079342} 161569 : { SELL 20367.34@0.8079342} 
Thu Nov 20 03:01:57 EST 2014 , 4 , 2 , 2 , 161572 : { BUY 4539.63@0.80470892} 161571 : { BUY 4539.63@0.80470892} 161570 : { SELL 20367.34@0.8079342} 161569 : { SELL 20367.34@0.8079342} 
Thu Nov 20 03:04:58 EST 2014 , 4 , 2 , 2 , 161572 : { BUY 4539.63@0.80470892} 161571 : { BUY 4539.63@0.80470892} 161570 : { SELL 20367.34@0.8079342} 161569 : { SELL 20367.34@0.8079342} 
Thu Nov 20 03:07:59 EST 2014 , 4 , 2 , 2 , 161572 : { BUY 4539.63@0.80470892} 161571 : { BUY 4539.63@0.80470892} 161570 : { SELL 20367.34@0.8079342} 161569 : { SELL 20367.34@0.8079342} 
Thu Nov 20 03:11:00 EST 2014 , 4 , 2 , 2 , 161572 : { BUY 4539.63@0.80470892} 161571 : { BUY 4539.63@0.80470892} 161570 : { SELL 20367.34@0.8079342} 161569 : { SELL 20367.34@0.8079342} 
Thu Nov 20 03:14:01 EST 2014 , 4 , 2 , 2 , 161572 : { BUY 4539.63@0.80470892} 161571 : { BUY 4539.63@0.80470892} 161570 : { SELL 20367.34@0.8079342} 161569 : { SELL 20367.34@0.8079342} 
Thu Nov 20 03:17:02 EST 2014 , 4 , 2 , 2 , 161572 : { BUY 4539.63@0.80470892} 161571 : { BUY 4539.63@0.80470892} 161570 : { SELL 20367.34@0.8079342} 161569 : { SELL 20367.34@0.8079342} 
Thu Nov 20 03:20:03 EST 2014 , 4 , 2 , 2 , 161572 : { BUY 4539.63@0.80470892} 161571 : { BUY 4539.63@0.80470892} 161570 : { SELL 20367.34@0.8079342} 161569 : { SELL 20367.34@0.8079342} 
Thu Nov 20 03:23:04 EST 2014 , 4 , 2 , 2 , 161572 : { BUY 4539.63@0.80470892} 161571 : { BUY 4539.63@0.80470892} 161570 : { SELL 20367.34@0.8079342} 161569 : { SELL 20367.34@0.8079342} 
Thu Nov 20 03:26:05 EST 2014 , 4 , 2 , 2 , 161572 : { BUY 4539.63@0.80470892} 161571 : { BUY 4539.63@0.80470892} 161570 : { SELL 20367.34@0.8079342} 161569 : { SELL 20367.34@0.8079342} 
Thu Nov 20 03:29:06 EST 2014 , 4 , 2 , 2 , 161572 : { BUY 4539.63@0.80470892} 161571 : { BUY 4539.63@0.80470892} 161570 : { SELL 20367.34@0.8079342} 161569 : { SELL 20367.34@0.8079342} 
Thu Nov 20 03:32:07 EST 2014 , 4 , 2 , 2 , 161572 : { BUY 4539.63@0.80470892} 161571 : { BUY 4539.63@0.80470892} 161570 : { SELL 20367.34@0.8079342} 161569 : { SELL 20367.34@0.8079342} 
Thu Nov 20 03:35:08 EST 2014 , 4 , 2 , 2 , 161572 : { BUY 4539.63@0.80470892} 161571 : { BUY 4539.63@0.80470892} 161570 : { SELL 20367.34@0.8079342} 161569 : { SELL 20367.34@0.8079342} 
Thu Nov 20 03:38:09 EST 2014 , 4 , 2 , 2 , 161572 : { BUY 4539.63@0.80470892} 161571 : { BUY 4539.63@0.80470892} 161570 : { SELL 20367.34@0.8079342} 161569 : { SELL 20367.34@0.8079342} 
Thu Nov 20 03:41:10 EST 2014 , 4 , 2 , 2 , 161572 : { BUY 4539.63@0.80470892} 161571 : { BUY 4539.63@0.80470892} 161570 : { SELL 20367.34@0.8079342} 161569 : { SELL 20367.34@0.8079342} 
Thu Nov 20 03:44:11 EST 2014 , 4 , 2 , 2 , 161572 : { BUY 4539.63@0.80470892} 161571 : { BUY 4539.63@0.80470892} 161570 : { SELL 20367.34@0.8079342} 161569 : { SELL 20367.34@0.8079342} 
Thu Nov 20 03:47:12 EST 2014 , 4 , 2 , 2 , 161572 : { BUY 4539.63@0.80470892} 161571 : { BUY 4539.63@0.80470892} 161570 : { SELL 20367.34@0.8079342} 161569 : { SELL 20367.34@0.8079342} 
Thu Nov 20 03:50:13 EST 2014 , 4 , 2 , 2 , 161572 : { BUY 4539.63@0.80470892} 161571 : { BUY 4539.63@0.80470892} 161570 : { SELL 20367.34@0.8079342} 161569 : { SELL 20367.34@0.8079342} 
Thu Nov 20 03:53:14 EST 2014 , 4 , 2 , 2 , 161572 : { BUY 4539.63@0.80470892} 161571 : { BUY 4539.63@0.80470892} 161570 : { SELL 20367.34@0.8079342} 161569 : { SELL 20367.34@0.8079342} 
Thu Nov 20 03:56:15 EST 2014 , 4 , 2 , 2 , 161572 : { BUY 4539.63@0.80470892} 161571 : { BUY 4539.63@0.80470892} 161570 : { SELL 20367.34@0.8079342} 161569 : { SELL 20367.34@0.8079342} 
Thu Nov 20 03:59:16 EST 2014 , 4 , 2 , 2 , 161572 : { BUY 4539.63@0.80470892} 161571 : { BUY 4539.63@0.80470892} 161570 : { SELL 20367.34@0.8079342} 161569 : { SELL 20367.34@0.8079342} 
Thu Nov 20 04:02:17 EST 2014 , 4 , 2 , 2 , 161572 : { BUY 4539.63@0.80470892} 161571 : { BUY 4539.63@0.80470892} 161570 : { SELL 20367.34@0.8079342} 161569 : { SELL 20367.34@0.8079342} 
Thu Nov 20 04:05:18 EST 2014 , 4 , 2 , 2 , 161572 : { BUY 4539.63@0.80470892} 161571 : { BUY 4539.63@0.80470892} 161570 : { SELL 20367.34@0.8079342} 161569 : { SELL 20367.34@0.8079342} 
Thu Nov 20 04:08:20 EST 2014 , 4 , 2 , 2 , 161572 : { BUY 4539.63@0.80470892} 161571 : { BUY 4539.63@0.80470892} 161570 : { SELL 20367.34@0.8079342} 161569 : { SELL 20367.34@0.8079342} 
Thu Nov 20 04:11:20 EST 2014 , 4 , 2 , 2 , 161572 : { BUY 4539.63@0.80470892} 161571 : { BUY 4539.63@0.80470892} 161570 : { SELL 20367.34@0.8079342} 161569 : { SELL 20367.34@0.8079342} 
Thu Nov 20 04:14:21 EST 2014 , 4 , 2 , 2 , 161572 : { BUY 4539.63@0.80470892} 161571 : { BUY 4539.63@0.80470892} 161570 : { SELL 20367.34@0.8079342} 161569 : { SELL 20367.34@0.8079342} 
Thu Nov 20 04:17:22 EST 2014 , 4 , 2 , 2 , 161572 : { BUY 4539.63@0.80470892} 161571 : { BUY 4539.63@0.80470892} 161570 : { SELL 20367.34@0.8079342} 161569 : { SELL 20367.34@0.8079342} 
Thu Nov 20 04:20:23 EST 2014 , 4 , 2 , 2 , 161572 : { BUY 4539.63@0.80470892} 161571 : { BUY 4539.63@0.80470892} 161570 : { SELL 20367.34@0.8079342} 161569 : { SELL 20367.34@0.8079342} 
Thu Nov 20 04:23:24 EST 2014 , 4 , 2 , 2 , 161572 : { BUY 4539.63@0.80470892} 161571 : { BUY 4539.63@0.80470892} 161570 : { SELL 20367.34@0.8079342} 161569 : { SELL 20367.34@0.8079342} 
Thu Nov 20 04:26:25 EST 2014 , 4 , 2 , 2 , 161572 : { BUY 4539.63@0.80470892} 161571 : { BUY 4539.63@0.80470892} 161570 : { SELL 20367.34@0.8079342} 161569 : { SELL 20367.34@0.8079342} 
Thu Nov 20 04:29:26 EST 2014 , 4 , 2 , 2 , 161572 : { BUY 4539.63@0.80470892} 161571 : { BUY 4539.63@0.80470892} 161570 : { SELL 20367.34@0.8079342} 161569 : { SELL 20367.34@0.8079342} 
Thu Nov 20 04:32:27 EST 2014 , 4 , 2 , 2 , 161572 : { BUY 4539.63@0.80470892} 161571 : { BUY 4539.63@0.80470892} 161570 : { SELL 20367.34@0.8079342} 161569 : { SELL 20367.34@0.8079342} 
Thu Nov 20 04:35:28 EST 2014 , 4 , 2 , 2 , 161572 : { BUY 4539.63@0.80470892} 161571 : { BUY 4539.63@0.80470892} 161570 : { SELL 20367.34@0.8079342} 161569 : { SELL 20367.34@0.8079342} 
Thu Nov 20 04:38:29 EST 2014 , 4 , 2 , 2 , 161572 : { BUY 4539.63@0.80470892} 161571 : { BUY 4539.63@0.80470892} 161570 : { SELL 20367.34@0.8079342} 161569 : { SELL 20367.34@0.8079342} 
Thu Nov 20 04:41:30 EST 2014 , 4 , 2 , 2 , 161572 : { BUY 4539.63@0.80470892} 161571 : { BUY 4539.63@0.80470892} 161570 : { SELL 20367.34@0.8079342} 161569 : { SELL 20367.34@0.8079342} 
Thu Nov 20 04:44:31 EST 2014 , 4 , 2 , 2 , 161572 : { BUY 4539.63@0.80470892} 161571 : { BUY 4539.63@0.80470892} 161570 : { SELL 20367.34@0.8079342} 161569 : { SELL 20367.34@0.8079342} 
Thu Nov 20 04:47:32 EST 2014 , 4 , 2 , 2 , 161572 : { BUY 4539.63@0.80470892} 161571 : { BUY 4539.63@0.80470892} 161570 : { SELL 20367.34@0.8079342} 161569 : { SELL 20367.34@0.8079342} 
Thu Nov 20 04:50:33 EST 2014 , 4 , 2 , 2 , 161572 : { BUY 4539.63@0.80470892} 161571 : { BUY 4539.63@0.80470892} 161570 : { SELL 20367.34@0.8079342} 161569 : { SELL 20367.34@0.8079342} 
Thu Nov 20 04:53:34 EST 2014 , 4 , 2 , 2 , 161572 : { BUY 4539.63@0.80470892} 161571 : { BUY 4539.63@0.80470892} 161570 : { SELL 20367.34@0.8079342} 161569 : { SELL 20367.34@0.8079342} 
Thu Nov 20 04:56:35 EST 2014 , 4 , 2 , 2 , 161572 : { BUY 4539.63@0.80470892} 161571 : { BUY 4539.63@0.80470892} 161570 : { SELL 20367.34@0.8079342} 161569 : { SELL 20367.34@0.8079342} 
Thu Nov 20 04:59:36 EST 2014 , 4 , 2 , 2 , 161572 : { BUY 4539.63@0.80470892} 161571 : { BUY 4539.63@0.80470892} 161570 : { SELL 20367.34@0.8079342} 161569 : { SELL 20367.34@0.8079342} 
Thu Nov 20 05:02:37 EST 2014 , 4 , 2 , 2 , 161572 : { BUY 4539.63@0.80470892} 161571 : { BUY 4539.63@0.80470892} 161570 : { SELL 20367.34@0.8079342} 161569 : { SELL 20367.34@0.8079342} 
Thu Nov 20 05:05:38 EST 2014 , 4 , 2 , 2 , 161572 : { BUY 4539.63@0.80470892} 161571 : { BUY 4539.63@0.80470892} 161570 : { SELL 20367.34@0.8079342} 161569 : { SELL 20367.34@0.8079342} 
Thu Nov 20 05:08:39 EST 2014 , 4 , 2 , 2 , 161572 : { BUY 4539.63@0.80470892} 161571 : { BUY 4539.63@0.80470892} 161570 : { SELL 20367.34@0.8079342} 161569 : { SELL 20367.34@0.8079342} 
Thu Nov 20 05:11:40 EST 2014 , 4 , 2 , 2 , 161572 : { BUY 4539.63@0.80470892} 161571 : { BUY 4539.63@0.80470892} 161570 : { SELL 20367.34@0.8079342} 161569 : { SELL 20367.34@0.8079342} 
Thu Nov 20 05:14:41 EST 2014 , 4 , 2 , 2 , 161572 : { BUY 4539.63@0.80470892} 161571 : { BUY 4539.63@0.80470892} 161570 : { SELL 20367.34@0.8079342} 161569 : { SELL 20367.34@0.8079342} 
Thu Nov 20 05:17:42 EST 2014 , 4 , 2 , 2 , 161572 : { BUY 4539.63@0.80470892} 161571 : { BUY 4539.63@0.80470892} 161570 : { SELL 20367.34@0.8079342} 161569 : { SELL 20367.34@0.8079342} 
Thu Nov 20 05:20:43 EST 2014 , 4 , 2 , 2 , 161572 : { BUY 4539.63@0.80470892} 161571 : { BUY 4539.63@0.80470892} 161570 : { SELL 20367.34@0.8079342} 161569 : { SELL 20367.34@0.8079342} 
Thu Nov 20 05:23:44 EST 2014 , 4 , 2 , 2 , 161572 : { BUY 4539.63@0.80470892} 161571 : { BUY 4539.63@0.80470892} 161570 : { SELL 20367.34@0.8079342} 161569 : { SELL 20367.34@0.8079342} 
Thu Nov 20 05:26:45 EST 2014 , 4 , 2 , 2 , 161572 : { BUY 4539.63@0.80470892} 161571 : { BUY 4539.63@0.80470892} 161570 : { SELL 20367.34@0.8079342} 161569 : { SELL 20367.34@0.8079342} 
Thu Nov 20 05:29:46 EST 2014 , 4 , 2 , 2 , 161572 : { BUY 4539.63@0.80470892} 161571 : { BUY 4539.63@0.80470892} 161570 : { SELL 20367.34@0.8079342} 161569 : { SELL 20367.34@0.8079342} 
Thu Nov 20 05:32:47 EST 2014 , 4 , 2 , 2 , 161572 : { BUY 4539.63@0.80470892} 161571 : { BUY 4539.63@0.80470892} 161570 : { SELL 20367.34@0.8079342} 161569 : { SELL 20367.34@0.8079342} 
Thu Nov 20 05:35:48 EST 2014 , 4 , 2 , 2 , 161572 : { BUY 4539.63@0.80470892} 161571 : { BUY 4539.63@0.80470892} 161570 : { SELL 20367.34@0.8079342} 161569 : { SELL 20367.34@0.8079342} 
Thu Nov 20 05:38:49 EST 2014 , 4 , 2 , 2 , 161572 : { BUY 4539.63@0.80470892} 161571 : { BUY 4539.63@0.80470892} 161570 : { SELL 20367.34@0.8079342} 161569 : { SELL 20367.34@0.8079342} 
Thu Nov 20 05:41:50 EST 2014 , 4 , 2 , 2 , 161572 : { BUY 4539.63@0.80470892} 161571 : { BUY 4539.63@0.80470892} 161570 : { SELL 20367.34@0.8079342} 161569 : { SELL 20367.34@0.8079342} 
Thu Nov 20 05:44:51 EST 2014 , 4 , 2 , 2 , 161572 : { BUY 4539.63@0.80470892} 161571 : { BUY 4539.63@0.80470892} 161570 : { SELL 20367.34@0.8079342} 161569 : { SELL 20367.34@0.8079342} 
Thu Nov 20 05:47:52 EST 2014 , 4 , 2 , 2 , 161572 : { BUY 4539.63@0.80470892} 161571 : { BUY 4539.63@0.80470892} 161570 : { SELL 20367.34@0.8079342} 161569 : { SELL 20367.34@0.8079342} 
Thu Nov 20 05:50:53 EST 2014 , 4 , 2 , 2 , 161572 : { BUY 4539.63@0.80470892} 161571 : { BUY 4539.63@0.80470892} 161570 : { SELL 20367.34@0.8079342} 161569 : { SELL 20367.34@0.8079342} 
Thu Nov 20 05:53:54 EST 2014 , 4 , 2 , 2 , 161572 : { BUY 4539.63@0.80470892} 161571 : { BUY 4539.63@0.80470892} 161570 : { SELL 20367.34@0.8079342} 161569 : { SELL 20367.34@0.8079342} 
Thu Nov 20 05:56:55 EST 2014 , 4 , 2 , 2 , 161572 : { BUY 4539.63@0.80470892} 161571 : { BUY 4539.63@0.80470892} 161570 : { SELL 20367.34@0.8079342} 161569 : { SELL 20367.34@0.8079342} 
Thu Nov 20 05:59:56 EST 2014 , 4 , 2 , 2 , 161572 : { BUY 4539.63@0.80470892} 161571 : { BUY 4539.63@0.80470892} 161570 : { SELL 20367.34@0.8079342} 161569 : { SELL 20367.34@0.8079342} 
Thu Nov 20 06:02:57 EST 2014 , 4 , 2 , 2 , 161572 : { BUY 4539.63@0.80470892} 161571 : { BUY 4539.63@0.80470892} 161570 : { SELL 20367.34@0.8079342} 161569 : { SELL 20367.34@0.8079342} 
Thu Nov 20 06:05:58 EST 2014 , 4 , 2 , 2 , 161572 : { BUY 4539.63@0.80470892} 161571 : { BUY 4539.63@0.80470892} 161570 : { SELL 20367.34@0.8079342} 161569 : { SELL 20367.34@0.8079342} 
Thu Nov 20 06:08:59 EST 2014 , 4 , 2 , 2 , 161572 : { BUY 4539.63@0.80470892} 161571 : { BUY 4539.63@0.80470892} 161570 : { SELL 20367.34@0.8079342} 161569 : { SELL 20367.34@0.8079342} 
Thu Nov 20 06:12:00 EST 2014 , 4 , 2 , 2 , 161572 : { BUY 4539.63@0.80470892} 161571 : { BUY 4539.63@0.80470892} 161570 : { SELL 20367.34@0.8079342} 161569 : { SELL 20367.34@0.8079342} 
Thu Nov 20 06:15:01 EST 2014 , 4 , 2 , 2 , 161572 : { BUY 4539.63@0.80470892} 161571 : { BUY 4539.63@0.80470892} 161570 : { SELL 20367.34@0.8079342} 161569 : { SELL 20367.34@0.8079342} 
Thu Nov 20 06:18:02 EST 2014 , 4 , 2 , 2 , 161572 : { BUY 4539.63@0.80470892} 161571 : { BUY 4539.63@0.80470892} 161570 : { SELL 20367.34@0.8079342} 161569 : { SELL 20367.34@0.8079342} 
Thu Nov 20 06:21:03 EST 2014 , 4 , 2 , 2 , 161572 : { BUY 4539.63@0.80470892} 161571 : { BUY 4539.63@0.80470892} 161570 : { SELL 20367.34@0.8079342} 161569 : { SELL 20367.34@0.8079342} 
Thu Nov 20 06:24:04 EST 2014 , 4 , 2 , 2 , 161572 : { BUY 4539.63@0.80470892} 161571 : { BUY 4539.63@0.80470892} 161570 : { SELL 20367.34@0.8079342} 161569 : { SELL 20367.34@0.8079342} 
Thu Nov 20 06:27:05 EST 2014 , 4 , 2 , 2 , 161572 : { BUY 4539.63@0.80470892} 161571 : { BUY 4539.63@0.80470892} 161570 : { SELL 20367.34@0.8079342} 161569 : { SELL 20367.34@0.8079342} 
Thu Nov 20 06:30:06 EST 2014 , 4 , 2 , 2 , 161572 : { BUY 4539.63@0.80470892} 161571 : { BUY 4539.63@0.80470892} 161570 : { SELL 20367.34@0.8079342} 161569 : { SELL 20367.34@0.8079342} 
Thu Nov 20 06:33:07 EST 2014 , 4 , 2 , 2 , 161572 : { BUY 4539.63@0.80470892} 161571 : { BUY 4539.63@0.80470892} 161570 : { SELL 20367.34@0.8079342} 161569 : { SELL 20367.34@0.8079342} 
Thu Nov 20 06:36:08 EST 2014 , 4 , 2 , 2 , 161572 : { BUY 4539.63@0.80470892} 161571 : { BUY 4539.63@0.80470892} 161570 : { SELL 20367.34@0.8079342} 161569 : { SELL 20367.34@0.8079342} 
Thu Nov 20 06:39:09 EST 2014 , 4 , 2 , 2 , 161572 : { BUY 4539.63@0.80470892} 161571 : { BUY 4539.63@0.80470892} 161570 : { SELL 20367.34@0.8079342} 161569 : { SELL 20367.34@0.8079342} 
Thu Nov 20 06:42:10 EST 2014 , 4 , 2 , 2 , 161572 : { BUY 4539.63@0.80470892} 161571 : { BUY 4539.63@0.80470892} 161570 : { SELL 20367.34@0.8079342} 161569 : { SELL 20367.34@0.8079342} 
Thu Nov 20 06:45:11 EST 2014 , 4 , 2 , 2 , 161572 : { BUY 4539.63@0.80470892} 161571 : { BUY 4539.63@0.80470892} 161570 : { SELL 20367.34@0.8079342} 161569 : { SELL 20367.34@0.8079342} 
Thu Nov 20 06:48:12 EST 2014 , 4 , 2 , 2 , 161572 : { BUY 4539.63@0.80470892} 161571 : { BUY 4539.63@0.80470892} 161570 : { SELL 20367.34@0.8079342} 161569 : { SELL 20367.34@0.8079342} 
Thu Nov 20 06:51:13 EST 2014 , 4 , 2 , 2 , 161572 : { BUY 4539.63@0.80470892} 161571 : { BUY 4539.63@0.80470892} 161570 : { SELL 20367.34@0.8079342} 161569 : { SELL 20367.34@0.8079342} 
Thu Nov 20 06:54:14 EST 2014 , 4 , 2 , 2 , 161572 : { BUY 4539.63@0.80470892} 161571 : { BUY 4539.63@0.80470892} 161570 : { SELL 20367.34@0.8079342} 161569 : { SELL 20367.34@0.8079342} 
Thu Nov 20 06:57:15 EST 2014 , 4 , 2 , 2 , 161572 : { BUY 4539.63@0.80470892} 161571 : { BUY 4539.63@0.80470892} 161570 : { SELL 20367.34@0.8079342} 161569 : { SELL 20367.34@0.8079342} 
Thu Nov 20 07:00:16 EST 2014 , 4 , 2 , 2 , 161572 : { BUY 4539.63@0.80470892} 161571 : { BUY 4539.63@0.80470892} 161570 : { SELL 20367.34@0.8079342} 161569 : { SELL 20367.34@0.8079342} 
Thu Nov 20 07:03:17 EST 2014 , 4 , 2 , 2 , 161572 : { BUY 4539.63@0.80470892} 161571 : { BUY 4539.63@0.80470892} 161570 : { SELL 20367.34@0.8079342} 161569 : { SELL 20367.34@0.8079342} 
Thu Nov 20 07:06:18 EST 2014 , 4 , 2 , 2 , 161572 : { BUY 4539.63@0.80470892} 161571 : { BUY 4539.63@0.80470892} 161570 : { SELL 20367.34@0.8079342} 161569 : { SELL 20367.34@0.8079342} 
Thu Nov 20 07:09:19 EST 2014 , 4 , 2 , 2 , 161572 : { BUY 4539.63@0.80470892} 161571 : { BUY 4539.63@0.80470892} 161570 : { SELL 20367.34@0.8079342} 161569 : { SELL 20367.34@0.8079342} 
Thu Nov 20 07:12:20 EST 2014 , 4 , 2 , 2 , 161572 : { BUY 4539.63@0.80470892} 161571 : { BUY 4539.63@0.80470892} 161570 : { SELL 20367.34@0.8079342} 161569 : { SELL 20367.34@0.8079342} 
Thu Nov 20 07:15:21 EST 2014 , 4 , 2 , 2 , 161572 : { BUY 4539.63@0.80470892} 161571 : { BUY 4539.63@0.80470892} 161570 : { SELL 20367.34@0.8079342} 161569 : { SELL 20367.34@0.8079342} 
Thu Nov 20 07:18:22 EST 2014 , 4 , 2 , 2 , 161572 : { BUY 4539.63@0.80470892} 161571 : { BUY 4539.63@0.80470892} 161570 : { SELL 20367.34@0.8079342} 161569 : { SELL 20367.34@0.8079342} 
Thu Nov 20 07:21:23 EST 2014 , 4 , 2 , 2 , 161572 : { BUY 4539.63@0.80470892} 161571 : { BUY 4539.63@0.80470892} 161570 : { SELL 20367.34@0.8079342} 161569 : { SELL 20367.34@0.8079342} 
Thu Nov 20 07:24:24 EST 2014 , 4 , 2 , 2 , 161572 : { BUY 4539.63@0.80470892} 161571 : { BUY 4539.63@0.80470892} 161570 : { SELL 20367.34@0.8079342} 161569 : { SELL 20367.34@0.8079342} 
Thu Nov 20 07:27:25 EST 2014 , 4 , 2 , 2 , 161572 : { BUY 4539.63@0.80470892} 161571 : { BUY 4539.63@0.80470892} 161570 : { SELL 20367.34@0.8079342} 161569 : { SELL 20367.34@0.8079342} 
Thu Nov 20 07:30:26 EST 2014 , 4 , 2 , 2 , 161572 : { BUY 4539.63@0.80470892} 161571 : { BUY 4539.63@0.80470892} 161570 : { SELL 20367.34@0.8079342} 161569 : { SELL 20367.34@0.8079342} 
Thu Nov 20 07:33:27 EST 2014 , 4 , 2 , 2 , 161572 : { BUY 4539.63@0.80470892} 161571 : { BUY 4539.63@0.80470892} 161570 : { SELL 20367.34@0.8079342} 161569 : { SELL 20367.34@0.8079342} 
Thu Nov 20 07:36:28 EST 2014 , 4 , 2 , 2 , 161572 : { BUY 4539.63@0.80470892} 161571 : { BUY 4539.63@0.80470892} 161570 : { SELL 20367.34@0.8079342} 161569 : { SELL 20367.34@0.8079342} 
Thu Nov 20 07:39:29 EST 2014 , 4 , 2 , 2 , 161572 : { BUY 4539.63@0.80470892} 161571 : { BUY 4539.63@0.80470892} 161570 : { SELL 20367.34@0.8079342} 161569 : { SELL 20367.34@0.8079342} 
Thu Nov 20 07:42:30 EST 2014 , 4 , 2 , 2 , 161572 : { BUY 4539.63@0.80470892} 161571 : { BUY 4539.63@0.80470892} 161570 : { SELL 20367.34@0.8079342} 161569 : { SELL 20367.34@0.8079342} 
Thu Nov 20 07:45:31 EST 2014 , 4 , 2 , 2 , 161572 : { BUY 4539.63@0.80470892} 161571 : { BUY 4539.63@0.80470892} 161570 : { SELL 20367.34@0.8079342} 161569 : { SELL 20367.34@0.8079342} 
Thu Nov 20 07:48:32 EST 2014 , 4 , 2 , 2 , 161572 : { BUY 4539.63@0.80470892} 161571 : { BUY 4539.63@0.80470892} 161570 : { SELL 20367.34@0.8079342} 161569 : { SELL 20367.34@0.8079342} 
Thu Nov 20 07:51:33 EST 2014 , 4 , 2 , 2 , 161572 : { BUY 4539.63@0.80470892} 161571 : { BUY 4539.63@0.80470892} 161570 : { SELL 20367.34@0.8079342} 161569 : { SELL 20367.34@0.8079342} 
Thu Nov 20 07:54:34 EST 2014 , 4 , 2 , 2 , 161572 : { BUY 4539.63@0.80470892} 161571 : { BUY 4539.63@0.80470892} 161570 : { SELL 20367.34@0.8079342} 161569 : { SELL 20367.34@0.8079342} 
Thu Nov 20 07:57:35 EST 2014 , 4 , 2 , 2 , 161572 : { BUY 4539.63@0.80470892} 161571 : { BUY 4539.63@0.80470892} 161570 : { SELL 20367.34@0.8079342} 161569 : { SELL 20367.34@0.8079342} 
Thu Nov 20 08:00:36 EST 2014 , 4 , 2 , 2 , 161572 : { BUY 4539.63@0.80470892} 161571 : { BUY 4539.63@0.80470892} 161570 : { SELL 20367.34@0.8079342} 161569 : { SELL 20367.34@0.8079342} 
Thu Nov 20 08:03:37 EST 2014 , 4 , 2 , 2 , 161572 : { BUY 4539.63@0.80470892} 161571 : { BUY 4539.63@0.80470892} 161570 : { SELL 20367.34@0.8079342} 161569 : { SELL 20367.34@0.8079342} 
Thu Nov 20 08:06:38 EST 2014 , 4 , 2 , 2 , 161572 : { BUY 4539.63@0.80470892} 161571 : { BUY 4539.63@0.80470892} 161570 : { SELL 20367.34@0.8079342} 161569 : { SELL 20367.34@0.8079342} 
Thu Nov 20 08:09:39 EST 2014 , 4 , 2 , 2 , 161572 : { BUY 4539.63@0.80470892} 161571 : { BUY 4539.63@0.80470892} 161570 : { SELL 20367.34@0.8079342} 161569 : { SELL 20367.34@0.8079342} 
Thu Nov 20 08:12:40 EST 2014 , 4 , 2 , 2 , 161572 : { BUY 4539.63@0.80470892} 161571 : { BUY 4539.63@0.80470892} 161570 : { SELL 20367.34@0.8079342} 161569 : { SELL 20367.34@0.8079342} 
Thu Nov 20 08:15:41 EST 2014 , 4 , 2 , 2 , 161572 : { BUY 4539.63@0.80470892} 161571 : { BUY 4539.63@0.80470892} 161570 : { SELL 20367.34@0.8079342} 161569 : { SELL 20367.34@0.8079342} 
Thu Nov 20 08:18:42 EST 2014 , 4 , 2 , 2 , 161572 : { BUY 4539.63@0.80470892} 161571 : { BUY 4539.63@0.80470892} 161570 : { SELL 20367.34@0.8079342} 161569 : { SELL 20367.34@0.8079342} 
Thu Nov 20 08:21:44 EST 2014 , 4 , 2 , 2 , 161572 : { BUY 4539.63@0.80470892} 161571 : { BUY 4539.63@0.80470892} 161570 : { SELL 20367.34@0.8079342} 161569 : { SELL 20367.34@0.8079342} 
Thu Nov 20 08:24:44 EST 2014 , 4 , 2 , 2 , 161572 : { BUY 4539.63@0.80470892} 161571 : { BUY 4539.63@0.80470892} 161570 : { SELL 20367.34@0.8079342} 161569 : { SELL 20367.34@0.8079342} 
Thu Nov 20 08:27:45 EST 2014 , 4 , 2 , 2 , 161572 : { BUY 4539.63@0.80470892} 161571 : { BUY 4539.63@0.80470892} 161570 : { SELL 20367.34@0.8079342} 161569 : { SELL 20367.34@0.8079342} 
Thu Nov 20 08:30:46 EST 2014 , 4 , 2 , 2 , 161572 : { BUY 4539.63@0.80470892} 161571 : { BUY 4539.63@0.80470892} 161570 : { SELL 20367.34@0.8079342} 161569 : { SELL 20367.34@0.8079342} 
Thu Nov 20 08:33:47 EST 2014 , 4 , 2 , 2 , 161572 : { BUY 4539.63@0.80470892} 161571 : { BUY 4539.63@0.80470892} 161570 : { SELL 20367.34@0.8079342} 161569 : { SELL 20367.34@0.8079342} 
Thu Nov 20 08:36:48 EST 2014 , 4 , 2 , 2 , 161572 : { BUY 4539.63@0.80470892} 161571 : { BUY 4539.63@0.80470892} 161570 : { SELL 20367.34@0.8079342} 161569 : { SELL 20367.34@0.8079342} 
Thu Nov 20 08:39:49 EST 2014 , 4 , 2 , 2 , 161572 : { BUY 4539.63@0.80470892} 161571 : { BUY 4539.63@0.80470892} 161570 : { SELL 20367.34@0.8079342} 161569 : { SELL 20367.34@0.8079342} 
Thu Nov 20 08:42:50 EST 2014 , 4 , 2 , 2 , 161572 : { BUY 4539.63@0.80470892} 161571 : { BUY 4539.63@0.80470892} 161570 : { SELL 20367.34@0.8079342} 161569 : { SELL 20367.34@0.8079342} 
Thu Nov 20 08:45:51 EST 2014 , 4 , 2 , 2 , 161572 : { BUY 4539.63@0.80470892} 161571 : { BUY 4539.63@0.80470892} 161570 : { SELL 20367.34@0.8079342} 161569 : { SELL 20367.34@0.8079342} 
Thu Nov 20 08:48:52 EST 2014 , 4 , 2 , 2 , 161572 : { BUY 4539.63@0.80470892} 161571 : { BUY 4539.63@0.80470892} 161570 : { SELL 20367.34@0.8079342} 161569 : { SELL 20367.34@0.8079342} 
Thu Nov 20 08:51:53 EST 2014 , 4 , 2 , 2 , 161572 : { BUY 4539.63@0.80470892} 161571 : { BUY 4539.63@0.80470892} 161570 : { SELL 20367.34@0.8079342} 161569 : { SELL 20367.34@0.8079342} 
Thu Nov 20 08:54:54 EST 2014 , 4 , 2 , 2 , 161572 : { BUY 4539.63@0.80470892} 161571 : { BUY 4539.63@0.80470892} 161570 : { SELL 20367.34@0.8079342} 161569 : { SELL 20367.34@0.8079342} 
Thu Nov 20 08:57:55 EST 2014 , 4 , 2 , 2 , 161572 : { BUY 4539.63@0.80470892} 161571 : { BUY 4539.63@0.80470892} 161570 : { SELL 20367.34@0.8079342} 161569 : { SELL 20367.34@0.8079342} 
Thu Nov 20 09:00:56 EST 2014 , 4 , 2 , 2 , 161572 : { BUY 4539.63@0.80470892} 161571 : { BUY 4539.63@0.80470892} 161570 : { SELL 20367.34@0.8079342} 161569 : { SELL 20367.34@0.8079342} 
Thu Nov 20 09:03:57 EST 2014 , 4 , 2 , 2 , 161572 : { BUY 4539.63@0.80470892} 161571 : { BUY 4539.63@0.80470892} 161570 : { SELL 20367.34@0.8079342} 161569 : { SELL 20367.34@0.8079342} 
Thu Nov 20 09:06:58 EST 2014 , 4 , 2 , 2 , 161572 : { BUY 4539.63@0.80470892} 161571 : { BUY 4539.63@0.80470892} 161570 : { SELL 20367.34@0.8079342} 161569 : { SELL 20367.34@0.8079342} 
Thu Nov 20 09:10:00 EST 2014 , 4 , 2 , 2 , 161572 : { BUY 4539.63@0.80470892} 161571 : { BUY 4539.63@0.80470892} 161570 : { SELL 20367.34@0.8079342} 161569 : { SELL 20367.34@0.8079342} 
Thu Nov 20 09:13:00 EST 2014 , 4 , 2 , 2 , 161572 : { BUY 4539.63@0.80470892} 161571 : { BUY 4539.63@0.80470892} 161570 : { SELL 20367.34@0.8079342} 161569 : { SELL 20367.34@0.8079342} 
Thu Nov 20 09:16:01 EST 2014 , 4 , 2 , 2 , 161572 : { BUY 4539.63@0.80470892} 161571 : { BUY 4539.63@0.80470892} 161570 : { SELL 20367.34@0.8079342} 161569 : { SELL 20367.34@0.8079342} 
Thu Nov 20 09:19:02 EST 2014 , 4 , 2 , 2 , 161572 : { BUY 4539.63@0.80470892} 161571 : { BUY 4539.63@0.80470892} 161570 : { SELL 20367.34@0.8079342} 161569 : { SELL 20367.34@0.8079342} 
Thu Nov 20 09:22:03 EST 2014 , 4 , 2 , 2 , 161572 : { BUY 4539.63@0.80470892} 161571 : { BUY 4539.63@0.80470892} 161570 : { SELL 20367.34@0.8079342} 161569 : { SELL 20367.34@0.8079342} 
Thu Nov 20 09:25:04 EST 2014 , 4 , 2 , 2 , 161572 : { BUY 4539.63@0.80470892} 161571 : { BUY 4539.63@0.80470892} 161570 : { SELL 20367.34@0.8079342} 161569 : { SELL 20367.34@0.8079342} 
Thu Nov 20 09:28:05 EST 2014 , 4 , 2 , 2 , 161572 : { BUY 4539.63@0.80470892} 161571 : { BUY 4539.63@0.80470892} 161570 : { SELL 20367.34@0.8079342} 161569 : { SELL 20367.34@0.8079342} 
Thu Nov 20 09:31:06 EST 2014 , 4 , 2 , 2 , 161572 : { BUY 4539.63@0.80470892} 161571 : { BUY 4539.63@0.80470892} 161570 : { SELL 20367.34@0.8079342} 161569 : { SELL 20367.34@0.8079342} 
Thu Nov 20 09:34:08 EST 2014 , 4 , 2 , 2 , 161572 : { BUY 4539.63@0.80470892} 161571 : { BUY 4539.63@0.80470892} 161570 : { SELL 20367.34@0.8079342} 161569 : { SELL 20367.34@0.8079342} 
Thu Nov 20 09:37:08 EST 2014 , 4 , 2 , 2 , 161572 : { BUY 4539.63@0.80470892} 161571 : { BUY 4539.63@0.80470892} 161570 : { SELL 20367.34@0.8079342} 161569 : { SELL 20367.34@0.8079342} 
Thu Nov 20 09:40:09 EST 2014 , 4 , 2 , 2 , 161572 : { BUY 4539.63@0.80470892} 161571 : { BUY 4539.63@0.80470892} 161570 : { SELL 20367.34@0.8079342} 161569 : { SELL 20367.34@0.8079342} 
Thu Nov 20 09:43:10 EST 2014 , 4 , 2 , 2 , 161572 : { BUY 4539.63@0.80470892} 161571 : { BUY 4539.63@0.80470892} 161570 : { SELL 20367.34@0.8079342} 161569 : { SELL 20367.34@0.8079342} 
Thu Nov 20 09:46:11 EST 2014 , 4 , 2 , 2 , 161572 : { BUY 4539.63@0.80470892} 161571 : { BUY 4539.63@0.80470892} 161570 : { SELL 20367.34@0.8079342} 161569 : { SELL 20367.34@0.8079342} 
Thu Nov 20 09:49:12 EST 2014 , 4 , 2 , 2 , 161572 : { BUY 4539.63@0.80470892} 161571 : { BUY 4539.63@0.80470892} 161570 : { SELL 20367.34@0.8079342} 161569 : { SELL 20367.34@0.8079342} 
Thu Nov 20 09:52:13 EST 2014 , 4 , 2 , 2 , 161572 : { BUY 4539.63@0.80470892} 161571 : { BUY 4539.63@0.80470892} 161570 : { SELL 20367.34@0.8079342} 161569 : { SELL 20367.34@0.8079342} 
Thu Nov 20 09:55:14 EST 2014 , 4 , 2 , 2 , 161572 : { BUY 4539.63@0.80470892} 161571 : { BUY 4539.63@0.80470892} 161570 : { SELL 20367.34@0.8079342} 161569 : { SELL 20367.34@0.8079342} 
Thu Nov 20 09:58:15 EST 2014 , 4 , 2 , 2 , 161572 : { BUY 4539.63@0.80470892} 161571 : { BUY 4539.63@0.80470892} 161570 : { SELL 20367.34@0.8079342} 161569 : { SELL 20367.34@0.8079342} 
Thu Nov 20 10:01:16 EST 2014 , 4 , 2 , 2 , 161572 : { BUY 4539.63@0.80470892} 161571 : { BUY 4539.63@0.80470892} 161570 : { SELL 20367.34@0.8079342} 161569 : { SELL 20367.34@0.8079342} 
Thu Nov 20 10:04:17 EST 2014 , 4 , 2 , 2 , 161572 : { BUY 4539.63@0.80470892} 161571 : { BUY 4539.63@0.80470892} 161570 : { SELL 20367.34@0.8079342} 161569 : { SELL 20367.34@0.8079342} 
Thu Nov 20 10:07:18 EST 2014 , 4 , 2 , 2 , 161572 : { BUY 4539.63@0.80470892} 161571 : { BUY 4539.63@0.80470892} 161570 : { SELL 20367.34@0.8079342} 161569 : { SELL 20367.34@0.8079342} 
Thu Nov 20 10:10:19 EST 2014 , 4 , 2 , 2 , 161572 : { BUY 4539.63@0.80470892} 161571 : { BUY 4539.63@0.80470892} 161570 : { SELL 20367.34@0.8079342} 161569 : { SELL 20367.34@0.8079342} 
Thu Nov 20 10:13:21 EST 2014 , 4 , 2 , 2 , 161572 : { BUY 4539.63@0.80470892} 161571 : { BUY 4539.63@0.80470892} 161570 : { SELL 20367.34@0.8079342} 161569 : { SELL 20367.34@0.8079342} 
Thu Nov 20 10:16:21 EST 2014 , 4 , 2 , 2 , 161572 : { BUY 4539.63@0.80470892} 161571 : { BUY 4539.63@0.80470892} 161570 : { SELL 20367.34@0.8079342} 161569 : { SELL 20367.34@0.8079342} 
Thu Nov 20 10:19:22 EST 2014 , 4 , 2 , 2 , 161572 : { BUY 4539.63@0.80470892} 161571 : { BUY 4539.63@0.80470892} 161570 : { SELL 20367.34@0.8079342} 161569 : { SELL 20367.34@0.8079342} 
Thu Nov 20 10:22:24 EST 2014 , 4 , 2 , 2 , 161572 : { BUY 4539.63@0.80470892} 161571 : { BUY 4539.63@0.80470892} 161570 : { SELL 20367.34@0.8079342} 161569 : { SELL 20367.34@0.8079342} 
Thu Nov 20 10:25:24 EST 2014 , 4 , 2 , 2 , 161572 : { BUY 4539.63@0.80470892} 161571 : { BUY 4539.63@0.80470892} 161570 : { SELL 20367.34@0.8079342} 161569 : { SELL 20367.34@0.8079342} 
Thu Nov 20 10:28:26 EST 2014 , 4 , 2 , 2 , 161572 : { BUY 4539.63@0.80470892} 161571 : { BUY 4539.63@0.80470892} 161570 : { SELL 20367.34@0.8079342} 161569 : { SELL 20367.34@0.8079342} 
Thu Nov 20 10:31:26 EST 2014 , 4 , 2 , 2 , 161572 : { BUY 4539.63@0.80470892} 161571 : { BUY 4539.63@0.80470892} 161570 : { SELL 20367.34@0.8079342} 161569 : { SELL 20367.34@0.8079342} 
Thu Nov 20 10:34:27 EST 2014 , 4 , 2 , 2 , 161572 : { BUY 4539.63@0.80470892} 161571 : { BUY 4539.63@0.80470892} 161570 : { SELL 20367.34@0.8079342} 161569 : { SELL 20367.34@0.8079342} 
Thu Nov 20 10:37:29 EST 2014 , 4 , 2 , 2 , 161572 : { BUY 4539.63@0.80470892} 161571 : { BUY 4539.63@0.80470892} 161570 : { SELL 20367.34@0.8079342} 161569 : { SELL 20367.34@0.8079342} 
Thu Nov 20 10:40:29 EST 2014 , 4 , 2 , 2 , 161572 : { BUY 4539.63@0.80470892} 161571 : { BUY 4539.63@0.80470892} 161570 : { SELL 20367.34@0.8079342} 161569 : { SELL 20367.34@0.8079342} 
Thu Nov 20 10:43:30 EST 2014 , 4 , 2 , 2 , 161572 : { BUY 4539.63@0.80470892} 161571 : { BUY 4539.63@0.80470892} 161570 : { SELL 20367.34@0.8079342} 161569 : { SELL 20367.34@0.8079342} 
Thu Nov 20 10:46:31 EST 2014 , 4 , 2 , 2 , 161572 : { BUY 4539.63@0.80470892} 161571 : { BUY 4539.63@0.80470892} 161570 : { SELL 20367.34@0.8079342} 161569 : { SELL 20367.34@0.8079342} 
Thu Nov 20 10:49:32 EST 2014 , 4 , 2 , 2 , 161572 : { BUY 4539.63@0.80470892} 161571 : { BUY 4539.63@0.80470892} 161570 : { SELL 20367.34@0.8079342} 161569 : { SELL 20367.34@0.8079342} 
Thu Nov 20 10:52:33 EST 2014 , 4 , 2 , 2 , 161572 : { BUY 4539.63@0.80470892} 161571 : { BUY 4539.63@0.80470892} 161570 : { SELL 20367.34@0.8079342} 161569 : { SELL 20367.34@0.8079342} 
Thu Nov 20 10:55:34 EST 2014 , 4 , 2 , 2 , 161572 : { BUY 4539.63@0.80470892} 161571 : { BUY 4539.63@0.80470892} 161570 : { SELL 20367.34@0.8079342} 161569 : { SELL 20367.34@0.8079342} 
Thu Nov 20 10:58:35 EST 2014 , 4 , 2 , 2 , 161572 : { BUY 4539.63@0.80470892} 161571 : { BUY 4539.63@0.80470892} 161570 : { SELL 20367.34@0.8079342} 161569 : { SELL 20367.34@0.8079342} 
Thu Nov 20 11:01:37 EST 2014 , 4 , 2 , 2 , 161572 : { BUY 4539.63@0.80470892} 161571 : { BUY 4539.63@0.80470892} 161570 : { SELL 20367.34@0.8079342} 161569 : { SELL 20367.34@0.8079342} 
Thu Nov 20 11:04:37 EST 2014 , 4 , 2 , 2 , 161572 : { BUY 4539.63@0.80470892} 161571 : { BUY 4539.63@0.80470892} 161570 : { SELL 20367.34@0.8079342} 161569 : { SELL 20367.34@0.8079342} 
Thu Nov 20 11:07:38 EST 2014 , 4 , 2 , 2 , 161572 : { BUY 4539.63@0.80470892} 161571 : { BUY 4539.63@0.80470892} 161570 : { SELL 20367.34@0.8079342} 161569 : { SELL 20367.34@0.8079342} 
Thu Nov 20 11:10:39 EST 2014 , 4 , 2 , 2 , 161572 : { BUY 4539.63@0.80470892} 161571 : { BUY 4539.63@0.80470892} 161570 : { SELL 20367.34@0.8079342} 161569 : { SELL 20367.34@0.8079342} 
Thu Nov 20 11:13:41 EST 2014 , 4 , 2 , 2 , 161572 : { BUY 4539.63@0.80470892} 161571 : { BUY 4539.63@0.80470892} 161570 : { SELL 20367.34@0.8079342} 161569 : { SELL 20367.34@0.8079342} 
Thu Nov 20 11:16:41 EST 2014 , 4 , 2 , 2 , 161572 : { BUY 4539.63@0.80470892} 161571 : { BUY 4539.63@0.80470892} 161570 : { SELL 20367.34@0.8079342} 161569 : { SELL 20367.34@0.8079342} 
Thu Nov 20 11:19:42 EST 2014 , 4 , 2 , 2 , 161572 : { BUY 4539.63@0.80470892} 161571 : { BUY 4539.63@0.80470892} 161570 : { SELL 20367.34@0.8079342} 161569 : { SELL 20367.34@0.8079342} 
Thu Nov 20 11:22:44 EST 2014 , 4 , 2 , 2 , 161572 : { BUY 4539.63@0.80470892} 161571 : { BUY 4539.63@0.80470892} 161570 : { SELL 20367.34@0.8079342} 161569 : { SELL 20367.34@0.8079342} 
Thu Nov 20 11:25:44 EST 2014 , 4 , 2 , 2 , 161572 : { BUY 4539.63@0.80470892} 161571 : { BUY 4539.63@0.80470892} 161570 : { SELL 20367.34@0.8079342} 161569 : { SELL 20367.34@0.8079342} 
Thu Nov 20 11:28:45 EST 2014 , 4 , 2 , 2 , 161572 : { BUY 4539.63@0.80470892} 161571 : { BUY 4539.63@0.80470892} 161570 : { SELL 20367.34@0.8079342} 161569 : { SELL 20367.34@0.8079342} 
Thu Nov 20 11:31:46 EST 2014 , 4 , 2 , 2 , 161572 : { BUY 4539.63@0.80470892} 161571 : { BUY 4539.63@0.80470892} 161570 : { SELL 20367.34@0.8079342} 161569 : { SELL 20367.34@0.8079342} 
Thu Nov 20 11:34:47 EST 2014 , 4 , 2 , 2 , 161572 : { BUY 4539.63@0.80470892} 161571 : { BUY 4539.63@0.80470892} 161570 : { SELL 20367.34@0.8079342} 161569 : { SELL 20367.34@0.8079342} 
Thu Nov 20 11:37:48 EST 2014 , 4 , 2 , 2 , 161572 : { BUY 4539.63@0.80470892} 161571 : { BUY 4539.63@0.80470892} 161570 : { SELL 20367.34@0.8079342} 161569 : { SELL 20367.34@0.8079342} 
Thu Nov 20 11:40:49 EST 2014 , 4 , 2 , 2 , 161572 : { BUY 4539.63@0.80470892} 161571 : { BUY 4539.63@0.80470892} 161570 : { SELL 20367.34@0.8079342} 161569 : { SELL 20367.34@0.8079342} 
Thu Nov 20 11:43:50 EST 2014 , 4 , 2 , 2 , 161572 : { BUY 4539.63@0.80470892} 161571 : { BUY 4539.63@0.80470892} 161570 : { SELL 20367.34@0.8079342} 161569 : { SELL 20367.34@0.8079342} 
Thu Nov 20 11:46:51 EST 2014 , 4 , 2 , 2 , 161572 : { BUY 4539.63@0.80470892} 161571 : { BUY 4539.63@0.80470892} 161570 : { SELL 20367.34@0.8079342} 161569 : { SELL 20367.34@0.8079342} 
Thu Nov 20 11:49:52 EST 2014 , 4 , 2 , 2 , 161572 : { BUY 4539.63@0.80470892} 161571 : { BUY 4539.63@0.80470892} 161570 : { SELL 20367.34@0.8079342} 161569 : { SELL 20367.34@0.8079342} 
Thu Nov 20 11:52:54 EST 2014 , 4 , 2 , 2 , 161572 : { BUY 4539.63@0.80470892} 161571 : { BUY 4539.63@0.80470892} 161570 : { SELL 20367.34@0.8079342} 161569 : { SELL 20367.34@0.8079342} 
Thu Nov 20 11:55:54 EST 2014 , 4 , 2 , 2 , 161572 : { BUY 4539.63@0.80470892} 161571 : { BUY 4539.63@0.80470892} 161570 : { SELL 20367.34@0.8079342} 161569 : { SELL 20367.34@0.8079342} 
Thu Nov 20 11:58:56 EST 2014 , 4 , 2 , 2 , 161572 : { BUY 4539.63@0.80470892} 161571 : { BUY 4539.63@0.80470892} 161570 : { SELL 20367.34@0.8079342} 161569 : { SELL 20367.34@0.8079342} 
Thu Nov 20 12:01:56 EST 2014 , 4 , 2 , 2 , 161572 : { BUY 4539.63@0.80470892} 161571 : { BUY 4539.63@0.80470892} 161570 : { SELL 20367.34@0.8079342} 161569 : { SELL 20367.34@0.8079342} 
Thu Nov 20 12:04:57 EST 2014 , 4 , 2 , 2 , 161572 : { BUY 4539.63@0.80470892} 161571 : { BUY 4539.63@0.80470892} 161570 : { SELL 20367.34@0.8079342} 161569 : { SELL 20367.34@0.8079342} 
Thu Nov 20 12:07:58 EST 2014 , 4 , 2 , 2 , 161572 : { BUY 4539.63@0.80470892} 161571 : { BUY 4539.63@0.80470892} 161570 : { SELL 20367.34@0.8079342} 161569 : { SELL 20367.34@0.8079342} 
Thu Nov 20 12:10:59 EST 2014 , 4 , 2 , 2 , 161572 : { BUY 4539.63@0.80470892} 161571 : { BUY 4539.63@0.80470892} 161570 : { SELL 20367.34@0.8079342} 161569 : { SELL 20367.34@0.8079342} 
Thu Nov 20 12:14:00 EST 2014 , 4 , 2 , 2 , 161572 : { BUY 4539.63@0.80470892} 161571 : { BUY 4539.63@0.80470892} 161570 : { SELL 20367.34@0.8079342} 161569 : { SELL 20367.34@0.8079342} 
Thu Nov 20 12:17:02 EST 2014 , 4 , 2 , 2 , 161572 : { BUY 4539.63@0.80470892} 161571 : { BUY 4539.63@0.80470892} 161570 : { SELL 20367.34@0.8079342} 161569 : { SELL 20367.34@0.8079342} 
Thu Nov 20 12:20:03 EST 2014 , 4 , 2 , 2 , 161572 : { BUY 4539.63@0.80470892} 161571 : { BUY 4539.63@0.80470892} 161570 : { SELL 20367.34@0.8079342} 161569 : { SELL 20367.34@0.8079342} 
Thu Nov 20 12:23:03 EST 2014 , 4 , 2 , 2 , 161572 : { BUY 4539.63@0.80470892} 161571 : { BUY 4539.63@0.80470892} 161570 : { SELL 20367.34@0.8079342} 161569 : { SELL 20367.34@0.8079342} 
Thu Nov 20 12:26:04 EST 2014 , 4 , 2 , 2 , 161572 : { BUY 4539.63@0.80470892} 161571 : { BUY 4539.63@0.80470892} 161570 : { SELL 20367.34@0.8079342} 161569 : { SELL 20367.34@0.8079342} 
Thu Nov 20 12:29:05 EST 2014 , 4 , 2 , 2 , 161572 : { BUY 4539.63@0.80470892} 161571 : { BUY 4539.63@0.80470892} 161570 : { SELL 20367.34@0.8079342} 161569 : { SELL 20367.34@0.8079342} 
Thu Nov 20 12:32:06 EST 2014 , 4 , 2 , 2 , 161572 : { BUY 4539.63@0.80470892} 161571 : { BUY 4539.63@0.80470892} 161570 : { SELL 20367.34@0.8079342} 161569 : { SELL 20367.34@0.8079342} 
Thu Nov 20 12:35:07 EST 2014 , 4 , 2 , 2 , 161572 : { BUY 4539.63@0.80470892} 161571 : { BUY 4539.63@0.80470892} 161570 : { SELL 20367.34@0.8079342} 161569 : { SELL 20367.34@0.8079342} 
Thu Nov 20 12:38:08 EST 2014 , 4 , 2 , 2 , 161572 : { BUY 4539.63@0.80470892} 161571 : { BUY 4539.63@0.80470892} 161570 : { SELL 20367.34@0.8079342} 161569 : { SELL 20367.34@0.8079342} 
Thu Nov 20 12:41:09 EST 2014 , 4 , 2 , 2 , 161572 : { BUY 4539.63@0.80470892} 161571 : { BUY 4539.63@0.80470892} 161570 : { SELL 20367.34@0.8079342} 161569 : { SELL 20367.34@0.8079342} 
Thu Nov 20 12:44:10 EST 2014 , 4 , 2 , 2 , 161572 : { BUY 4539.63@0.80470892} 161571 : { BUY 4539.63@0.80470892} 161570 : { SELL 20367.34@0.8079342} 161569 : { SELL 20367.34@0.8079342} 
Thu Nov 20 12:47:11 EST 2014 , 4 , 2 , 2 , 161572 : { BUY 4539.63@0.80470892} 161571 : { BUY 4539.63@0.80470892} 161570 : { SELL 20367.34@0.8079342} 161569 : { SELL 20367.34@0.8079342} 
Thu Nov 20 12:50:12 EST 2014 , 4 , 2 , 2 , 161572 : { BUY 4539.63@0.80470892} 161571 : { BUY 4539.63@0.80470892} 161570 : { SELL 20367.34@0.8079342} 161569 : { SELL 20367.34@0.8079342} 
Thu Nov 20 12:53:13 EST 2014 , 4 , 2 , 2 , 161572 : { BUY 4539.63@0.80470892} 161571 : { BUY 4539.63@0.80470892} 161570 : { SELL 20367.34@0.8079342} 161569 : { SELL 20367.34@0.8079342} 
Thu Nov 20 12:56:14 EST 2014 , 4 , 2 , 2 , 161572 : { BUY 4539.63@0.80470892} 161571 : { BUY 4539.63@0.80470892} 161570 : { SELL 20367.34@0.8079342} 161569 : { SELL 20367.34@0.8079342} 
Thu Nov 20 12:59:15 EST 2014 , 4 , 2 , 2 , 161572 : { BUY 4539.63@0.80470892} 161571 : { BUY 4539.63@0.80470892} 161570 : { SELL 20367.34@0.8079342} 161569 : { SELL 20367.34@0.8079342} 
Thu Nov 20 13:02:16 EST 2014 , 4 , 2 , 2 , 161572 : { BUY 4539.63@0.80470892} 161571 : { BUY 4539.63@0.80470892} 161570 : { SELL 20367.34@0.8079342} 161569 : { SELL 20367.34@0.8079342} 
Thu Nov 20 13:05:17 EST 2014 , 4 , 2 , 2 , 161572 : { BUY 4539.63@0.80470892} 161571 : { BUY 4539.63@0.80470892} 161570 : { SELL 20367.34@0.8079342} 161569 : { SELL 20367.34@0.8079342} 
Thu Nov 20 13:08:18 EST 2014 , 4 , 2 , 2 , 161572 : { BUY 4539.63@0.80470892} 161571 : { BUY 4539.63@0.80470892} 161570 : { SELL 20367.34@0.8079342} 161569 : { SELL 20367.34@0.8079342} 
Thu Nov 20 13:11:20 EST 2014 , 4 , 2 , 2 , 161572 : { BUY 4539.63@0.80470892} 161571 : { BUY 4539.63@0.80470892} 161570 : { SELL 20367.34@0.8079342} 161569 : { SELL 20367.34@0.8079342} 
Thu Nov 20 13:14:20 EST 2014 , 4 , 2 , 2 , 161572 : { BUY 4539.63@0.80470892} 161571 : { BUY 4539.63@0.80470892} 161570 : { SELL 20367.34@0.8079342} 161569 : { SELL 20367.34@0.8079342} 
Thu Nov 20 13:17:21 EST 2014 , 4 , 2 , 2 , 161572 : { BUY 4539.63@0.80470892} 161571 : { BUY 4539.63@0.80470892} 161570 : { SELL 20367.34@0.8079342} 161569 : { SELL 20367.34@0.8079342} 
Thu Nov 20 13:20:22 EST 2014 , 4 , 2 , 2 , 161572 : { BUY 4539.63@0.80470892} 161571 : { BUY 4539.63@0.80470892} 161570 : { SELL 20367.34@0.8079342} 161569 : { SELL 20367.34@0.8079342} 
Thu Nov 20 13:23:23 EST 2014 , 4 , 2 , 2 , 161572 : { BUY 4539.63@0.80470892} 161571 : { BUY 4539.63@0.80470892} 161570 : { SELL 20367.34@0.8079342} 161569 : { SELL 20367.34@0.8079342} 
Thu Nov 20 13:26:24 EST 2014 , 4 , 2 , 2 , 161572 : { BUY 4539.63@0.80470892} 161571 : { BUY 4539.63@0.80470892} 161570 : { SELL 20367.34@0.8079342} 161569 : { SELL 20367.34@0.8079342} 
Thu Nov 20 13:29:25 EST 2014 , 4 , 2 , 2 , 161572 : { BUY 4539.63@0.80470892} 161571 : { BUY 4539.63@0.80470892} 161570 : { SELL 20367.34@0.8079342} 161569 : { SELL 20367.34@0.8079342} 
Thu Nov 20 13:32:26 EST 2014 , 4 , 2 , 2 , 161572 : { BUY 4539.63@0.80470892} 161571 : { BUY 4539.63@0.80470892} 161570 : { SELL 20367.34@0.8079342} 161569 : { SELL 20367.34@0.8079342} 
Thu Nov 20 13:35:27 EST 2014 , 4 , 2 , 2 , 161572 : { BUY 4539.63@0.80470892} 161571 : { BUY 4539.63@0.80470892} 161570 : { SELL 20367.34@0.8079342} 161569 : { SELL 20367.34@0.8079342} 
Thu Nov 20 13:38:28 EST 2014 , 4 , 2 , 2 , 161572 : { BUY 4539.63@0.80470892} 161571 : { BUY 4539.63@0.80470892} 161570 : { SELL 20367.34@0.8079342} 161569 : { SELL 20367.34@0.8079342} 
Thu Nov 20 13:41:29 EST 2014 , 4 , 2 , 2 , 161572 : { BUY 4539.63@0.80470892} 161571 : { BUY 4539.63@0.80470892} 161570 : { SELL 20367.34@0.8079342} 161569 : { SELL 20367.34@0.8079342} 
Thu Nov 20 13:44:30 EST 2014 , 4 , 2 , 2 , 161572 : { BUY 4539.63@0.80470892} 161571 : { BUY 4539.63@0.80470892} 161570 : { SELL 20367.34@0.8079342} 161569 : { SELL 20367.34@0.8079342} 
Thu Nov 20 13:47:31 EST 2014 , 4 , 2 , 2 , 161572 : { BUY 4539.63@0.80470892} 161571 : { BUY 4539.63@0.80470892} 161570 : { SELL 20367.34@0.8079342} 161569 : { SELL 20367.34@0.8079342} 
Thu Nov 20 13:50:32 EST 2014 , 4 , 2 , 2 , 161572 : { BUY 4539.63@0.80470892} 161571 : { BUY 4539.63@0.80470892} 161570 : { SELL 20367.34@0.8079342} 161569 : { SELL 20367.34@0.8079342} 
Thu Nov 20 13:53:33 EST 2014 , 4 , 2 , 2 , 161572 : { BUY 4539.63@0.80470892} 161571 : { BUY 4539.63@0.80470892} 161570 : { SELL 20367.34@0.8079342} 161569 : { SELL 20367.34@0.8079342} 
Thu Nov 20 13:56:34 EST 2014 , 4 , 2 , 2 , 161572 : { BUY 4539.63@0.80470892} 161571 : { BUY 4539.63@0.80470892} 161570 : { SELL 20367.34@0.8079342} 161569 : { SELL 20367.34@0.8079342} 
Thu Nov 20 13:59:36 EST 2014 , 4 , 2 , 2 , 161572 : { BUY 4539.63@0.80470892} 161571 : { BUY 4539.63@0.80470892} 161570 : { SELL 20367.34@0.8079342} 161569 : { SELL 20367.34@0.8079342} 
Thu Nov 20 14:02:37 EST 2014 , 4 , 2 , 2 , 161572 : { BUY 4539.63@0.80470892} 161571 : { BUY 4539.63@0.80470892} 161570 : { SELL 20367.34@0.8079342} 161569 : { SELL 20367.34@0.8079342} 
Thu Nov 20 14:05:37 EST 2014 , 4 , 2 , 2 , 161572 : { BUY 4539.63@0.80470892} 161571 : { BUY 4539.63@0.80470892} 161570 : { SELL 20367.34@0.8079342} 161569 : { SELL 20367.34@0.8079342} 
Thu Nov 20 14:08:38 EST 2014 , 4 , 2 , 2 , 161572 : { BUY 4539.63@0.80470892} 161571 : { BUY 4539.63@0.80470892} 161570 : { SELL 20367.34@0.8079342} 161569 : { SELL 20367.34@0.8079342} 
Thu Nov 20 14:11:40 EST 2014 , 4 , 2 , 2 , 161572 : { BUY 4539.63@0.80470892} 161571 : { BUY 4539.63@0.80470892} 161570 : { SELL 20367.34@0.8079342} 161569 : { SELL 20367.34@0.8079342} 
Thu Nov 20 14:14:40 EST 2014 , 4 , 2 , 2 , 161572 : { BUY 4539.63@0.80470892} 161571 : { BUY 4539.63@0.80470892} 161570 : { SELL 20367.34@0.8079342} 161569 : { SELL 20367.34@0.8079342} 
Thu Nov 20 14:17:41 EST 2014 , 4 , 2 , 2 , 161572 : { BUY 4539.63@0.80470892} 161571 : { BUY 4539.63@0.80470892} 161570 : { SELL 20367.34@0.8079342} 161569 : { SELL 20367.34@0.8079342} 
Thu Nov 20 14:20:42 EST 2014 , 4 , 2 , 2 , 161572 : { BUY 4539.63@0.80470892} 161571 : { BUY 4539.63@0.80470892} 161570 : { SELL 20367.34@0.8079342} 161569 : { SELL 20367.34@0.8079342} 
Thu Nov 20 14:23:43 EST 2014 , 4 , 2 , 2 , 161572 : { BUY 4539.63@0.80470892} 161571 : { BUY 4539.63@0.80470892} 161570 : { SELL 20367.34@0.8079342} 161569 : { SELL 20367.34@0.8079342} 
Thu Nov 20 14:26:44 EST 2014 , 4 , 2 , 2 , 161572 : { BUY 4539.63@0.80470892} 161571 : { BUY 4539.63@0.80470892} 161570 : { SELL 20367.34@0.8079342} 161569 : { SELL 20367.34@0.8079342} 
Thu Nov 20 14:29:46 EST 2014 , 4 , 2 , 2 , 161572 : { BUY 4539.63@0.80470892} 161571 : { BUY 4539.63@0.80470892} 161570 : { SELL 20367.34@0.8079342} 161569 : { SELL 20367.34@0.8079342} 
Thu Nov 20 14:32:46 EST 2014 , 4 , 2 , 2 , 161572 : { BUY 4539.63@0.80470892} 161571 : { BUY 4539.63@0.80470892} 161570 : { SELL 20367.34@0.8079342} 161569 : { SELL 20367.34@0.8079342} 
Thu Nov 20 14:35:47 EST 2014 , 4 , 2 , 2 , 161572 : { BUY 4539.63@0.80470892} 161571 : { BUY 4539.63@0.80470892} 161570 : { SELL 20367.34@0.8079342} 161569 : { SELL 20367.34@0.8079342} 
Thu Nov 20 14:38:48 EST 2014 , 4 , 2 , 2 , 161572 : { BUY 4539.63@0.80470892} 161571 : { BUY 4539.63@0.80470892} 161570 : { SELL 20367.34@0.8079342} 161569 : { SELL 20367.34@0.8079342} 
Thu Nov 20 14:41:49 EST 2014 , 4 , 2 , 2 , 161572 : { BUY 4539.63@0.80470892} 161571 : { BUY 4539.63@0.80470892} 161570 : { SELL 20367.34@0.8079342} 161569 : { SELL 20367.34@0.8079342} 
Thu Nov 20 14:44:50 EST 2014 , 4 , 2 , 2 , 161572 : { BUY 4539.63@0.80470892} 161571 : { BUY 4539.63@0.80470892} 161570 : { SELL 20367.34@0.8079342} 161569 : { SELL 20367.34@0.8079342} 
Thu Nov 20 14:47:51 EST 2014 , 4 , 2 , 2 , 161572 : { BUY 4539.63@0.80470892} 161571 : { BUY 4539.63@0.80470892} 161570 : { SELL 20367.34@0.8079342} 161569 : { SELL 20367.34@0.8079342} 
Thu Nov 20 14:50:52 EST 2014 , 4 , 2 , 2 , 161572 : { BUY 4539.63@0.80470892} 161571 : { BUY 4539.63@0.80470892} 161570 : { SELL 20367.34@0.8079342} 161569 : { SELL 20367.34@0.8079342} 
Thu Nov 20 14:53:53 EST 2014 , 4 , 2 , 2 , 161572 : { BUY 4539.63@0.80470892} 161571 : { BUY 4539.63@0.80470892} 161570 : { SELL 20367.34@0.8079342} 161569 : { SELL 20367.34@0.8079342} 
Thu Nov 20 14:56:54 EST 2014 , 4 , 2 , 2 , 161572 : { BUY 4539.63@0.80470892} 161571 : { BUY 4539.63@0.80470892} 161570 : { SELL 20367.34@0.8079342} 161569 : { SELL 20367.34@0.8079342} 
Thu Nov 20 14:59:55 EST 2014 , 4 , 2 , 2 , 161572 : { BUY 4539.63@0.80470892} 161571 : { BUY 4539.63@0.80470892} 161570 : { SELL 20367.34@0.8079342} 161569 : { SELL 20367.34@0.8079342} 
Thu Nov 20 15:02:56 EST 2014 , 4 , 2 , 2 , 161572 : { BUY 4539.63@0.80470892} 161571 : { BUY 4539.63@0.80470892} 161570 : { SELL 20367.34@0.8079342} 161569 : { SELL 20367.34@0.8079342} 
Thu Nov 20 15:05:57 EST 2014 , 4 , 2 , 2 , 161572 : { BUY 4539.63@0.80470892} 161571 : { BUY 4539.63@0.80470892} 161570 : { SELL 20367.34@0.8079342} 161569 : { SELL 20367.34@0.8079342} 
Thu Nov 20 15:08:58 EST 2014 , 4 , 2 , 2 , 161572 : { BUY 4539.63@0.80470892} 161571 : { BUY 4539.63@0.80470892} 161570 : { SELL 20367.34@0.8079342} 161569 : { SELL 20367.34@0.8079342} 
Thu Nov 20 15:11:59 EST 2014 , 4 , 2 , 2 , 161572 : { BUY 4539.63@0.80470892} 161571 : { BUY 4539.63@0.80470892} 161570 : { SELL 20367.34@0.8079342} 161569 : { SELL 20367.34@0.8079342} 
Thu Nov 20 15:15:01 EST 2014 , 4 , 2 , 2 , 161572 : { BUY 4539.63@0.80470892} 161571 : { BUY 4539.63@0.80470892} 161570 : { SELL 20367.34@0.8079342} 161569 : { SELL 20367.34@0.8079342} 
Thu Nov 20 15:18:02 EST 2014 , 4 , 2 , 2 , 161572 : { BUY 4539.63@0.80470892} 161571 : { BUY 4539.63@0.80470892} 161570 : { SELL 20367.34@0.8079342} 161569 : { SELL 20367.34@0.8079342} 
Thu Nov 20 15:21:02 EST 2014 , 4 , 2 , 2 , 161572 : { BUY 4539.63@0.80470892} 161571 : { BUY 4539.63@0.80470892} 161570 : { SELL 20367.34@0.8079342} 161569 : { SELL 20367.34@0.8079342} 
Thu Nov 20 15:24:03 EST 2014 , 4 , 2 , 2 , 161572 : { BUY 4539.63@0.80470892} 161571 : { BUY 4539.63@0.80470892} 161570 : { SELL 20367.34@0.8079342} 161569 : { SELL 20367.34@0.8079342} 
Thu Nov 20 15:27:04 EST 2014 , 4 , 2 , 2 , 161572 : { BUY 4539.63@0.80470892} 161571 : { BUY 4539.63@0.80470892} 161570 : { SELL 20367.34@0.8079342} 161569 : { SELL 20367.34@0.8079342} 
Thu Nov 20 15:30:05 EST 2014 , 4 , 2 , 2 , 161572 : { BUY 4539.63@0.80470892} 161571 : { BUY 4539.63@0.80470892} 161570 : { SELL 20367.34@0.8079342} 161569 : { SELL 20367.34@0.8079342} 
Thu Nov 20 15:33:06 EST 2014 , 4 , 2 , 2 , 161572 : { BUY 4539.63@0.80470892} 161571 : { BUY 4539.63@0.80470892} 161570 : { SELL 20367.34@0.8079342} 161569 : { SELL 20367.34@0.8079342} 
Thu Nov 20 15:36:07 EST 2014 , 4 , 2 , 2 , 161572 : { BUY 4539.63@0.80470892} 161571 : { BUY 4539.63@0.80470892} 161570 : { SELL 20367.34@0.8079342} 161569 : { SELL 20367.34@0.8079342} 
Thu Nov 20 15:39:08 EST 2014 , 4 , 2 , 2 , 161572 : { BUY 4539.63@0.80470892} 161571 : { BUY 4539.63@0.80470892} 161570 : { SELL 20367.34@0.8079342} 161569 : { SELL 20367.34@0.8079342} 
Thu Nov 20 15:42:09 EST 2014 , 4 , 2 , 2 , 161572 : { BUY 4539.63@0.80470892} 161571 : { BUY 4539.63@0.80470892} 161570 : { SELL 20367.34@0.8079342} 161569 : { SELL 20367.34@0.8079342} 
Thu Nov 20 15:45:10 EST 2014 , 4 , 2 , 2 , 161572 : { BUY 4539.63@0.80470892} 161571 : { BUY 4539.63@0.80470892} 161570 : { SELL 20367.34@0.8079342} 161569 : { SELL 20367.34@0.8079342} 
Thu Nov 20 15:48:11 EST 2014 , 4 , 2 , 2 , 161572 : { BUY 4539.63@0.80470892} 161571 : { BUY 4539.63@0.80470892} 161570 : { SELL 20367.34@0.8079342} 161569 : { SELL 20367.34@0.8079342} 
Thu Nov 20 15:51:12 EST 2014 , 4 , 2 , 2 , 161572 : { BUY 4539.63@0.80470892} 161571 : { BUY 4539.63@0.80470892} 161570 : { SELL 20367.34@0.8079342} 161569 : { SELL 20367.34@0.8079342} 
Thu Nov 20 15:54:13 EST 2014 , 4 , 2 , 2 , 161572 : { BUY 4539.63@0.80470892} 161571 : { BUY 4539.63@0.80470892} 161570 : { SELL 20367.34@0.8079342} 161569 : { SELL 20367.34@0.8079342} 
Thu Nov 20 15:57:14 EST 2014 , 4 , 2 , 2 , 161572 : { BUY 4539.63@0.80470892} 161571 : { BUY 4539.63@0.80470892} 161570 : { SELL 20367.34@0.8079342} 161569 : { SELL 20367.34@0.8079342} 
Thu Nov 20 16:00:15 EST 2014 , 4 , 2 , 2 , 161572 : { BUY 4539.63@0.80470892} 161571 : { BUY 4539.63@0.80470892} 161570 : { SELL 20367.34@0.8079342} 161569 : { SELL 20367.34@0.8079342} 
Thu Nov 20 16:03:16 EST 2014 , 4 , 2 , 2 , 161572 : { BUY 4539.63@0.80470892} 161571 : { BUY 4539.63@0.80470892} 161570 : { SELL 20367.34@0.8079342} 161569 : { SELL 20367.34@0.8079342} 
Thu Nov 20 16:06:17 EST 2014 , 4 , 2 , 2 , 161572 : { BUY 4539.63@0.80470892} 161571 : { BUY 4539.63@0.80470892} 161570 : { SELL 20367.34@0.8079342} 161569 : { SELL 20367.34@0.8079342} 
Thu Nov 20 16:09:18 EST 2014 , 4 , 2 , 2 , 161572 : { BUY 4539.63@0.80470892} 161571 : { BUY 4539.63@0.80470892} 161570 : { SELL 20367.34@0.8079342} 161569 : { SELL 20367.34@0.8079342} 
Thu Nov 20 16:12:19 EST 2014 , 4 , 2 , 2 , 161572 : { BUY 4539.63@0.80470892} 161571 : { BUY 4539.63@0.80470892} 161570 : { SELL 20367.34@0.8079342} 161569 : { SELL 20367.34@0.8079342} 
Thu Nov 20 16:15:20 EST 2014 , 4 , 2 , 2 , 161572 : { BUY 4539.63@0.80470892} 161571 : { BUY 4539.63@0.80470892} 161570 : { SELL 20367.34@0.8079342} 161569 : { SELL 20367.34@0.8079342} 
Thu Nov 20 16:18:21 EST 2014 , 4 , 2 , 2 , 161572 : { BUY 4539.63@0.80470892} 161571 : { BUY 4539.63@0.80470892} 161570 : { SELL 20367.34@0.8079342} 161569 : { SELL 20367.34@0.8079342} 
Thu Nov 20 16:21:22 EST 2014 , 4 , 2 , 2 , 161572 : { BUY 4539.63@0.80470892} 161571 : { BUY 4539.63@0.80470892} 161570 : { SELL 20367.34@0.8079342} 161569 : { SELL 20367.34@0.8079342} 
Thu Nov 20 16:24:23 EST 2014 , 4 , 2 , 2 , 161572 : { BUY 4539.63@0.80470892} 161571 : { BUY 4539.63@0.80470892} 161570 : { SELL 20367.34@0.8079342} 161569 : { SELL 20367.34@0.8079342} 
Thu Nov 20 16:27:24 EST 2014 , 4 , 2 , 2 , 161572 : { BUY 4539.63@0.80470892} 161571 : { BUY 4539.63@0.80470892} 161570 : { SELL 20367.34@0.8079342} 161569 : { SELL 20367.34@0.8079342} 
Thu Nov 20 16:30:25 EST 2014 , 4 , 2 , 2 , 161572 : { BUY 4539.63@0.80470892} 161571 : { BUY 4539.63@0.80470892} 161570 : { SELL 20367.34@0.8079342} 161569 : { SELL 20367.34@0.8079342} 
Thu Nov 20 16:33:26 EST 2014 , 4 , 2 , 2 , 161572 : { BUY 4539.63@0.80470892} 161571 : { BUY 4539.63@0.80470892} 161570 : { SELL 20367.34@0.8079342} 161569 : { SELL 20367.34@0.8079342} 
Thu Nov 20 16:36:27 EST 2014 , 4 , 2 , 2 , 161572 : { BUY 4539.63@0.80470892} 161571 : { BUY 4539.63@0.80470892} 161570 : { SELL 20367.34@0.8079342} 161569 : { SELL 20367.34@0.8079342} 
Thu Nov 20 16:39:28 EST 2014 , 4 , 2 , 2 , 161572 : { BUY 4539.63@0.80470892} 161571 : { BUY 4539.63@0.80470892} 161570 : { SELL 20367.34@0.8079342} 161569 : { SELL 20367.34@0.8079342} 
Thu Nov 20 16:42:29 EST 2014 , 4 , 2 , 2 , 161572 : { BUY 4539.63@0.80470892} 161571 : { BUY 4539.63@0.80470892} 161570 : { SELL 20367.34@0.8079342} 161569 : { SELL 20367.34@0.8079342} 
Thu Nov 20 16:45:30 EST 2014 , 4 , 2 , 2 , 161572 : { BUY 4539.63@0.80470892} 161571 : { BUY 4539.63@0.80470892} 161570 : { SELL 20367.34@0.8079342} 161569 : { SELL 20367.34@0.8079342} 
Thu Nov 20 16:48:31 EST 2014 , 4 , 2 , 2 , 161572 : { BUY 4539.63@0.80470892} 161571 : { BUY 4539.63@0.80470892} 161570 : { SELL 20367.34@0.8079342} 161569 : { SELL 20367.34@0.8079342} 
Thu Nov 20 16:51:32 EST 2014 , 4 , 2 , 2 , 161572 : { BUY 4539.63@0.80470892} 161571 : { BUY 4539.63@0.80470892} 161570 : { SELL 20367.34@0.8079342} 161569 : { SELL 20367.34@0.8079342} 
Thu Nov 20 16:54:33 EST 2014 , 4 , 2 , 2 , 161572 : { BUY 4539.63@0.80470892} 161571 : { BUY 4539.63@0.80470892} 161570 : { SELL 20367.34@0.8079342} 161569 : { SELL 20367.34@0.8079342} 
Thu Nov 20 16:57:34 EST 2014 , 4 , 2 , 2 , 161572 : { BUY 4539.63@0.80470892} 161571 : { BUY 4539.63@0.80470892} 161570 : { SELL 20367.34@0.8079342} 161569 : { SELL 20367.34@0.8079342} 
Thu Nov 20 17:00:35 EST 2014 , 4 , 2 , 2 , 161572 : { BUY 4539.63@0.80470892} 161571 : { BUY 4539.63@0.80470892} 161570 : { SELL 20367.34@0.8079342} 161569 : { SELL 20367.34@0.8079342} 
Thu Nov 20 17:03:36 EST 2014 , 4 , 2 , 2 , 161572 : { BUY 4539.63@0.80470892} 161571 : { BUY 4539.63@0.80470892} 161570 : { SELL 20367.34@0.8079342} 161569 : { SELL 20367.34@0.8079342} 
Thu Nov 20 17:06:37 EST 2014 , 4 , 2 , 2 , 161572 : { BUY 4539.63@0.80470892} 161571 : { BUY 4539.63@0.80470892} 161570 : { SELL 20367.34@0.8079342} 161569 : { SELL 20367.34@0.8079342} 
Thu Nov 20 17:09:38 EST 2014 , 4 , 2 , 2 , 161572 : { BUY 4539.63@0.80470892} 161571 : { BUY 4539.63@0.80470892} 161570 : { SELL 20367.34@0.8079342} 161569 : { SELL 20367.34@0.8079342} 
Thu Nov 20 17:12:39 EST 2014 , 4 , 2 , 2 , 161572 : { BUY 4539.63@0.80470892} 161571 : { BUY 4539.63@0.80470892} 161570 : { SELL 20367.34@0.8079342} 161569 : { SELL 20367.34@0.8079342} 
Thu Nov 20 17:15:40 EST 2014 , 4 , 2 , 2 , 161572 : { BUY 4539.63@0.80470892} 161571 : { BUY 4539.63@0.80470892} 161570 : { SELL 20367.34@0.8079342} 161569 : { SELL 20367.34@0.8079342} 
Thu Nov 20 17:18:41 EST 2014 , 4 , 2 , 2 , 161572 : { BUY 4539.63@0.80470892} 161571 : { BUY 4539.63@0.80470892} 161570 : { SELL 20367.34@0.8079342} 161569 : { SELL 20367.34@0.8079342} 
Thu Nov 20 17:21:42 EST 2014 , 4 , 2 , 2 , 161572 : { BUY 4539.63@0.80470892} 161571 : { BUY 4539.63@0.80470892} 161570 : { SELL 20367.34@0.8079342} 161569 : { SELL 20367.34@0.8079342} 
Thu Nov 20 17:24:43 EST 2014 , 4 , 2 , 2 , 161572 : { BUY 4539.63@0.80470892} 161571 : { BUY 4539.63@0.80470892} 161570 : { SELL 20367.34@0.8079342} 161569 : { SELL 20367.34@0.8079342} 
Thu Nov 20 17:27:44 EST 2014 , 4 , 2 , 2 , 161572 : { BUY 4539.63@0.80470892} 161571 : { BUY 4539.63@0.80470892} 161570 : { SELL 20367.34@0.8079342} 161569 : { SELL 20367.34@0.8079342} 
Thu Nov 20 17:30:45 EST 2014 , 4 , 2 , 2 , 161572 : { BUY 4539.63@0.80470892} 161571 : { BUY 4539.63@0.80470892} 161570 : { SELL 20367.34@0.8079342} 161569 : { SELL 20367.34@0.8079342} 
Thu Nov 20 17:33:46 EST 2014 , 4 , 2 , 2 , 161572 : { BUY 4539.63@0.80470892} 161571 : { BUY 4539.63@0.80470892} 161570 : { SELL 20367.34@0.8079342} 161569 : { SELL 20367.34@0.8079342} 
Thu Nov 20 17:36:47 EST 2014 , 4 , 2 , 2 , 161572 : { BUY 4539.63@0.80470892} 161571 : { BUY 4539.63@0.80470892} 161570 : { SELL 20367.34@0.8079342} 161569 : { SELL 20367.34@0.8079342} 
Thu Nov 20 17:39:49 EST 2014 , 4 , 2 , 2 , 161572 : { BUY 4539.63@0.80470892} 161571 : { BUY 4539.63@0.80470892} 161570 : { SELL 20367.34@0.8079342} 161569 : { SELL 20367.34@0.8079342} 
Thu Nov 20 17:42:49 EST 2014 , 4 , 2 , 2 , 161572 : { BUY 4539.63@0.80470892} 161571 : { BUY 4539.63@0.80470892} 161570 : { SELL 20367.34@0.8079342} 161569 : { SELL 20367.34@0.8079342} 
Thu Nov 20 17:45:50 EST 2014 , 4 , 2 , 2 , 161572 : { BUY 4539.63@0.80470892} 161571 : { BUY 4539.63@0.80470892} 161570 : { SELL 20367.34@0.8079342} 161569 : { SELL 20367.34@0.8079342} 
Thu Nov 20 17:48:51 EST 2014 , 4 , 2 , 2 , 161572 : { BUY 4539.63@0.80470892} 161571 : { BUY 4539.63@0.80470892} 161570 : { SELL 20367.34@0.8079342} 161569 : { SELL 20367.34@0.8079342} 
Thu Nov 20 17:51:52 EST 2014 , 4 , 2 , 2 , 161572 : { BUY 4539.63@0.80470892} 161571 : { BUY 4539.63@0.80470892} 161570 : { SELL 20367.34@0.8079342} 161569 : { SELL 20367.34@0.8079342} 
Thu Nov 20 17:54:53 EST 2014 , 4 , 2 , 2 , 161572 : { BUY 4539.63@0.80470892} 161571 : { BUY 4539.63@0.80470892} 161570 : { SELL 20367.34@0.8079342} 161569 : { SELL 20367.34@0.8079342} 
Thu Nov 20 17:57:54 EST 2014 , 4 , 2 , 2 , 161572 : { BUY 4539.63@0.80470892} 161571 : { BUY 4539.63@0.80470892} 161570 : { SELL 20367.34@0.8079342} 161569 : { SELL 20367.34@0.8079342} 
Thu Nov 20 18:00:56 EST 2014 , 4 , 2 , 2 , 161572 : { BUY 4539.63@0.80470892} 161571 : { BUY 4539.63@0.80470892} 161570 : { SELL 20367.34@0.8079342} 161569 : { SELL 20367.34@0.8079342} 
Thu Nov 20 18:03:56 EST 2014 , 4 , 2 , 2 , 161572 : { BUY 4539.63@0.80470892} 161571 : { BUY 4539.63@0.80470892} 161570 : { SELL 20367.34@0.8079342} 161569 : { SELL 20367.34@0.8079342} 
Thu Nov 20 18:06:57 EST 2014 , 4 , 2 , 2 , 161572 : { BUY 4539.63@0.80470892} 161571 : { BUY 4539.63@0.80470892} 161570 : { SELL 20367.34@0.8079342} 161569 : { SELL 20367.34@0.8079342} 
Thu Nov 20 18:09:58 EST 2014 , 4 , 2 , 2 , 161572 : { BUY 4539.63@0.80470892} 161571 : { BUY 4539.63@0.80470892} 161570 : { SELL 20367.34@0.8079342} 161569 : { SELL 20367.34@0.8079342} 
Thu Nov 20 18:12:59 EST 2014 , 4 , 2 , 2 , 161572 : { BUY 4539.63@0.80470892} 161571 : { BUY 4539.63@0.80470892} 161570 : { SELL 20367.34@0.8079342} 161569 : { SELL 20367.34@0.8079342} 
Thu Nov 20 18:16:00 EST 2014 , 4 , 2 , 2 , 161572 : { BUY 4539.63@0.80470892} 161571 : { BUY 4539.63@0.80470892} 161570 : { SELL 20367.34@0.8079342} 161569 : { SELL 20367.34@0.8079342} 
Thu Nov 20 18:19:01 EST 2014 , 4 , 2 , 2 , 161572 : { BUY 4539.63@0.80470892} 161571 : { BUY 4539.63@0.80470892} 161570 : { SELL 20367.34@0.8079342} 161569 : { SELL 20367.34@0.8079342} 
Thu Nov 20 18:22:02 EST 2014 , 4 , 2 , 2 , 161572 : { BUY 4539.63@0.80470892} 161571 : { BUY 4539.63@0.80470892} 161570 : { SELL 20367.34@0.8079342} 161569 : { SELL 20367.34@0.8079342} 
Thu Nov 20 18:25:04 EST 2014 , 4 , 2 , 2 , 161572 : { BUY 4539.63@0.80470892} 161571 : { BUY 4539.63@0.80470892} 161570 : { SELL 20367.34@0.8079342} 161569 : { SELL 20367.34@0.8079342} 
Thu Nov 20 18:28:04 EST 2014 , 4 , 2 , 2 , 161572 : { BUY 4539.63@0.80470892} 161571 : { BUY 4539.63@0.80470892} 161570 : { SELL 20367.34@0.8079342} 161569 : { SELL 20367.34@0.8079342} 
Thu Nov 20 18:31:05 EST 2014 , 4 , 2 , 2 , 161572 : { BUY 4539.63@0.80470892} 161571 : { BUY 4539.63@0.80470892} 161570 : { SELL 20367.34@0.8079342} 161569 : { SELL 20367.34@0.8079342} 
Thu Nov 20 18:34:06 EST 2014 , 4 , 2 , 2 , 161572 : { BUY 4539.63@0.80470892} 161571 : { BUY 4539.63@0.80470892} 161570 : { SELL 20367.34@0.8079342} 161569 : { SELL 20367.34@0.8079342} 
Thu Nov 20 18:37:07 EST 2014 , 4 , 2 , 2 , 161572 : { BUY 4539.63@0.80470892} 161571 : { BUY 4539.63@0.80470892} 161570 : { SELL 20367.34@0.8079342} 161569 : { SELL 20367.34@0.8079342} 
Thu Nov 20 18:40:09 EST 2014 , 4 , 2 , 2 , 161572 : { BUY 4539.63@0.80470892} 161571 : { BUY 4539.63@0.80470892} 161570 : { SELL 20367.34@0.8079342} 161569 : { SELL 20367.34@0.8079342} 
Thu Nov 20 18:43:09 EST 2014 , 4 , 2 , 2 , 161572 : { BUY 4539.63@0.80470892} 161571 : { BUY 4539.63@0.80470892} 161570 : { SELL 20367.34@0.8079342} 161569 : { SELL 20367.34@0.8079342} 
Thu Nov 20 18:46:10 EST 2014 , 4 , 2 , 2 , 161572 : { BUY 4539.63@0.80470892} 161571 : { BUY 4539.63@0.80470892} 161570 : { SELL 20367.34@0.8079342} 161569 : { SELL 20367.34@0.8079342} 
Thu Nov 20 18:49:11 EST 2014 , 4 , 2 , 2 , 161572 : { BUY 4539.63@0.80470892} 161571 : { BUY 4539.63@0.80470892} 161570 : { SELL 20367.34@0.8079342} 161569 : { SELL 20367.34@0.8079342} 
Thu Nov 20 18:52:12 EST 2014 , 4 , 2 , 2 , 161572 : { BUY 4539.63@0.80470892} 161571 : { BUY 4539.63@0.80470892} 161570 : { SELL 20367.34@0.8079342} 161569 : { SELL 20367.34@0.8079342} 
Thu Nov 20 18:55:14 EST 2014 , 4 , 2 , 2 , 161572 : { BUY 4539.63@0.80470892} 161571 : { BUY 4539.63@0.80470892} 161570 : { SELL 20367.34@0.8079342} 161569 : { SELL 20367.34@0.8079342} 
Thu Nov 20 18:58:14 EST 2014 , 4 , 2 , 2 , 161572 : { BUY 4539.63@0.80470892} 161571 : { BUY 4539.63@0.80470892} 161570 : { SELL 20367.34@0.8079342} 161569 : { SELL 20367.34@0.8079342} 
Thu Nov 20 19:01:15 EST 2014 , 4 , 2 , 2 , 161572 : { BUY 4539.63@0.80470892} 161571 : { BUY 4539.63@0.80470892} 161570 : { SELL 20367.34@0.8079342} 161569 : { SELL 20367.34@0.8079342} 
Thu Nov 20 19:04:16 EST 2014 , 4 , 2 , 2 , 161572 : { BUY 4539.63@0.80470892} 161571 : { BUY 4539.63@0.80470892} 161570 : { SELL 20367.34@0.8079342} 161569 : { SELL 20367.34@0.8079342} 
Thu Nov 20 19:07:18 EST 2014 , 4 , 2 , 2 , 161572 : { BUY 4539.63@0.80470892} 161571 : { BUY 4539.63@0.80470892} 161570 : { SELL 20367.34@0.8079342} 161569 : { SELL 20367.34@0.8079342} 
Thu Nov 20 19:10:18 EST 2014 , 4 , 2 , 2 , 161572 : { BUY 4539.63@0.80470892} 161571 : { BUY 4539.63@0.80470892} 161570 : { SELL 20367.34@0.8079342} 161569 : { SELL 20367.34@0.8079342} 
Thu Nov 20 19:13:20 EST 2014 , 4 , 2 , 2 , 161572 : { BUY 4539.63@0.80470892} 161571 : { BUY 4539.63@0.80470892} 161570 : { SELL 20367.34@0.8079342} 161569 : { SELL 20367.34@0.8079342} 
Thu Nov 20 19:16:20 EST 2014 , 4 , 2 , 2 , 161572 : { BUY 4539.63@0.80470892} 161571 : { BUY 4539.63@0.80470892} 161570 : { SELL 20367.34@0.8079342} 161569 : { SELL 20367.34@0.8079342} 
Thu Nov 20 19:19:21 EST 2014 , 4 , 2 , 2 , 161572 : { BUY 4539.63@0.80470892} 161571 : { BUY 4539.63@0.80470892} 161570 : { SELL 20367.34@0.8079342} 161569 : { SELL 20367.34@0.8079342} 
Thu Nov 20 19:22:23 EST 2014 , 4 , 2 , 2 , 161572 : { BUY 4539.63@0.80470892} 161571 : { BUY 4539.63@0.80470892} 161570 : { SELL 20367.34@0.8079342} 161569 : { SELL 20367.34@0.8079342} 
Thu Nov 20 19:25:23 EST 2014 , 4 , 2 , 2 , 161572 : { BUY 4539.63@0.80470892} 161571 : { BUY 4539.63@0.80470892} 161570 : { SELL 20367.34@0.8079342} 161569 : { SELL 20367.34@0.8079342} 
Thu Nov 20 19:28:25 EST 2014 , 4 , 2 , 2 , 161572 : { BUY 4539.63@0.80470892} 161571 : { BUY 4539.63@0.80470892} 161570 : { SELL 20367.34@0.8079342} 161569 : { SELL 20367.34@0.8079342} 
Thu Nov 20 19:31:25 EST 2014 , 4 , 2 , 2 , 161572 : { BUY 4539.63@0.80470892} 161571 : { BUY 4539.63@0.80470892} 161570 : { SELL 20367.34@0.8079342} 161569 : { SELL 20367.34@0.8079342} 
Thu Nov 20 19:34:26 EST 2014 , 4 , 2 , 2 , 161572 : { BUY 4539.63@0.80470892} 161571 : { BUY 4539.63@0.80470892} 161570 : { SELL 20367.34@0.8079342} 161569 : { SELL 20367.34@0.8079342} 
Thu Nov 20 19:37:28 EST 2014 , 4 , 2 , 2 , 161572 : { BUY 4539.63@0.80470892} 161571 : { BUY 4539.63@0.80470892} 161570 : { SELL 20367.34@0.8079342} 161569 : { SELL 20367.34@0.8079342} 
Thu Nov 20 19:40:28 EST 2014 , 4 , 2 , 2 , 161572 : { BUY 4539.63@0.80470892} 161571 : { BUY 4539.63@0.80470892} 161570 : { SELL 20367.34@0.8079342} 161569 : { SELL 20367.34@0.8079342} 
Thu Nov 20 19:43:29 EST 2014 , 4 , 2 , 2 , 161572 : { BUY 4539.63@0.80470892} 161571 : { BUY 4539.63@0.80470892} 161570 : { SELL 20367.34@0.8079342} 161569 : { SELL 20367.34@0.8079342} 
Thu Nov 20 19:46:30 EST 2014 , 4 , 2 , 2 , 161572 : { BUY 4539.63@0.80470892} 161571 : { BUY 4539.63@0.80470892} 161570 : { SELL 20367.34@0.8079342} 161569 : { SELL 20367.34@0.8079342} 
Thu Nov 20 19:49:32 EST 2014 , 4 , 2 , 2 , 161572 : { BUY 4539.63@0.80470892} 161571 : { BUY 4539.63@0.80470892} 161570 : { SELL 20367.34@0.8079342} 161569 : { SELL 20367.34@0.8079342} 
Thu Nov 20 19:52:33 EST 2014 , 4 , 2 , 2 , 161572 : { BUY 4539.63@0.80470892} 161571 : { BUY 4539.63@0.80470892} 161570 : { SELL 20367.34@0.8079342} 161569 : { SELL 20367.34@0.8079342} 
Thu Nov 20 19:55:33 EST 2014 , 4 , 2 , 2 , 161572 : { BUY 4539.63@0.80470892} 161571 : { BUY 4539.63@0.80470892} 161570 : { SELL 20367.34@0.8079342} 161569 : { SELL 20367.34@0.8079342} 
Thu Nov 20 19:58:35 EST 2014 , 4 , 2 , 2 , 161572 : { BUY 4539.63@0.80470892} 161571 : { BUY 4539.63@0.80470892} 161570 : { SELL 20367.34@0.8079342} 161569 : { SELL 20367.34@0.8079342} 
Thu Nov 20 20:01:35 EST 2014 , 4 , 2 , 2 , 161572 : { BUY 4539.63@0.80470892} 161571 : { BUY 4539.63@0.80470892} 161570 : { SELL 20367.34@0.8079342} 161569 : { SELL 20367.34@0.8079342} 
Thu Nov 20 20:04:36 EST 2014 , 4 , 2 , 2 , 161572 : { BUY 4539.63@0.80470892} 161571 : { BUY 4539.63@0.80470892} 161570 : { SELL 20367.34@0.8079342} 161569 : { SELL 20367.34@0.8079342} 
Thu Nov 20 20:07:37 EST 2014 , 4 , 2 , 2 , 161572 : { BUY 4539.63@0.80470892} 161571 : { BUY 4539.63@0.80470892} 161570 : { SELL 20367.34@0.8079342} 161569 : { SELL 20367.34@0.8079342} 
Thu Nov 20 20:10:38 EST 2014 , 4 , 2 , 2 , 161572 : { BUY 4539.63@0.80470892} 161571 : { BUY 4539.63@0.80470892} 161570 : { SELL 20367.34@0.8079342} 161569 : { SELL 20367.34@0.8079342} 
Thu Nov 20 20:13:39 EST 2014 , 4 , 2 , 2 , 161572 : { BUY 4539.63@0.80470892} 161571 : { BUY 4539.63@0.80470892} 161570 : { SELL 20367.34@0.8079342} 161569 : { SELL 20367.34@0.8079342} 
Thu Nov 20 20:16:41 EST 2014 , 4 , 2 , 2 , 161572 : { BUY 4539.63@0.80470892} 161571 : { BUY 4539.63@0.80470892} 161570 : { SELL 20367.34@0.8079342} 161569 : { SELL 20367.34@0.8079342} 
Thu Nov 20 20:19:41 EST 2014 , 4 , 2 , 2 , 161572 : { BUY 4539.63@0.80470892} 161571 : { BUY 4539.63@0.80470892} 161570 : { SELL 20367.34@0.8079342} 161569 : { SELL 20367.34@0.8079342} 
Thu Nov 20 20:22:43 EST 2014 , 4 , 2 , 2 , 161572 : { BUY 4539.63@0.80470892} 161571 : { BUY 4539.63@0.80470892} 161570 : { SELL 20367.34@0.8079342} 161569 : { SELL 20367.34@0.8079342} 
Thu Nov 20 20:25:44 EST 2014 , 4 , 2 , 2 , 161572 : { BUY 4539.63@0.80470892} 161571 : { BUY 4539.63@0.80470892} 161570 : { SELL 20367.34@0.8079342} 161569 : { SELL 20367.34@0.8079342} 
Thu Nov 20 20:28:45 EST 2014 , 4 , 2 , 2 , 161572 : { BUY 4539.63@0.80470892} 161571 : { BUY 4539.63@0.80470892} 161570 : { SELL 20367.34@0.8079342} 161569 : { SELL 20367.34@0.8079342} 
Thu Nov 20 20:31:45 EST 2014 , 4 , 2 , 2 , 161572 : { BUY 4539.63@0.80470892} 161571 : { BUY 4539.63@0.80470892} 161570 : { SELL 20367.34@0.8079342} 161569 : { SELL 20367.34@0.8079342} 
Thu Nov 20 20:34:47 EST 2014 , 4 , 2 , 2 , 161572 : { BUY 4539.63@0.80470892} 161571 : { BUY 4539.63@0.80470892} 161570 : { SELL 20367.34@0.8079342} 161569 : { SELL 20367.34@0.8079342} 
Thu Nov 20 20:37:47 EST 2014 , 4 , 2 , 2 , 161572 : { BUY 4539.63@0.80470892} 161571 : { BUY 4539.63@0.80470892} 161570 : { SELL 20367.34@0.8079342} 161569 : { SELL 20367.34@0.8079342} 
Thu Nov 20 20:40:48 EST 2014 , 4 , 2 , 2 , 161572 : { BUY 4539.63@0.80470892} 161571 : { BUY 4539.63@0.80470892} 161570 : { SELL 20367.34@0.8079342} 161569 : { SELL 20367.34@0.8079342} 
Thu Nov 20 20:43:49 EST 2014 , 4 , 2 , 2 , 161572 : { BUY 4539.63@0.80470892} 161571 : { BUY 4539.63@0.80470892} 161570 : { SELL 20367.34@0.8079342} 161569 : { SELL 20367.34@0.8079342} 
Thu Nov 20 20:46:50 EST 2014 , 4 , 2 , 2 , 161572 : { BUY 4539.63@0.80470892} 161571 : { BUY 4539.63@0.80470892} 161570 : { SELL 20367.34@0.8079342} 161569 : { SELL 20367.34@0.8079342} 
Thu Nov 20 20:49:51 EST 2014 , 4 , 2 , 2 , 161572 : { BUY 4539.63@0.80470892} 161571 : { BUY 4539.63@0.80470892} 161570 : { SELL 20367.34@0.8079342} 161569 : { SELL 20367.34@0.8079342} 
Thu Nov 20 20:52:52 EST 2014 , 4 , 2 , 2 , 161572 : { BUY 4539.63@0.80470892} 161571 : { BUY 4539.63@0.80470892} 161570 : { SELL 20367.34@0.8079342} 161569 : { SELL 20367.34@0.8079342} 
Thu Nov 20 20:55:53 EST 2014 , 4 , 2 , 2 , 161572 : { BUY 4539.63@0.80470892} 161571 : { BUY 4539.63@0.80470892} 161570 : { SELL 20367.34@0.8079342} 161569 : { SELL 20367.34@0.8079342} 
Thu Nov 20 20:58:55 EST 2014 , 4 , 2 , 2 , 161572 : { BUY 4539.63@0.80470892} 161571 : { BUY 4539.63@0.80470892} 161570 : { SELL 20367.34@0.8079342} 161569 : { SELL 20367.34@0.8079342} 
Thu Nov 20 21:01:56 EST 2014 , 4 , 2 , 2 , 161572 : { BUY 4539.63@0.80470892} 161571 : { BUY 4539.63@0.80470892} 161570 : { SELL 20367.34@0.8079342} 161569 : { SELL 20367.34@0.8079342} 
Thu Nov 20 21:04:57 EST 2014 , 4 , 2 , 2 , 161572 : { BUY 4539.63@0.80470892} 161571 : { BUY 4539.63@0.80470892} 161570 : { SELL 20367.34@0.8079342} 161569 : { SELL 20367.34@0.8079342} 
Thu Nov 20 21:07:58 EST 2014 , 4 , 2 , 2 , 161572 : { BUY 4539.63@0.80470892} 161571 : { BUY 4539.63@0.80470892} 161570 : { SELL 20367.34@0.8079342} 161569 : { SELL 20367.34@0.8079342} 
Thu Nov 20 21:10:58 EST 2014 , 4 , 2 , 2 , 161572 : { BUY 4539.63@0.80470892} 161571 : { BUY 4539.63@0.80470892} 161570 : { SELL 20367.34@0.8079342} 161569 : { SELL 20367.34@0.8079342} 
Thu Nov 20 21:13:59 EST 2014 , 4 , 2 , 2 , 161572 : { BUY 4539.63@0.80470892} 161571 : { BUY 4539.63@0.80470892} 161570 : { SELL 20367.34@0.8079342} 161569 : { SELL 20367.34@0.8079342} 
Thu Nov 20 21:17:00 EST 2014 , 4 , 2 , 2 , 161572 : { BUY 4539.63@0.80470892} 161571 : { BUY 4539.63@0.80470892} 161570 : { SELL 20367.34@0.8079342} 161569 : { SELL 20367.34@0.8079342} 
Thu Nov 20 21:20:01 EST 2014 , 4 , 2 , 2 , 161572 : { BUY 4539.63@0.80470892} 161571 : { BUY 4539.63@0.80470892} 161570 : { SELL 20367.34@0.8079342} 161569 : { SELL 20367.34@0.8079342} 
Thu Nov 20 21:23:03 EST 2014 , 4 , 2 , 2 , 161572 : { BUY 4539.63@0.80470892} 161571 : { BUY 4539.63@0.80470892} 161570 : { SELL 20367.34@0.8079342} 161569 : { SELL 20367.34@0.8079342} 
Thu Nov 20 21:26:04 EST 2014 , 4 , 2 , 2 , 161572 : { BUY 4539.63@0.80470892} 161571 : { BUY 4539.63@0.80470892} 161570 : { SELL 20367.34@0.8079342} 161569 : { SELL 20367.34@0.8079342} 
Thu Nov 20 21:29:05 EST 2014 , 4 , 2 , 2 , 161572 : { BUY 4539.63@0.80470892} 161571 : { BUY 4539.63@0.80470892} 161570 : { SELL 20367.34@0.8079342} 161569 : { SELL 20367.34@0.8079342} 
Thu Nov 20 21:32:05 EST 2014 , 4 , 2 , 2 , 161572 : { BUY 4539.63@0.80470892} 161571 : { BUY 4539.63@0.80470892} 161570 : { SELL 20367.34@0.8079342} 161569 : { SELL 20367.34@0.8079342} 
Thu Nov 20 21:35:07 EST 2014 , 4 , 2 , 2 , 161572 : { BUY 4539.63@0.80470892} 161571 : { BUY 4539.63@0.80470892} 161570 : { SELL 20367.34@0.8079342} 161569 : { SELL 20367.34@0.8079342} 
Thu Nov 20 21:38:08 EST 2014 , 4 , 2 , 2 , 161572 : { BUY 4539.63@0.80470892} 161571 : { BUY 4539.63@0.80470892} 161570 : { SELL 20367.34@0.8079342} 161569 : { SELL 20367.34@0.8079342} 
Thu Nov 20 21:41:09 EST 2014 , 4 , 2 , 2 , 161572 : { BUY 4539.63@0.80470892} 161571 : { BUY 4539.63@0.80470892} 161570 : { SELL 20367.34@0.8079342} 161569 : { SELL 20367.34@0.8079342} 
Thu Nov 20 21:44:10 EST 2014 , 4 , 2 , 2 , 161572 : { BUY 4539.63@0.80470892} 161571 : { BUY 4539.63@0.80470892} 161570 : { SELL 20367.34@0.8079342} 161569 : { SELL 20367.34@0.8079342} 
Thu Nov 20 21:47:11 EST 2014 , 4 , 2 , 2 , 161572 : { BUY 4539.63@0.80470892} 161571 : { BUY 4539.63@0.80470892} 161570 : { SELL 20367.34@0.8079342} 161569 : { SELL 20367.34@0.8079342} 
Thu Nov 20 21:50:11 EST 2014 , 4 , 2 , 2 , 161572 : { BUY 4539.63@0.80470892} 161571 : { BUY 4539.63@0.80470892} 161570 : { SELL 20367.34@0.8079342} 161569 : { SELL 20367.34@0.8079342} 
Thu Nov 20 21:53:13 EST 2014 , 4 , 2 , 2 , 161572 : { BUY 4539.63@0.80470892} 161571 : { BUY 4539.63@0.80470892} 161570 : { SELL 20367.34@0.8079342} 161569 : { SELL 20367.34@0.8079342} 
Thu Nov 20 21:56:14 EST 2014 , 4 , 2 , 2 , 161572 : { BUY 4539.63@0.80470892} 161571 : { BUY 4539.63@0.80470892} 161570 : { SELL 20367.34@0.8079342} 161569 : { SELL 20367.34@0.8079342} 
Thu Nov 20 21:59:14 EST 2014 , 4 , 2 , 2 , 161572 : { BUY 4539.63@0.80470892} 161571 : { BUY 4539.63@0.80470892} 161570 : { SELL 20367.34@0.8079342} 161569 : { SELL 20367.34@0.8079342} 
Thu Nov 20 22:02:16 EST 2014 , 4 , 2 , 2 , 161572 : { BUY 4539.63@0.80470892} 161571 : { BUY 4539.63@0.80470892} 161570 : { SELL 20367.34@0.8079342} 161569 : { SELL 20367.34@0.8079342} 
Thu Nov 20 22:05:16 EST 2014 , 4 , 2 , 2 , 161572 : { BUY 4539.63@0.80470892} 161571 : { BUY 4539.63@0.80470892} 161570 : { SELL 20367.34@0.8079342} 161569 : { SELL 20367.34@0.8079342} 
Thu Nov 20 22:08:17 EST 2014 , 4 , 2 , 2 , 161572 : { BUY 4539.63@0.80470892} 161571 : { BUY 4539.63@0.80470892} 161570 : { SELL 20367.34@0.8079342} 161569 : { SELL 20367.34@0.8079342} 
Thu Nov 20 22:11:19 EST 2014 , 4 , 2 , 2 , 161572 : { BUY 4539.63@0.80470892} 161571 : { BUY 4539.63@0.80470892} 161570 : { SELL 20367.34@0.8079342} 161569 : { SELL 20367.34@0.8079342} 
Thu Nov 20 22:14:20 EST 2014 , 4 , 2 , 2 , 161572 : { BUY 4539.63@0.80470892} 161571 : { BUY 4539.63@0.80470892} 161570 : { SELL 20367.34@0.8079342} 161569 : { SELL 20367.34@0.8079342} 
Thu Nov 20 22:17:21 EST 2014 , 4 , 2 , 2 , 161572 : { BUY 4539.63@0.80470892} 161571 : { BUY 4539.63@0.80470892} 161570 : { SELL 20367.34@0.8079342} 161569 : { SELL 20367.34@0.8079342} 
Thu Nov 20 22:20:22 EST 2014 , 4 , 2 , 2 , 161572 : { BUY 4539.63@0.80470892} 161571 : { BUY 4539.63@0.80470892} 161570 : { SELL 20367.34@0.8079342} 161569 : { SELL 20367.34@0.8079342} 
Thu Nov 20 22:23:23 EST 2014 , 4 , 2 , 2 , 161572 : { BUY 4539.63@0.80470892} 161571 : { BUY 4539.63@0.80470892} 161570 : { SELL 20367.34@0.8079342} 161569 : { SELL 20367.34@0.8079342} 
Thu Nov 20 22:26:24 EST 2014 , 4 , 2 , 2 , 161572 : { BUY 4539.63@0.80470892} 161571 : { BUY 4539.63@0.80470892} 161570 : { SELL 20367.34@0.8079342} 161569 : { SELL 20367.34@0.8079342} 
Thu Nov 20 22:29:24 EST 2014 , 4 , 2 , 2 , 161572 : { BUY 4539.63@0.80470892} 161571 : { BUY 4539.63@0.80470892} 161570 : { SELL 20367.34@0.8079342} 161569 : { SELL 20367.34@0.8079342} 
Thu Nov 20 22:32:26 EST 2014 , 4 , 2 , 2 , 161572 : { BUY 4539.63@0.80470892} 161571 : { BUY 4539.63@0.80470892} 161570 : { SELL 20367.34@0.8079342} 161569 : { SELL 20367.34@0.8079342} 
Thu Nov 20 22:35:26 EST 2014 , 4 , 2 , 2 , 161572 : { BUY 4539.63@0.80470892} 161571 : { BUY 4539.63@0.80470892} 161570 : { SELL 20367.34@0.8079342} 161569 : { SELL 20367.34@0.8079342} 
Thu Nov 20 22:38:28 EST 2014 , 4 , 2 , 2 , 161572 : { BUY 4539.63@0.80470892} 161571 : { BUY 4539.63@0.80470892} 161570 : { SELL 20367.34@0.8079342} 161569 : { SELL 20367.34@0.8079342} 
Thu Nov 20 22:41:28 EST 2014 , 4 , 2 , 2 , 161572 : { BUY 4539.63@0.80470892} 161571 : { BUY 4539.63@0.80470892} 161570 : { SELL 20367.34@0.8079342} 161569 : { SELL 20367.34@0.8079342} 
Thu Nov 20 22:44:30 EST 2014 , 4 , 2 , 2 , 161572 : { BUY 4539.63@0.80470892} 161571 : { BUY 4539.63@0.80470892} 161570 : { SELL 20367.34@0.8079342} 161569 : { SELL 20367.34@0.8079342} 
Thu Nov 20 22:47:31 EST 2014 , 4 , 2 , 2 , 161572 : { BUY 4539.63@0.80470892} 161571 : { BUY 4539.63@0.80470892} 161570 : { SELL 20367.34@0.8079342} 161569 : { SELL 20367.34@0.8079342} 
Thu Nov 20 22:50:32 EST 2014 , 4 , 2 , 2 , 161572 : { BUY 4539.63@0.80470892} 161571 : { BUY 4539.63@0.80470892} 161570 : { SELL 20367.34@0.8079342} 161569 : { SELL 20367.34@0.8079342} 
Thu Nov 20 22:53:33 EST 2014 , 4 , 2 , 2 , 161572 : { BUY 4539.63@0.80470892} 161571 : { BUY 4539.63@0.80470892} 161570 : { SELL 20367.34@0.8079342} 161569 : { SELL 20367.34@0.8079342} 
Thu Nov 20 22:56:34 EST 2014 , 4 , 2 , 2 , 161572 : { BUY 4539.63@0.80470892} 161571 : { BUY 4539.63@0.80470892} 161570 : { SELL 20367.34@0.8079342} 161569 : { SELL 20367.34@0.8079342} 
Thu Nov 20 22:59:35 EST 2014 , 4 , 2 , 2 , 161572 : { BUY 4539.63@0.80470892} 161571 : { BUY 4539.63@0.80470892} 161570 : { SELL 20367.34@0.8079342} 161569 : { SELL 20367.34@0.8079342} 
Thu Nov 20 23:02:36 EST 2014 , 4 , 2 , 2 , 161572 : { BUY 4539.63@0.80470892} 161571 : { BUY 4539.63@0.80470892} 161570 : { SELL 20367.34@0.8079342} 161569 : { SELL 20367.34@0.8079342} 
Thu Nov 20 23:05:37 EST 2014 , 4 , 2 , 2 , 161572 : { BUY 4539.63@0.80470892} 161571 : { BUY 4539.63@0.80470892} 161570 : { SELL 20367.34@0.8079342} 161569 : { SELL 20367.34@0.8079342} 
Thu Nov 20 23:08:38 EST 2014 , 4 , 2 , 2 , 161572 : { BUY 4539.63@0.80470892} 161571 : { BUY 4539.63@0.80470892} 161570 : { SELL 20367.34@0.8079342} 161569 : { SELL 20367.34@0.8079342} 
Thu Nov 20 23:11:39 EST 2014 , 4 , 2 , 2 , 161572 : { BUY 4539.63@0.80470892} 161571 : { BUY 4539.63@0.80470892} 161570 : { SELL 20367.34@0.8079342} 161569 : { SELL 20367.34@0.8079342} 
Thu Nov 20 23:14:40 EST 2014 , 4 , 2 , 2 , 161572 : { BUY 4539.63@0.80470892} 161571 : { BUY 4539.63@0.80470892} 161570 : { SELL 20367.34@0.8079342} 161569 : { SELL 20367.34@0.8079342} 
Thu Nov 20 23:17:41 EST 2014 , 4 , 2 , 2 , 161572 : { BUY 4539.63@0.80470892} 161571 : { BUY 4539.63@0.80470892} 161570 : { SELL 20367.34@0.8079342} 161569 : { SELL 20367.34@0.8079342} 
Thu Nov 20 23:20:42 EST 2014 , 4 , 2 , 2 , 161572 : { BUY 4539.63@0.80470892} 161571 : { BUY 4539.63@0.80470892} 161570 : { SELL 20367.34@0.8079342} 161569 : { SELL 20367.34@0.8079342} 
Thu Nov 20 23:23:43 EST 2014 , 4 , 2 , 2 , 161572 : { BUY 4539.63@0.80470892} 161571 : { BUY 4539.63@0.80470892} 161570 : { SELL 20367.34@0.8079342} 161569 : { SELL 20367.34@0.8079342} 
Thu Nov 20 23:26:44 EST 2014 , 4 , 2 , 2 , 161572 : { BUY 4539.63@0.80470892} 161571 : { BUY 4539.63@0.80470892} 161570 : { SELL 20367.34@0.8079342} 161569 : { SELL 20367.34@0.8079342} 
Thu Nov 20 23:29:45 EST 2014 , 4 , 2 , 2 , 161572 : { BUY 4539.63@0.80470892} 161571 : { BUY 4539.63@0.80470892} 161570 : { SELL 20367.34@0.8079342} 161569 : { SELL 20367.34@0.8079342} 
Thu Nov 20 23:32:46 EST 2014 , 4 , 2 , 2 , 161572 : { BUY 4539.63@0.80470892} 161571 : { BUY 4539.63@0.80470892} 161570 : { SELL 20367.34@0.8079342} 161569 : { SELL 20367.34@0.8079342} 
Thu Nov 20 23:35:47 EST 2014 , 4 , 2 , 2 , 161572 : { BUY 4539.63@0.80470892} 161571 : { BUY 4539.63@0.80470892} 161570 : { SELL 20367.34@0.8079342} 161569 : { SELL 20367.34@0.8079342} 
Thu Nov 20 23:38:48 EST 2014 , 4 , 2 , 2 , 161572 : { BUY 4539.63@0.80470892} 161571 : { BUY 4539.63@0.80470892} 161570 : { SELL 20367.34@0.8079342} 161569 : { SELL 20367.34@0.8079342} 
Thu Nov 20 23:41:49 EST 2014 , 4 , 2 , 2 , 161572 : { BUY 4539.63@0.80470892} 161571 : { BUY 4539.63@0.80470892} 161570 : { SELL 20367.34@0.8079342} 161569 : { SELL 20367.34@0.8079342} 
Thu Nov 20 23:44:50 EST 2014 , 4 , 2 , 2 , 161572 : { BUY 4539.63@0.80470892} 161571 : { BUY 4539.63@0.80470892} 161570 : { SELL 20367.34@0.8079342} 161569 : { SELL 20367.34@0.8079342} 
Thu Nov 20 23:47:51 EST 2014 , 4 , 2 , 2 , 161572 : { BUY 4539.63@0.80470892} 161571 : { BUY 4539.63@0.80470892} 161570 : { SELL 20367.34@0.8079342} 161569 : { SELL 20367.34@0.8079342} 
Thu Nov 20 23:50:52 EST 2014 , 4 , 2 , 2 , 161572 : { BUY 4539.63@0.80470892} 161571 : { BUY 4539.63@0.80470892} 161570 : { SELL 20367.34@0.8079342} 161569 : { SELL 20367.34@0.8079342} 
Thu Nov 20 23:53:53 EST 2014 , 4 , 2 , 2 , 161572 : { BUY 4539.63@0.80470892} 161571 : { BUY 4539.63@0.80470892} 161570 : { SELL 20367.34@0.8079342} 161569 : { SELL 20367.34@0.8079342} 
Thu Nov 20 23:56:54 EST 2014 , 4 , 2 , 2 , 161572 : { BUY 4539.63@0.80470892} 161571 : { BUY 4539.63@0.80470892} 161570 : { SELL 20367.34@0.8079342} 161569 : { SELL 20367.34@0.8079342} 
Thu Nov 20 23:59:55 EST 2014 , 4 , 2 , 2 , 161572 : { BUY 4539.63@0.80470892} 161571 : { BUY 4539.63@0.80470892} 161570 : { SELL 20367.34@0.8079342} 161569 : { SELL 20367.34@0.8079342} 
Fri Nov 21 00:02:56 EST 2014 , 4 , 2 , 2 , 161572 : { BUY 4539.63@0.80470892} 161571 : { BUY 4539.63@0.80470892} 161570 : { SELL 20367.34@0.8079342} 161569 : { SELL 20367.34@0.8079342} 
Fri Nov 21 00:05:57 EST 2014 , 4 , 2 , 2 , 161572 : { BUY 4539.63@0.80470892} 161571 : { BUY 4539.63@0.80470892} 161570 : { SELL 20367.34@0.8079342} 161569 : { SELL 20367.34@0.8079342} 
Fri Nov 21 00:08:58 EST 2014 , 4 , 2 , 2 , 161572 : { BUY 4539.63@0.80470892} 161571 : { BUY 4539.63@0.80470892} 161570 : { SELL 20367.34@0.8079342} 161569 : { SELL 20367.34@0.8079342} 
Fri Nov 21 00:11:59 EST 2014 , 4 , 2 , 2 , 161572 : { BUY 4539.63@0.80470892} 161571 : { BUY 4539.63@0.80470892} 161570 : { SELL 20367.34@0.8079342} 161569 : { SELL 20367.34@0.8079342} 
Fri Nov 21 00:15:00 EST 2014 , 4 , 2 , 2 , 161572 : { BUY 4539.63@0.80470892} 161571 : { BUY 4539.63@0.80470892} 161570 : { SELL 20367.34@0.8079342} 161569 : { SELL 20367.34@0.8079342} 
Fri Nov 21 00:18:01 EST 2014 , 4 , 2 , 2 , 161572 : { BUY 4539.63@0.80470892} 161571 : { BUY 4539.63@0.80470892} 161570 : { SELL 20367.34@0.8079342} 161569 : { SELL 20367.34@0.8079342} 
Fri Nov 21 00:21:02 EST 2014 , 4 , 2 , 2 , 161572 : { BUY 4539.63@0.80470892} 161571 : { BUY 4539.63@0.80470892} 161570 : { SELL 20367.34@0.8079342} 161569 : { SELL 20367.34@0.8079342} 
Fri Nov 21 00:24:03 EST 2014 , 4 , 2 , 2 , 161572 : { BUY 4539.63@0.80470892} 161571 : { BUY 4539.63@0.80470892} 161570 : { SELL 20367.34@0.8079342} 161569 : { SELL 20367.34@0.8079342} 
Fri Nov 21 00:27:04 EST 2014 , 4 , 2 , 2 , 161572 : { BUY 4539.63@0.80470892} 161571 : { BUY 4539.63@0.80470892} 161570 : { SELL 20367.34@0.8079342} 161569 : { SELL 20367.34@0.8079342} 
Fri Nov 21 00:30:05 EST 2014 , 4 , 2 , 2 , 161572 : { BUY 4539.63@0.80470892} 161571 : { BUY 4539.63@0.80470892} 161570 : { SELL 20367.34@0.8079342} 161569 : { SELL 20367.34@0.8079342} 
Fri Nov 21 00:33:06 EST 2014 , 4 , 2 , 2 , 161572 : { BUY 4539.63@0.80470892} 161571 : { BUY 4539.63@0.80470892} 161570 : { SELL 20367.34@0.8079342} 161569 : { SELL 20367.34@0.8079342} 
Fri Nov 21 00:36:07 EST 2014 , 4 , 2 , 2 , 161572 : { BUY 4539.63@0.80470892} 161571 : { BUY 4539.63@0.80470892} 161570 : { SELL 20367.34@0.8079342} 161569 : { SELL 20367.34@0.8079342} 
Fri Nov 21 00:39:08 EST 2014 , 4 , 2 , 2 , 161572 : { BUY 4539.63@0.80470892} 161571 : { BUY 4539.63@0.80470892} 161570 : { SELL 20367.34@0.8079342} 161569 : { SELL 20367.34@0.8079342} 
Fri Nov 21 00:42:09 EST 2014 , 4 , 2 , 2 , 161572 : { BUY 4539.63@0.80470892} 161571 : { BUY 4539.63@0.80470892} 161570 : { SELL 20367.34@0.8079342} 161569 : { SELL 20367.34@0.8079342} 
Fri Nov 21 00:45:10 EST 2014 , 4 , 2 , 2 , 161572 : { BUY 4539.63@0.80470892} 161571 : { BUY 4539.63@0.80470892} 161570 : { SELL 20367.34@0.8079342} 161569 : { SELL 20367.34@0.8079342} 
Fri Nov 21 00:48:11 EST 2014 , 4 , 2 , 2 , 161572 : { BUY 4539.63@0.80470892} 161571 : { BUY 4539.63@0.80470892} 161570 : { SELL 20367.34@0.8079342} 161569 : { SELL 20367.34@0.8079342} 
Fri Nov 21 00:51:12 EST 2014 , 4 , 2 , 2 , 161572 : { BUY 4539.63@0.80470892} 161571 : { BUY 4539.63@0.80470892} 161570 : { SELL 20367.34@0.8079342} 161569 : { SELL 20367.34@0.8079342} 
Fri Nov 21 00:54:13 EST 2014 , 4 , 2 , 2 , 161572 : { BUY 4539.63@0.80470892} 161571 : { BUY 4539.63@0.80470892} 161570 : { SELL 20367.34@0.8079342} 161569 : { SELL 20367.34@0.8079342} 
Fri Nov 21 00:57:14 EST 2014 , 4 , 2 , 2 , 161572 : { BUY 4539.63@0.80470892} 161571 : { BUY 4539.63@0.80470892} 161570 : { SELL 20367.34@0.8079342} 161569 : { SELL 20367.34@0.8079342} 
Fri Nov 21 01:00:15 EST 2014 , 4 , 2 , 2 , 161572 : { BUY 4539.63@0.80470892} 161571 : { BUY 4539.63@0.80470892} 161570 : { SELL 20367.34@0.8079342} 161569 : { SELL 20367.34@0.8079342} 
Fri Nov 21 01:03:16 EST 2014 , 4 , 2 , 2 , 161572 : { BUY 4539.63@0.80470892} 161571 : { BUY 4539.63@0.80470892} 161570 : { SELL 20367.34@0.8079342} 161569 : { SELL 20367.34@0.8079342} 
Fri Nov 21 01:06:17 EST 2014 , 4 , 2 , 2 , 161572 : { BUY 4539.63@0.80470892} 161571 : { BUY 4539.63@0.80470892} 161570 : { SELL 20367.34@0.8079342} 161569 : { SELL 20367.34@0.8079342} 
Fri Nov 21 01:09:18 EST 2014 , 4 , 2 , 2 , 161572 : { BUY 4539.63@0.80470892} 161571 : { BUY 4539.63@0.80470892} 161570 : { SELL 20367.34@0.8079342} 161569 : { SELL 20367.34@0.8079342} 
Fri Nov 21 01:12:19 EST 2014 , 4 , 2 , 2 , 161572 : { BUY 4539.63@0.80470892} 161571 : { BUY 4539.63@0.80470892} 161570 : { SELL 20367.34@0.8079342} 161569 : { SELL 20367.34@0.8079342} 
Fri Nov 21 01:15:20 EST 2014 , 4 , 2 , 2 , 161572 : { BUY 4539.63@0.80470892} 161571 : { BUY 4539.63@0.80470892} 161570 : { SELL 20367.34@0.8079342} 161569 : { SELL 20367.34@0.8079342} 
Fri Nov 21 01:18:21 EST 2014 , 4 , 2 , 2 , 161572 : { BUY 4539.63@0.80470892} 161571 : { BUY 4539.63@0.80470892} 161570 : { SELL 20367.34@0.8079342} 161569 : { SELL 20367.34@0.8079342} 
Fri Nov 21 01:21:22 EST 2014 , 4 , 2 , 2 , 161572 : { BUY 4539.63@0.80470892} 161571 : { BUY 4539.63@0.80470892} 161570 : { SELL 20367.34@0.8079342} 161569 : { SELL 20367.34@0.8079342} 
Fri Nov 21 01:24:23 EST 2014 , 4 , 2 , 2 , 161572 : { BUY 4539.63@0.80470892} 161571 : { BUY 4539.63@0.80470892} 161570 : { SELL 20367.34@0.8079342} 161569 : { SELL 20367.34@0.8079342} 
Fri Nov 21 01:27:24 EST 2014 , 4 , 2 , 2 , 161572 : { BUY 4539.63@0.80470892} 161571 : { BUY 4539.63@0.80470892} 161570 : { SELL 20367.34@0.8079342} 161569 : { SELL 20367.34@0.8079342} 
Fri Nov 21 01:30:25 EST 2014 , 4 , 2 , 2 , 161572 : { BUY 4539.63@0.80470892} 161571 : { BUY 4539.63@0.80470892} 161570 : { SELL 20367.34@0.8079342} 161569 : { SELL 20367.34@0.8079342} 
Fri Nov 21 01:33:26 EST 2014 , 4 , 2 , 2 , 161572 : { BUY 4539.63@0.80470892} 161571 : { BUY 4539.63@0.80470892} 161570 : { SELL 20367.34@0.8079342} 161569 : { SELL 20367.34@0.8079342} 
Fri Nov 21 01:36:27 EST 2014 , 4 , 2 , 2 , 161572 : { BUY 4539.63@0.80470892} 161571 : { BUY 4539.63@0.80470892} 161570 : { SELL 20367.34@0.8079342} 161569 : { SELL 20367.34@0.8079342} 
Fri Nov 21 01:39:28 EST 2014 , 4 , 2 , 2 , 161572 : { BUY 4539.63@0.80470892} 161571 : { BUY 4539.63@0.80470892} 161570 : { SELL 20367.34@0.8079342} 161569 : { SELL 20367.34@0.8079342} 
Fri Nov 21 01:42:29 EST 2014 , 4 , 2 , 2 , 161572 : { BUY 4539.63@0.80470892} 161571 : { BUY 4539.63@0.80470892} 161570 : { SELL 20367.34@0.8079342} 161569 : { SELL 20367.34@0.8079342} 
Fri Nov 21 01:45:30 EST 2014 , 4 , 2 , 2 , 161572 : { BUY 4539.63@0.80470892} 161571 : { BUY 4539.63@0.80470892} 161570 : { SELL 20367.34@0.8079342} 161569 : { SELL 20367.34@0.8079342} 
Fri Nov 21 01:48:31 EST 2014 , 4 , 2 , 2 , 161572 : { BUY 4539.63@0.80470892} 161571 : { BUY 4539.63@0.80470892} 161570 : { SELL 20367.34@0.8079342} 161569 : { SELL 20367.34@0.8079342} 
Fri Nov 21 01:51:32 EST 2014 , 4 , 2 , 2 , 161572 : { BUY 4539.63@0.80470892} 161571 : { BUY 4539.63@0.80470892} 161570 : { SELL 20367.34@0.8079342} 161569 : { SELL 20367.34@0.8079342} 
Fri Nov 21 01:54:33 EST 2014 , 4 , 2 , 2 , 161572 : { BUY 4539.63@0.80470892} 161571 : { BUY 4539.63@0.80470892} 161570 : { SELL 20367.34@0.8079342} 161569 : { SELL 20367.34@0.8079342} 
Fri Nov 21 01:57:34 EST 2014 , 4 , 2 , 2 , 161572 : { BUY 4539.63@0.80470892} 161571 : { BUY 4539.63@0.80470892} 161570 : { SELL 20367.34@0.8079342} 161569 : { SELL 20367.34@0.8079342} 
Fri Nov 21 02:00:35 EST 2014 , 4 , 2 , 2 , 161572 : { BUY 4539.63@0.80470892} 161571 : { BUY 4539.63@0.80470892} 161570 : { SELL 20367.34@0.8079342} 161569 : { SELL 20367.34@0.8079342} 
Fri Nov 21 02:03:36 EST 2014 , 4 , 2 , 2 , 161572 : { BUY 4539.63@0.80470892} 161571 : { BUY 4539.63@0.80470892} 161570 : { SELL 20367.34@0.8079342} 161569 : { SELL 20367.34@0.8079342} 
Fri Nov 21 02:06:37 EST 2014 , 4 , 2 , 2 , 161572 : { BUY 4539.63@0.80470892} 161571 : { BUY 4539.63@0.80470892} 161570 : { SELL 20367.34@0.8079342} 161569 : { SELL 20367.34@0.8079342} 
Fri Nov 21 02:09:38 EST 2014 , 4 , 2 , 2 , 161572 : { BUY 4539.63@0.80470892} 161571 : { BUY 4539.63@0.80470892} 161570 : { SELL 20367.34@0.8079342} 161569 : { SELL 20367.34@0.8079342} 
Fri Nov 21 02:12:39 EST 2014 , 4 , 2 , 2 , 161572 : { BUY 4539.63@0.80470892} 161571 : { BUY 4539.63@0.80470892} 161570 : { SELL 20367.34@0.8079342} 161569 : { SELL 20367.34@0.8079342} 
Fri Nov 21 02:15:40 EST 2014 , 4 , 2 , 2 , 161572 : { BUY 4539.63@0.80470892} 161571 : { BUY 4539.63@0.80470892} 161570 : { SELL 20367.34@0.8079342} 161569 : { SELL 20367.34@0.8079342} 
Fri Nov 21 02:18:41 EST 2014 , 4 , 2 , 2 , 161572 : { BUY 4539.63@0.80470892} 161571 : { BUY 4539.63@0.80470892} 161570 : { SELL 20367.34@0.8079342} 161569 : { SELL 20367.34@0.8079342} 
Fri Nov 21 02:21:42 EST 2014 , 4 , 2 , 2 , 161572 : { BUY 4539.63@0.80470892} 161571 : { BUY 4539.63@0.80470892} 161570 : { SELL 20367.34@0.8079342} 161569 : { SELL 20367.34@0.8079342} 
Fri Nov 21 02:24:43 EST 2014 , 4 , 2 , 2 , 161572 : { BUY 4539.63@0.80470892} 161571 : { BUY 4539.63@0.80470892} 161570 : { SELL 20367.34@0.8079342} 161569 : { SELL 20367.34@0.8079342} 
Fri Nov 21 02:27:44 EST 2014 , 4 , 2 , 2 , 161572 : { BUY 4539.63@0.80470892} 161571 : { BUY 4539.63@0.80470892} 161570 : { SELL 20367.34@0.8079342} 161569 : { SELL 20367.34@0.8079342} 
Fri Nov 21 02:30:45 EST 2014 , 4 , 2 , 2 , 161572 : { BUY 4539.63@0.80470892} 161571 : { BUY 4539.63@0.80470892} 161570 : { SELL 20367.34@0.8079342} 161569 : { SELL 20367.34@0.8079342} 
Fri Nov 21 02:33:46 EST 2014 , 4 , 2 , 2 , 161572 : { BUY 4539.63@0.80470892} 161571 : { BUY 4539.63@0.80470892} 161570 : { SELL 20367.34@0.8079342} 161569 : { SELL 20367.34@0.8079342} 
Fri Nov 21 02:36:47 EST 2014 , 4 , 2 , 2 , 161572 : { BUY 4539.63@0.80470892} 161571 : { BUY 4539.63@0.80470892} 161570 : { SELL 20367.34@0.8079342} 161569 : { SELL 20367.34@0.8079342} 
Fri Nov 21 02:39:48 EST 2014 , 4 , 2 , 2 , 161572 : { BUY 4539.63@0.80470892} 161571 : { BUY 4539.63@0.80470892} 161570 : { SELL 20367.34@0.8079342} 161569 : { SELL 20367.34@0.8079342} 
Fri Nov 21 02:42:49 EST 2014 , 4 , 2 , 2 , 161572 : { BUY 4539.63@0.80470892} 161571 : { BUY 4539.63@0.80470892} 161570 : { SELL 20367.34@0.8079342} 161569 : { SELL 20367.34@0.8079342} 
Fri Nov 21 02:45:50 EST 2014 , 4 , 2 , 2 , 161572 : { BUY 4539.63@0.80470892} 161571 : { BUY 4539.63@0.80470892} 161570 : { SELL 20367.34@0.8079342} 161569 : { SELL 20367.34@0.8079342} 
Fri Nov 21 02:48:51 EST 2014 , 4 , 2 , 2 , 161572 : { BUY 4539.63@0.80470892} 161571 : { BUY 4539.63@0.80470892} 161570 : { SELL 20367.34@0.8079342} 161569 : { SELL 20367.34@0.8079342} 
Fri Nov 21 02:51:52 EST 2014 , 4 , 2 , 2 , 161572 : { BUY 4539.63@0.80470892} 161571 : { BUY 4539.63@0.80470892} 161570 : { SELL 20367.34@0.8079342} 161569 : { SELL 20367.34@0.8079342} 
Fri Nov 21 02:54:53 EST 2014 , 4 , 2 , 2 , 161572 : { BUY 4539.63@0.80470892} 161571 : { BUY 4539.63@0.80470892} 161570 : { SELL 20367.34@0.8079342} 161569 : { SELL 20367.34@0.8079342} 
Fri Nov 21 02:57:54 EST 2014 , 4 , 2 , 2 , 161572 : { BUY 4539.63@0.80470892} 161571 : { BUY 4539.63@0.80470892} 161570 : { SELL 20367.34@0.8079342} 161569 : { SELL 20367.34@0.8079342} 
Fri Nov 21 03:00:55 EST 2014 , 4 , 2 , 2 , 161572 : { BUY 4539.63@0.80470892} 161571 : { BUY 4539.63@0.80470892} 161570 : { SELL 20367.34@0.8079342} 161569 : { SELL 20367.34@0.8079342} 
Fri Nov 21 03:03:56 EST 2014 , 4 , 2 , 2 , 161572 : { BUY 4539.63@0.80470892} 161571 : { BUY 4539.63@0.80470892} 161570 : { SELL 20367.34@0.8079342} 161569 : { SELL 20367.34@0.8079342} 
Fri Nov 21 03:06:57 EST 2014 , 4 , 2 , 2 , 161572 : { BUY 4539.63@0.80470892} 161571 : { BUY 4539.63@0.80470892} 161570 : { SELL 20367.34@0.8079342} 161569 : { SELL 20367.34@0.8079342} 
Fri Nov 21 03:09:58 EST 2014 , 4 , 2 , 2 , 161572 : { BUY 4539.63@0.80470892} 161571 : { BUY 4539.63@0.80470892} 161570 : { SELL 20367.34@0.8079342} 161569 : { SELL 20367.34@0.8079342} 
Fri Nov 21 03:12:59 EST 2014 , 4 , 2 , 2 , 161572 : { BUY 4539.63@0.80470892} 161571 : { BUY 4539.63@0.80470892} 161570 : { SELL 20367.34@0.8079342} 161569 : { SELL 20367.34@0.8079342} 
Fri Nov 21 03:16:00 EST 2014 , 4 , 2 , 2 , 161572 : { BUY 4539.63@0.80470892} 161571 : { BUY 4539.63@0.80470892} 161570 : { SELL 20367.34@0.8079342} 161569 : { SELL 20367.34@0.8079342} 
Fri Nov 21 03:19:01 EST 2014 , 4 , 2 , 2 , 161572 : { BUY 4539.63@0.80470892} 161571 : { BUY 4539.63@0.80470892} 161570 : { SELL 20367.34@0.8079342} 161569 : { SELL 20367.34@0.8079342} 
Fri Nov 21 03:22:02 EST 2014 , 4 , 2 , 2 , 161572 : { BUY 4539.63@0.80470892} 161571 : { BUY 4539.63@0.80470892} 161570 : { SELL 20367.34@0.8079342} 161569 : { SELL 20367.34@0.8079342} 
Fri Nov 21 03:25:03 EST 2014 , 4 , 2 , 2 , 161572 : { BUY 4539.63@0.80470892} 161571 : { BUY 4539.63@0.80470892} 161570 : { SELL 20367.34@0.8079342} 161569 : { SELL 20367.34@0.8079342} 
Fri Nov 21 03:28:04 EST 2014 , 4 , 2 , 2 , 161572 : { BUY 4539.63@0.80470892} 161571 : { BUY 4539.63@0.80470892} 161570 : { SELL 20367.34@0.8079342} 161569 : { SELL 20367.34@0.8079342} 
Fri Nov 21 03:31:05 EST 2014 , 4 , 2 , 2 , 161572 : { BUY 4539.63@0.80470892} 161571 : { BUY 4539.63@0.80470892} 161570 : { SELL 20367.34@0.8079342} 161569 : { SELL 20367.34@0.8079342} 
Fri Nov 21 03:34:06 EST 2014 , 4 , 2 , 2 , 161572 : { BUY 4539.63@0.80470892} 161571 : { BUY 4539.63@0.80470892} 161570 : { SELL 20367.34@0.8079342} 161569 : { SELL 20367.34@0.8079342} 
Fri Nov 21 03:37:07 EST 2014 , 4 , 2 , 2 , 161572 : { BUY 4539.63@0.80470892} 161571 : { BUY 4539.63@0.80470892} 161570 : { SELL 20367.34@0.8079342} 161569 : { SELL 20367.34@0.8079342} 
Fri Nov 21 03:40:08 EST 2014 , 4 , 2 , 2 , 161572 : { BUY 4539.63@0.80470892} 161571 : { BUY 4539.63@0.80470892} 161570 : { SELL 20367.34@0.8079342} 161569 : { SELL 20367.34@0.8079342} 
Fri Nov 21 03:43:09 EST 2014 , 4 , 2 , 2 , 161572 : { BUY 4539.63@0.80470892} 161571 : { BUY 4539.63@0.80470892} 161570 : { SELL 20367.34@0.8079342} 161569 : { SELL 20367.34@0.8079342} 
Fri Nov 21 03:46:10 EST 2014 , 4 , 2 , 2 , 161572 : { BUY 4539.63@0.80470892} 161571 : { BUY 4539.63@0.80470892} 161570 : { SELL 20367.34@0.8079342} 161569 : { SELL 20367.34@0.8079342} 
Fri Nov 21 03:49:11 EST 2014 , 4 , 2 , 2 , 161572 : { BUY 4539.63@0.80470892} 161571 : { BUY 4539.63@0.80470892} 161570 : { SELL 20367.34@0.8079342} 161569 : { SELL 20367.34@0.8079342} 
Fri Nov 21 03:52:12 EST 2014 , 4 , 2 , 2 , 161572 : { BUY 4539.63@0.80470892} 161571 : { BUY 4539.63@0.80470892} 161570 : { SELL 20367.34@0.8079342} 161569 : { SELL 20367.34@0.8079342} 
Fri Nov 21 03:55:13 EST 2014 , 4 , 2 , 2 , 161572 : { BUY 4539.63@0.80470892} 161571 : { BUY 4539.63@0.80470892} 161570 : { SELL 20367.34@0.8079342} 161569 : { SELL 20367.34@0.8079342} 
Fri Nov 21 03:58:14 EST 2014 , 4 , 2 , 2 , 161572 : { BUY 4539.63@0.80470892} 161571 : { BUY 4539.63@0.80470892} 161570 : { SELL 20367.34@0.8079342} 161569 : { SELL 20367.34@0.8079342} 
Fri Nov 21 04:01:15 EST 2014 , 4 , 2 , 2 , 161572 : { BUY 4539.63@0.80470892} 161571 : { BUY 4539.63@0.80470892} 161570 : { SELL 20367.34@0.8079342} 161569 : { SELL 20367.34@0.8079342} 
Fri Nov 21 04:04:16 EST 2014 , 4 , 2 , 2 , 161572 : { BUY 4539.63@0.80470892} 161571 : { BUY 4539.63@0.80470892} 161570 : { SELL 20367.34@0.8079342} 161569 : { SELL 20367.34@0.8079342} 
Fri Nov 21 04:07:17 EST 2014 , 4 , 2 , 2 , 161572 : { BUY 4539.63@0.80470892} 161571 : { BUY 4539.63@0.80470892} 161570 : { SELL 20367.34@0.8079342} 161569 : { SELL 20367.34@0.8079342} 
Fri Nov 21 04:10:18 EST 2014 , 4 , 2 , 2 , 161572 : { BUY 4539.63@0.80470892} 161571 : { BUY 4539.63@0.80470892} 161570 : { SELL 20367.34@0.8079342} 161569 : { SELL 20367.34@0.8079342} 
Fri Nov 21 04:13:19 EST 2014 , 4 , 2 , 2 , 161572 : { BUY 4539.63@0.80470892} 161571 : { BUY 4539.63@0.80470892} 161570 : { SELL 20367.34@0.8079342} 161569 : { SELL 20367.34@0.8079342} 
Fri Nov 21 04:16:20 EST 2014 , 4 , 2 , 2 , 161572 : { BUY 4539.63@0.80470892} 161571 : { BUY 4539.63@0.80470892} 161570 : { SELL 20367.34@0.8079342} 161569 : { SELL 20367.34@0.8079342} 
Fri Nov 21 04:19:21 EST 2014 , 4 , 2 , 2 , 161572 : { BUY 4539.63@0.80470892} 161571 : { BUY 4539.63@0.80470892} 161570 : { SELL 20367.34@0.8079342} 161569 : { SELL 20367.34@0.8079342} 
Fri Nov 21 04:22:22 EST 2014 , 4 , 2 , 2 , 161572 : { BUY 4539.63@0.80470892} 161571 : { BUY 4539.63@0.80470892} 161570 : { SELL 20367.34@0.8079342} 161569 : { SELL 20367.34@0.8079342} 
Fri Nov 21 04:25:23 EST 2014 , 4 , 2 , 2 , 161572 : { BUY 4539.63@0.80470892} 161571 : { BUY 4539.63@0.80470892} 161570 : { SELL 20367.34@0.8079342} 161569 : { SELL 20367.34@0.8079342} 
Fri Nov 21 04:28:24 EST 2014 , 4 , 2 , 2 , 161572 : { BUY 4539.63@0.80470892} 161571 : { BUY 4539.63@0.80470892} 161570 : { SELL 20367.34@0.8079342} 161569 : { SELL 20367.34@0.8079342} 
Fri Nov 21 04:31:25 EST 2014 , 4 , 2 , 2 , 161572 : { BUY 4539.63@0.80470892} 161571 : { BUY 4539.63@0.80470892} 161570 : { SELL 20367.34@0.8079342} 161569 : { SELL 20367.34@0.8079342} 
Fri Nov 21 04:34:26 EST 2014 , 4 , 2 , 2 , 161572 : { BUY 4539.63@0.80470892} 161571 : { BUY 4539.63@0.80470892} 161570 : { SELL 20367.34@0.8079342} 161569 : { SELL 20367.34@0.8079342} 
Fri Nov 21 04:37:27 EST 2014 , 4 , 2 , 2 , 161572 : { BUY 4539.63@0.80470892} 161571 : { BUY 4539.63@0.80470892} 161570 : { SELL 20367.34@0.8079342} 161569 : { SELL 20367.34@0.8079342} 
Fri Nov 21 04:40:28 EST 2014 , 4 , 2 , 2 , 161572 : { BUY 4539.63@0.80470892} 161571 : { BUY 4539.63@0.80470892} 161570 : { SELL 20367.34@0.8079342} 161569 : { SELL 20367.34@0.8079342} 
Fri Nov 21 04:43:29 EST 2014 , 4 , 2 , 2 , 161572 : { BUY 4539.63@0.80470892} 161571 : { BUY 4539.63@0.80470892} 161570 : { SELL 20367.34@0.8079342} 161569 : { SELL 20367.34@0.8079342} 
Fri Nov 21 04:46:30 EST 2014 , 4 , 2 , 2 , 161572 : { BUY 4539.63@0.80470892} 161571 : { BUY 4539.63@0.80470892} 161570 : { SELL 20367.34@0.8079342} 161569 : { SELL 20367.34@0.8079342} 
Fri Nov 21 04:49:31 EST 2014 , 4 , 2 , 2 , 161572 : { BUY 4539.63@0.80470892} 161571 : { BUY 4539.63@0.80470892} 161570 : { SELL 20367.34@0.8079342} 161569 : { SELL 20367.34@0.8079342} 
Fri Nov 21 04:52:32 EST 2014 , 4 , 2 , 2 , 161572 : { BUY 4539.63@0.80470892} 161571 : { BUY 4539.63@0.80470892} 161570 : { SELL 20367.34@0.8079342} 161569 : { SELL 20367.34@0.8079342} 
Fri Nov 21 04:55:33 EST 2014 , 4 , 2 , 2 , 161572 : { BUY 4539.63@0.80470892} 161571 : { BUY 4539.63@0.80470892} 161570 : { SELL 20367.34@0.8079342} 161569 : { SELL 20367.34@0.8079342} 
Fri Nov 21 04:58:34 EST 2014 , 4 , 2 , 2 , 161572 : { BUY 4539.63@0.80470892} 161571 : { BUY 4539.63@0.80470892} 161570 : { SELL 20367.34@0.8079342} 161569 : { SELL 20367.34@0.8079342} 
Fri Nov 21 05:01:35 EST 2014 , 4 , 2 , 2 , 161572 : { BUY 4539.63@0.80470892} 161571 : { BUY 4539.63@0.80470892} 161570 : { SELL 20367.34@0.8079342} 161569 : { SELL 20367.34@0.8079342} 
Fri Nov 21 05:04:36 EST 2014 , 4 , 2 , 2 , 161572 : { BUY 4539.63@0.80470892} 161571 : { BUY 4539.63@0.80470892} 161570 : { SELL 20367.34@0.8079342} 161569 : { SELL 20367.34@0.8079342} 
Fri Nov 21 05:07:37 EST 2014 , 4 , 2 , 2 , 161572 : { BUY 4539.63@0.80470892} 161571 : { BUY 4539.63@0.80470892} 161570 : { SELL 20367.34@0.8079342} 161569 : { SELL 20367.34@0.8079342} 
Fri Nov 21 05:10:38 EST 2014 , 4 , 2 , 2 , 161572 : { BUY 4539.63@0.80470892} 161571 : { BUY 4539.63@0.80470892} 161570 : { SELL 20367.34@0.8079342} 161569 : { SELL 20367.34@0.8079342} 
Fri Nov 21 05:13:39 EST 2014 , 4 , 2 , 2 , 161572 : { BUY 4539.63@0.80470892} 161571 : { BUY 4539.63@0.80470892} 161570 : { SELL 20367.34@0.8079342} 161569 : { SELL 20367.34@0.8079342} 
Fri Nov 21 05:16:40 EST 2014 , 4 , 2 , 2 , 161572 : { BUY 4539.63@0.80470892} 161571 : { BUY 4539.63@0.80470892} 161570 : { SELL 20367.34@0.8079342} 161569 : { SELL 20367.34@0.8079342} 
Fri Nov 21 05:19:41 EST 2014 , 4 , 2 , 2 , 161572 : { BUY 4539.63@0.80470892} 161571 : { BUY 4539.63@0.80470892} 161570 : { SELL 20367.34@0.8079342} 161569 : { SELL 20367.34@0.8079342} 
Fri Nov 21 05:22:42 EST 2014 , 4 , 2 , 2 , 161572 : { BUY 4539.63@0.80470892} 161571 : { BUY 4539.63@0.80470892} 161570 : { SELL 20367.34@0.8079342} 161569 : { SELL 20367.34@0.8079342} 
Fri Nov 21 05:25:43 EST 2014 , 4 , 2 , 2 , 161572 : { BUY 4539.63@0.80470892} 161571 : { BUY 4539.63@0.80470892} 161570 : { SELL 20367.34@0.8079342} 161569 : { SELL 20367.34@0.8079342} 
Fri Nov 21 05:28:44 EST 2014 , 4 , 2 , 2 , 161572 : { BUY 4539.63@0.80470892} 161571 : { BUY 4539.63@0.80470892} 161570 : { SELL 20367.34@0.8079342} 161569 : { SELL 20367.34@0.8079342} 
Fri Nov 21 05:31:45 EST 2014 , 4 , 2 , 2 , 161572 : { BUY 4539.63@0.80470892} 161571 : { BUY 4539.63@0.80470892} 161570 : { SELL 20367.34@0.8079342} 161569 : { SELL 20367.34@0.8079342} 
Fri Nov 21 05:34:46 EST 2014 , 4 , 2 , 2 , 161572 : { BUY 4539.63@0.80470892} 161571 : { BUY 4539.63@0.80470892} 161570 : { SELL 20367.34@0.8079342} 161569 : { SELL 20367.34@0.8079342} 
Fri Nov 21 05:37:47 EST 2014 , 4 , 2 , 2 , 161572 : { BUY 4539.63@0.80470892} 161571 : { BUY 4539.63@0.80470892} 161570 : { SELL 20367.34@0.8079342} 161569 : { SELL 20367.34@0.8079342} 
Fri Nov 21 05:40:48 EST 2014 , 4 , 2 , 2 , 161572 : { BUY 4539.63@0.80470892} 161571 : { BUY 4539.63@0.80470892} 161570 : { SELL 20367.34@0.8079342} 161569 : { SELL 20367.34@0.8079342} 
Fri Nov 21 05:43:49 EST 2014 , 4 , 2 , 2 , 161572 : { BUY 4539.63@0.80470892} 161571 : { BUY 4539.63@0.80470892} 161570 : { SELL 20367.34@0.8079342} 161569 : { SELL 20367.34@0.8079342} 
Fri Nov 21 05:46:50 EST 2014 , 4 , 2 , 2 , 161572 : { BUY 4539.63@0.80470892} 161571 : { BUY 4539.63@0.80470892} 161570 : { SELL 20367.34@0.8079342} 161569 : { SELL 20367.34@0.8079342} 
Fri Nov 21 05:49:51 EST 2014 , 4 , 2 , 2 , 161572 : { BUY 4539.63@0.80470892} 161571 : { BUY 4539.63@0.80470892} 161570 : { SELL 20367.34@0.8079342} 161569 : { SELL 20367.34@0.8079342} 
Fri Nov 21 05:52:52 EST 2014 , 4 , 2 , 2 , 161572 : { BUY 4539.63@0.80470892} 161571 : { BUY 4539.63@0.80470892} 161570 : { SELL 20367.34@0.8079342} 161569 : { SELL 20367.34@0.8079342} 
Fri Nov 21 05:55:53 EST 2014 , 4 , 2 , 2 , 161572 : { BUY 4539.63@0.80470892} 161571 : { BUY 4539.63@0.80470892} 161570 : { SELL 20367.34@0.8079342} 161569 : { SELL 20367.34@0.8079342} 
Fri Nov 21 05:58:54 EST 2014 , 4 , 2 , 2 , 161572 : { BUY 4539.63@0.80470892} 161571 : { BUY 4539.63@0.80470892} 161570 : { SELL 20367.34@0.8079342} 161569 : { SELL 20367.34@0.8079342} 
Fri Nov 21 06:01:55 EST 2014 , 4 , 2 , 2 , 161572 : { BUY 4539.63@0.80470892} 161571 : { BUY 4539.63@0.80470892} 161570 : { SELL 20367.34@0.8079342} 161569 : { SELL 20367.34@0.8079342} 
Fri Nov 21 06:04:56 EST 2014 , 4 , 2 , 2 , 161572 : { BUY 4539.63@0.80470892} 161571 : { BUY 4539.63@0.80470892} 161570 : { SELL 20367.34@0.8079342} 161569 : { SELL 20367.34@0.8079342} 
Fri Nov 21 06:07:57 EST 2014 , 4 , 2 , 2 , 161572 : { BUY 4539.63@0.80470892} 161571 : { BUY 4539.63@0.80470892} 161570 : { SELL 20367.34@0.8079342} 161569 : { SELL 20367.34@0.8079342} 
Fri Nov 21 06:10:58 EST 2014 , 4 , 2 , 2 , 161572 : { BUY 4539.63@0.80470892} 161571 : { BUY 4539.63@0.80470892} 161570 : { SELL 20367.34@0.8079342} 161569 : { SELL 20367.34@0.8079342} 
Fri Nov 21 06:13:59 EST 2014 , 4 , 2 , 2 , 161572 : { BUY 4539.63@0.80470892} 161571 : { BUY 4539.63@0.80470892} 161570 : { SELL 20367.34@0.8079342} 161569 : { SELL 20367.34@0.8079342} 
Fri Nov 21 06:17:00 EST 2014 , 4 , 2 , 2 , 161572 : { BUY 4539.63@0.80470892} 161571 : { BUY 4539.63@0.80470892} 161570 : { SELL 20367.34@0.8079342} 161569 : { SELL 20367.34@0.8079342} 
Fri Nov 21 06:20:01 EST 2014 , 4 , 2 , 2 , 161572 : { BUY 4539.63@0.80470892} 161571 : { BUY 4539.63@0.80470892} 161570 : { SELL 20367.34@0.8079342} 161569 : { SELL 20367.34@0.8079342} 
Fri Nov 21 06:23:02 EST 2014 , 4 , 2 , 2 , 161572 : { BUY 4539.63@0.80470892} 161571 : { BUY 4539.63@0.80470892} 161570 : { SELL 20367.34@0.8079342} 161569 : { SELL 20367.34@0.8079342} 
Fri Nov 21 06:26:03 EST 2014 , 4 , 2 , 2 , 161572 : { BUY 4539.63@0.80470892} 161571 : { BUY 4539.63@0.80470892} 161570 : { SELL 20367.34@0.8079342} 161569 : { SELL 20367.34@0.8079342} 
Fri Nov 21 06:29:04 EST 2014 , 4 , 2 , 2 , 161572 : { BUY 4539.63@0.80470892} 161571 : { BUY 4539.63@0.80470892} 161570 : { SELL 20367.34@0.8079342} 161569 : { SELL 20367.34@0.8079342} 
Fri Nov 21 06:32:05 EST 2014 , 4 , 2 , 2 , 161572 : { BUY 4539.63@0.80470892} 161571 : { BUY 4539.63@0.80470892} 161570 : { SELL 20367.34@0.8079342} 161569 : { SELL 20367.34@0.8079342} 
Fri Nov 21 06:35:06 EST 2014 , 4 , 2 , 2 , 161572 : { BUY 4539.63@0.80470892} 161571 : { BUY 4539.63@0.80470892} 161570 : { SELL 20367.34@0.8079342} 161569 : { SELL 20367.34@0.8079342} 
Fri Nov 21 06:38:07 EST 2014 , 4 , 2 , 2 , 161572 : { BUY 4539.63@0.80470892} 161571 : { BUY 4539.63@0.80470892} 161570 : { SELL 20367.34@0.8079342} 161569 : { SELL 20367.34@0.8079342} 
Fri Nov 21 06:41:08 EST 2014 , 4 , 2 , 2 , 161572 : { BUY 4539.63@0.80470892} 161571 : { BUY 4539.63@0.80470892} 161570 : { SELL 20367.34@0.8079342} 161569 : { SELL 20367.34@0.8079342} 
Fri Nov 21 06:44:09 EST 2014 , 4 , 2 , 2 , 161572 : { BUY 4539.63@0.80470892} 161571 : { BUY 4539.63@0.80470892} 161570 : { SELL 20367.34@0.8079342} 161569 : { SELL 20367.34@0.8079342} 
Fri Nov 21 06:47:10 EST 2014 , 4 , 2 , 2 , 161572 : { BUY 4539.63@0.80470892} 161571 : { BUY 4539.63@0.80470892} 161570 : { SELL 20367.34@0.8079342} 161569 : { SELL 20367.34@0.8079342} 
Fri Nov 21 06:50:11 EST 2014 , 4 , 2 , 2 , 161572 : { BUY 4539.63@0.80470892} 161571 : { BUY 4539.63@0.80470892} 161570 : { SELL 20367.34@0.8079342} 161569 : { SELL 20367.34@0.8079342} 
Fri Nov 21 06:53:12 EST 2014 , 4 , 2 , 2 , 161572 : { BUY 4539.63@0.80470892} 161571 : { BUY 4539.63@0.80470892} 161570 : { SELL 20367.34@0.8079342} 161569 : { SELL 20367.34@0.8079342} 
Fri Nov 21 06:56:13 EST 2014 , 4 , 2 , 2 , 161572 : { BUY 4539.63@0.80470892} 161571 : { BUY 4539.63@0.80470892} 161570 : { SELL 20367.34@0.8079342} 161569 : { SELL 20367.34@0.8079342} 
Fri Nov 21 06:59:14 EST 2014 , 4 , 2 , 2 , 161572 : { BUY 4539.63@0.80470892} 161571 : { BUY 4539.63@0.80470892} 161570 : { SELL 20367.34@0.8079342} 161569 : { SELL 20367.34@0.8079342} 
Fri Nov 21 07:02:15 EST 2014 , 4 , 2 , 2 , 161572 : { BUY 4539.63@0.80470892} 161571 : { BUY 4539.63@0.80470892} 161570 : { SELL 20367.34@0.8079342} 161569 : { SELL 20367.34@0.8079342} 
Fri Nov 21 07:05:16 EST 2014 , 4 , 2 , 2 , 161572 : { BUY 4539.63@0.80470892} 161571 : { BUY 4539.63@0.80470892} 161570 : { SELL 20367.34@0.8079342} 161569 : { SELL 20367.34@0.8079342} 
Fri Nov 21 07:08:17 EST 2014 , 4 , 2 , 2 , 161572 : { BUY 4539.63@0.80470892} 161571 : { BUY 4539.63@0.80470892} 161570 : { SELL 20367.34@0.8079342} 161569 : { SELL 20367.34@0.8079342} 
Fri Nov 21 07:11:18 EST 2014 , 4 , 2 , 2 , 161572 : { BUY 4539.63@0.80470892} 161571 : { BUY 4539.63@0.80470892} 161570 : { SELL 20367.34@0.8079342} 161569 : { SELL 20367.34@0.8079342} 
Fri Nov 21 07:14:19 EST 2014 , 4 , 2 , 2 , 161572 : { BUY 4539.63@0.80470892} 161571 : { BUY 4539.63@0.80470892} 161570 : { SELL 20367.34@0.8079342} 161569 : { SELL 20367.34@0.8079342} 
Fri Nov 21 07:17:20 EST 2014 , 4 , 2 , 2 , 161572 : { BUY 4539.63@0.80470892} 161571 : { BUY 4539.63@0.80470892} 161570 : { SELL 20367.34@0.8079342} 161569 : { SELL 20367.34@0.8079342} 
Fri Nov 21 07:20:21 EST 2014 , 4 , 2 , 2 , 161572 : { BUY 4539.63@0.80470892} 161571 : { BUY 4539.63@0.80470892} 161570 : { SELL 20367.34@0.8079342} 161569 : { SELL 20367.34@0.8079342} 
Fri Nov 21 07:23:22 EST 2014 , 4 , 2 , 2 , 161572 : { BUY 4539.63@0.80470892} 161571 : { BUY 4539.63@0.80470892} 161570 : { SELL 20367.34@0.8079342} 161569 : { SELL 20367.34@0.8079342} 
Fri Nov 21 07:26:23 EST 2014 , 4 , 2 , 2 , 161572 : { BUY 4539.63@0.80470892} 161571 : { BUY 4539.63@0.80470892} 161570 : { SELL 20367.34@0.8079342} 161569 : { SELL 20367.34@0.8079342} 
Fri Nov 21 07:29:24 EST 2014 , 4 , 2 , 2 , 161572 : { BUY 4539.63@0.80470892} 161571 : { BUY 4539.63@0.80470892} 161570 : { SELL 20367.34@0.8079342} 161569 : { SELL 20367.34@0.8079342} 
Fri Nov 21 07:32:25 EST 2014 , 4 , 2 , 2 , 161572 : { BUY 4539.63@0.80470892} 161571 : { BUY 4539.63@0.80470892} 161570 : { SELL 20367.34@0.8079342} 161569 : { SELL 20367.34@0.8079342} 
Fri Nov 21 07:35:26 EST 2014 , 4 , 2 , 2 , 161572 : { BUY 4539.63@0.80470892} 161571 : { BUY 4539.63@0.80470892} 161570 : { SELL 20367.34@0.8079342} 161569 : { SELL 20367.34@0.8079342} 
Fri Nov 21 07:38:27 EST 2014 , 4 , 2 , 2 , 161572 : { BUY 4539.63@0.80470892} 161571 : { BUY 4539.63@0.80470892} 161570 : { SELL 20367.34@0.8079342} 161569 : { SELL 20367.34@0.8079342} 
Fri Nov 21 07:41:28 EST 2014 , 4 , 2 , 2 , 161572 : { BUY 4539.63@0.80470892} 161571 : { BUY 4539.63@0.80470892} 161570 : { SELL 20367.34@0.8079342} 161569 : { SELL 20367.34@0.8079342} 
Fri Nov 21 07:44:29 EST 2014 , 4 , 2 , 2 , 161572 : { BUY 4539.63@0.80470892} 161571 : { BUY 4539.63@0.80470892} 161570 : { SELL 20367.34@0.8079342} 161569 : { SELL 20367.34@0.8079342} 
Fri Nov 21 07:47:30 EST 2014 , 4 , 2 , 2 , 161572 : { BUY 4539.63@0.80470892} 161571 : { BUY 4539.63@0.80470892} 161570 : { SELL 20367.34@0.8079342} 161569 : { SELL 20367.34@0.8079342} 
Fri Nov 21 07:50:31 EST 2014 , 4 , 2 , 2 , 161572 : { BUY 4539.63@0.80470892} 161571 : { BUY 4539.63@0.80470892} 161570 : { SELL 20367.34@0.8079342} 161569 : { SELL 20367.34@0.8079342} 
Fri Nov 21 07:53:32 EST 2014 , 4 , 2 , 2 , 161572 : { BUY 4539.63@0.80470892} 161571 : { BUY 4539.63@0.80470892} 161570 : { SELL 20367.34@0.8079342} 161569 : { SELL 20367.34@0.8079342} 
Fri Nov 21 07:56:33 EST 2014 , 4 , 2 , 2 , 161572 : { BUY 4539.63@0.80470892} 161571 : { BUY 4539.63@0.80470892} 161570 : { SELL 20367.34@0.8079342} 161569 : { SELL 20367.34@0.8079342} 
Fri Nov 21 07:59:34 EST 2014 , 4 , 2 , 2 , 161572 : { BUY 4539.63@0.80470892} 161571 : { BUY 4539.63@0.80470892} 161570 : { SELL 20367.34@0.8079342} 161569 : { SELL 20367.34@0.8079342} 
Fri Nov 21 08:02:35 EST 2014 , 4 , 2 , 2 , 161572 : { BUY 4539.63@0.80470892} 161571 : { BUY 4539.63@0.80470892} 161570 : { SELL 20367.34@0.8079342} 161569 : { SELL 20367.34@0.8079342} 
Fri Nov 21 08:05:36 EST 2014 , 4 , 2 , 2 , 161572 : { BUY 4539.63@0.80470892} 161571 : { BUY 4539.63@0.80470892} 161570 : { SELL 20367.34@0.8079342} 161569 : { SELL 20367.34@0.8079342} 
Fri Nov 21 08:08:37 EST 2014 , 4 , 2 , 2 , 161572 : { BUY 4539.63@0.80470892} 161571 : { BUY 4539.63@0.80470892} 161570 : { SELL 20367.34@0.8079342} 161569 : { SELL 20367.34@0.8079342} 
Fri Nov 21 08:11:38 EST 2014 , 4 , 2 , 2 , 161572 : { BUY 4539.63@0.80470892} 161571 : { BUY 4539.63@0.80470892} 161570 : { SELL 20367.34@0.8079342} 161569 : { SELL 20367.34@0.8079342} 
Fri Nov 21 08:14:39 EST 2014 , 4 , 2 , 2 , 161572 : { BUY 4539.63@0.80470892} 161571 : { BUY 4539.63@0.80470892} 161570 : { SELL 20367.34@0.8079342} 161569 : { SELL 20367.34@0.8079342} 
Fri Nov 21 08:17:40 EST 2014 , 4 , 2 , 2 , 161572 : { BUY 4539.63@0.80470892} 161571 : { BUY 4539.63@0.80470892} 161570 : { SELL 20367.34@0.8079342} 161569 : { SELL 20367.34@0.8079342} 
Fri Nov 21 08:20:41 EST 2014 , 4 , 2 , 2 , 161572 : { BUY 4539.63@0.80470892} 161571 : { BUY 4539.63@0.80470892} 161570 : { SELL 20367.34@0.8079342} 161569 : { SELL 20367.34@0.8079342} 
Fri Nov 21 08:23:42 EST 2014 , 4 , 2 , 2 , 161572 : { BUY 4539.63@0.80470892} 161571 : { BUY 4539.63@0.80470892} 161570 : { SELL 20367.34@0.8079342} 161569 : { SELL 20367.34@0.8079342} 
Fri Nov 21 08:26:43 EST 2014 , 4 , 2 , 2 , 161572 : { BUY 4539.63@0.80470892} 161571 : { BUY 4539.63@0.80470892} 161570 : { SELL 20367.34@0.8079342} 161569 : { SELL 20367.34@0.8079342} 
Fri Nov 21 08:29:44 EST 2014 , 4 , 2 , 2 , 161572 : { BUY 4539.63@0.80470892} 161571 : { BUY 4539.63@0.80470892} 161570 : { SELL 20367.34@0.8079342} 161569 : { SELL 20367.34@0.8079342} 
Fri Nov 21 08:32:45 EST 2014 , 4 , 2 , 2 , 161572 : { BUY 4539.63@0.80470892} 161571 : { BUY 4539.63@0.80470892} 161570 : { SELL 20367.34@0.8079342} 161569 : { SELL 20367.34@0.8079342} 
Fri Nov 21 08:35:46 EST 2014 , 4 , 2 , 2 , 161572 : { BUY 4539.63@0.80470892} 161571 : { BUY 4539.63@0.80470892} 161570 : { SELL 20367.34@0.8079342} 161569 : { SELL 20367.34@0.8079342} 
Fri Nov 21 08:38:47 EST 2014 , 4 , 2 , 2 , 161572 : { BUY 4539.63@0.80470892} 161571 : { BUY 4539.63@0.80470892} 161570 : { SELL 20367.34@0.8079342} 161569 : { SELL 20367.34@0.8079342} 
Fri Nov 21 08:41:48 EST 2014 , 4 , 2 , 2 , 161572 : { BUY 4539.63@0.80470892} 161571 : { BUY 4539.63@0.80470892} 161570 : { SELL 20367.34@0.8079342} 161569 : { SELL 20367.34@0.8079342} 
Fri Nov 21 08:44:49 EST 2014 , 4 , 2 , 2 , 161572 : { BUY 4539.63@0.80470892} 161571 : { BUY 4539.63@0.80470892} 161570 : { SELL 20367.34@0.8079342} 161569 : { SELL 20367.34@0.8079342} 
Fri Nov 21 08:47:50 EST 2014 , 4 , 2 , 2 , 161572 : { BUY 4539.63@0.80470892} 161571 : { BUY 4539.63@0.80470892} 161570 : { SELL 20367.34@0.8079342} 161569 : { SELL 20367.34@0.8079342} 
Fri Nov 21 08:50:51 EST 2014 , 4 , 2 , 2 , 161572 : { BUY 4539.63@0.80470892} 161571 : { BUY 4539.63@0.80470892} 161570 : { SELL 20367.34@0.8079342} 161569 : { SELL 20367.34@0.8079342} 
Fri Nov 21 08:53:52 EST 2014 , 4 , 2 , 2 , 161572 : { BUY 4539.63@0.80470892} 161571 : { BUY 4539.63@0.80470892} 161570 : { SELL 20367.34@0.8079342} 161569 : { SELL 20367.34@0.8079342} 
Fri Nov 21 08:56:53 EST 2014 , 4 , 2 , 2 , 161572 : { BUY 4539.63@0.80470892} 161571 : { BUY 4539.63@0.80470892} 161570 : { SELL 20367.34@0.8079342} 161569 : { SELL 20367.34@0.8079342} 
Fri Nov 21 08:59:54 EST 2014 , 4 , 2 , 2 , 161572 : { BUY 4539.63@0.80470892} 161571 : { BUY 4539.63@0.80470892} 161570 : { SELL 20367.34@0.8079342} 161569 : { SELL 20367.34@0.8079342} 
Fri Nov 21 09:02:55 EST 2014 , 4 , 2 , 2 , 161572 : { BUY 4539.63@0.80470892} 161571 : { BUY 4539.63@0.80470892} 161570 : { SELL 20367.34@0.8079342} 161569 : { SELL 20367.34@0.8079342} 
Fri Nov 21 09:05:56 EST 2014 , 4 , 2 , 2 , 161572 : { BUY 4539.63@0.80470892} 161571 : { BUY 4539.63@0.80470892} 161570 : { SELL 20367.34@0.8079342} 161569 : { SELL 20367.34@0.8079342} 
Fri Nov 21 09:08:57 EST 2014 , 4 , 2 , 2 , 161572 : { BUY 4539.63@0.80470892} 161571 : { BUY 4539.63@0.80470892} 161570 : { SELL 20367.34@0.8079342} 161569 : { SELL 20367.34@0.8079342} 
Fri Nov 21 09:11:58 EST 2014 , 4 , 2 , 2 , 161572 : { BUY 4539.63@0.80470892} 161571 : { BUY 4539.63@0.80470892} 161570 : { SELL 20367.34@0.8079342} 161569 : { SELL 20367.34@0.8079342} 
Fri Nov 21 09:14:59 EST 2014 , 4 , 2 , 2 , 161572 : { BUY 4539.63@0.80470892} 161571 : { BUY 4539.63@0.80470892} 161570 : { SELL 20367.34@0.8079342} 161569 : { SELL 20367.34@0.8079342} 
Fri Nov 21 09:18:00 EST 2014 , 4 , 2 , 2 , 161572 : { BUY 4539.63@0.80470892} 161571 : { BUY 4539.63@0.80470892} 161570 : { SELL 20367.34@0.8079342} 161569 : { SELL 20367.34@0.8079342} 
Fri Nov 21 09:21:01 EST 2014 , 4 , 2 , 2 , 161572 : { BUY 4539.63@0.80470892} 161571 : { BUY 4539.63@0.80470892} 161570 : { SELL 20367.34@0.8079342} 161569 : { SELL 20367.34@0.8079342} 
Fri Nov 21 09:24:02 EST 2014 , 4 , 2 , 2 , 161572 : { BUY 4539.63@0.80470892} 161571 : { BUY 4539.63@0.80470892} 161570 : { SELL 20367.34@0.8079342} 161569 : { SELL 20367.34@0.8079342} 
Fri Nov 21 09:27:03 EST 2014 , 4 , 2 , 2 , 161572 : { BUY 4539.63@0.80470892} 161571 : { BUY 4539.63@0.80470892} 161570 : { SELL 20367.34@0.8079342} 161569 : { SELL 20367.34@0.8079342} 
Fri Nov 21 09:30:04 EST 2014 , 4 , 2 , 2 , 161572 : { BUY 4539.63@0.80470892} 161571 : { BUY 4539.63@0.80470892} 161570 : { SELL 20367.34@0.8079342} 161569 : { SELL 20367.34@0.8079342} 
Fri Nov 21 09:33:05 EST 2014 , 4 , 2 , 2 , 161572 : { BUY 4539.63@0.80470892} 161571 : { BUY 4539.63@0.80470892} 161570 : { SELL 20367.34@0.8079342} 161569 : { SELL 20367.34@0.8079342} 
Fri Nov 21 09:36:06 EST 2014 , 4 , 2 , 2 , 161572 : { BUY 4539.63@0.80470892} 161571 : { BUY 4539.63@0.80470892} 161570 : { SELL 20367.34@0.8079342} 161569 : { SELL 20367.34@0.8079342} 
Fri Nov 21 09:39:07 EST 2014 , 4 , 2 , 2 , 161572 : { BUY 4539.63@0.80470892} 161571 : { BUY 4539.63@0.80470892} 161570 : { SELL 20367.34@0.8079342} 161569 : { SELL 20367.34@0.8079342} 
Fri Nov 21 09:42:08 EST 2014 , 4 , 2 , 2 , 161572 : { BUY 4539.63@0.80470892} 161571 : { BUY 4539.63@0.80470892} 161570 : { SELL 20367.34@0.8079342} 161569 : { SELL 20367.34@0.8079342} 
Fri Nov 21 09:45:09 EST 2014 , 4 , 2 , 2 , 161572 : { BUY 4539.63@0.80470892} 161571 : { BUY 4539.63@0.80470892} 161570 : { SELL 20367.34@0.8079342} 161569 : { SELL 20367.34@0.8079342} 
Fri Nov 21 09:48:10 EST 2014 , 4 , 2 , 2 , 161572 : { BUY 4539.63@0.80470892} 161571 : { BUY 4539.63@0.80470892} 161570 : { SELL 20367.34@0.8079342} 161569 : { SELL 20367.34@0.8079342} 
Fri Nov 21 09:51:11 EST 2014 , 4 , 2 , 2 , 161572 : { BUY 4539.63@0.80470892} 161571 : { BUY 4539.63@0.80470892} 161570 : { SELL 20367.34@0.8079342} 161569 : { SELL 20367.34@0.8079342} 
Fri Nov 21 09:54:12 EST 2014 , 4 , 2 , 2 , 161572 : { BUY 4539.63@0.80470892} 161571 : { BUY 4539.63@0.80470892} 161570 : { SELL 20367.34@0.8079342} 161569 : { SELL 20367.34@0.8079342} 
Fri Nov 21 09:57:13 EST 2014 , 4 , 2 , 2 , 161572 : { BUY 4539.63@0.80470892} 161571 : { BUY 4539.63@0.80470892} 161570 : { SELL 20367.34@0.8079342} 161569 : { SELL 20367.34@0.8079342} 
Fri Nov 21 10:00:14 EST 2014 , 4 , 2 , 2 , 161572 : { BUY 4539.63@0.80470892} 161571 : { BUY 4539.63@0.80470892} 161570 : { SELL 20367.34@0.8079342} 161569 : { SELL 20367.34@0.8079342} 
Fri Nov 21 10:03:15 EST 2014 , 4 , 2 , 2 , 161572 : { BUY 4539.63@0.80470892} 161571 : { BUY 4539.63@0.80470892} 161570 : { SELL 20367.34@0.8079342} 161569 : { SELL 20367.34@0.8079342} 
Fri Nov 21 10:06:16 EST 2014 , 4 , 2 , 2 , 161572 : { BUY 4539.63@0.80470892} 161571 : { BUY 4539.63@0.80470892} 161570 : { SELL 20367.34@0.8079342} 161569 : { SELL 20367.34@0.8079342} 
Fri Nov 21 10:09:17 EST 2014 , 4 , 2 , 2 , 161572 : { BUY 4539.63@0.80470892} 161571 : { BUY 4539.63@0.80470892} 161570 : { SELL 20367.34@0.8079342} 161569 : { SELL 20367.34@0.8079342} 
Fri Nov 21 10:12:18 EST 2014 , 4 , 2 , 2 , 161572 : { BUY 4539.63@0.80470892} 161571 : { BUY 4539.63@0.80470892} 161570 : { SELL 20367.34@0.8079342} 161569 : { SELL 20367.34@0.8079342} 
Fri Nov 21 10:15:19 EST 2014 , 4 , 2 , 2 , 161572 : { BUY 4539.63@0.80470892} 161571 : { BUY 4539.63@0.80470892} 161570 : { SELL 20367.34@0.8079342} 161569 : { SELL 20367.34@0.8079342} 
Fri Nov 21 10:18:20 EST 2014 , 4 , 2 , 2 , 161572 : { BUY 4539.63@0.80470892} 161571 : { BUY 4539.63@0.80470892} 161570 : { SELL 20367.34@0.8079342} 161569 : { SELL 20367.34@0.8079342} 
Fri Nov 21 10:21:21 EST 2014 , 4 , 2 , 2 , 161572 : { BUY 4539.63@0.80470892} 161571 : { BUY 4539.63@0.80470892} 161570 : { SELL 20367.34@0.8079342} 161569 : { SELL 20367.34@0.8079342} 
Fri Nov 21 10:24:22 EST 2014 , 4 , 2 , 2 , 161572 : { BUY 4539.63@0.80470892} 161571 : { BUY 4539.63@0.80470892} 161570 : { SELL 20367.34@0.8079342} 161569 : { SELL 20367.34@0.8079342} 
Fri Nov 21 10:27:23 EST 2014 , 4 , 2 , 2 , 161572 : { BUY 4539.63@0.80470892} 161571 : { BUY 4539.63@0.80470892} 161570 : { SELL 20367.34@0.8079342} 161569 : { SELL 20367.34@0.8079342} 
Fri Nov 21 10:30:24 EST 2014 , 4 , 2 , 2 , 161572 : { BUY 4539.63@0.80470892} 161571 : { BUY 4539.63@0.80470892} 161570 : { SELL 20367.34@0.8079342} 161569 : { SELL 20367.34@0.8079342} 
Fri Nov 21 10:33:25 EST 2014 , 4 , 2 , 2 , 161572 : { BUY 4539.63@0.80470892} 161571 : { BUY 4539.63@0.80470892} 161570 : { SELL 20367.34@0.8079342} 161569 : { SELL 20367.34@0.8079342} 
Fri Nov 21 10:36:26 EST 2014 , 4 , 2 , 2 , 161572 : { BUY 4539.63@0.80470892} 161571 : { BUY 4539.63@0.80470892} 161570 : { SELL 20367.34@0.8079342} 161569 : { SELL 20367.34@0.8079342} 
Fri Nov 21 10:39:27 EST 2014 , 4 , 2 , 2 , 161572 : { BUY 4539.63@0.80470892} 161571 : { BUY 4539.63@0.80470892} 161570 : { SELL 20367.34@0.8079342} 161569 : { SELL 20367.34@0.8079342} 
Fri Nov 21 10:42:28 EST 2014 , 4 , 2 , 2 , 161572 : { BUY 4539.63@0.80470892} 161571 : { BUY 4539.63@0.80470892} 161570 : { SELL 20367.34@0.8079342} 161569 : { SELL 20367.34@0.8079342} 
Fri Nov 21 10:45:29 EST 2014 , 4 , 2 , 2 , 161572 : { BUY 4539.63@0.80470892} 161571 : { BUY 4539.63@0.80470892} 161570 : { SELL 20367.34@0.8079342} 161569 : { SELL 20367.34@0.8079342} 
Fri Nov 21 10:48:30 EST 2014 , 4 , 2 , 2 , 161572 : { BUY 4539.63@0.80470892} 161571 : { BUY 4539.63@0.80470892} 161570 : { SELL 20367.34@0.8079342} 161569 : { SELL 20367.34@0.8079342} 
Fri Nov 21 10:51:31 EST 2014 , 4 , 2 , 2 , 161572 : { BUY 4539.63@0.80470892} 161571 : { BUY 4539.63@0.80470892} 161570 : { SELL 20367.34@0.8079342} 161569 : { SELL 20367.34@0.8079342} 
Fri Nov 21 10:54:32 EST 2014 , 4 , 2 , 2 , 161572 : { BUY 4539.63@0.80470892} 161571 : { BUY 4539.63@0.80470892} 161570 : { SELL 20367.34@0.8079342} 161569 : { SELL 20367.34@0.8079342} 
Fri Nov 21 10:57:33 EST 2014 , 4 , 2 , 2 , 161572 : { BUY 4539.63@0.80470892} 161571 : { BUY 4539.63@0.80470892} 161570 : { SELL 20367.34@0.8079342} 161569 : { SELL 20367.34@0.8079342} 
Fri Nov 21 11:00:34 EST 2014 , 4 , 2 , 2 , 161572 : { BUY 4539.63@0.80470892} 161571 : { BUY 4539.63@0.80470892} 161570 : { SELL 20367.34@0.8079342} 161569 : { SELL 20367.34@0.8079342} 
Fri Nov 21 11:03:35 EST 2014 , 4 , 2 , 2 , 161572 : { BUY 4539.63@0.80470892} 161571 : { BUY 4539.63@0.80470892} 161570 : { SELL 20367.34@0.8079342} 161569 : { SELL 20367.34@0.8079342} 
Fri Nov 21 11:06:36 EST 2014 , 4 , 2 , 2 , 161572 : { BUY 4539.63@0.80470892} 161571 : { BUY 4539.63@0.80470892} 161570 : { SELL 20367.34@0.8079342} 161569 : { SELL 20367.34@0.8079342} 
Fri Nov 21 11:09:37 EST 2014 , 4 , 2 , 2 , 161572 : { BUY 4539.63@0.80470892} 161571 : { BUY 4539.63@0.80470892} 161570 : { SELL 20367.34@0.8079342} 161569 : { SELL 20367.34@0.8079342} 
Fri Nov 21 11:12:38 EST 2014 , 4 , 2 , 2 , 161572 : { BUY 4539.63@0.80470892} 161571 : { BUY 4539.63@0.80470892} 161570 : { SELL 20367.34@0.8079342} 161569 : { SELL 20367.34@0.8079342} 
Fri Nov 21 11:15:39 EST 2014 , 4 , 2 , 2 , 161572 : { BUY 4539.63@0.80470892} 161571 : { BUY 4539.63@0.80470892} 161570 : { SELL 20367.34@0.8079342} 161569 : { SELL 20367.34@0.8079342} 
Fri Nov 21 11:18:40 EST 2014 , 4 , 2 , 2 , 161572 : { BUY 4539.63@0.80470892} 161571 : { BUY 4539.63@0.80470892} 161570 : { SELL 20367.34@0.8079342} 161569 : { SELL 20367.34@0.8079342} 
Fri Nov 21 11:21:41 EST 2014 , 4 , 2 , 2 , 161572 : { BUY 4539.63@0.80470892} 161571 : { BUY 4539.63@0.80470892} 161570 : { SELL 20367.34@0.8079342} 161569 : { SELL 20367.34@0.8079342} 
Fri Nov 21 11:24:42 EST 2014 , 4 , 2 , 2 , 161572 : { BUY 4539.63@0.80470892} 161571 : { BUY 4539.63@0.80470892} 161570 : { SELL 20367.34@0.8079342} 161569 : { SELL 20367.34@0.8079342} 
Fri Nov 21 11:27:43 EST 2014 , 4 , 2 , 2 , 161572 : { BUY 4539.63@0.80470892} 161571 : { BUY 4539.63@0.80470892} 161570 : { SELL 20367.34@0.8079342} 161569 : { SELL 20367.34@0.8079342} 
Fri Nov 21 11:30:44 EST 2014 , 4 , 2 , 2 , 161572 : { BUY 4539.63@0.80470892} 161571 : { BUY 4539.63@0.80470892} 161570 : { SELL 20367.34@0.8079342} 161569 : { SELL 20367.34@0.8079342} 
Fri Nov 21 11:33:45 EST 2014 , 4 , 2 , 2 , 161572 : { BUY 4539.63@0.80470892} 161571 : { BUY 4539.63@0.80470892} 161570 : { SELL 20367.34@0.8079342} 161569 : { SELL 20367.34@0.8079342} 
Fri Nov 21 11:36:46 EST 2014 , 4 , 2 , 2 , 161572 : { BUY 4539.63@0.80470892} 161571 : { BUY 4539.63@0.80470892} 161570 : { SELL 20367.34@0.8079342} 161569 : { SELL 20367.34@0.8079342} 
Fri Nov 21 11:39:47 EST 2014 , 4 , 2 , 2 , 161572 : { BUY 4539.63@0.80470892} 161571 : { BUY 4539.63@0.80470892} 161570 : { SELL 20367.34@0.8079342} 161569 : { SELL 20367.34@0.8079342} 
Fri Nov 21 11:42:48 EST 2014 , 4 , 2 , 2 , 161572 : { BUY 4539.63@0.80470892} 161571 : { BUY 4539.63@0.80470892} 161570 : { SELL 20367.34@0.8079342} 161569 : { SELL 20367.34@0.8079342} 
Fri Nov 21 11:45:49 EST 2014 , 4 , 2 , 2 , 161572 : { BUY 4539.63@0.80470892} 161571 : { BUY 4539.63@0.80470892} 161570 : { SELL 20367.34@0.8079342} 161569 : { SELL 20367.34@0.8079342} 
Fri Nov 21 11:48:50 EST 2014 , 4 , 2 , 2 , 161572 : { BUY 4539.63@0.80470892} 161571 : { BUY 4539.63@0.80470892} 161570 : { SELL 20367.34@0.8079342} 161569 : { SELL 20367.34@0.8079342} 
Fri Nov 21 11:51:51 EST 2014 , 4 , 2 , 2 , 161572 : { BUY 4539.63@0.80470892} 161571 : { BUY 4539.63@0.80470892} 161570 : { SELL 20367.34@0.8079342} 161569 : { SELL 20367.34@0.8079342} 
Fri Nov 21 11:54:52 EST 2014 , 4 , 2 , 2 , 161572 : { BUY 4539.63@0.80470892} 161571 : { BUY 4539.63@0.80470892} 161570 : { SELL 20367.34@0.8079342} 161569 : { SELL 20367.34@0.8079342} 
Fri Nov 21 11:57:53 EST 2014 , 4 , 2 , 2 , 161572 : { BUY 4539.63@0.80470892} 161571 : { BUY 4539.63@0.80470892} 161570 : { SELL 20367.34@0.8079342} 161569 : { SELL 20367.34@0.8079342} 
Fri Nov 21 12:00:54 EST 2014 , 4 , 2 , 2 , 161572 : { BUY 4539.63@0.80470892} 161571 : { BUY 4539.63@0.80470892} 161570 : { SELL 20367.34@0.8079342} 161569 : { SELL 20367.34@0.8079342} 
Fri Nov 21 12:03:55 EST 2014 , 4 , 2 , 2 , 161572 : { BUY 4539.63@0.80470892} 161571 : { BUY 4539.63@0.80470892} 161570 : { SELL 20367.34@0.8079342} 161569 : { SELL 20367.34@0.8079342} 
Fri Nov 21 12:06:56 EST 2014 , 4 , 2 , 2 , 161572 : { BUY 4539.63@0.80470892} 161571 : { BUY 4539.63@0.80470892} 161570 : { SELL 20367.34@0.8079342} 161569 : { SELL 20367.34@0.8079342} 
Fri Nov 21 12:09:57 EST 2014 , 4 , 2 , 2 , 161572 : { BUY 4539.63@0.80470892} 161571 : { BUY 4539.63@0.80470892} 161570 : { SELL 20367.34@0.8079342} 161569 : { SELL 20367.34@0.8079342} 
Fri Nov 21 12:12:58 EST 2014 , 4 , 2 , 2 , 161572 : { BUY 4539.63@0.80470892} 161571 : { BUY 4539.63@0.80470892} 161570 : { SELL 20367.34@0.8079342} 161569 : { SELL 20367.34@0.8079342} 
Fri Nov 21 12:15:59 EST 2014 , 4 , 2 , 2 , 161572 : { BUY 4539.63@0.80470892} 161571 : { BUY 4539.63@0.80470892} 161570 : { SELL 20367.34@0.8079342} 161569 : { SELL 20367.34@0.8079342} 
Fri Nov 21 12:19:00 EST 2014 , 4 , 2 , 2 , 161572 : { BUY 4539.63@0.80470892} 161571 : { BUY 4539.63@0.80470892} 161570 : { SELL 20367.34@0.8079342} 161569 : { SELL 20367.34@0.8079342} 
Fri Nov 21 12:22:01 EST 2014 , 4 , 2 , 2 , 161572 : { BUY 4539.63@0.80470892} 161571 : { BUY 4539.63@0.80470892} 161570 : { SELL 20367.34@0.8079342} 161569 : { SELL 20367.34@0.8079342} 
Fri Nov 21 12:25:02 EST 2014 , 4 , 2 , 2 , 161572 : { BUY 4539.63@0.80470892} 161571 : { BUY 4539.63@0.80470892} 161570 : { SELL 20367.34@0.8079342} 161569 : { SELL 20367.34@0.8079342} 
Fri Nov 21 12:28:03 EST 2014 , 4 , 2 , 2 , 161572 : { BUY 4539.63@0.80470892} 161571 : { BUY 4539.63@0.80470892} 161570 : { SELL 20367.34@0.8079342} 161569 : { SELL 20367.34@0.8079342} 
Fri Nov 21 12:31:04 EST 2014 , 4 , 2 , 2 , 161572 : { BUY 4539.63@0.80470892} 161571 : { BUY 4539.63@0.80470892} 161570 : { SELL 20367.34@0.8079342} 161569 : { SELL 20367.34@0.8079342} 
Fri Nov 21 12:34:05 EST 2014 , 4 , 2 , 2 , 161572 : { BUY 4539.63@0.80470892} 161571 : { BUY 4539.63@0.80470892} 161570 : { SELL 20367.34@0.8079342} 161569 : { SELL 20367.34@0.8079342} 
Fri Nov 21 12:37:06 EST 2014 , 4 , 2 , 2 , 161572 : { BUY 4539.63@0.80470892} 161571 : { BUY 4539.63@0.80470892} 161570 : { SELL 20367.34@0.8079342} 161569 : { SELL 20367.34@0.8079342} 
Fri Nov 21 12:40:07 EST 2014 , 4 , 2 , 2 , 161572 : { BUY 4539.63@0.80470892} 161571 : { BUY 4539.63@0.80470892} 161570 : { SELL 20367.34@0.8079342} 161569 : { SELL 20367.34@0.8079342} 
Fri Nov 21 12:43:08 EST 2014 , 4 , 2 , 2 , 161572 : { BUY 4539.63@0.80470892} 161571 : { BUY 4539.63@0.80470892} 161570 : { SELL 20367.34@0.8079342} 161569 : { SELL 20367.34@0.8079342} 
Fri Nov 21 12:46:09 EST 2014 , 4 , 2 , 2 , 161572 : { BUY 4539.63@0.80470892} 161571 : { BUY 4539.63@0.80470892} 161570 : { SELL 20367.34@0.8079342} 161569 : { SELL 20367.34@0.8079342} 
Fri Nov 21 12:49:10 EST 2014 , 4 , 2 , 2 , 161572 : { BUY 4539.63@0.80470892} 161571 : { BUY 4539.63@0.80470892} 161570 : { SELL 20367.34@0.8079342} 161569 : { SELL 20367.34@0.8079342} 
Fri Nov 21 12:52:11 EST 2014 , 4 , 2 , 2 , 161572 : { BUY 4539.63@0.80470892} 161571 : { BUY 4539.63@0.80470892} 161570 : { SELL 20367.34@0.8079342} 161569 : { SELL 20367.34@0.8079342} 
Fri Nov 21 12:55:12 EST 2014 , 4 , 2 , 2 , 161572 : { BUY 4539.63@0.80470892} 161571 : { BUY 4539.63@0.80470892} 161570 : { SELL 20367.34@0.8079342} 161569 : { SELL 20367.34@0.8079342} 
Fri Nov 21 12:58:13 EST 2014 , 4 , 2 , 2 , 161572 : { BUY 4539.63@0.80470892} 161571 : { BUY 4539.63@0.80470892} 161570 : { SELL 20367.34@0.8079342} 161569 : { SELL 20367.34@0.8079342} 
Fri Nov 21 13:01:14 EST 2014 , 4 , 2 , 2 , 161572 : { BUY 4539.63@0.80470892} 161571 : { BUY 4539.63@0.80470892} 161570 : { SELL 20367.34@0.8079342} 161569 : { SELL 20367.34@0.8079342} 
Fri Nov 21 13:04:15 EST 2014 , 4 , 2 , 2 , 161572 : { BUY 4539.63@0.80470892} 161571 : { BUY 4539.63@0.80470892} 161570 : { SELL 20367.34@0.8079342} 161569 : { SELL 20367.34@0.8079342} 
Fri Nov 21 13:07:16 EST 2014 , 4 , 2 , 2 , 161572 : { BUY 4539.63@0.80470892} 161571 : { BUY 4539.63@0.80470892} 161570 : { SELL 20367.34@0.8079342} 161569 : { SELL 20367.34@0.8079342} 
Fri Nov 21 13:10:17 EST 2014 , 4 , 2 , 2 , 161572 : { BUY 4539.63@0.80470892} 161571 : { BUY 4539.63@0.80470892} 161570 : { SELL 20367.34@0.8079342} 161569 : { SELL 20367.34@0.8079342} 
Fri Nov 21 13:13:18 EST 2014 , 4 , 2 , 2 , 161572 : { BUY 4539.63@0.80470892} 161571 : { BUY 4539.63@0.80470892} 161570 : { SELL 20367.34@0.8079342} 161569 : { SELL 20367.34@0.8079342} 
Fri Nov 21 13:16:19 EST 2014 , 4 , 2 , 2 , 161572 : { BUY 4539.63@0.80470892} 161571 : { BUY 4539.63@0.80470892} 161570 : { SELL 20367.34@0.8079342} 161569 : { SELL 20367.34@0.8079342} 
Fri Nov 21 13:19:20 EST 2014 , 4 , 2 , 2 , 161572 : { BUY 4539.63@0.80470892} 161571 : { BUY 4539.63@0.80470892} 161570 : { SELL 20367.34@0.8079342} 161569 : { SELL 20367.34@0.8079342} 
Fri Nov 21 13:22:21 EST 2014 , 4 , 2 , 2 , 161572 : { BUY 4539.63@0.80470892} 161571 : { BUY 4539.63@0.80470892} 161570 : { SELL 20367.34@0.8079342} 161569 : { SELL 20367.34@0.8079342} 
Fri Nov 21 13:25:22 EST 2014 , 4 , 2 , 2 , 161572 : { BUY 4539.63@0.80470892} 161571 : { BUY 4539.63@0.80470892} 161570 : { SELL 20367.34@0.8079342} 161569 : { SELL 20367.34@0.8079342} 
Fri Nov 21 13:28:23 EST 2014 , 4 , 2 , 2 , 161572 : { BUY 4539.63@0.80470892} 161571 : { BUY 4539.63@0.80470892} 161570 : { SELL 20367.34@0.8079342} 161569 : { SELL 20367.34@0.8079342} 
Fri Nov 21 13:31:24 EST 2014 , 4 , 2 , 2 , 161572 : { BUY 4539.63@0.80470892} 161571 : { BUY 4539.63@0.80470892} 161570 : { SELL 20367.34@0.8079342} 161569 : { SELL 20367.34@0.8079342} 
Fri Nov 21 13:34:25 EST 2014 , 4 , 2 , 2 , 161572 : { BUY 4539.63@0.80470892} 161571 : { BUY 4539.63@0.80470892} 161570 : { SELL 20367.34@0.8079342} 161569 : { SELL 20367.34@0.8079342} 
Fri Nov 21 13:37:26 EST 2014 , 4 , 2 , 2 , 161572 : { BUY 4539.63@0.80470892} 161571 : { BUY 4539.63@0.80470892} 161570 : { SELL 20367.34@0.8079342} 161569 : { SELL 20367.34@0.8079342} 
Fri Nov 21 13:40:27 EST 2014 , 4 , 2 , 2 , 161572 : { BUY 4539.63@0.80470892} 161571 : { BUY 4539.63@0.80470892} 161570 : { SELL 20367.34@0.8079342} 161569 : { SELL 20367.34@0.8079342} 
Fri Nov 21 13:43:28 EST 2014 , 4 , 2 , 2 , 161572 : { BUY 4539.63@0.80470892} 161571 : { BUY 4539.63@0.80470892} 161570 : { SELL 20367.34@0.8079342} 161569 : { SELL 20367.34@0.8079342} 
Fri Nov 21 13:46:29 EST 2014 , 4 , 2 , 2 , 161572 : { BUY 4539.63@0.80470892} 161571 : { BUY 4539.63@0.80470892} 161570 : { SELL 20367.34@0.8079342} 161569 : { SELL 20367.34@0.8079342} 
Fri Nov 21 13:49:30 EST 2014 , 4 , 2 , 2 , 161572 : { BUY 4539.63@0.80470892} 161571 : { BUY 4539.63@0.80470892} 161570 : { SELL 20367.34@0.8079342} 161569 : { SELL 20367.34@0.8079342} 
Fri Nov 21 13:52:31 EST 2014 , 4 , 2 , 2 , 161572 : { BUY 4539.63@0.80470892} 161571 : { BUY 4539.63@0.80470892} 161570 : { SELL 20367.34@0.8079342} 161569 : { SELL 20367.34@0.8079342} 
Fri Nov 21 13:55:32 EST 2014 , 4 , 2 , 2 , 161572 : { BUY 4539.63@0.80470892} 161571 : { BUY 4539.63@0.80470892} 161570 : { SELL 20367.34@0.8079342} 161569 : { SELL 20367.34@0.8079342} 
Fri Nov 21 13:58:33 EST 2014 , 4 , 2 , 2 , 161572 : { BUY 4539.63@0.80470892} 161571 : { BUY 4539.63@0.80470892} 161570 : { SELL 20367.34@0.8079342} 161569 : { SELL 20367.34@0.8079342} 
Fri Nov 21 14:01:34 EST 2014 , 4 , 2 , 2 , 161572 : { BUY 4539.63@0.80470892} 161571 : { BUY 4539.63@0.80470892} 161570 : { SELL 20367.34@0.8079342} 161569 : { SELL 20367.34@0.8079342} 
Fri Nov 21 14:04:35 EST 2014 , 4 , 2 , 2 , 161572 : { BUY 4539.63@0.80470892} 161571 : { BUY 4539.63@0.80470892} 161570 : { SELL 20367.34@0.8079342} 161569 : { SELL 20367.34@0.8079342} 
Fri Nov 21 14:07:36 EST 2014 , 4 , 2 , 2 , 161572 : { BUY 4539.63@0.80470892} 161571 : { BUY 4539.63@0.80470892} 161570 : { SELL 20367.34@0.8079342} 161569 : { SELL 20367.34@0.8079342} 
Fri Nov 21 14:10:37 EST 2014 , 4 , 2 , 2 , 161572 : { BUY 4539.63@0.80470892} 161571 : { BUY 4539.63@0.80470892} 161570 : { SELL 20367.34@0.8079342} 161569 : { SELL 20367.34@0.8079342} 
Fri Nov 21 14:13:38 EST 2014 , 4 , 2 , 2 , 161572 : { BUY 4539.63@0.80470892} 161571 : { BUY 4539.63@0.80470892} 161570 : { SELL 20367.34@0.8079342} 161569 : { SELL 20367.34@0.8079342} 
Fri Nov 21 14:16:39 EST 2014 , 4 , 2 , 2 , 161572 : { BUY 4539.63@0.80470892} 161571 : { BUY 4539.63@0.80470892} 161570 : { SELL 20367.34@0.8079342} 161569 : { SELL 20367.34@0.8079342} 
Fri Nov 21 14:19:40 EST 2014 , 4 , 2 , 2 , 161572 : { BUY 4539.63@0.80470892} 161571 : { BUY 4539.63@0.80470892} 161570 : { SELL 20367.34@0.8079342} 161569 : { SELL 20367.34@0.8079342} 
Fri Nov 21 14:22:41 EST 2014 , 4 , 2 , 2 , 161572 : { BUY 4539.63@0.80470892} 161571 : { BUY 4539.63@0.80470892} 161570 : { SELL 20367.34@0.8079342} 161569 : { SELL 20367.34@0.8079342} 
Fri Nov 21 14:25:42 EST 2014 , 4 , 2 , 2 , 161572 : { BUY 4539.63@0.80470892} 161571 : { BUY 4539.63@0.80470892} 161570 : { SELL 20367.34@0.8079342} 161569 : { SELL 20367.34@0.8079342} 
Fri Nov 21 14:28:43 EST 2014 , 4 , 2 , 2 , 161572 : { BUY 4539.63@0.80470892} 161571 : { BUY 4539.63@0.80470892} 161570 : { SELL 20367.34@0.8079342} 161569 : { SELL 20367.34@0.8079342} 
Fri Nov 21 14:31:44 EST 2014 , 4 , 2 , 2 , 161572 : { BUY 4539.63@0.80470892} 161571 : { BUY 4539.63@0.80470892} 161570 : { SELL 20367.34@0.8079342} 161569 : { SELL 20367.34@0.8079342} 
Fri Nov 21 14:34:45 EST 2014 , 4 , 2 , 2 , 161572 : { BUY 4539.63@0.80470892} 161571 : { BUY 4539.63@0.80470892} 161570 : { SELL 20367.34@0.8079342} 161569 : { SELL 20367.34@0.8079342} 
Fri Nov 21 14:37:46 EST 2014 , 4 , 2 , 2 , 161572 : { BUY 4539.63@0.80470892} 161571 : { BUY 4539.63@0.80470892} 161570 : { SELL 20367.34@0.8079342} 161569 : { SELL 20367.34@0.8079342} 
Fri Nov 21 14:40:47 EST 2014 , 4 , 2 , 2 , 161572 : { BUY 4539.63@0.80470892} 161571 : { BUY 4539.63@0.80470892} 161570 : { SELL 20367.34@0.8079342} 161569 : { SELL 20367.34@0.8079342} 
Fri Nov 21 14:43:48 EST 2014 , 4 , 2 , 2 , 161572 : { BUY 4539.63@0.80470892} 161571 : { BUY 4539.63@0.80470892} 161570 : { SELL 20367.34@0.8079342} 161569 : { SELL 20367.34@0.8079342} 
Fri Nov 21 14:46:49 EST 2014 , 4 , 2 , 2 , 161572 : { BUY 4539.63@0.80470892} 161571 : { BUY 4539.63@0.80470892} 161570 : { SELL 20367.34@0.8079342} 161569 : { SELL 20367.34@0.8079342} 
Fri Nov 21 14:49:50 EST 2014 , 4 , 2 , 2 , 161572 : { BUY 4539.63@0.80470892} 161571 : { BUY 4539.63@0.80470892} 161570 : { SELL 20367.34@0.8079342} 161569 : { SELL 20367.34@0.8079342} 
Fri Nov 21 14:52:51 EST 2014 , 4 , 2 , 2 , 161572 : { BUY 4539.63@0.80470892} 161571 : { BUY 4539.63@0.80470892} 161570 : { SELL 20367.34@0.8079342} 161569 : { SELL 20367.34@0.8079342} 
Fri Nov 21 14:55:52 EST 2014 , 4 , 2 , 2 , 161572 : { BUY 4539.63@0.80470892} 161571 : { BUY 4539.63@0.80470892} 161570 : { SELL 20367.34@0.8079342} 161569 : { SELL 20367.34@0.8079342} 
Fri Nov 21 14:58:53 EST 2014 , 4 , 2 , 2 , 161572 : { BUY 4539.63@0.80470892} 161571 : { BUY 4539.63@0.80470892} 161570 : { SELL 20367.34@0.8079342} 161569 : { SELL 20367.34@0.8079342} 
Fri Nov 21 15:01:54 EST 2014 , 4 , 2 , 2 , 161572 : { BUY 4539.63@0.80470892} 161571 : { BUY 4539.63@0.80470892} 161570 : { SELL 20367.34@0.8079342} 161569 : { SELL 20367.34@0.8079342} 
Fri Nov 21 15:04:55 EST 2014 , 4 , 2 , 2 , 161572 : { BUY 4539.63@0.80470892} 161571 : { BUY 4539.63@0.80470892} 161570 : { SELL 20367.34@0.8079342} 161569 : { SELL 20367.34@0.8079342} 
Fri Nov 21 15:07:56 EST 2014 , 4 , 2 , 2 , 161572 : { BUY 4539.63@0.80470892} 161571 : { BUY 4539.63@0.80470892} 161570 : { SELL 20367.34@0.8079342} 161569 : { SELL 20367.34@0.8079342} 
Fri Nov 21 15:10:57 EST 2014 , 4 , 2 , 2 , 161572 : { BUY 4539.63@0.80470892} 161571 : { BUY 4539.63@0.80470892} 161570 : { SELL 20367.34@0.8079342} 161569 : { SELL 20367.34@0.8079342} 
Fri Nov 21 15:13:58 EST 2014 , 4 , 2 , 2 , 161572 : { BUY 4539.63@0.80470892} 161571 : { BUY 4539.63@0.80470892} 161570 : { SELL 20367.34@0.8079342} 161569 : { SELL 20367.34@0.8079342} 
Fri Nov 21 15:16:59 EST 2014 , 4 , 2 , 2 , 161572 : { BUY 4539.63@0.80470892} 161571 : { BUY 4539.63@0.80470892} 161570 : { SELL 20367.34@0.8079342} 161569 : { SELL 20367.34@0.8079342} 
Fri Nov 21 15:20:00 EST 2014 , 4 , 2 , 2 , 161572 : { BUY 4539.63@0.80470892} 161571 : { BUY 4539.63@0.80470892} 161570 : { SELL 20367.34@0.8079342} 161569 : { SELL 20367.34@0.8079342} 
Fri Nov 21 15:23:01 EST 2014 , 4 , 2 , 2 , 161572 : { BUY 4539.63@0.80470892} 161571 : { BUY 4539.63@0.80470892} 161570 : { SELL 20367.34@0.8079342} 161569 : { SELL 20367.34@0.8079342} 
Fri Nov 21 15:26:02 EST 2014 , 4 , 2 , 2 , 161572 : { BUY 4539.63@0.80470892} 161571 : { BUY 4539.63@0.80470892} 161570 : { SELL 20367.34@0.8079342} 161569 : { SELL 20367.34@0.8079342} 
Fri Nov 21 15:29:03 EST 2014 , 4 , 2 , 2 , 161572 : { BUY 4539.63@0.80470892} 161571 : { BUY 4539.63@0.80470892} 161570 : { SELL 20367.34@0.8079342} 161569 : { SELL 20367.34@0.8079342} 
Fri Nov 21 15:32:04 EST 2014 , 4 , 2 , 2 , 161572 : { BUY 4539.63@0.80470892} 161571 : { BUY 4539.63@0.80470892} 161570 : { SELL 20367.34@0.8079342} 161569 : { SELL 20367.34@0.8079342} 
Fri Nov 21 15:35:05 EST 2014 , 4 , 2 , 2 , 161572 : { BUY 4539.63@0.80470892} 161571 : { BUY 4539.63@0.80470892} 161570 : { SELL 20367.34@0.8079342} 161569 : { SELL 20367.34@0.8079342} 
Fri Nov 21 15:38:06 EST 2014 , 4 , 2 , 2 , 161572 : { BUY 4539.63@0.80470892} 161571 : { BUY 4539.63@0.80470892} 161570 : { SELL 20367.34@0.8079342} 161569 : { SELL 20367.34@0.8079342} 
Fri Nov 21 15:41:07 EST 2014 , 4 , 2 , 2 , 161572 : { BUY 4539.63@0.80470892} 161571 : { BUY 4539.63@0.80470892} 161570 : { SELL 20367.34@0.8079342} 161569 : { SELL 20367.34@0.8079342} 
Fri Nov 21 15:44:08 EST 2014 , 4 , 2 , 2 , 161572 : { BUY 4539.63@0.80470892} 161571 : { BUY 4539.63@0.80470892} 161570 : { SELL 20367.34@0.8079342} 161569 : { SELL 20367.34@0.8079342} 
Fri Nov 21 15:47:09 EST 2014 , 4 , 2 , 2 , 161572 : { BUY 4539.63@0.80470892} 161571 : { BUY 4539.63@0.80470892} 161570 : { SELL 20367.34@0.8079342} 161569 : { SELL 20367.34@0.8079342} 
Fri Nov 21 15:50:10 EST 2014 , 4 , 2 , 2 , 161572 : { BUY 4539.63@0.80470892} 161571 : { BUY 4539.63@0.80470892} 161570 : { SELL 20367.34@0.8079342} 161569 : { SELL 20367.34@0.8079342} 
Fri Nov 21 15:53:11 EST 2014 , 4 , 2 , 2 , 161572 : { BUY 4539.63@0.80470892} 161571 : { BUY 4539.63@0.80470892} 161570 : { SELL 20367.34@0.8079342} 161569 : { SELL 20367.34@0.8079342} 
Fri Nov 21 15:56:12 EST 2014 , 4 , 2 , 2 , 161572 : { BUY 4539.63@0.80470892} 161571 : { BUY 4539.63@0.80470892} 161570 : { SELL 20367.34@0.8079342} 161569 : { SELL 20367.34@0.8079342} 
Fri Nov 21 15:59:13 EST 2014 , 4 , 2 , 2 , 161572 : { BUY 4539.63@0.80470892} 161571 : { BUY 4539.63@0.80470892} 161570 : { SELL 20367.34@0.8079342} 161569 : { SELL 20367.34@0.8079342} 
Fri Nov 21 16:02:14 EST 2014 , 4 , 2 , 2 , 161572 : { BUY 4539.63@0.80470892} 161571 : { BUY 4539.63@0.80470892} 161570 : { SELL 20367.34@0.8079342} 161569 : { SELL 20367.34@0.8079342} 
Fri Nov 21 16:05:15 EST 2014 , 4 , 2 , 2 , 161572 : { BUY 4539.63@0.80470892} 161571 : { BUY 4539.63@0.80470892} 161570 : { SELL 20367.34@0.8079342} 161569 : { SELL 20367.34@0.8079342} 
Fri Nov 21 16:08:16 EST 2014 , 4 , 2 , 2 , 161572 : { BUY 4539.63@0.80470892} 161571 : { BUY 4539.63@0.80470892} 161570 : { SELL 20367.34@0.8079342} 161569 : { SELL 20367.34@0.8079342} 
Fri Nov 21 16:11:17 EST 2014 , 4 , 2 , 2 , 161572 : { BUY 4539.63@0.80470892} 161571 : { BUY 4539.63@0.80470892} 161570 : { SELL 20367.34@0.8079342} 161569 : { SELL 20367.34@0.8079342} 
Fri Nov 21 16:14:18 EST 2014 , 4 , 2 , 2 , 161572 : { BUY 4539.63@0.80470892} 161571 : { BUY 4539.63@0.80470892} 161570 : { SELL 20367.34@0.8079342} 161569 : { SELL 20367.34@0.8079342} 
Fri Nov 21 16:17:19 EST 2014 , 4 , 2 , 2 , 161572 : { BUY 4539.63@0.80470892} 161571 : { BUY 4539.63@0.80470892} 161570 : { SELL 20367.34@0.8079342} 161569 : { SELL 20367.34@0.8079342} 
Fri Nov 21 16:20:20 EST 2014 , 4 , 2 , 2 , 161572 : { BUY 4539.63@0.80470892} 161571 : { BUY 4539.63@0.80470892} 161570 : { SELL 20367.34@0.8079342} 161569 : { SELL 20367.34@0.8079342} 
Fri Nov 21 16:23:21 EST 2014 , 4 , 2 , 2 , 161572 : { BUY 4539.63@0.80470892} 161571 : { BUY 4539.63@0.80470892} 161570 : { SELL 20367.34@0.8079342} 161569 : { SELL 20367.34@0.8079342} 
Fri Nov 21 16:26:22 EST 2014 , 4 , 2 , 2 , 161572 : { BUY 4539.63@0.80470892} 161571 : { BUY 4539.63@0.80470892} 161570 : { SELL 20367.34@0.8079342} 161569 : { SELL 20367.34@0.8079342} 
Fri Nov 21 16:29:23 EST 2014 , 4 , 2 , 2 , 161572 : { BUY 4539.63@0.80470892} 161571 : { BUY 4539.63@0.80470892} 161570 : { SELL 20367.34@0.8079342} 161569 : { SELL 20367.34@0.8079342} 
Fri Nov 21 16:32:24 EST 2014 , 4 , 2 , 2 , 161572 : { BUY 4539.63@0.80470892} 161571 : { BUY 4539.63@0.80470892} 161570 : { SELL 20367.34@0.8079342} 161569 : { SELL 20367.34@0.8079342} 
Fri Nov 21 16:35:25 EST 2014 , 4 , 2 , 2 , 161572 : { BUY 4539.63@0.80470892} 161571 : { BUY 4539.63@0.80470892} 161570 : { SELL 20367.34@0.8079342} 161569 : { SELL 20367.34@0.8079342} 
Fri Nov 21 16:38:26 EST 2014 , 4 , 2 , 2 , 161572 : { BUY 4539.63@0.80470892} 161571 : { BUY 4539.63@0.80470892} 161570 : { SELL 20367.34@0.8079342} 161569 : { SELL 20367.34@0.8079342} 
Fri Nov 21 16:41:27 EST 2014 , 4 , 2 , 2 , 161572 : { BUY 4539.63@0.80470892} 161571 : { BUY 4539.63@0.80470892} 161570 : { SELL 20367.34@0.8079342} 161569 : { SELL 20367.34@0.8079342} 
Fri Nov 21 16:44:28 EST 2014 , 4 , 2 , 2 , 161572 : { BUY 4539.63@0.80470892} 161571 : { BUY 4539.63@0.80470892} 161570 : { SELL 20367.34@0.8079342} 161569 : { SELL 20367.34@0.8079342} 
Fri Nov 21 16:47:29 EST 2014 , 4 , 2 , 2 , 161572 : { BUY 4539.63@0.80470892} 161571 : { BUY 4539.63@0.80470892} 161570 : { SELL 20367.34@0.8079342} 161569 : { SELL 20367.34@0.8079342} 
Fri Nov 21 16:50:30 EST 2014 , 4 , 2 , 2 , 161572 : { BUY 4539.63@0.80470892} 161571 : { BUY 4539.63@0.80470892} 161570 : { SELL 20367.34@0.8079342} 161569 : { SELL 20367.34@0.8079342} 
Fri Nov 21 16:53:31 EST 2014 , 4 , 2 , 2 , 161572 : { BUY 4539.63@0.80470892} 161571 : { BUY 4539.63@0.80470892} 161570 : { SELL 20367.34@0.8079342} 161569 : { SELL 20367.34@0.8079342} 
Fri Nov 21 16:56:32 EST 2014 , 4 , 2 , 2 , 161572 : { BUY 4539.63@0.80470892} 161571 : { BUY 4539.63@0.80470892} 161570 : { SELL 20367.34@0.8079342} 161569 : { SELL 20367.34@0.8079342} 
Fri Nov 21 16:59:33 EST 2014 , 4 , 2 , 2 , 161572 : { BUY 4539.63@0.80470892} 161571 : { BUY 4539.63@0.80470892} 161570 : { SELL 20367.34@0.8079342} 161569 : { SELL 20367.34@0.8079342} 
Fri Nov 21 17:02:34 EST 2014 , 4 , 2 , 2 , 161572 : { BUY 4539.63@0.80470892} 161571 : { BUY 4539.63@0.80470892} 161570 : { SELL 20367.34@0.8079342} 161569 : { SELL 20367.34@0.8079342} 
Fri Nov 21 17:05:35 EST 2014 , 4 , 2 , 2 , 161572 : { BUY 4539.63@0.80470892} 161571 : { BUY 4539.63@0.80470892} 161570 : { SELL 20367.34@0.8079342} 161569 : { SELL 20367.34@0.8079342} 
Fri Nov 21 17:08:36 EST 2014 , 4 , 2 , 2 , 161572 : { BUY 4539.63@0.80470892} 161571 : { BUY 4539.63@0.80470892} 161570 : { SELL 20367.34@0.8079342} 161569 : { SELL 20367.34@0.8079342} 
Fri Nov 21 17:11:37 EST 2014 , 4 , 2 , 2 , 161572 : { BUY 4539.63@0.80470892} 161571 : { BUY 4539.63@0.80470892} 161570 : { SELL 20367.34@0.8079342} 161569 : { SELL 20367.34@0.8079342} 
Fri Nov 21 17:14:38 EST 2014 , 4 , 2 , 2 , 161572 : { BUY 4539.63@0.80470892} 161571 : { BUY 4539.63@0.80470892} 161570 : { SELL 20367.34@0.8079342} 161569 : { SELL 20367.34@0.8079342} 
Fri Nov 21 17:17:39 EST 2014 , 4 , 2 , 2 , 161572 : { BUY 4539.63@0.80470892} 161571 : { BUY 4539.63@0.80470892} 161570 : { SELL 20367.34@0.8079342} 161569 : { SELL 20367.34@0.8079342} 
Fri Nov 21 17:20:40 EST 2014 , 4 , 2 , 2 , 161572 : { BUY 4539.63@0.80470892} 161571 : { BUY 4539.63@0.80470892} 161570 : { SELL 20367.34@0.8079342} 161569 : { SELL 20367.34@0.8079342} 
Fri Nov 21 17:23:41 EST 2014 , 4 , 2 , 2 , 161572 : { BUY 4539.63@0.80470892} 161571 : { BUY 4539.63@0.80470892} 161570 : { SELL 20367.34@0.8079342} 161569 : { SELL 20367.34@0.8079342} 
Fri Nov 21 17:26:42 EST 2014 , 4 , 2 , 2 , 161572 : { BUY 4539.63@0.80470892} 161571 : { BUY 4539.63@0.80470892} 161570 : { SELL 20367.34@0.8079342} 161569 : { SELL 20367.34@0.8079342} 
Fri Nov 21 17:29:43 EST 2014 , 4 , 2 , 2 , 161572 : { BUY 4539.63@0.80470892} 161571 : { BUY 4539.63@0.80470892} 161570 : { SELL 20367.34@0.8079342} 161569 : { SELL 20367.34@0.8079342} 
Fri Nov 21 17:32:44 EST 2014 , 4 , 2 , 2 , 161572 : { BUY 4539.63@0.80470892} 161571 : { BUY 4539.63@0.80470892} 161570 : { SELL 20367.34@0.8079342} 161569 : { SELL 20367.34@0.8079342} 
Fri Nov 21 17:35:45 EST 2014 , 4 , 2 , 2 , 161572 : { BUY 4539.63@0.80470892} 161571 : { BUY 4539.63@0.80470892} 161570 : { SELL 20367.34@0.8079342} 161569 : { SELL 20367.34@0.8079342} 
Fri Nov 21 17:38:46 EST 2014 , 4 , 2 , 2 , 161572 : { BUY 4539.63@0.80470892} 161571 : { BUY 4539.63@0.80470892} 161570 : { SELL 20367.34@0.8079342} 161569 : { SELL 20367.34@0.8079342} 
Fri Nov 21 17:41:47 EST 2014 , 4 , 2 , 2 , 161572 : { BUY 4539.63@0.80470892} 161571 : { BUY 4539.63@0.80470892} 161570 : { SELL 20367.34@0.8079342} 161569 : { SELL 20367.34@0.8079342} 
Fri Nov 21 17:44:48 EST 2014 , 4 , 2 , 2 , 161572 : { BUY 4539.63@0.80470892} 161571 : { BUY 4539.63@0.80470892} 161570 : { SELL 20367.34@0.8079342} 161569 : { SELL 20367.34@0.8079342} 
Fri Nov 21 17:47:49 EST 2014 , 4 , 2 , 2 , 161572 : { BUY 4539.63@0.80470892} 161571 : { BUY 4539.63@0.80470892} 161570 : { SELL 20367.34@0.8079342} 161569 : { SELL 20367.34@0.8079342} 
Fri Nov 21 17:50:50 EST 2014 , 4 , 2 , 2 , 161572 : { BUY 4539.63@0.80470892} 161571 : { BUY 4539.63@0.80470892} 161570 : { SELL 20367.34@0.8079342} 161569 : { SELL 20367.34@0.8079342} 
Fri Nov 21 17:53:51 EST 2014 , 4 , 2 , 2 , 161572 : { BUY 4539.63@0.80470892} 161571 : { BUY 4539.63@0.80470892} 161570 : { SELL 20367.34@0.8079342} 161569 : { SELL 20367.34@0.8079342} 
Fri Nov 21 17:56:52 EST 2014 , 4 , 2 , 2 , 161572 : { BUY 4539.63@0.80470892} 161571 : { BUY 4539.63@0.80470892} 161570 : { SELL 20367.34@0.8079342} 161569 : { SELL 20367.34@0.8079342} 
Fri Nov 21 17:59:53 EST 2014 , 4 , 2 , 2 , 161572 : { BUY 4539.63@0.80470892} 161571 : { BUY 4539.63@0.80470892} 161570 : { SELL 20367.34@0.8079342} 161569 : { SELL 20367.34@0.8079342} 
Fri Nov 21 18:02:54 EST 2014 , 4 , 2 , 2 , 161572 : { BUY 4539.63@0.80470892} 161571 : { BUY 4539.63@0.80470892} 161570 : { SELL 20367.34@0.8079342} 161569 : { SELL 20367.34@0.8079342} 
Fri Nov 21 18:05:55 EST 2014 , 4 , 2 , 2 , 161572 : { BUY 4539.63@0.80470892} 161571 : { BUY 4539.63@0.80470892} 161570 : { SELL 20367.34@0.8079342} 161569 : { SELL 20367.34@0.8079342} 
Fri Nov 21 18:08:56 EST 2014 , 4 , 2 , 2 , 161572 : { BUY 4539.63@0.80470892} 161571 : { BUY 4539.63@0.80470892} 161570 : { SELL 20367.34@0.8079342} 161569 : { SELL 20367.34@0.8079342} 
Fri Nov 21 18:11:57 EST 2014 , 4 , 2 , 2 , 161572 : { BUY 4539.63@0.80470892} 161571 : { BUY 4539.63@0.80470892} 161570 : { SELL 20367.34@0.8079342} 161569 : { SELL 20367.34@0.8079342} 
Fri Nov 21 18:14:58 EST 2014 , 4 , 2 , 2 , 161572 : { BUY 4539.63@0.80470892} 161571 : { BUY 4539.63@0.80470892} 161570 : { SELL 20367.34@0.8079342} 161569 : { SELL 20367.34@0.8079342} 
Fri Nov 21 18:17:59 EST 2014 , 4 , 2 , 2 , 161572 : { BUY 4539.63@0.80470892} 161571 : { BUY 4539.63@0.80470892} 161570 : { SELL 20367.34@0.8079342} 161569 : { SELL 20367.34@0.8079342} 
Fri Nov 21 18:21:00 EST 2014 , 4 , 2 , 2 , 161572 : { BUY 4539.63@0.80470892} 161571 : { BUY 4539.63@0.80470892} 161570 : { SELL 20367.34@0.8079342} 161569 : { SELL 20367.34@0.8079342} 
Fri Nov 21 18:24:01 EST 2014 , 4 , 2 , 2 , 161572 : { BUY 4539.63@0.80470892} 161571 : { BUY 4539.63@0.80470892} 161570 : { SELL 20367.34@0.8079342} 161569 : { SELL 20367.34@0.8079342} 
Fri Nov 21 18:27:02 EST 2014 , 4 , 2 , 2 , 161572 : { BUY 4539.63@0.80470892} 161571 : { BUY 4539.63@0.80470892} 161570 : { SELL 20367.34@0.8079342} 161569 : { SELL 20367.34@0.8079342} 
Fri Nov 21 18:30:03 EST 2014 , 4 , 2 , 2 , 161572 : { BUY 4539.63@0.80470892} 161571 : { BUY 4539.63@0.80470892} 161570 : { SELL 20367.34@0.8079342} 161569 : { SELL 20367.34@0.8079342} 
Fri Nov 21 18:33:04 EST 2014 , 4 , 2 , 2 , 161572 : { BUY 4539.63@0.80470892} 161571 : { BUY 4539.63@0.80470892} 161570 : { SELL 20367.34@0.8079342} 161569 : { SELL 20367.34@0.8079342} 
Fri Nov 21 18:36:05 EST 2014 , 4 , 2 , 2 , 161572 : { BUY 4539.63@0.80470892} 161571 : { BUY 4539.63@0.80470892} 161570 : { SELL 20367.34@0.8079342} 161569 : { SELL 20367.34@0.8079342} 
Fri Nov 21 18:39:06 EST 2014 , 4 , 2 , 2 , 161572 : { BUY 4539.63@0.80470892} 161571 : { BUY 4539.63@0.80470892} 161570 : { SELL 20367.34@0.8079342} 161569 : { SELL 20367.34@0.8079342} 
Fri Nov 21 18:42:07 EST 2014 , 4 , 2 , 2 , 161572 : { BUY 4539.63@0.80470892} 161571 : { BUY 4539.63@0.80470892} 161570 : { SELL 20367.34@0.8079342} 161569 : { SELL 20367.34@0.8079342} 
Fri Nov 21 18:45:08 EST 2014 , 4 , 2 , 2 , 161572 : { BUY 4539.63@0.80470892} 161571 : { BUY 4539.63@0.80470892} 161570 : { SELL 20367.34@0.8079342} 161569 : { SELL 20367.34@0.8079342} 
Fri Nov 21 18:48:09 EST 2014 , 4 , 2 , 2 , 161572 : { BUY 4539.63@0.80470892} 161571 : { BUY 4539.63@0.80470892} 161570 : { SELL 20367.34@0.8079342} 161569 : { SELL 20367.34@0.8079342} 
Fri Nov 21 18:51:10 EST 2014 , 4 , 2 , 2 , 161572 : { BUY 4539.63@0.80470892} 161571 : { BUY 4539.63@0.80470892} 161570 : { SELL 20367.34@0.8079342} 161569 : { SELL 20367.34@0.8079342} 
Fri Nov 21 18:54:11 EST 2014 , 4 , 2 , 2 , 161572 : { BUY 4539.63@0.80470892} 161571 : { BUY 4539.63@0.80470892} 161570 : { SELL 20367.34@0.8079342} 161569 : { SELL 20367.34@0.8079342} 
Fri Nov 21 18:57:12 EST 2014 , 4 , 2 , 2 , 161572 : { BUY 4539.63@0.80470892} 161571 : { BUY 4539.63@0.80470892} 161570 : { SELL 20367.34@0.8079342} 161569 : { SELL 20367.34@0.8079342} 
Fri Nov 21 19:00:13 EST 2014 , 4 , 2 , 2 , 161572 : { BUY 4539.63@0.80470892} 161571 : { BUY 4539.63@0.80470892} 161570 : { SELL 20367.34@0.8079342} 161569 : { SELL 20367.34@0.8079342} 
Fri Nov 21 19:03:14 EST 2014 , 4 , 2 , 2 , 161572 : { BUY 4539.63@0.80470892} 161571 : { BUY 4539.63@0.80470892} 161570 : { SELL 20367.34@0.8079342} 161569 : { SELL 20367.34@0.8079342} 
Fri Nov 21 19:06:15 EST 2014 , 4 , 2 , 2 , 161572 : { BUY 4539.63@0.80470892} 161571 : { BUY 4539.63@0.80470892} 161570 : { SELL 20367.34@0.8079342} 161569 : { SELL 20367.34@0.8079342} 
Fri Nov 21 19:09:16 EST 2014 , 4 , 2 , 2 , 161572 : { BUY 4539.63@0.80470892} 161571 : { BUY 4539.63@0.80470892} 161570 : { SELL 20367.34@0.8079342} 161569 : { SELL 20367.34@0.8079342} 
Fri Nov 21 19:12:17 EST 2014 , 4 , 2 , 2 , 161572 : { BUY 4539.63@0.80470892} 161571 : { BUY 4539.63@0.80470892} 161570 : { SELL 20367.34@0.8079342} 161569 : { SELL 20367.34@0.8079342} 
Fri Nov 21 19:15:18 EST 2014 , 4 , 2 , 2 , 161572 : { BUY 4539.63@0.80470892} 161571 : { BUY 4539.63@0.80470892} 161570 : { SELL 20367.34@0.8079342} 161569 : { SELL 20367.34@0.8079342} 
Fri Nov 21 19:18:20 EST 2014 , 4 , 2 , 2 , 161572 : { BUY 4539.63@0.80470892} 161571 : { BUY 4539.63@0.80470892} 161570 : { SELL 20367.34@0.8079342} 161569 : { SELL 20367.34@0.8079342} 
Fri Nov 21 19:21:20 EST 2014 , 4 , 2 , 2 , 161572 : { BUY 4539.63@0.80470892} 161571 : { BUY 4539.63@0.80470892} 161570 : { SELL 20367.34@0.8079342} 161569 : { SELL 20367.34@0.8079342} 
Fri Nov 21 19:24:21 EST 2014 , 4 , 2 , 2 , 161572 : { BUY 4539.63@0.80470892} 161571 : { BUY 4539.63@0.80470892} 161570 : { SELL 20367.34@0.8079342} 161569 : { SELL 20367.34@0.8079342} 
Fri Nov 21 19:27:22 EST 2014 , 4 , 2 , 2 , 161572 : { BUY 4539.63@0.80470892} 161571 : { BUY 4539.63@0.80470892} 161570 : { SELL 20367.34@0.8079342} 161569 : { SELL 20367.34@0.8079342} 
Fri Nov 21 19:30:23 EST 2014 , 4 , 2 , 2 , 161572 : { BUY 4539.63@0.80470892} 161571 : { BUY 4539.63@0.80470892} 161570 : { SELL 20367.34@0.8079342} 161569 : { SELL 20367.34@0.8079342} 
Fri Nov 21 19:33:24 EST 2014 , 4 , 2 , 2 , 161572 : { BUY 4539.63@0.80470892} 161571 : { BUY 4539.63@0.80470892} 161570 : { SELL 20367.34@0.8079342} 161569 : { SELL 20367.34@0.8079342} 
Fri Nov 21 19:36:25 EST 2014 , 4 , 2 , 2 , 161572 : { BUY 4539.63@0.80470892} 161571 : { BUY 4539.63@0.80470892} 161570 : { SELL 20367.34@0.8079342} 161569 : { SELL 20367.34@0.8079342} 
Fri Nov 21 19:39:26 EST 2014 , 4 , 2 , 2 , 161572 : { BUY 4539.63@0.80470892} 161571 : { BUY 4539.63@0.80470892} 161570 : { SELL 20367.34@0.8079342} 161569 : { SELL 20367.34@0.8079342} 
Fri Nov 21 19:42:27 EST 2014 , 4 , 2 , 2 , 161572 : { BUY 4539.63@0.80470892} 161571 : { BUY 4539.63@0.80470892} 161570 : { SELL 20367.34@0.8079342} 161569 : { SELL 20367.34@0.8079342} 
Fri Nov 21 19:45:28 EST 2014 , 4 , 2 , 2 , 161572 : { BUY 4539.63@0.80470892} 161571 : { BUY 4539.63@0.80470892} 161570 : { SELL 20367.34@0.8079342} 161569 : { SELL 20367.34@0.8079342} 
Fri Nov 21 19:48:29 EST 2014 , 4 , 2 , 2 , 161572 : { BUY 4539.63@0.80470892} 161571 : { BUY 4539.63@0.80470892} 161570 : { SELL 20367.34@0.8079342} 161569 : { SELL 20367.34@0.8079342} 
Fri Nov 21 19:51:30 EST 2014 , 4 , 2 , 2 , 161572 : { BUY 4539.63@0.80470892} 161571 : { BUY 4539.63@0.80470892} 161570 : { SELL 20367.34@0.8079342} 161569 : { SELL 20367.34@0.8079342} 
Fri Nov 21 19:54:31 EST 2014 , 4 , 2 , 2 , 161572 : { BUY 4539.63@0.80470892} 161571 : { BUY 4539.63@0.80470892} 161570 : { SELL 20367.34@0.8079342} 161569 : { SELL 20367.34@0.8079342} 
Fri Nov 21 19:57:32 EST 2014 , 4 , 2 , 2 , 161572 : { BUY 4539.63@0.80470892} 161571 : { BUY 4539.63@0.80470892} 161570 : { SELL 20367.34@0.8079342} 161569 : { SELL 20367.34@0.8079342} 
Fri Nov 21 20:00:33 EST 2014 , 4 , 2 , 2 , 161572 : { BUY 4539.63@0.80470892} 161571 : { BUY 4539.63@0.80470892} 161570 : { SELL 20367.34@0.8079342} 161569 : { SELL 20367.34@0.8079342} 
Fri Nov 21 20:03:34 EST 2014 , 4 , 2 , 2 , 161572 : { BUY 4539.63@0.80470892} 161571 : { BUY 4539.63@0.80470892} 161570 : { SELL 20367.34@0.8079342} 161569 : { SELL 20367.34@0.8079342} 
Fri Nov 21 20:06:35 EST 2014 , 4 , 2 , 2 , 161572 : { BUY 4539.63@0.80470892} 161571 : { BUY 4539.63@0.80470892} 161570 : { SELL 20367.34@0.8079342} 161569 : { SELL 20367.34@0.8079342} 
Fri Nov 21 20:09:36 EST 2014 , 4 , 2 , 2 , 161572 : { BUY 4539.63@0.80470892} 161571 : { BUY 4539.63@0.80470892} 161570 : { SELL 20367.34@0.8079342} 161569 : { SELL 20367.34@0.8079342} 
Fri Nov 21 20:12:37 EST 2014 , 4 , 2 , 2 , 161572 : { BUY 4539.63@0.80470892} 161571 : { BUY 4539.63@0.80470892} 161570 : { SELL 20367.34@0.8079342} 161569 : { SELL 20367.34@0.8079342} 
Fri Nov 21 20:15:38 EST 2014 , 4 , 2 , 2 , 161572 : { BUY 4539.63@0.80470892} 161571 : { BUY 4539.63@0.80470892} 161570 : { SELL 20367.34@0.8079342} 161569 : { SELL 20367.34@0.8079342} 
Fri Nov 21 20:18:39 EST 2014 , 4 , 2 , 2 , 161572 : { BUY 4539.63@0.80470892} 161571 : { BUY 4539.63@0.80470892} 161570 : { SELL 20367.34@0.8079342} 161569 : { SELL 20367.34@0.8079342} 
Fri Nov 21 20:21:40 EST 2014 , 4 , 2 , 2 , 161572 : { BUY 4539.63@0.80470892} 161571 : { BUY 4539.63@0.80470892} 161570 : { SELL 20367.34@0.8079342} 161569 : { SELL 20367.34@0.8079342} 
Fri Nov 21 20:24:41 EST 2014 , 4 , 2 , 2 , 161572 : { BUY 4539.63@0.80470892} 161571 : { BUY 4539.63@0.80470892} 161570 : { SELL 20367.34@0.8079342} 161569 : { SELL 20367.34@0.8079342} 
Fri Nov 21 20:27:42 EST 2014 , 4 , 2 , 2 , 161572 : { BUY 4539.63@0.80470892} 161571 : { BUY 4539.63@0.80470892} 161570 : { SELL 20367.34@0.8079342} 161569 : { SELL 20367.34@0.8079342} 
Fri Nov 21 20:30:43 EST 2014 , 4 , 2 , 2 , 161572 : { BUY 4539.63@0.80470892} 161571 : { BUY 4539.63@0.80470892} 161570 : { SELL 20367.34@0.8079342} 161569 : { SELL 20367.34@0.8079342} 
Fri Nov 21 20:33:44 EST 2014 , 4 , 2 , 2 , 161572 : { BUY 4539.63@0.80470892} 161571 : { BUY 4539.63@0.80470892} 161570 : { SELL 20367.34@0.8079342} 161569 : { SELL 20367.34@0.8079342} 
Fri Nov 21 20:36:45 EST 2014 , 4 , 2 , 2 , 161572 : { BUY 4539.63@0.80470892} 161571 : { BUY 4539.63@0.80470892} 161570 : { SELL 20367.34@0.8079342} 161569 : { SELL 20367.34@0.8079342} 
Fri Nov 21 20:39:46 EST 2014 , 4 , 2 , 2 , 161572 : { BUY 4539.63@0.80470892} 161571 : { BUY 4539.63@0.80470892} 161570 : { SELL 20367.34@0.8079342} 161569 : { SELL 20367.34@0.8079342} 
Fri Nov 21 20:42:47 EST 2014 , 4 , 2 , 2 , 161572 : { BUY 4539.63@0.80470892} 161571 : { BUY 4539.63@0.80470892} 161570 : { SELL 20367.34@0.8079342} 161569 : { SELL 20367.34@0.8079342} 
Fri Nov 21 20:45:48 EST 2014 , 4 , 2 , 2 , 161572 : { BUY 4539.63@0.80470892} 161571 : { BUY 4539.63@0.80470892} 161570 : { SELL 20367.34@0.8079342} 161569 : { SELL 20367.34@0.8079342} 
Fri Nov 21 20:48:49 EST 2014 , 4 , 2 , 2 , 161572 : { BUY 4539.63@0.80470892} 161571 : { BUY 4539.63@0.80470892} 161570 : { SELL 20367.34@0.8079342} 161569 : { SELL 20367.34@0.8079342} 
Fri Nov 21 20:51:50 EST 2014 , 4 , 2 , 2 , 161572 : { BUY 4539.63@0.80470892} 161571 : { BUY 4539.63@0.80470892} 161570 : { SELL 20367.34@0.8079342} 161569 : { SELL 20367.34@0.8079342} 
Fri Nov 21 20:54:51 EST 2014 , 4 , 2 , 2 , 161572 : { BUY 4539.63@0.80470892} 161571 : { BUY 4539.63@0.80470892} 161570 : { SELL 20367.34@0.8079342} 161569 : { SELL 20367.34@0.8079342} 
Fri Nov 21 20:57:52 EST 2014 , 4 , 2 , 2 , 161572 : { BUY 4539.63@0.80470892} 161571 : { BUY 4539.63@0.80470892} 161570 : { SELL 20367.34@0.8079342} 161569 : { SELL 20367.34@0.8079342} 
Fri Nov 21 21:00:53 EST 2014 , 4 , 2 , 2 , 161572 : { BUY 4539.63@0.80470892} 161571 : { BUY 4539.63@0.80470892} 161570 : { SELL 20367.34@0.8079342} 161569 : { SELL 20367.34@0.8079342} 
Fri Nov 21 21:03:54 EST 2014 , 4 , 2 , 2 , 161572 : { BUY 4539.63@0.80470892} 161571 : { BUY 4539.63@0.80470892} 161570 : { SELL 20367.34@0.8079342} 161569 : { SELL 20367.34@0.8079342} 
Fri Nov 21 21:06:55 EST 2014 , 4 , 2 , 2 , 161572 : { BUY 4539.63@0.80470892} 161571 : { BUY 4539.63@0.80470892} 161570 : { SELL 20367.34@0.8079342} 161569 : { SELL 20367.34@0.8079342} 
Fri Nov 21 21:09:56 EST 2014 , 4 , 2 , 2 , 161572 : { BUY 4539.63@0.80470892} 161571 : { BUY 4539.63@0.80470892} 161570 : { SELL 20367.34@0.8079342} 161569 : { SELL 20367.34@0.8079342} 
Fri Nov 21 21:12:57 EST 2014 , 4 , 2 , 2 , 161572 : { BUY 4539.63@0.80470892} 161571 : { BUY 4539.63@0.80470892} 161570 : { SELL 20367.34@0.8079342} 161569 : { SELL 20367.34@0.8079342} 
Fri Nov 21 21:15:58 EST 2014 , 4 , 2 , 2 , 161572 : { BUY 4539.63@0.80470892} 161571 : { BUY 4539.63@0.80470892} 161570 : { SELL 20367.34@0.8079342} 161569 : { SELL 20367.34@0.8079342} 
Fri Nov 21 21:18:59 EST 2014 , 4 , 2 , 2 , 161572 : { BUY 4539.63@0.80470892} 161571 : { BUY 4539.63@0.80470892} 161570 : { SELL 20367.34@0.8079342} 161569 : { SELL 20367.34@0.8079342} 
Fri Nov 21 21:22:00 EST 2014 , 4 , 2 , 2 , 161572 : { BUY 4539.63@0.80470892} 161571 : { BUY 4539.63@0.80470892} 161570 : { SELL 20367.34@0.8079342} 161569 : { SELL 20367.34@0.8079342} 
Fri Nov 21 21:25:01 EST 2014 , 4 , 2 , 2 , 161572 : { BUY 4539.63@0.80470892} 161571 : { BUY 4539.63@0.80470892} 161570 : { SELL 20367.34@0.8079342} 161569 : { SELL 20367.34@0.8079342} 
Fri Nov 21 21:28:02 EST 2014 , 4 , 2 , 2 , 161572 : { BUY 4539.63@0.80470892} 161571 : { BUY 4539.63@0.80470892} 161570 : { SELL 20367.34@0.8079342} 161569 : { SELL 20367.34@0.8079342} 
Fri Nov 21 21:31:03 EST 2014 , 4 , 2 , 2 , 161572 : { BUY 4539.63@0.80470892} 161571 : { BUY 4539.63@0.80470892} 161570 : { SELL 20367.34@0.8079342} 161569 : { SELL 20367.34@0.8079342} 
Fri Nov 21 21:34:04 EST 2014 , 4 , 2 , 2 , 161572 : { BUY 4539.63@0.80470892} 161571 : { BUY 4539.63@0.80470892} 161570 : { SELL 20367.34@0.8079342} 161569 : { SELL 20367.34@0.8079342} 
Fri Nov 21 21:37:05 EST 2014 , 4 , 2 , 2 , 161572 : { BUY 4539.63@0.80470892} 161571 : { BUY 4539.63@0.80470892} 161570 : { SELL 20367.34@0.8079342} 161569 : { SELL 20367.34@0.8079342} 
Fri Nov 21 21:40:06 EST 2014 , 4 , 2 , 2 , 161572 : { BUY 4539.63@0.80470892} 161571 : { BUY 4539.63@0.80470892} 161570 : { SELL 20367.34@0.8079342} 161569 : { SELL 20367.34@0.8079342} 
Fri Nov 21 21:43:07 EST 2014 , 4 , 2 , 2 , 161572 : { BUY 4539.63@0.80470892} 161571 : { BUY 4539.63@0.80470892} 161570 : { SELL 20367.34@0.8079342} 161569 : { SELL 20367.34@0.8079342} 
Fri Nov 21 21:46:08 EST 2014 , 4 , 2 , 2 , 161572 : { BUY 4539.63@0.80470892} 161571 : { BUY 4539.63@0.80470892} 161570 : { SELL 20367.34@0.8079342} 161569 : { SELL 20367.34@0.8079342} 
Fri Nov 21 21:49:09 EST 2014 , 4 , 2 , 2 , 161572 : { BUY 4539.63@0.80470892} 161571 : { BUY 4539.63@0.80470892} 161570 : { SELL 20367.34@0.8079342} 161569 : { SELL 20367.34@0.8079342} 
Fri Nov 21 21:52:10 EST 2014 , 4 , 2 , 2 , 161572 : { BUY 4539.63@0.80470892} 161571 : { BUY 4539.63@0.80470892} 161570 : { SELL 20367.34@0.8079342} 161569 : { SELL 20367.34@0.8079342} 
Fri Nov 21 21:55:11 EST 2014 , 4 , 2 , 2 , 161572 : { BUY 4539.63@0.80470892} 161571 : { BUY 4539.63@0.80470892} 161570 : { SELL 20367.34@0.8079342} 161569 : { SELL 20367.34@0.8079342} 
Fri Nov 21 21:58:12 EST 2014 , 4 , 2 , 2 , 161572 : { BUY 4539.63@0.80470892} 161571 : { BUY 4539.63@0.80470892} 161570 : { SELL 20367.34@0.8079342} 161569 : { SELL 20367.34@0.8079342} 
Fri Nov 21 22:01:13 EST 2014 , 4 , 2 , 2 , 161572 : { BUY 4539.63@0.80470892} 161571 : { BUY 4539.63@0.80470892} 161570 : { SELL 20367.34@0.8079342} 161569 : { SELL 20367.34@0.8079342} 
Fri Nov 21 22:04:14 EST 2014 , 4 , 2 , 2 , 161572 : { BUY 4539.63@0.80470892} 161571 : { BUY 4539.63@0.80470892} 161570 : { SELL 20367.34@0.8079342} 161569 : { SELL 20367.34@0.8079342} 
Fri Nov 21 22:07:15 EST 2014 , 4 , 2 , 2 , 161572 : { BUY 4539.63@0.80470892} 161571 : { BUY 4539.63@0.80470892} 161570 : { SELL 20367.34@0.8079342} 161569 : { SELL 20367.34@0.8079342} 
Fri Nov 21 22:10:16 EST 2014 , 4 , 2 , 2 , 161572 : { BUY 4539.63@0.80470892} 161571 : { BUY 4539.63@0.80470892} 161570 : { SELL 20367.34@0.8079342} 161569 : { SELL 20367.34@0.8079342} 
Fri Nov 21 22:13:17 EST 2014 , 4 , 2 , 2 , 161572 : { BUY 4539.63@0.80470892} 161571 : { BUY 4539.63@0.80470892} 161570 : { SELL 20367.34@0.8079342} 161569 : { SELL 20367.34@0.8079342} 
Fri Nov 21 22:16:18 EST 2014 , 4 , 2 , 2 , 161572 : { BUY 4539.63@0.80470892} 161571 : { BUY 4539.63@0.80470892} 161570 : { SELL 20367.34@0.8079342} 161569 : { SELL 20367.34@0.8079342} 
Fri Nov 21 22:19:19 EST 2014 , 4 , 2 , 2 , 161572 : { BUY 4539.63@0.80470892} 161571 : { BUY 4539.63@0.80470892} 161570 : { SELL 20367.34@0.8079342} 161569 : { SELL 20367.34@0.8079342} 
Fri Nov 21 22:22:20 EST 2014 , 4 , 2 , 2 , 161572 : { BUY 4539.63@0.80470892} 161571 : { BUY 4539.63@0.80470892} 161570 : { SELL 20367.34@0.8079342} 161569 : { SELL 20367.34@0.8079342} 
Fri Nov 21 22:25:21 EST 2014 , 4 , 2 , 2 , 161572 : { BUY 4539.63@0.80470892} 161571 : { BUY 4539.63@0.80470892} 161570 : { SELL 20367.34@0.8079342} 161569 : { SELL 20367.34@0.8079342} 
Fri Nov 21 22:28:22 EST 2014 , 4 , 2 , 2 , 161572 : { BUY 4539.63@0.80470892} 161571 : { BUY 4539.63@0.80470892} 161570 : { SELL 20367.34@0.8079342} 161569 : { SELL 20367.34@0.8079342} 
Fri Nov 21 22:31:23 EST 2014 , 4 , 2 , 2 , 161572 : { BUY 4539.63@0.80470892} 161571 : { BUY 4539.63@0.80470892} 161570 : { SELL 20367.34@0.8079342} 161569 : { SELL 20367.34@0.8079342} 
Fri Nov 21 22:34:24 EST 2014 , 4 , 2 , 2 , 161572 : { BUY 4539.63@0.80470892} 161571 : { BUY 4539.63@0.80470892} 161570 : { SELL 20367.34@0.8079342} 161569 : { SELL 20367.34@0.8079342} 
Fri Nov 21 22:37:25 EST 2014 , 4 , 2 , 2 , 161572 : { BUY 4539.63@0.80470892} 161571 : { BUY 4539.63@0.80470892} 161570 : { SELL 20367.34@0.8079342} 161569 : { SELL 20367.34@0.8079342} 
Fri Nov 21 22:40:26 EST 2014 , 4 , 2 , 2 , 161572 : { BUY 4539.63@0.80470892} 161571 : { BUY 4539.63@0.80470892} 161570 : { SELL 20367.34@0.8079342} 161569 : { SELL 20367.34@0.8079342} 
Fri Nov 21 22:43:27 EST 2014 , 4 , 2 , 2 , 161572 : { BUY 4539.63@0.80470892} 161571 : { BUY 4539.63@0.80470892} 161570 : { SELL 20367.34@0.8079342} 161569 : { SELL 20367.34@0.8079342} 
Fri Nov 21 22:46:28 EST 2014 , 4 , 2 , 2 , 161572 : { BUY 4539.63@0.80470892} 161571 : { BUY 4539.63@0.80470892} 161570 : { SELL 20367.34@0.8079342} 161569 : { SELL 20367.34@0.8079342} 
Fri Nov 21 22:49:29 EST 2014 , 4 , 2 , 2 , 161572 : { BUY 4539.63@0.80470892} 161571 : { BUY 4539.63@0.80470892} 161570 : { SELL 20367.34@0.8079342} 161569 : { SELL 20367.34@0.8079342} 
Fri Nov 21 22:52:30 EST 2014 , 4 , 2 , 2 , 161572 : { BUY 4539.63@0.80470892} 161571 : { BUY 4539.63@0.80470892} 161570 : { SELL 20367.34@0.8079342} 161569 : { SELL 20367.34@0.8079342} 
Fri Nov 21 22:55:31 EST 2014 , 4 , 2 , 2 , 161572 : { BUY 4539.63@0.80470892} 161571 : { BUY 4539.63@0.80470892} 161570 : { SELL 20367.34@0.8079342} 161569 : { SELL 20367.34@0.8079342} 
Fri Nov 21 22:58:32 EST 2014 , 4 , 2 , 2 , 161572 : { BUY 4539.63@0.80470892} 161571 : { BUY 4539.63@0.80470892} 161570 : { SELL 20367.34@0.8079342} 161569 : { SELL 20367.34@0.8079342} 
Fri Nov 21 23:01:33 EST 2014 , 4 , 2 , 2 , 161572 : { BUY 4539.63@0.80470892} 161571 : { BUY 4539.63@0.80470892} 161570 : { SELL 20367.34@0.8079342} 161569 : { SELL 20367.34@0.8079342} 
Fri Nov 21 23:04:34 EST 2014 , 4 , 2 , 2 , 161572 : { BUY 4539.63@0.80470892} 161571 : { BUY 4539.63@0.80470892} 161570 : { SELL 20367.34@0.8079342} 161569 : { SELL 20367.34@0.8079342} 
Fri Nov 21 23:07:35 EST 2014 , 4 , 2 , 2 , 161572 : { BUY 4539.63@0.80470892} 161571 : { BUY 4539.63@0.80470892} 161570 : { SELL 20367.34@0.8079342} 161569 : { SELL 20367.34@0.8079342} 
Fri Nov 21 23:10:36 EST 2014 , 4 , 2 , 2 , 161572 : { BUY 4539.63@0.80470892} 161571 : { BUY 4539.63@0.80470892} 161570 : { SELL 20367.34@0.8079342} 161569 : { SELL 20367.34@0.8079342} 
Fri Nov 21 23:13:37 EST 2014 , 4 , 2 , 2 , 161572 : { BUY 4539.63@0.80470892} 161571 : { BUY 4539.63@0.80470892} 161570 : { SELL 20367.34@0.8079342} 161569 : { SELL 20367.34@0.8079342} 
Fri Nov 21 23:16:38 EST 2014 , 4 , 2 , 2 , 161572 : { BUY 4539.63@0.80470892} 161571 : { BUY 4539.63@0.80470892} 161570 : { SELL 20367.34@0.8079342} 161569 : { SELL 20367.34@0.8079342} 
Fri Nov 21 23:19:39 EST 2014 , 4 , 2 , 2 , 161572 : { BUY 4539.63@0.80470892} 161571 : { BUY 4539.63@0.80470892} 161570 : { SELL 20367.34@0.8079342} 161569 : { SELL 20367.34@0.8079342} 
Fri Nov 21 23:22:40 EST 2014 , 4 , 2 , 2 , 161572 : { BUY 4539.63@0.80470892} 161571 : { BUY 4539.63@0.80470892} 161570 : { SELL 20367.34@0.8079342} 161569 : { SELL 20367.34@0.8079342} 
Fri Nov 21 23:25:41 EST 2014 , 4 , 2 , 2 , 161572 : { BUY 4539.63@0.80470892} 161571 : { BUY 4539.63@0.80470892} 161570 : { SELL 20367.34@0.8079342} 161569 : { SELL 20367.34@0.8079342} 
Fri Nov 21 23:28:42 EST 2014 , 4 , 2 , 2 , 161572 : { BUY 4539.63@0.80470892} 161571 : { BUY 4539.63@0.80470892} 161570 : { SELL 20367.34@0.8079342} 161569 : { SELL 20367.34@0.8079342} 
Fri Nov 21 23:31:43 EST 2014 , 4 , 2 , 2 , 161572 : { BUY 4539.63@0.80470892} 161571 : { BUY 4539.63@0.80470892} 161570 : { SELL 20367.34@0.8079342} 161569 : { SELL 20367.34@0.8079342} 
Fri Nov 21 23:34:44 EST 2014 , 4 , 2 , 2 , 161572 : { BUY 4539.63@0.80470892} 161571 : { BUY 4539.63@0.80470892} 161570 : { SELL 20367.34@0.8079342} 161569 : { SELL 20367.34@0.8079342} 
Fri Nov 21 23:37:45 EST 2014 , 4 , 2 , 2 , 161572 : { BUY 4539.63@0.80470892} 161571 : { BUY 4539.63@0.80470892} 161570 : { SELL 20367.34@0.8079342} 161569 : { SELL 20367.34@0.8079342} 
Fri Nov 21 23:40:46 EST 2014 , 4 , 2 , 2 , 161572 : { BUY 4539.63@0.80470892} 161571 : { BUY 4539.63@0.80470892} 161570 : { SELL 20367.34@0.8079342} 161569 : { SELL 20367.34@0.8079342} 
Fri Nov 21 23:43:47 EST 2014 , 4 , 2 , 2 , 161572 : { BUY 4539.63@0.80470892} 161571 : { BUY 4539.63@0.80470892} 161570 : { SELL 20367.34@0.8079342} 161569 : { SELL 20367.34@0.8079342} 
Fri Nov 21 23:46:48 EST 2014 , 4 , 2 , 2 , 161572 : { BUY 4539.63@0.80470892} 161571 : { BUY 4539.63@0.80470892} 161570 : { SELL 20367.34@0.8079342} 161569 : { SELL 20367.34@0.8079342} 
Fri Nov 21 23:49:49 EST 2014 , 4 , 2 , 2 , 161572 : { BUY 4539.63@0.80470892} 161571 : { BUY 4539.63@0.80470892} 161570 : { SELL 20367.34@0.8079342} 161569 : { SELL 20367.34@0.8079342} 
Fri Nov 21 23:52:50 EST 2014 , 4 , 2 , 2 , 161572 : { BUY 4539.63@0.80470892} 161571 : { BUY 4539.63@0.80470892} 161570 : { SELL 20367.34@0.8079342} 161569 : { SELL 20367.34@0.8079342} 
Fri Nov 21 23:55:51 EST 2014 , 4 , 2 , 2 , 161572 : { BUY 4539.63@0.80470892} 161571 : { BUY 4539.63@0.80470892} 161570 : { SELL 20367.34@0.8079342} 161569 : { SELL 20367.34@0.8079342} 
Fri Nov 21 23:58:52 EST 2014 , 4 , 2 , 2 , 161572 : { BUY 4539.63@0.80470892} 161571 : { BUY 4539.63@0.80470892} 161570 : { SELL 20367.34@0.8079342} 161569 : { SELL 20367.34@0.8079342} 
Sat Nov 22 00:01:53 EST 2014 , 4 , 2 , 2 , 161572 : { BUY 4539.63@0.80470892} 161571 : { BUY 4539.63@0.80470892} 161570 : { SELL 20367.34@0.8079342} 161569 : { SELL 20367.34@0.8079342} 
Sat Nov 22 00:04:54 EST 2014 , 4 , 2 , 2 , 161572 : { BUY 4539.63@0.80470892} 161571 : { BUY 4539.63@0.80470892} 161570 : { SELL 20367.34@0.8079342} 161569 : { SELL 20367.34@0.8079342} 
Sat Nov 22 00:07:55 EST 2014 , 4 , 2 , 2 , 161572 : { BUY 4539.63@0.80470892} 161571 : { BUY 4539.63@0.80470892} 161570 : { SELL 20367.34@0.8079342} 161569 : { SELL 20367.34@0.8079342} 
Sat Nov 22 00:10:56 EST 2014 , 4 , 2 , 2 , 161572 : { BUY 4539.63@0.80470892} 161571 : { BUY 4539.63@0.80470892} 161570 : { SELL 20367.34@0.8079342} 161569 : { SELL 20367.34@0.8079342} 
Sat Nov 22 00:13:57 EST 2014 , 4 , 2 , 2 , 161572 : { BUY 4539.63@0.80470892} 161571 : { BUY 4539.63@0.80470892} 161570 : { SELL 20367.34@0.8079342} 161569 : { SELL 20367.34@0.8079342} 
Sat Nov 22 00:16:58 EST 2014 , 4 , 2 , 2 , 161572 : { BUY 4539.63@0.80470892} 161571 : { BUY 4539.63@0.80470892} 161570 : { SELL 20367.34@0.8079342} 161569 : { SELL 20367.34@0.8079342} 
Sat Nov 22 00:20:00 EST 2014 , 4 , 2 , 2 , 161572 : { BUY 4539.63@0.80470892} 161571 : { BUY 4539.63@0.80470892} 161570 : { SELL 20367.34@0.8079342} 161569 : { SELL 20367.34@0.8079342} 
Sat Nov 22 00:23:00 EST 2014 , 4 , 2 , 2 , 161572 : { BUY 4539.63@0.80470892} 161571 : { BUY 4539.63@0.80470892} 161570 : { SELL 20367.34@0.8079342} 161569 : { SELL 20367.34@0.8079342} 
Sat Nov 22 00:26:01 EST 2014 , 4 , 2 , 2 , 161572 : { BUY 4539.63@0.80470892} 161571 : { BUY 4539.63@0.80470892} 161570 : { SELL 20367.34@0.8079342} 161569 : { SELL 20367.34@0.8079342} 
Sat Nov 22 00:29:02 EST 2014 , 4 , 2 , 2 , 161572 : { BUY 4539.63@0.80470892} 161571 : { BUY 4539.63@0.80470892} 161570 : { SELL 20367.34@0.8079342} 161569 : { SELL 20367.34@0.8079342} 
Sat Nov 22 00:32:03 EST 2014 , 4 , 2 , 2 , 161572 : { BUY 4539.63@0.80470892} 161571 : { BUY 4539.63@0.80470892} 161570 : { SELL 20367.34@0.8079342} 161569 : { SELL 20367.34@0.8079342} 
Sat Nov 22 00:35:04 EST 2014 , 4 , 2 , 2 , 161572 : { BUY 4539.63@0.80470892} 161571 : { BUY 4539.63@0.80470892} 161570 : { SELL 20367.34@0.8079342} 161569 : { SELL 20367.34@0.8079342} 
Sat Nov 22 00:38:05 EST 2014 , 4 , 2 , 2 , 161572 : { BUY 4539.63@0.80470892} 161571 : { BUY 4539.63@0.80470892} 161570 : { SELL 20367.34@0.8079342} 161569 : { SELL 20367.34@0.8079342} 
Sat Nov 22 00:41:06 EST 2014 , 4 , 2 , 2 , 161572 : { BUY 4539.63@0.80470892} 161571 : { BUY 4539.63@0.80470892} 161570 : { SELL 20367.34@0.8079342} 161569 : { SELL 20367.34@0.8079342} 
Sat Nov 22 00:44:07 EST 2014 , 4 , 2 , 2 , 161572 : { BUY 4539.63@0.80470892} 161571 : { BUY 4539.63@0.80470892} 161570 : { SELL 20367.34@0.8079342} 161569 : { SELL 20367.34@0.8079342} 
Sat Nov 22 00:47:08 EST 2014 , 4 , 2 , 2 , 161572 : { BUY 4539.63@0.80470892} 161571 : { BUY 4539.63@0.80470892} 161570 : { SELL 20367.34@0.8079342} 161569 : { SELL 20367.34@0.8079342} 
Sat Nov 22 00:50:09 EST 2014 , 4 , 2 , 2 , 161572 : { BUY 4539.63@0.80470892} 161571 : { BUY 4539.63@0.80470892} 161570 : { SELL 20367.34@0.8079342} 161569 : { SELL 20367.34@0.8079342} 
Sat Nov 22 00:53:10 EST 2014 , 4 , 2 , 2 , 161572 : { BUY 4539.63@0.80470892} 161571 : { BUY 4539.63@0.80470892} 161570 : { SELL 20367.34@0.8079342} 161569 : { SELL 20367.34@0.8079342} 
Sat Nov 22 00:56:11 EST 2014 , 4 , 2 , 2 , 161572 : { BUY 4539.63@0.80470892} 161571 : { BUY 4539.63@0.80470892} 161570 : { SELL 20367.34@0.8079342} 161569 : { SELL 20367.34@0.8079342} 
Sat Nov 22 00:59:12 EST 2014 , 4 , 2 , 2 , 161572 : { BUY 4539.63@0.80470892} 161571 : { BUY 4539.63@0.80470892} 161570 : { SELL 20367.34@0.8079342} 161569 : { SELL 20367.34@0.8079342} 
Sat Nov 22 01:02:13 EST 2014 , 4 , 2 , 2 , 161572 : { BUY 4539.63@0.80470892} 161571 : { BUY 4539.63@0.80470892} 161570 : { SELL 20367.34@0.8079342} 161569 : { SELL 20367.34@0.8079342} 
Sat Nov 22 01:05:14 EST 2014 , 4 , 2 , 2 , 161572 : { BUY 4539.63@0.80470892} 161571 : { BUY 4539.63@0.80470892} 161570 : { SELL 20367.34@0.8079342} 161569 : { SELL 20367.34@0.8079342} 
Sat Nov 22 01:08:15 EST 2014 , 4 , 2 , 2 , 161572 : { BUY 4539.63@0.80470892} 161571 : { BUY 4539.63@0.80470892} 161570 : { SELL 20367.34@0.8079342} 161569 : { SELL 20367.34@0.8079342} 
Sat Nov 22 01:11:16 EST 2014 , 4 , 2 , 2 , 161572 : { BUY 4539.63@0.80470892} 161571 : { BUY 4539.63@0.80470892} 161570 : { SELL 20367.34@0.8079342} 161569 : { SELL 20367.34@0.8079342} 
Sat Nov 22 01:14:17 EST 2014 , 4 , 2 , 2 , 161572 : { BUY 4539.63@0.80470892} 161571 : { BUY 4539.63@0.80470892} 161570 : { SELL 20367.34@0.8079342} 161569 : { SELL 20367.34@0.8079342} 
Sat Nov 22 01:17:18 EST 2014 , 4 , 2 , 2 , 161572 : { BUY 4539.63@0.80470892} 161571 : { BUY 4539.63@0.80470892} 161570 : { SELL 20367.34@0.8079342} 161569 : { SELL 20367.34@0.8079342} 
Sat Nov 22 01:20:19 EST 2014 , 4 , 2 , 2 , 161572 : { BUY 4539.63@0.80470892} 161571 : { BUY 4539.63@0.80470892} 161570 : { SELL 20367.34@0.8079342} 161569 : { SELL 20367.34@0.8079342} 
Sat Nov 22 01:23:20 EST 2014 , 4 , 2 , 2 , 161572 : { BUY 4539.63@0.80470892} 161571 : { BUY 4539.63@0.80470892} 161570 : { SELL 20367.34@0.8079342} 161569 : { SELL 20367.34@0.8079342} 
Sat Nov 22 01:26:21 EST 2014 , 4 , 2 , 2 , 161572 : { BUY 4539.63@0.80470892} 161571 : { BUY 4539.63@0.80470892} 161570 : { SELL 20367.34@0.8079342} 161569 : { SELL 20367.34@0.8079342} 
Sat Nov 22 01:29:22 EST 2014 , 4 , 2 , 2 , 161572 : { BUY 4539.63@0.80470892} 161571 : { BUY 4539.63@0.80470892} 161570 : { SELL 20367.34@0.8079342} 161569 : { SELL 20367.34@0.8079342} 
Sat Nov 22 01:32:23 EST 2014 , 4 , 2 , 2 , 161572 : { BUY 4539.63@0.80470892} 161571 : { BUY 4539.63@0.80470892} 161570 : { SELL 20367.34@0.8079342} 161569 : { SELL 20367.34@0.8079342} 
Sat Nov 22 01:35:24 EST 2014 , 4 , 2 , 2 , 161572 : { BUY 4539.63@0.80470892} 161571 : { BUY 4539.63@0.80470892} 161570 : { SELL 20367.34@0.8079342} 161569 : { SELL 20367.34@0.8079342} 
Sat Nov 22 01:38:25 EST 2014 , 4 , 2 , 2 , 161572 : { BUY 4539.63@0.80470892} 161571 : { BUY 4539.63@0.80470892} 161570 : { SELL 20367.34@0.8079342} 161569 : { SELL 20367.34@0.8079342} 
Sat Nov 22 01:41:26 EST 2014 , 4 , 2 , 2 , 161572 : { BUY 4539.63@0.80470892} 161571 : { BUY 4539.63@0.80470892} 161570 : { SELL 20367.34@0.8079342} 161569 : { SELL 20367.34@0.8079342} 
Sat Nov 22 01:44:27 EST 2014 , 4 , 2 , 2 , 161572 : { BUY 4539.63@0.80470892} 161571 : { BUY 4539.63@0.80470892} 161570 : { SELL 20367.34@0.8079342} 161569 : { SELL 20367.34@0.8079342} 
Sat Nov 22 01:47:28 EST 2014 , 4 , 2 , 2 , 161572 : { BUY 4539.63@0.80470892} 161571 : { BUY 4539.63@0.80470892} 161570 : { SELL 20367.34@0.8079342} 161569 : { SELL 20367.34@0.8079342} 
Sat Nov 22 01:50:29 EST 2014 , 4 , 2 , 2 , 161572 : { BUY 4539.63@0.80470892} 161571 : { BUY 4539.63@0.80470892} 161570 : { SELL 20367.34@0.8079342} 161569 : { SELL 20367.34@0.8079342} 
Sat Nov 22 01:53:30 EST 2014 , 4 , 2 , 2 , 161572 : { BUY 4539.63@0.80470892} 161571 : { BUY 4539.63@0.80470892} 161570 : { SELL 20367.34@0.8079342} 161569 : { SELL 20367.34@0.8079342} 
Sat Nov 22 01:56:31 EST 2014 , 4 , 2 , 2 , 161572 : { BUY 4539.63@0.80470892} 161571 : { BUY 4539.63@0.80470892} 161570 : { SELL 20367.34@0.8079342} 161569 : { SELL 20367.34@0.8079342} 
Sat Nov 22 01:59:32 EST 2014 , 4 , 2 , 2 , 161572 : { BUY 4539.63@0.80470892} 161571 : { BUY 4539.63@0.80470892} 161570 : { SELL 20367.34@0.8079342} 161569 : { SELL 20367.34@0.8079342} 
Sat Nov 22 02:02:33 EST 2014 , 4 , 2 , 2 , 161572 : { BUY 4539.63@0.80470892} 161571 : { BUY 4539.63@0.80470892} 161570 : { SELL 20367.34@0.8079342} 161569 : { SELL 20367.34@0.8079342} 
Sat Nov 22 02:05:34 EST 2014 , 4 , 2 , 2 , 161572 : { BUY 4539.63@0.80470892} 161571 : { BUY 4539.63@0.80470892} 161570 : { SELL 20367.34@0.8079342} 161569 : { SELL 20367.34@0.8079342} 
Sat Nov 22 02:08:35 EST 2014 , 4 , 2 , 2 , 161572 : { BUY 4539.63@0.80470892} 161571 : { BUY 4539.63@0.80470892} 161570 : { SELL 20367.34@0.8079342} 161569 : { SELL 20367.34@0.8079342} 
Sat Nov 22 02:11:36 EST 2014 , 4 , 2 , 2 , 161572 : { BUY 4539.63@0.80470892} 161571 : { BUY 4539.63@0.80470892} 161570 : { SELL 20367.34@0.8079342} 161569 : { SELL 20367.34@0.8079342} 
Sat Nov 22 02:14:37 EST 2014 , 4 , 2 , 2 , 161572 : { BUY 4539.63@0.80470892} 161571 : { BUY 4539.63@0.80470892} 161570 : { SELL 20367.34@0.8079342} 161569 : { SELL 20367.34@0.8079342} 
Sat Nov 22 02:17:38 EST 2014 , 4 , 2 , 2 , 161572 : { BUY 4539.63@0.80470892} 161571 : { BUY 4539.63@0.80470892} 161570 : { SELL 20367.34@0.8079342} 161569 : { SELL 20367.34@0.8079342} 
Sat Nov 22 02:20:39 EST 2014 , 4 , 2 , 2 , 161572 : { BUY 4539.63@0.80470892} 161571 : { BUY 4539.63@0.80470892} 161570 : { SELL 20367.34@0.8079342} 161569 : { SELL 20367.34@0.8079342} 
Sat Nov 22 02:23:40 EST 2014 , 4 , 2 , 2 , 161572 : { BUY 4539.63@0.80470892} 161571 : { BUY 4539.63@0.80470892} 161570 : { SELL 20367.34@0.8079342} 161569 : { SELL 20367.34@0.8079342} 
Sat Nov 22 02:26:41 EST 2014 , 4 , 2 , 2 , 161572 : { BUY 4539.63@0.80470892} 161571 : { BUY 4539.63@0.80470892} 161570 : { SELL 20367.34@0.8079342} 161569 : { SELL 20367.34@0.8079342} 
Sat Nov 22 02:29:42 EST 2014 , 4 , 2 , 2 , 161572 : { BUY 4539.63@0.80470892} 161571 : { BUY 4539.63@0.80470892} 161570 : { SELL 20367.34@0.8079342} 161569 : { SELL 20367.34@0.8079342} 
Sat Nov 22 02:32:43 EST 2014 , 4 , 2 , 2 , 161572 : { BUY 4539.63@0.80470892} 161571 : { BUY 4539.63@0.80470892} 161570 : { SELL 20367.34@0.8079342} 161569 : { SELL 20367.34@0.8079342} 
Sat Nov 22 02:35:44 EST 2014 , 4 , 2 , 2 , 161572 : { BUY 4539.63@0.80470892} 161571 : { BUY 4539.63@0.80470892} 161570 : { SELL 20367.34@0.8079342} 161569 : { SELL 20367.34@0.8079342} 
Sat Nov 22 02:38:45 EST 2014 , 4 , 2 , 2 , 161572 : { BUY 4539.63@0.80470892} 161571 : { BUY 4539.63@0.80470892} 161570 : { SELL 20367.34@0.8079342} 161569 : { SELL 20367.34@0.8079342} 
Sat Nov 22 02:41:46 EST 2014 , 4 , 2 , 2 , 161572 : { BUY 4539.63@0.80470892} 161571 : { BUY 4539.63@0.80470892} 161570 : { SELL 20367.34@0.8079342} 161569 : { SELL 20367.34@0.8079342} 
Sat Nov 22 02:44:47 EST 2014 , 4 , 2 , 2 , 161572 : { BUY 4539.63@0.80470892} 161571 : { BUY 4539.63@0.80470892} 161570 : { SELL 20367.34@0.8079342} 161569 : { SELL 20367.34@0.8079342} 
Sat Nov 22 02:47:48 EST 2014 , 4 , 2 , 2 , 161572 : { BUY 4539.63@0.80470892} 161571 : { BUY 4539.63@0.80470892} 161570 : { SELL 20367.34@0.8079342} 161569 : { SELL 20367.34@0.8079342} 
Sat Nov 22 02:50:49 EST 2014 , 4 , 2 , 2 , 161572 : { BUY 4539.63@0.80470892} 161571 : { BUY 4539.63@0.80470892} 161570 : { SELL 20367.34@0.8079342} 161569 : { SELL 20367.34@0.8079342} 
Sat Nov 22 02:53:50 EST 2014 , 4 , 2 , 2 , 161572 : { BUY 4539.63@0.80470892} 161571 : { BUY 4539.63@0.80470892} 161570 : { SELL 20367.34@0.8079342} 161569 : { SELL 20367.34@0.8079342} 
Sat Nov 22 02:56:51 EST 2014 , 4 , 2 , 2 , 161572 : { BUY 4539.63@0.80470892} 161571 : { BUY 4539.63@0.80470892} 161570 : { SELL 20367.34@0.8079342} 161569 : { SELL 20367.34@0.8079342} 
Sat Nov 22 02:59:52 EST 2014 , 4 , 2 , 2 , 161572 : { BUY 4539.63@0.80470892} 161571 : { BUY 4539.63@0.80470892} 161570 : { SELL 20367.34@0.8079342} 161569 : { SELL 20367.34@0.8079342} 
Sat Nov 22 03:02:53 EST 2014 , 4 , 2 , 2 , 161572 : { BUY 4539.63@0.80470892} 161571 : { BUY 4539.63@0.80470892} 161570 : { SELL 20367.34@0.8079342} 161569 : { SELL 20367.34@0.8079342} 
Sat Nov 22 03:05:54 EST 2014 , 4 , 2 , 2 , 161572 : { BUY 4539.63@0.80470892} 161571 : { BUY 4539.63@0.80470892} 161570 : { SELL 20367.34@0.8079342} 161569 : { SELL 20367.34@0.8079342} 
Sat Nov 22 03:08:55 EST 2014 , 4 , 2 , 2 , 161572 : { BUY 4539.63@0.80470892} 161571 : { BUY 4539.63@0.80470892} 161570 : { SELL 20367.34@0.8079342} 161569 : { SELL 20367.34@0.8079342} 
Sat Nov 22 03:11:56 EST 2014 , 4 , 2 , 2 , 161572 : { BUY 4539.63@0.80470892} 161571 : { BUY 4539.63@0.80470892} 161570 : { SELL 20367.34@0.8079342} 161569 : { SELL 20367.34@0.8079342} 
Sat Nov 22 03:14:57 EST 2014 , 4 , 2 , 2 , 161572 : { BUY 4539.63@0.80470892} 161571 : { BUY 4539.63@0.80470892} 161570 : { SELL 20367.34@0.8079342} 161569 : { SELL 20367.34@0.8079342} 
Sat Nov 22 03:17:58 EST 2014 , 4 , 2 , 2 , 161572 : { BUY 4539.63@0.80470892} 161571 : { BUY 4539.63@0.80470892} 161570 : { SELL 20367.34@0.8079342} 161569 : { SELL 20367.34@0.8079342} 
Sat Nov 22 03:20:59 EST 2014 , 4 , 2 , 2 , 161572 : { BUY 4539.63@0.80470892} 161571 : { BUY 4539.63@0.80470892} 161570 : { SELL 20367.34@0.8079342} 161569 : { SELL 20367.34@0.8079342} 
Sat Nov 22 03:24:00 EST 2014 , 4 , 2 , 2 , 161572 : { BUY 4539.63@0.80470892} 161571 : { BUY 4539.63@0.80470892} 161570 : { SELL 20367.34@0.8079342} 161569 : { SELL 20367.34@0.8079342} 
Sat Nov 22 03:27:01 EST 2014 , 4 , 2 , 2 , 161572 : { BUY 4539.63@0.80470892} 161571 : { BUY 4539.63@0.80470892} 161570 : { SELL 20367.34@0.8079342} 161569 : { SELL 20367.34@0.8079342} 
Sat Nov 22 03:30:02 EST 2014 , 4 , 2 , 2 , 161572 : { BUY 4539.63@0.80470892} 161571 : { BUY 4539.63@0.80470892} 161570 : { SELL 20367.34@0.8079342} 161569 : { SELL 20367.34@0.8079342} 
Sat Nov 22 03:33:03 EST 2014 , 4 , 2 , 2 , 161572 : { BUY 4539.63@0.80470892} 161571 : { BUY 4539.63@0.80470892} 161570 : { SELL 20367.34@0.8079342} 161569 : { SELL 20367.34@0.8079342} 
Sat Nov 22 03:36:04 EST 2014 , 4 , 2 , 2 , 161572 : { BUY 4539.63@0.80470892} 161571 : { BUY 4539.63@0.80470892} 161570 : { SELL 20367.34@0.8079342} 161569 : { SELL 20367.34@0.8079342} 
Sat Nov 22 03:39:05 EST 2014 , 4 , 2 , 2 , 161572 : { BUY 4539.63@0.80470892} 161571 : { BUY 4539.63@0.80470892} 161570 : { SELL 20367.34@0.8079342} 161569 : { SELL 20367.34@0.8079342} 
Sat Nov 22 03:42:06 EST 2014 , 4 , 2 , 2 , 161572 : { BUY 4539.63@0.80470892} 161571 : { BUY 4539.63@0.80470892} 161570 : { SELL 20367.34@0.8079342} 161569 : { SELL 20367.34@0.8079342} 
Sat Nov 22 03:45:07 EST 2014 , 4 , 2 , 2 , 161572 : { BUY 4539.63@0.80470892} 161571 : { BUY 4539.63@0.80470892} 161570 : { SELL 20367.34@0.8079342} 161569 : { SELL 20367.34@0.8079342} 
Sat Nov 22 03:48:08 EST 2014 , 4 , 2 , 2 , 161572 : { BUY 4539.63@0.80470892} 161571 : { BUY 4539.63@0.80470892} 161570 : { SELL 20367.34@0.8079342} 161569 : { SELL 20367.34@0.8079342} 
Sat Nov 22 03:51:09 EST 2014 , 4 , 2 , 2 , 161572 : { BUY 4539.63@0.80470892} 161571 : { BUY 4539.63@0.80470892} 161570 : { SELL 20367.34@0.8079342} 161569 : { SELL 20367.34@0.8079342} 
Sat Nov 22 03:54:10 EST 2014 , 4 , 2 , 2 , 161572 : { BUY 4539.63@0.80470892} 161571 : { BUY 4539.63@0.80470892} 161570 : { SELL 20367.34@0.8079342} 161569 : { SELL 20367.34@0.8079342} 
Sat Nov 22 03:57:11 EST 2014 , 4 , 2 , 2 , 161572 : { BUY 4539.63@0.80470892} 161571 : { BUY 4539.63@0.80470892} 161570 : { SELL 20367.34@0.8079342} 161569 : { SELL 20367.34@0.8079342} 
Sat Nov 22 04:00:12 EST 2014 , 4 , 2 , 2 , 161572 : { BUY 4539.63@0.80470892} 161571 : { BUY 4539.63@0.80470892} 161570 : { SELL 20367.34@0.8079342} 161569 : { SELL 20367.34@0.8079342} 
Sat Nov 22 04:03:13 EST 2014 , 4 , 2 , 2 , 161572 : { BUY 4539.63@0.80470892} 161571 : { BUY 4539.63@0.80470892} 161570 : { SELL 20367.34@0.8079342} 161569 : { SELL 20367.34@0.8079342} 
Sat Nov 22 04:06:14 EST 2014 , 4 , 2 , 2 , 161572 : { BUY 4539.63@0.80470892} 161571 : { BUY 4539.63@0.80470892} 161570 : { SELL 20367.34@0.8079342} 161569 : { SELL 20367.34@0.8079342} 
Sat Nov 22 04:09:15 EST 2014 , 4 , 2 , 2 , 161572 : { BUY 4539.63@0.80470892} 161571 : { BUY 4539.63@0.80470892} 161570 : { SELL 20367.34@0.8079342} 161569 : { SELL 20367.34@0.8079342} 
Sat Nov 22 04:12:16 EST 2014 , 4 , 2 , 2 , 161572 : { BUY 4539.63@0.80470892} 161571 : { BUY 4539.63@0.80470892} 161570 : { SELL 20367.34@0.8079342} 161569 : { SELL 20367.34@0.8079342} 
Sat Nov 22 04:15:17 EST 2014 , 4 , 2 , 2 , 161572 : { BUY 4539.63@0.80470892} 161571 : { BUY 4539.63@0.80470892} 161570 : { SELL 20367.34@0.8079342} 161569 : { SELL 20367.34@0.8079342} 
Sat Nov 22 04:18:18 EST 2014 , 4 , 2 , 2 , 161572 : { BUY 4539.63@0.80470892} 161571 : { BUY 4539.63@0.80470892} 161570 : { SELL 20367.34@0.8079342} 161569 : { SELL 20367.34@0.8079342} 
Sat Nov 22 04:21:19 EST 2014 , 4 , 2 , 2 , 161572 : { BUY 4539.63@0.80470892} 161571 : { BUY 4539.63@0.80470892} 161570 : { SELL 20367.34@0.8079342} 161569 : { SELL 20367.34@0.8079342} 
Sat Nov 22 04:24:20 EST 2014 , 4 , 2 , 2 , 161572 : { BUY 4539.63@0.80470892} 161571 : { BUY 4539.63@0.80470892} 161570 : { SELL 20367.34@0.8079342} 161569 : { SELL 20367.34@0.8079342} 
Sat Nov 22 04:27:21 EST 2014 , 4 , 2 , 2 , 161572 : { BUY 4539.63@0.80470892} 161571 : { BUY 4539.63@0.80470892} 161570 : { SELL 20367.34@0.8079342} 161569 : { SELL 20367.34@0.8079342} 
Sat Nov 22 04:30:22 EST 2014 , 4 , 2 , 2 , 161572 : { BUY 4539.63@0.80470892} 161571 : { BUY 4539.63@0.80470892} 161570 : { SELL 20367.34@0.8079342} 161569 : { SELL 20367.34@0.8079342} 
Sat Nov 22 04:33:23 EST 2014 , 4 , 2 , 2 , 161572 : { BUY 4539.63@0.80470892} 161571 : { BUY 4539.63@0.80470892} 161570 : { SELL 20367.34@0.8079342} 161569 : { SELL 20367.34@0.8079342} 
Sat Nov 22 04:36:24 EST 2014 , 4 , 2 , 2 , 161572 : { BUY 4539.63@0.80470892} 161571 : { BUY 4539.63@0.80470892} 161570 : { SELL 20367.34@0.8079342} 161569 : { SELL 20367.34@0.8079342} 
Sat Nov 22 04:39:25 EST 2014 , 4 , 2 , 2 , 161572 : { BUY 4539.63@0.80470892} 161571 : { BUY 4539.63@0.80470892} 161570 : { SELL 20367.34@0.8079342} 161569 : { SELL 20367.34@0.8079342} 
Sat Nov 22 04:42:26 EST 2014 , 4 , 2 , 2 , 161572 : { BUY 4539.63@0.80470892} 161571 : { BUY 4539.63@0.80470892} 161570 : { SELL 20367.34@0.8079342} 161569 : { SELL 20367.34@0.8079342} 
Sat Nov 22 04:45:27 EST 2014 , 4 , 2 , 2 , 161572 : { BUY 4539.63@0.80470892} 161571 : { BUY 4539.63@0.80470892} 161570 : { SELL 20367.34@0.8079342} 161569 : { SELL 20367.34@0.8079342} 
Sat Nov 22 04:48:28 EST 2014 , 4 , 2 , 2 , 161572 : { BUY 4539.63@0.80470892} 161571 : { BUY 4539.63@0.80470892} 161570 : { SELL 20367.34@0.8079342} 161569 : { SELL 20367.34@0.8079342} 
Sat Nov 22 04:51:29 EST 2014 , 4 , 2 , 2 , 161572 : { BUY 4539.63@0.80470892} 161571 : { BUY 4539.63@0.80470892} 161570 : { SELL 20367.34@0.8079342} 161569 : { SELL 20367.34@0.8079342} 
Sat Nov 22 04:54:30 EST 2014 , 4 , 2 , 2 , 161572 : { BUY 4539.63@0.80470892} 161571 : { BUY 4539.63@0.80470892} 161570 : { SELL 20367.34@0.8079342} 161569 : { SELL 20367.34@0.8079342} 
Sat Nov 22 04:57:31 EST 2014 , 4 , 2 , 2 , 161572 : { BUY 4539.63@0.80470892} 161571 : { BUY 4539.63@0.80470892} 161570 : { SELL 20367.34@0.8079342} 161569 : { SELL 20367.34@0.8079342} 
Sat Nov 22 05:00:32 EST 2014 , 4 , 2 , 2 , 161572 : { BUY 4539.63@0.80470892} 161571 : { BUY 4539.63@0.80470892} 161570 : { SELL 20367.34@0.8079342} 161569 : { SELL 20367.34@0.8079342} 
Sat Nov 22 05:03:33 EST 2014 , 4 , 2 , 2 , 161572 : { BUY 4539.63@0.80470892} 161571 : { BUY 4539.63@0.80470892} 161570 : { SELL 20367.34@0.8079342} 161569 : { SELL 20367.34@0.8079342} 
Sat Nov 22 05:06:34 EST 2014 , 4 , 2 , 2 , 161572 : { BUY 4539.63@0.80470892} 161571 : { BUY 4539.63@0.80470892} 161570 : { SELL 20367.34@0.8079342} 161569 : { SELL 20367.34@0.8079342} 
Sat Nov 22 05:09:35 EST 2014 , 4 , 2 , 2 , 161572 : { BUY 4539.63@0.80470892} 161571 : { BUY 4539.63@0.80470892} 161570 : { SELL 20367.34@0.8079342} 161569 : { SELL 20367.34@0.8079342} 
Sat Nov 22 05:12:36 EST 2014 , 4 , 2 , 2 , 161572 : { BUY 4539.63@0.80470892} 161571 : { BUY 4539.63@0.80470892} 161570 : { SELL 20367.34@0.8079342} 161569 : { SELL 20367.34@0.8079342} 
Sat Nov 22 05:15:37 EST 2014 , 4 , 2 , 2 , 161572 : { BUY 4539.63@0.80470892} 161571 : { BUY 4539.63@0.80470892} 161570 : { SELL 20367.34@0.8079342} 161569 : { SELL 20367.34@0.8079342} 
Sat Nov 22 05:18:38 EST 2014 , 4 , 2 , 2 , 161572 : { BUY 4539.63@0.80470892} 161571 : { BUY 4539.63@0.80470892} 161570 : { SELL 20367.34@0.8079342} 161569 : { SELL 20367.34@0.8079342} 
Sat Nov 22 05:21:40 EST 2014 , 4 , 2 , 2 , 161572 : { BUY 4539.63@0.80470892} 161571 : { BUY 4539.63@0.80470892} 161570 : { SELL 20367.34@0.8079342} 161569 : { SELL 20367.34@0.8079342} 
Sat Nov 22 05:24:40 EST 2014 , 4 , 2 , 2 , 161572 : { BUY 4539.63@0.80470892} 161571 : { BUY 4539.63@0.80470892} 161570 : { SELL 20367.34@0.8079342} 161569 : { SELL 20367.34@0.8079342} 
Sat Nov 22 05:27:41 EST 2014 , 4 , 2 , 2 , 161572 : { BUY 4539.63@0.80470892} 161571 : { BUY 4539.63@0.80470892} 161570 : { SELL 20367.34@0.8079342} 161569 : { SELL 20367.34@0.8079342} 
Sat Nov 22 05:30:42 EST 2014 , 4 , 2 , 2 , 161572 : { BUY 4539.63@0.80470892} 161571 : { BUY 4539.63@0.80470892} 161570 : { SELL 20367.34@0.8079342} 161569 : { SELL 20367.34@0.8079342} 
Sat Nov 22 05:33:43 EST 2014 , 4 , 2 , 2 , 161572 : { BUY 4539.63@0.80470892} 161571 : { BUY 4539.63@0.80470892} 161570 : { SELL 20367.34@0.8079342} 161569 : { SELL 20367.34@0.8079342} 
Sat Nov 22 05:36:44 EST 2014 , 4 , 2 , 2 , 161572 : { BUY 4539.63@0.80470892} 161571 : { BUY 4539.63@0.80470892} 161570 : { SELL 20367.34@0.8079342} 161569 : { SELL 20367.34@0.8079342} 
Sat Nov 22 05:39:45 EST 2014 , 4 , 2 , 2 , 161572 : { BUY 4539.63@0.80470892} 161571 : { BUY 4539.63@0.80470892} 161570 : { SELL 20367.34@0.8079342} 161569 : { SELL 20367.34@0.8079342} 
Sat Nov 22 05:42:46 EST 2014 , 4 , 2 , 2 , 161572 : { BUY 4539.63@0.80470892} 161571 : { BUY 4539.63@0.80470892} 161570 : { SELL 20367.34@0.8079342} 161569 : { SELL 20367.34@0.8079342} 
Sat Nov 22 05:45:47 EST 2014 , 4 , 2 , 2 , 161572 : { BUY 4539.63@0.80470892} 161571 : { BUY 4539.63@0.80470892} 161570 : { SELL 20367.34@0.8079342} 161569 : { SELL 20367.34@0.8079342} 
Sat Nov 22 05:48:48 EST 2014 , 4 , 2 , 2 , 161572 : { BUY 4539.63@0.80470892} 161571 : { BUY 4539.63@0.80470892} 161570 : { SELL 20367.34@0.8079342} 161569 : { SELL 20367.34@0.8079342} 
Sat Nov 22 05:51:49 EST 2014 , 4 , 2 , 2 , 161572 : { BUY 4539.63@0.80470892} 161571 : { BUY 4539.63@0.80470892} 161570 : { SELL 20367.34@0.8079342} 161569 : { SELL 20367.34@0.8079342} 
Sat Nov 22 05:54:50 EST 2014 , 4 , 2 , 2 , 161572 : { BUY 4539.63@0.80470892} 161571 : { BUY 4539.63@0.80470892} 161570 : { SELL 20367.34@0.8079342} 161569 : { SELL 20367.34@0.8079342} 
Sat Nov 22 05:57:51 EST 2014 , 4 , 2 , 2 , 161572 : { BUY 4539.63@0.80470892} 161571 : { BUY 4539.63@0.80470892} 161570 : { SELL 20367.34@0.8079342} 161569 : { SELL 20367.34@0.8079342} 
Sat Nov 22 06:00:52 EST 2014 , 4 , 2 , 2 , 161572 : { BUY 4539.63@0.80470892} 161571 : { BUY 4539.63@0.80470892} 161570 : { SELL 20367.34@0.8079342} 161569 : { SELL 20367.34@0.8079342} 
Sat Nov 22 06:03:53 EST 2014 , 4 , 2 , 2 , 161572 : { BUY 4539.63@0.80470892} 161571 : { BUY 4539.63@0.80470892} 161570 : { SELL 20367.34@0.8079342} 161569 : { SELL 20367.34@0.8079342} 
Sat Nov 22 06:06:54 EST 2014 , 4 , 2 , 2 , 161572 : { BUY 4539.63@0.80470892} 161571 : { BUY 4539.63@0.80470892} 161570 : { SELL 20367.34@0.8079342} 161569 : { SELL 20367.34@0.8079342} 
Sat Nov 22 06:09:55 EST 2014 , 4 , 2 , 2 , 161572 : { BUY 4539.63@0.80470892} 161571 : { BUY 4539.63@0.80470892} 161570 : { SELL 20367.34@0.8079342} 161569 : { SELL 20367.34@0.8079342} 
Sat Nov 22 06:12:56 EST 2014 , 4 , 2 , 2 , 161572 : { BUY 4539.63@0.80470892} 161571 : { BUY 4539.63@0.80470892} 161570 : { SELL 20367.34@0.8079342} 161569 : { SELL 20367.34@0.8079342} 
Sat Nov 22 06:15:57 EST 2014 , 4 , 2 , 2 , 161572 : { BUY 4539.63@0.80470892} 161571 : { BUY 4539.63@0.80470892} 161570 : { SELL 20367.34@0.8079342} 161569 : { SELL 20367.34@0.8079342} 
Sat Nov 22 06:18:58 EST 2014 , 4 , 2 , 2 , 161572 : { BUY 4539.63@0.80470892} 161571 : { BUY 4539.63@0.80470892} 161570 : { SELL 20367.34@0.8079342} 161569 : { SELL 20367.34@0.8079342} 
Sat Nov 22 06:21:59 EST 2014 , 4 , 2 , 2 , 161572 : { BUY 4539.63@0.80470892} 161571 : { BUY 4539.63@0.80470892} 161570 : { SELL 20367.34@0.8079342} 161569 : { SELL 20367.34@0.8079342} 
Sat Nov 22 06:25:00 EST 2014 , 4 , 2 , 2 , 161572 : { BUY 4539.63@0.80470892} 161571 : { BUY 4539.63@0.80470892} 161570 : { SELL 20367.34@0.8079342} 161569 : { SELL 20367.34@0.8079342} 
Sat Nov 22 06:28:01 EST 2014 , 4 , 2 , 2 , 161572 : { BUY 4539.63@0.80470892} 161571 : { BUY 4539.63@0.80470892} 161570 : { SELL 20367.34@0.8079342} 161569 : { SELL 20367.34@0.8079342} 
Sat Nov 22 06:31:02 EST 2014 , 4 , 2 , 2 , 161572 : { BUY 4539.63@0.80470892} 161571 : { BUY 4539.63@0.80470892} 161570 : { SELL 20367.34@0.8079342} 161569 : { SELL 20367.34@0.8079342} 
Sat Nov 22 06:34:03 EST 2014 , 4 , 2 , 2 , 161572 : { BUY 4539.63@0.80470892} 161571 : { BUY 4539.63@0.80470892} 161570 : { SELL 20367.34@0.8079342} 161569 : { SELL 20367.34@0.8079342} 
Sat Nov 22 06:37:04 EST 2014 , 4 , 2 , 2 , 161572 : { BUY 4539.63@0.80470892} 161571 : { BUY 4539.63@0.80470892} 161570 : { SELL 20367.34@0.8079342} 161569 : { SELL 20367.34@0.8079342} 
Sat Nov 22 06:40:05 EST 2014 , 4 , 2 , 2 , 161572 : { BUY 4539.63@0.80470892} 161571 : { BUY 4539.63@0.80470892} 161570 : { SELL 20367.34@0.8079342} 161569 : { SELL 20367.34@0.8079342} 
Sat Nov 22 06:43:06 EST 2014 , 4 , 2 , 2 , 161572 : { BUY 4539.63@0.80470892} 161571 : { BUY 4539.63@0.80470892} 161570 : { SELL 20367.34@0.8079342} 161569 : { SELL 20367.34@0.8079342} 
Sat Nov 22 06:46:07 EST 2014 , 4 , 2 , 2 , 161572 : { BUY 4539.63@0.80470892} 161571 : { BUY 4539.63@0.80470892} 161570 : { SELL 20367.34@0.8079342} 161569 : { SELL 20367.34@0.8079342} 
Sat Nov 22 06:49:08 EST 2014 , 4 , 2 , 2 , 161572 : { BUY 4539.63@0.80470892} 161571 : { BUY 4539.63@0.80470892} 161570 : { SELL 20367.34@0.8079342} 161569 : { SELL 20367.34@0.8079342} 
Sat Nov 22 06:52:09 EST 2014 , 4 , 2 , 2 , 161572 : { BUY 4539.63@0.80470892} 161571 : { BUY 4539.63@0.80470892} 161570 : { SELL 20367.34@0.8079342} 161569 : { SELL 20367.34@0.8079342} 
Sat Nov 22 06:55:10 EST 2014 , 4 , 2 , 2 , 161572 : { BUY 4539.63@0.80470892} 161571 : { BUY 4539.63@0.80470892} 161570 : { SELL 20367.34@0.8079342} 161569 : { SELL 20367.34@0.8079342} 
Sat Nov 22 06:58:11 EST 2014 , 4 , 2 , 2 , 161572 : { BUY 4539.63@0.80470892} 161571 : { BUY 4539.63@0.80470892} 161570 : { SELL 20367.34@0.8079342} 161569 : { SELL 20367.34@0.8079342} 
Sat Nov 22 07:01:12 EST 2014 , 4 , 2 , 2 , 161572 : { BUY 4539.63@0.80470892} 161571 : { BUY 4539.63@0.80470892} 161570 : { SELL 20367.34@0.8079342} 161569 : { SELL 20367.34@0.8079342} 
Sat Nov 22 07:04:13 EST 2014 , 4 , 2 , 2 , 161572 : { BUY 4539.63@0.80470892} 161571 : { BUY 4539.63@0.80470892} 161570 : { SELL 20367.34@0.8079342} 161569 : { SELL 20367.34@0.8079342} 
Sat Nov 22 07:07:14 EST 2014 , 4 , 2 , 2 , 161572 : { BUY 4539.63@0.80470892} 161571 : { BUY 4539.63@0.80470892} 161570 : { SELL 20367.34@0.8079342} 161569 : { SELL 20367.34@0.8079342} 
Sat Nov 22 07:10:15 EST 2014 , 4 , 2 , 2 , 161572 : { BUY 4539.63@0.80470892} 161571 : { BUY 4539.63@0.80470892} 161570 : { SELL 20367.34@0.8079342} 161569 : { SELL 20367.34@0.8079342} 
Sat Nov 22 07:13:16 EST 2014 , 4 , 2 , 2 , 161572 : { BUY 4539.63@0.80470892} 161571 : { BUY 4539.63@0.80470892} 161570 : { SELL 20367.34@0.8079342} 161569 : { SELL 20367.34@0.8079342} 
Sat Nov 22 07:16:17 EST 2014 , 4 , 2 , 2 , 161572 : { BUY 4539.63@0.80470892} 161571 : { BUY 4539.63@0.80470892} 161570 : { SELL 20367.34@0.8079342} 161569 : { SELL 20367.34@0.8079342} 
Sat Nov 22 07:19:18 EST 2014 , 4 , 2 , 2 , 161572 : { BUY 4539.63@0.80470892} 161571 : { BUY 4539.63@0.80470892} 161570 : { SELL 20367.34@0.8079342} 161569 : { SELL 20367.34@0.8079342} 
Sat Nov 22 07:22:19 EST 2014 , 4 , 2 , 2 , 161572 : { BUY 4539.63@0.80470892} 161571 : { BUY 4539.63@0.80470892} 161570 : { SELL 20367.34@0.8079342} 161569 : { SELL 20367.34@0.8079342} 
Sat Nov 22 07:25:20 EST 2014 , 4 , 2 , 2 , 161572 : { BUY 4539.63@0.80470892} 161571 : { BUY 4539.63@0.80470892} 161570 : { SELL 20367.34@0.8079342} 161569 : { SELL 20367.34@0.8079342} 
Sat Nov 22 07:28:21 EST 2014 , 4 , 2 , 2 , 161572 : { BUY 4539.63@0.80470892} 161571 : { BUY 4539.63@0.80470892} 161570 : { SELL 20367.34@0.8079342} 161569 : { SELL 20367.34@0.8079342} 
Sat Nov 22 07:31:22 EST 2014 , 4 , 2 , 2 , 161572 : { BUY 4539.63@0.80470892} 161571 : { BUY 4539.63@0.80470892} 161570 : { SELL 20367.34@0.8079342} 161569 : { SELL 20367.34@0.8079342} 
Sat Nov 22 07:34:23 EST 2014 , 4 , 2 , 2 , 161572 : { BUY 4539.63@0.80470892} 161571 : { BUY 4539.63@0.80470892} 161570 : { SELL 20367.34@0.8079342} 161569 : { SELL 20367.34@0.8079342} 
Sat Nov 22 07:37:24 EST 2014 , 4 , 2 , 2 , 161572 : { BUY 4539.63@0.80470892} 161571 : { BUY 4539.63@0.80470892} 161570 : { SELL 20367.34@0.8079342} 161569 : { SELL 20367.34@0.8079342} 
Sat Nov 22 07:40:25 EST 2014 , 4 , 2 , 2 , 161572 : { BUY 4539.63@0.80470892} 161571 : { BUY 4539.63@0.80470892} 161570 : { SELL 20367.34@0.8079342} 161569 : { SELL 20367.34@0.8079342} 
Sat Nov 22 07:43:26 EST 2014 , 4 , 2 , 2 , 161572 : { BUY 4539.63@0.80470892} 161571 : { BUY 4539.63@0.80470892} 161570 : { SELL 20367.34@0.8079342} 161569 : { SELL 20367.34@0.8079342} 
Sat Nov 22 07:46:27 EST 2014 , 4 , 2 , 2 , 161572 : { BUY 4539.63@0.80470892} 161571 : { BUY 4539.63@0.80470892} 161570 : { SELL 20367.34@0.8079342} 161569 : { SELL 20367.34@0.8079342} 
Sat Nov 22 07:49:28 EST 2014 , 4 , 2 , 2 , 161572 : { BUY 4539.63@0.80470892} 161571 : { BUY 4539.63@0.80470892} 161570 : { SELL 20367.34@0.8079342} 161569 : { SELL 20367.34@0.8079342} 
Sat Nov 22 07:52:29 EST 2014 , 4 , 2 , 2 , 161572 : { BUY 4539.63@0.80470892} 161571 : { BUY 4539.63@0.80470892} 161570 : { SELL 20367.34@0.8079342} 161569 : { SELL 20367.34@0.8079342} 
Sat Nov 22 07:55:30 EST 2014 , 4 , 2 , 2 , 161572 : { BUY 4539.63@0.80470892} 161571 : { BUY 4539.63@0.80470892} 161570 : { SELL 20367.34@0.8079342} 161569 : { SELL 20367.34@0.8079342} 
Sat Nov 22 07:58:31 EST 2014 , 4 , 2 , 2 , 161572 : { BUY 4539.63@0.80470892} 161571 : { BUY 4539.63@0.80470892} 161570 : { SELL 20367.34@0.8079342} 161569 : { SELL 20367.34@0.8079342} 
Sat Nov 22 08:01:32 EST 2014 , 4 , 2 , 2 , 161572 : { BUY 4539.63@0.80470892} 161571 : { BUY 4539.63@0.80470892} 161570 : { SELL 20367.34@0.8079342} 161569 : { SELL 20367.34@0.8079342} 
Sat Nov 22 08:04:33 EST 2014 , 4 , 2 , 2 , 161572 : { BUY 4539.63@0.80470892} 161571 : { BUY 4539.63@0.80470892} 161570 : { SELL 20367.34@0.8079342} 161569 : { SELL 20367.34@0.8079342} 
Sat Nov 22 08:07:34 EST 2014 , 4 , 2 , 2 , 161572 : { BUY 4539.63@0.80470892} 161571 : { BUY 4539.63@0.80470892} 161570 : { SELL 20367.34@0.8079342} 161569 : { SELL 20367.34@0.8079342} 
Sat Nov 22 08:10:35 EST 2014 , 4 , 2 , 2 , 161572 : { BUY 4539.63@0.80470892} 161571 : { BUY 4539.63@0.80470892} 161570 : { SELL 20367.34@0.8079342} 161569 : { SELL 20367.34@0.8079342} 
Sat Nov 22 08:13:36 EST 2014 , 4 , 2 , 2 , 161572 : { BUY 4539.63@0.80470892} 161571 : { BUY 4539.63@0.80470892} 161570 : { SELL 20367.34@0.8079342} 161569 : { SELL 20367.34@0.8079342} 
Sat Nov 22 08:16:37 EST 2014 , 4 , 2 , 2 , 161572 : { BUY 4539.63@0.80470892} 161571 : { BUY 4539.63@0.80470892} 161570 : { SELL 20367.34@0.8079342} 161569 : { SELL 20367.34@0.8079342} 
Sat Nov 22 08:19:38 EST 2014 , 4 , 2 , 2 , 161572 : { BUY 4539.63@0.80470892} 161571 : { BUY 4539.63@0.80470892} 161570 : { SELL 20367.34@0.8079342} 161569 : { SELL 20367.34@0.8079342} 
Sat Nov 22 08:22:39 EST 2014 , 4 , 2 , 2 , 161572 : { BUY 4539.63@0.80470892} 161571 : { BUY 4539.63@0.80470892} 161570 : { SELL 20367.34@0.8079342} 161569 : { SELL 20367.34@0.8079342} 
Sat Nov 22 08:25:40 EST 2014 , 4 , 2 , 2 , 161572 : { BUY 4539.63@0.80470892} 161571 : { BUY 4539.63@0.80470892} 161570 : { SELL 20367.34@0.8079342} 161569 : { SELL 20367.34@0.8079342} 
Sat Nov 22 08:28:41 EST 2014 , 4 , 2 , 2 , 161572 : { BUY 4539.63@0.80470892} 161571 : { BUY 4539.63@0.80470892} 161570 : { SELL 20367.34@0.8079342} 161569 : { SELL 20367.34@0.8079342} 
Sat Nov 22 08:31:42 EST 2014 , 4 , 2 , 2 , 161572 : { BUY 4539.63@0.80470892} 161571 : { BUY 4539.63@0.80470892} 161570 : { SELL 20367.34@0.8079342} 161569 : { SELL 20367.34@0.8079342} 
Sat Nov 22 08:34:43 EST 2014 , 4 , 2 , 2 , 161572 : { BUY 4539.63@0.80470892} 161571 : { BUY 4539.63@0.80470892} 161570 : { SELL 20367.34@0.8079342} 161569 : { SELL 20367.34@0.8079342} 
Sat Nov 22 08:37:44 EST 2014 , 4 , 2 , 2 , 161572 : { BUY 4539.63@0.80470892} 161571 : { BUY 4539.63@0.80470892} 161570 : { SELL 20367.34@0.8079342} 161569 : { SELL 20367.34@0.8079342} 
Sat Nov 22 08:40:45 EST 2014 , 4 , 2 , 2 , 161572 : { BUY 4539.63@0.80470892} 161571 : { BUY 4539.63@0.80470892} 161570 : { SELL 20367.34@0.8079342} 161569 : { SELL 20367.34@0.8079342} 
Sat Nov 22 08:43:46 EST 2014 , 4 , 2 , 2 , 161572 : { BUY 4539.63@0.80470892} 161571 : { BUY 4539.63@0.80470892} 161570 : { SELL 20367.34@0.8079342} 161569 : { SELL 20367.34@0.8079342} 
Sat Nov 22 08:46:47 EST 2014 , 4 , 2 , 2 , 161572 : { BUY 4539.63@0.80470892} 161571 : { BUY 4539.63@0.80470892} 161570 : { SELL 20367.34@0.8079342} 161569 : { SELL 20367.34@0.8079342} 
Sat Nov 22 08:49:48 EST 2014 , 4 , 2 , 2 , 161572 : { BUY 4539.63@0.80470892} 161571 : { BUY 4539.63@0.80470892} 161570 : { SELL 20367.34@0.8079342} 161569 : { SELL 20367.34@0.8079342} 
Sat Nov 22 08:52:49 EST 2014 , 4 , 2 , 2 , 161572 : { BUY 4539.63@0.80470892} 161571 : { BUY 4539.63@0.80470892} 161570 : { SELL 20367.34@0.8079342} 161569 : { SELL 20367.34@0.8079342} 
Sat Nov 22 08:55:50 EST 2014 , 4 , 2 , 2 , 161572 : { BUY 4539.63@0.80470892} 161571 : { BUY 4539.63@0.80470892} 161570 : { SELL 20367.34@0.8079342} 161569 : { SELL 20367.34@0.8079342} 
Sat Nov 22 08:58:51 EST 2014 , 4 , 2 , 2 , 161572 : { BUY 4539.63@0.80470892} 161571 : { BUY 4539.63@0.80470892} 161570 : { SELL 20367.34@0.8079342} 161569 : { SELL 20367.34@0.8079342} 
Sat Nov 22 09:01:52 EST 2014 , 4 , 2 , 2 , 161572 : { BUY 4539.63@0.80470892} 161571 : { BUY 4539.63@0.80470892} 161570 : { SELL 20367.34@0.8079342} 161569 : { SELL 20367.34@0.8079342} 
Sat Nov 22 09:04:53 EST 2014 , 4 , 2 , 2 , 161572 : { BUY 4539.63@0.80470892} 161571 : { BUY 4539.63@0.80470892} 161570 : { SELL 20367.34@0.8079342} 161569 : { SELL 20367.34@0.8079342} 
Sat Nov 22 09:07:54 EST 2014 , 4 , 2 , 2 , 161572 : { BUY 4539.63@0.80470892} 161571 : { BUY 4539.63@0.80470892} 161570 : { SELL 20367.34@0.8079342} 161569 : { SELL 20367.34@0.8079342} 
Sat Nov 22 09:10:55 EST 2014 , 4 , 2 , 2 , 161572 : { BUY 4539.63@0.80470892} 161571 : { BUY 4539.63@0.80470892} 161570 : { SELL 20367.34@0.8079342} 161569 : { SELL 20367.34@0.8079342} 
Sat Nov 22 09:13:56 EST 2014 , 4 , 2 , 2 , 161572 : { BUY 4539.63@0.80470892} 161571 : { BUY 4539.63@0.80470892} 161570 : { SELL 20367.34@0.8079342} 161569 : { SELL 20367.34@0.8079342} 
Sat Nov 22 09:16:57 EST 2014 , 4 , 2 , 2 , 161572 : { BUY 4539.63@0.80470892} 161571 : { BUY 4539.63@0.80470892} 161570 : { SELL 20367.34@0.8079342} 161569 : { SELL 20367.34@0.8079342} 
Sat Nov 22 09:19:58 EST 2014 , 4 , 2 , 2 , 161572 : { BUY 4539.63@0.80470892} 161571 : { BUY 4539.63@0.80470892} 161570 : { SELL 20367.34@0.8079342} 161569 : { SELL 20367.34@0.8079342} 
Sat Nov 22 09:22:59 EST 2014 , 4 , 2 , 2 , 161572 : { BUY 4539.63@0.80470892} 161571 : { BUY 4539.63@0.80470892} 161570 : { SELL 20367.34@0.8079342} 161569 : { SELL 20367.34@0.8079342} 
Sat Nov 22 09:26:00 EST 2014 , 4 , 2 , 2 , 161572 : { BUY 4539.63@0.80470892} 161571 : { BUY 4539.63@0.80470892} 161570 : { SELL 20367.34@0.8079342} 161569 : { SELL 20367.34@0.8079342} 
Sat Nov 22 09:29:01 EST 2014 , 4 , 2 , 2 , 161572 : { BUY 4539.63@0.80470892} 161571 : { BUY 4539.63@0.80470892} 161570 : { SELL 20367.34@0.8079342} 161569 : { SELL 20367.34@0.8079342} 
Sat Nov 22 09:32:02 EST 2014 , 4 , 2 , 2 , 161572 : { BUY 4539.63@0.80470892} 161571 : { BUY 4539.63@0.80470892} 161570 : { SELL 20367.34@0.8079342} 161569 : { SELL 20367.34@0.8079342} 
Sat Nov 22 09:35:03 EST 2014 , 4 , 2 , 2 , 161572 : { BUY 4539.63@0.80470892} 161571 : { BUY 4539.63@0.80470892} 161570 : { SELL 20367.34@0.8079342} 161569 : { SELL 20367.34@0.8079342} 
Sat Nov 22 09:38:04 EST 2014 , 4 , 2 , 2 , 161572 : { BUY 4539.63@0.80470892} 161571 : { BUY 4539.63@0.80470892} 161570 : { SELL 20367.34@0.8079342} 161569 : { SELL 20367.34@0.8079342} 
Sat Nov 22 09:41:05 EST 2014 , 4 , 2 , 2 , 161572 : { BUY 4539.63@0.80470892} 161571 : { BUY 4539.63@0.80470892} 161570 : { SELL 20367.34@0.8079342} 161569 : { SELL 20367.34@0.8079342} 
Sat Nov 22 09:44:06 EST 2014 , 4 , 2 , 2 , 161572 : { BUY 4539.63@0.80470892} 161571 : { BUY 4539.63@0.80470892} 161570 : { SELL 20367.34@0.8079342} 161569 : { SELL 20367.34@0.8079342} 
Sat Nov 22 09:47:07 EST 2014 , 4 , 2 , 2 , 161572 : { BUY 4539.63@0.80470892} 161571 : { BUY 4539.63@0.80470892} 161570 : { SELL 20367.34@0.8079342} 161569 : { SELL 20367.34@0.8079342} 
Sat Nov 22 09:50:08 EST 2014 , 4 , 2 , 2 , 161572 : { BUY 4539.63@0.80470892} 161571 : { BUY 4539.63@0.80470892} 161570 : { SELL 20367.34@0.8079342} 161569 : { SELL 20367.34@0.8079342} 
Sat Nov 22 09:53:09 EST 2014 , 4 , 2 , 2 , 161572 : { BUY 4539.63@0.80470892} 161571 : { BUY 4539.63@0.80470892} 161570 : { SELL 20367.34@0.8079342} 161569 : { SELL 20367.34@0.8079342} 
Sat Nov 22 09:56:10 EST 2014 , 4 , 2 , 2 , 161572 : { BUY 4539.63@0.80470892} 161571 : { BUY 4539.63@0.80470892} 161570 : { SELL 20367.34@0.8079342} 161569 : { SELL 20367.34@0.8079342} 
Sat Nov 22 09:59:11 EST 2014 , 4 , 2 , 2 , 161572 : { BUY 4539.63@0.80470892} 161571 : { BUY 4539.63@0.80470892} 161570 : { SELL 20367.34@0.8079342} 161569 : { SELL 20367.34@0.8079342} 
Sat Nov 22 10:02:12 EST 2014 , 4 , 2 , 2 , 161572 : { BUY 4539.63@0.80470892} 161571 : { BUY 4539.63@0.80470892} 161570 : { SELL 20367.34@0.8079342} 161569 : { SELL 20367.34@0.8079342} 
Sat Nov 22 10:05:13 EST 2014 , 4 , 2 , 2 , 161572 : { BUY 4539.63@0.80470892} 161571 : { BUY 4539.63@0.80470892} 161570 : { SELL 20367.34@0.8079342} 161569 : { SELL 20367.34@0.8079342} 
Sat Nov 22 10:08:14 EST 2014 , 4 , 2 , 2 , 161572 : { BUY 4539.63@0.80470892} 161571 : { BUY 4539.63@0.80470892} 161570 : { SELL 20367.34@0.8079342} 161569 : { SELL 20367.34@0.8079342} 
Sat Nov 22 10:11:15 EST 2014 , 4 , 2 , 2 , 161572 : { BUY 4539.63@0.80470892} 161571 : { BUY 4539.63@0.80470892} 161570 : { SELL 20367.34@0.8079342} 161569 : { SELL 20367.34@0.8079342} 
Sat Nov 22 10:14:16 EST 2014 , 4 , 2 , 2 , 161572 : { BUY 4539.63@0.80470892} 161571 : { BUY 4539.63@0.80470892} 161570 : { SELL 20367.34@0.8079342} 161569 : { SELL 20367.34@0.8079342} 
Sat Nov 22 10:17:17 EST 2014 , 4 , 2 , 2 , 161572 : { BUY 4539.63@0.80470892} 161571 : { BUY 4539.63@0.80470892} 161570 : { SELL 20367.34@0.8079342} 161569 : { SELL 20367.34@0.8079342} 
Sat Nov 22 10:20:18 EST 2014 , 4 , 2 , 2 , 161572 : { BUY 4539.63@0.80470892} 161571 : { BUY 4539.63@0.80470892} 161570 : { SELL 20367.34@0.8079342} 161569 : { SELL 20367.34@0.8079342} 
Sat Nov 22 10:23:20 EST 2014 , 4 , 2 , 2 , 161572 : { BUY 4539.63@0.80470892} 161571 : { BUY 4539.63@0.80470892} 161570 : { SELL 20367.34@0.8079342} 161569 : { SELL 20367.34@0.8079342} 
Sat Nov 22 10:26:20 EST 2014 , 4 , 2 , 2 , 161572 : { BUY 4539.63@0.80470892} 161571 : { BUY 4539.63@0.80470892} 161570 : { SELL 20367.34@0.8079342} 161569 : { SELL 20367.34@0.8079342} 
Sat Nov 22 10:29:21 EST 2014 , 4 , 2 , 2 , 161572 : { BUY 4539.63@0.80470892} 161571 : { BUY 4539.63@0.80470892} 161570 : { SELL 20367.34@0.8079342} 161569 : { SELL 20367.34@0.8079342} 
Sat Nov 22 10:32:22 EST 2014 , 4 , 2 , 2 , 161572 : { BUY 4539.63@0.80470892} 161571 : { BUY 4539.63@0.80470892} 161570 : { SELL 20367.34@0.8079342} 161569 : { SELL 20367.34@0.8079342} 
Sat Nov 22 10:35:23 EST 2014 , 4 , 2 , 2 , 161572 : { BUY 4539.63@0.80470892} 161571 : { BUY 4539.63@0.80470892} 161570 : { SELL 20367.34@0.8079342} 161569 : { SELL 20367.34@0.8079342} 
Sat Nov 22 10:38:24 EST 2014 , 4 , 2 , 2 , 161572 : { BUY 4539.63@0.80470892} 161571 : { BUY 4539.63@0.80470892} 161570 : { SELL 20367.34@0.8079342} 161569 : { SELL 20367.34@0.8079342} 
Sat Nov 22 10:41:25 EST 2014 , 4 , 2 , 2 , 161572 : { BUY 4539.63@0.80470892} 161571 : { BUY 4539.63@0.80470892} 161570 : { SELL 20367.34@0.8079342} 161569 : { SELL 20367.34@0.8079342} 
Sat Nov 22 10:44:26 EST 2014 , 4 , 2 , 2 , 161572 : { BUY 4539.63@0.80470892} 161571 : { BUY 4539.63@0.80470892} 161570 : { SELL 20367.34@0.8079342} 161569 : { SELL 20367.34@0.8079342} 
Sat Nov 22 10:47:27 EST 2014 , 4 , 2 , 2 , 161572 : { BUY 4539.63@0.80470892} 161571 : { BUY 4539.63@0.80470892} 161570 : { SELL 20367.34@0.8079342} 161569 : { SELL 20367.34@0.8079342} 
Sat Nov 22 10:50:28 EST 2014 , 4 , 2 , 2 , 161572 : { BUY 4539.63@0.80470892} 161571 : { BUY 4539.63@0.80470892} 161570 : { SELL 20367.34@0.8079342} 161569 : { SELL 20367.34@0.8079342} 
Sat Nov 22 10:53:29 EST 2014 , 4 , 2 , 2 , 161572 : { BUY 4539.63@0.80470892} 161571 : { BUY 4539.63@0.80470892} 161570 : { SELL 20367.34@0.8079342} 161569 : { SELL 20367.34@0.8079342} 
Sat Nov 22 10:56:30 EST 2014 , 4 , 2 , 2 , 161572 : { BUY 4539.63@0.80470892} 161571 : { BUY 4539.63@0.80470892} 161570 : { SELL 20367.34@0.8079342} 161569 : { SELL 20367.34@0.8079342} 
Sat Nov 22 10:59:31 EST 2014 , 4 , 2 , 2 , 161572 : { BUY 4539.63@0.80470892} 161571 : { BUY 4539.63@0.80470892} 161570 : { SELL 20367.34@0.8079342} 161569 : { SELL 20367.34@0.8079342} 
Sat Nov 22 11:02:32 EST 2014 , 4 , 2 , 2 , 161572 : { BUY 4539.63@0.80470892} 161571 : { BUY 4539.63@0.80470892} 161570 : { SELL 20367.34@0.8079342} 161569 : { SELL 20367.34@0.8079342} 
Sat Nov 22 11:05:33 EST 2014 , 4 , 2 , 2 , 161572 : { BUY 4539.63@0.80470892} 161571 : { BUY 4539.63@0.80470892} 161570 : { SELL 20367.34@0.8079342} 161569 : { SELL 20367.34@0.8079342} 
Sat Nov 22 11:08:34 EST 2014 , 4 , 2 , 2 , 161572 : { BUY 4539.63@0.80470892} 161571 : { BUY 4539.63@0.80470892} 161570 : { SELL 20367.34@0.8079342} 161569 : { SELL 20367.34@0.8079342} 
Sat Nov 22 11:11:35 EST 2014 , 4 , 2 , 2 , 161572 : { BUY 4539.63@0.80470892} 161571 : { BUY 4539.63@0.80470892} 161570 : { SELL 20367.34@0.8079342} 161569 : { SELL 20367.34@0.8079342} 
Sat Nov 22 11:14:36 EST 2014 , 4 , 2 , 2 , 161572 : { BUY 4539.63@0.80470892} 161571 : { BUY 4539.63@0.80470892} 161570 : { SELL 20367.34@0.8079342} 161569 : { SELL 20367.34@0.8079342} 
Sat Nov 22 11:17:37 EST 2014 , 4 , 2 , 2 , 161572 : { BUY 4539.63@0.80470892} 161571 : { BUY 4539.63@0.80470892} 161570 : { SELL 20367.34@0.8079342} 161569 : { SELL 20367.34@0.8079342} 
Sat Nov 22 11:20:38 EST 2014 , 4 , 2 , 2 , 161572 : { BUY 4539.63@0.80470892} 161571 : { BUY 4539.63@0.80470892} 161570 : { SELL 20367.34@0.8079342} 161569 : { SELL 20367.34@0.8079342} 
Sat Nov 22 11:23:39 EST 2014 , 4 , 2 , 2 , 161572 : { BUY 4539.63@0.80470892} 161571 : { BUY 4539.63@0.80470892} 161570 : { SELL 20367.34@0.8079342} 161569 : { SELL 20367.34@0.8079342} 
Sat Nov 22 11:26:40 EST 2014 , 4 , 2 , 2 , 161572 : { BUY 4539.63@0.80470892} 161571 : { BUY 4539.63@0.80470892} 161570 : { SELL 20367.34@0.8079342} 161569 : { SELL 20367.34@0.8079342} 
Sat Nov 22 11:29:41 EST 2014 , 4 , 2 , 2 , 161572 : { BUY 4539.63@0.80470892} 161571 : { BUY 4539.63@0.80470892} 161570 : { SELL 20367.34@0.8079342} 161569 : { SELL 20367.34@0.8079342} 
Sat Nov 22 11:32:42 EST 2014 , 4 , 2 , 2 , 161572 : { BUY 4539.63@0.80470892} 161571 : { BUY 4539.63@0.80470892} 161570 : { SELL 20367.34@0.8079342} 161569 : { SELL 20367.34@0.8079342} 
Sat Nov 22 11:35:43 EST 2014 , 4 , 2 , 2 , 161572 : { BUY 4539.63@0.80470892} 161571 : { BUY 4539.63@0.80470892} 161570 : { SELL 20367.34@0.8079342} 161569 : { SELL 20367.34@0.8079342} 
Sat Nov 22 11:38:44 EST 2014 , 4 , 2 , 2 , 161572 : { BUY 4539.63@0.80470892} 161571 : { BUY 4539.63@0.80470892} 161570 : { SELL 20367.34@0.8079342} 161569 : { SELL 20367.34@0.8079342} 
Sat Nov 22 11:41:45 EST 2014 , 4 , 2 , 2 , 161572 : { BUY 4539.63@0.80470892} 161571 : { BUY 4539.63@0.80470892} 161570 : { SELL 20367.34@0.8079342} 161569 : { SELL 20367.34@0.8079342} 
Sat Nov 22 11:44:46 EST 2014 , 4 , 2 , 2 , 161572 : { BUY 4539.63@0.80470892} 161571 : { BUY 4539.63@0.80470892} 161570 : { SELL 20367.34@0.8079342} 161569 : { SELL 20367.34@0.8079342} 
Sat Nov 22 11:47:47 EST 2014 , 4 , 2 , 2 , 161572 : { BUY 4539.63@0.80470892} 161571 : { BUY 4539.63@0.80470892} 161570 : { SELL 20367.34@0.8079342} 161569 : { SELL 20367.34@0.8079342} 
Sat Nov 22 11:50:48 EST 2014 , 4 , 2 , 2 , 161572 : { BUY 4539.63@0.80470892} 161571 : { BUY 4539.63@0.80470892} 161570 : { SELL 20367.34@0.8079342} 161569 : { SELL 20367.34@0.8079342} 
Sat Nov 22 11:53:49 EST 2014 , 4 , 2 , 2 , 161572 : { BUY 4539.63@0.80470892} 161571 : { BUY 4539.63@0.80470892} 161570 : { SELL 20367.34@0.8079342} 161569 : { SELL 20367.34@0.8079342} 
Sat Nov 22 11:56:50 EST 2014 , 4 , 2 , 2 , 161572 : { BUY 4539.63@0.80470892} 161571 : { BUY 4539.63@0.80470892} 161570 : { SELL 20367.34@0.8079342} 161569 : { SELL 20367.34@0.8079342} 
Sat Nov 22 11:59:51 EST 2014 , 4 , 2 , 2 , 161572 : { BUY 4539.63@0.80470892} 161571 : { BUY 4539.63@0.80470892} 161570 : { SELL 20367.34@0.8079342} 161569 : { SELL 20367.34@0.8079342} 
Sat Nov 22 12:02:52 EST 2014 , 4 , 2 , 2 , 161572 : { BUY 4539.63@0.80470892} 161571 : { BUY 4539.63@0.80470892} 161570 : { SELL 20367.34@0.8079342} 161569 : { SELL 20367.34@0.8079342} 
Sat Nov 22 12:05:53 EST 2014 , 4 , 2 , 2 , 161572 : { BUY 4539.63@0.80470892} 161571 : { BUY 4539.63@0.80470892} 161570 : { SELL 20367.34@0.8079342} 161569 : { SELL 20367.34@0.8079342} 
Sat Nov 22 12:08:54 EST 2014 , 4 , 2 , 2 , 161572 : { BUY 4539.63@0.80470892} 161571 : { BUY 4539.63@0.80470892} 161570 : { SELL 20367.34@0.8079342} 161569 : { SELL 20367.34@0.8079342} 
Sat Nov 22 12:11:55 EST 2014 , 4 , 2 , 2 , 161572 : { BUY 4539.63@0.80470892} 161571 : { BUY 4539.63@0.80470892} 161570 : { SELL 20367.34@0.8079342} 161569 : { SELL 20367.34@0.8079342} 
Sat Nov 22 12:14:56 EST 2014 , 4 , 2 , 2 , 161572 : { BUY 4539.63@0.80470892} 161571 : { BUY 4539.63@0.80470892} 161570 : { SELL 20367.34@0.8079342} 161569 : { SELL 20367.34@0.8079342} 
Sat Nov 22 12:17:57 EST 2014 , 4 , 2 , 2 , 161572 : { BUY 4539.63@0.80470892} 161571 : { BUY 4539.63@0.80470892} 161570 : { SELL 20367.34@0.8079342} 161569 : { SELL 20367.34@0.8079342} 
Sat Nov 22 12:20:58 EST 2014 , 4 , 2 , 2 , 161572 : { BUY 4539.63@0.80470892} 161571 : { BUY 4539.63@0.80470892} 161570 : { SELL 20367.34@0.8079342} 161569 : { SELL 20367.34@0.8079342} 
Sat Nov 22 12:23:59 EST 2014 , 4 , 2 , 2 , 161572 : { BUY 4539.63@0.80470892} 161571 : { BUY 4539.63@0.80470892} 161570 : { SELL 20367.34@0.8079342} 161569 : { SELL 20367.34@0.8079342} 
Sat Nov 22 12:27:00 EST 2014 , 4 , 2 , 2 , 161572 : { BUY 4539.63@0.80470892} 161571 : { BUY 4539.63@0.80470892} 161570 : { SELL 20367.34@0.8079342} 161569 : { SELL 20367.34@0.8079342} 
Sat Nov 22 12:30:01 EST 2014 , 4 , 2 , 2 , 161572 : { BUY 4539.63@0.80470892} 161571 : { BUY 4539.63@0.80470892} 161570 : { SELL 20367.34@0.8079342} 161569 : { SELL 20367.34@0.8079342} 
Sat Nov 22 12:33:02 EST 2014 , 4 , 2 , 2 , 161572 : { BUY 4539.63@0.80470892} 161571 : { BUY 4539.63@0.80470892} 161570 : { SELL 20367.34@0.8079342} 161569 : { SELL 20367.34@0.8079342} 
Sat Nov 22 12:36:03 EST 2014 , 4 , 2 , 2 , 161572 : { BUY 4539.63@0.80470892} 161571 : { BUY 4539.63@0.80470892} 161570 : { SELL 20367.34@0.8079342} 161569 : { SELL 20367.34@0.8079342} 
Sat Nov 22 12:39:04 EST 2014 , 4 , 2 , 2 , 161572 : { BUY 4539.63@0.80470892} 161571 : { BUY 4539.63@0.80470892} 161570 : { SELL 20367.34@0.8079342} 161569 : { SELL 20367.34@0.8079342} 
Sat Nov 22 12:42:05 EST 2014 , 4 , 2 , 2 , 161572 : { BUY 4539.63@0.80470892} 161571 : { BUY 4539.63@0.80470892} 161570 : { SELL 20367.34@0.8079342} 161569 : { SELL 20367.34@0.8079342} 
Sat Nov 22 12:45:06 EST 2014 , 4 , 2 , 2 , 161572 : { BUY 4539.63@0.80470892} 161571 : { BUY 4539.63@0.80470892} 161570 : { SELL 20367.34@0.8079342} 161569 : { SELL 20367.34@0.8079342} 
Sat Nov 22 12:48:07 EST 2014 , 4 , 2 , 2 , 161572 : { BUY 4539.63@0.80470892} 161571 : { BUY 4539.63@0.80470892} 161570 : { SELL 20367.34@0.8079342} 161569 : { SELL 20367.34@0.8079342} 
Sat Nov 22 12:51:08 EST 2014 , 4 , 2 , 2 , 161572 : { BUY 4539.63@0.80470892} 161571 : { BUY 4539.63@0.80470892} 161570 : { SELL 20367.34@0.8079342} 161569 : { SELL 20367.34@0.8079342} 
Sat Nov 22 12:54:10 EST 2014 , 4 , 2 , 2 , 161572 : { BUY 4539.63@0.80470892} 161571 : { BUY 4539.63@0.80470892} 161570 : { SELL 20367.34@0.8079342} 161569 : { SELL 20367.34@0.8079342} 
Sat Nov 22 12:57:10 EST 2014 , 4 , 2 , 2 , 161572 : { BUY 4539.63@0.80470892} 161571 : { BUY 4539.63@0.80470892} 161570 : { SELL 20367.34@0.8079342} 161569 : { SELL 20367.34@0.8079342} 
Sat Nov 22 13:00:11 EST 2014 , 4 , 2 , 2 , 161572 : { BUY 4539.63@0.80470892} 161571 : { BUY 4539.63@0.80470892} 161570 : { SELL 20367.34@0.8079342} 161569 : { SELL 20367.34@0.8079342} 
Sat Nov 22 13:03:12 EST 2014 , 4 , 2 , 2 , 161572 : { BUY 4539.63@0.80470892} 161571 : { BUY 4539.63@0.80470892} 161570 : { SELL 20367.34@0.8079342} 161569 : { SELL 20367.34@0.8079342} 
Sat Nov 22 13:06:13 EST 2014 , 4 , 2 , 2 , 161572 : { BUY 4539.63@0.80470892} 161571 : { BUY 4539.63@0.80470892} 161570 : { SELL 20367.34@0.8079342} 161569 : { SELL 20367.34@0.8079342} 
Sat Nov 22 13:09:14 EST 2014 , 4 , 2 , 2 , 161572 : { BUY 4539.63@0.80470892} 161571 : { BUY 4539.63@0.80470892} 161570 : { SELL 20367.34@0.8079342} 161569 : { SELL 20367.34@0.8079342} 
Sat Nov 22 13:12:15 EST 2014 , 4 , 2 , 2 , 161572 : { BUY 4539.63@0.80470892} 161571 : { BUY 4539.63@0.80470892} 161570 : { SELL 20367.34@0.8079342} 161569 : { SELL 20367.34@0.8079342} 
Sat Nov 22 13:15:16 EST 2014 , 4 , 2 , 2 , 161572 : { BUY 4539.63@0.80470892} 161571 : { BUY 4539.63@0.80470892} 161570 : { SELL 20367.34@0.8079342} 161569 : { SELL 20367.34@0.8079342} 
Sat Nov 22 13:18:17 EST 2014 , 4 , 2 , 2 , 161572 : { BUY 4539.63@0.80470892} 161571 : { BUY 4539.63@0.80470892} 161570 : { SELL 20367.34@0.8079342} 161569 : { SELL 20367.34@0.8079342} 
Sat Nov 22 13:21:18 EST 2014 , 4 , 2 , 2 , 161572 : { BUY 4539.63@0.80470892} 161571 : { BUY 4539.63@0.80470892} 161570 : { SELL 20367.34@0.8079342} 161569 : { SELL 20367.34@0.8079342} 
Sat Nov 22 13:24:19 EST 2014 , 4 , 2 , 2 , 161572 : { BUY 4539.63@0.80470892} 161571 : { BUY 4539.63@0.80470892} 161570 : { SELL 20367.34@0.8079342} 161569 : { SELL 20367.34@0.8079342} 
Sat Nov 22 13:27:20 EST 2014 , 4 , 2 , 2 , 161572 : { BUY 4539.63@0.80470892} 161571 : { BUY 4539.63@0.80470892} 161570 : { SELL 20367.34@0.8079342} 161569 : { SELL 20367.34@0.8079342} 
Sat Nov 22 13:30:21 EST 2014 , 4 , 2 , 2 , 161572 : { BUY 4539.63@0.80470892} 161571 : { BUY 4539.63@0.80470892} 161570 : { SELL 20367.34@0.8079342} 161569 : { SELL 20367.34@0.8079342} 
Sat Nov 22 13:33:22 EST 2014 , 4 , 2 , 2 , 161572 : { BUY 4539.63@0.80470892} 161571 : { BUY 4539.63@0.80470892} 161570 : { SELL 20367.34@0.8079342} 161569 : { SELL 20367.34@0.8079342} 
Sat Nov 22 13:36:23 EST 2014 , 4 , 2 , 2 , 161572 : { BUY 4539.63@0.80470892} 161571 : { BUY 4539.63@0.80470892} 161570 : { SELL 20367.34@0.8079342} 161569 : { SELL 20367.34@0.8079342} 
Sat Nov 22 13:39:24 EST 2014 , 4 , 2 , 2 , 161572 : { BUY 4539.63@0.80470892} 161571 : { BUY 4539.63@0.80470892} 161570 : { SELL 20367.34@0.8079342} 161569 : { SELL 20367.34@0.8079342} 
Sat Nov 22 13:42:25 EST 2014 , 4 , 2 , 2 , 161572 : { BUY 4539.63@0.80470892} 161571 : { BUY 4539.63@0.80470892} 161570 : { SELL 20367.34@0.8079342} 161569 : { SELL 20367.34@0.8079342} 
Sat Nov 22 13:45:26 EST 2014 , 4 , 2 , 2 , 161572 : { BUY 4539.63@0.80470892} 161571 : { BUY 4539.63@0.80470892} 161570 : { SELL 20367.34@0.8079342} 161569 : { SELL 20367.34@0.8079342} 
Sat Nov 22 13:48:27 EST 2014 , 4 , 2 , 2 , 161572 : { BUY 4539.63@0.80470892} 161571 : { BUY 4539.63@0.80470892} 161570 : { SELL 20367.34@0.8079342} 161569 : { SELL 20367.34@0.8079342} 
Sat Nov 22 13:51:28 EST 2014 , 4 , 2 , 2 , 161572 : { BUY 4539.63@0.80470892} 161571 : { BUY 4539.63@0.80470892} 161570 : { SELL 20367.34@0.8079342} 161569 : { SELL 20367.34@0.8079342} 
Sat Nov 22 13:54:29 EST 2014 , 4 , 2 , 2 , 161572 : { BUY 4539.63@0.80470892} 161571 : { BUY 4539.63@0.80470892} 161570 : { SELL 20367.34@0.8079342} 161569 : { SELL 20367.34@0.8079342} 
Sat Nov 22 13:57:30 EST 2014 , 4 , 2 , 2 , 161572 : { BUY 4539.63@0.80470892} 161571 : { BUY 4539.63@0.80470892} 161570 : { SELL 20367.34@0.8079342} 161569 : { SELL 20367.34@0.8079342} 
Sat Nov 22 14:00:31 EST 2014 , 4 , 2 , 2 , 161572 : { BUY 4539.63@0.80470892} 161571 : { BUY 4539.63@0.80470892} 161570 : { SELL 20367.34@0.8079342} 161569 : { SELL 20367.34@0.8079342} 
Sat Nov 22 14:03:32 EST 2014 , 4 , 2 , 2 , 161572 : { BUY 4539.63@0.80470892} 161571 : { BUY 4539.63@0.80470892} 161570 : { SELL 20367.34@0.8079342} 161569 : { SELL 20367.34@0.8079342} 
Sat Nov 22 14:06:33 EST 2014 , 4 , 2 , 2 , 161572 : { BUY 4539.63@0.80470892} 161571 : { BUY 4539.63@0.80470892} 161570 : { SELL 20367.34@0.8079342} 161569 : { SELL 20367.34@0.8079342} 
Sat Nov 22 14:09:34 EST 2014 , 4 , 2 , 2 , 161572 : { BUY 4539.63@0.80470892} 161571 : { BUY 4539.63@0.80470892} 161570 : { SELL 20367.34@0.8079342} 161569 : { SELL 20367.34@0.8079342} 
Sat Nov 22 14:12:35 EST 2014 , 4 , 2 , 2 , 161572 : { BUY 4539.63@0.80470892} 161571 : { BUY 4539.63@0.80470892} 161570 : { SELL 20367.34@0.8079342} 161569 : { SELL 20367.34@0.8079342} 
Sat Nov 22 14:15:36 EST 2014 , 4 , 2 , 2 , 161572 : { BUY 4539.63@0.80470892} 161571 : { BUY 4539.63@0.80470892} 161570 : { SELL 20367.34@0.8079342} 161569 : { SELL 20367.34@0.8079342} 
Sat Nov 22 14:18:37 EST 2014 , 4 , 2 , 2 , 161572 : { BUY 4539.63@0.80470892} 161571 : { BUY 4539.63@0.80470892} 161570 : { SELL 20367.34@0.8079342} 161569 : { SELL 20367.34@0.8079342} 
Sat Nov 22 14:21:38 EST 2014 , 4 , 2 , 2 , 161572 : { BUY 4539.63@0.80470892} 161571 : { BUY 4539.63@0.80470892} 161570 : { SELL 20367.34@0.8079342} 161569 : { SELL 20367.34@0.8079342} 
Sat Nov 22 14:24:39 EST 2014 , 4 , 2 , 2 , 161572 : { BUY 4539.63@0.80470892} 161571 : { BUY 4539.63@0.80470892} 161570 : { SELL 20367.34@0.8079342} 161569 : { SELL 20367.34@0.8079342} 
Sat Nov 22 14:27:40 EST 2014 , 4 , 2 , 2 , 161572 : { BUY 4539.63@0.80470892} 161571 : { BUY 4539.63@0.80470892} 161570 : { SELL 20367.34@0.8079342} 161569 : { SELL 20367.34@0.8079342} 
Sat Nov 22 14:30:41 EST 2014 , 4 , 2 , 2 , 161572 : { BUY 4539.63@0.80470892} 161571 : { BUY 4539.63@0.80470892} 161570 : { SELL 20367.34@0.8079342} 161569 : { SELL 20367.34@0.8079342} 
Sat Nov 22 14:33:42 EST 2014 , 4 , 2 , 2 , 161572 : { BUY 4539.63@0.80470892} 161571 : { BUY 4539.63@0.80470892} 161570 : { SELL 20367.34@0.8079342} 161569 : { SELL 20367.34@0.8079342} 
Sat Nov 22 14:36:43 EST 2014 , 4 , 2 , 2 , 161572 : { BUY 4539.63@0.80470892} 161571 : { BUY 4539.63@0.80470892} 161570 : { SELL 20367.34@0.8079342} 161569 : { SELL 20367.34@0.8079342} 
Sat Nov 22 14:39:44 EST 2014 , 4 , 2 , 2 , 161572 : { BUY 4539.63@0.80470892} 161571 : { BUY 4539.63@0.80470892} 161570 : { SELL 20367.34@0.8079342} 161569 : { SELL 20367.34@0.8079342} 
Sat Nov 22 14:42:45 EST 2014 , 4 , 2 , 2 , 161572 : { BUY 4539.63@0.80470892} 161571 : { BUY 4539.63@0.80470892} 161570 : { SELL 20367.34@0.8079342} 161569 : { SELL 20367.34@0.8079342} 
Sat Nov 22 14:45:46 EST 2014 , 4 , 2 , 2 , 161572 : { BUY 4539.63@0.80470892} 161571 : { BUY 4539.63@0.80470892} 161570 : { SELL 20367.34@0.8079342} 161569 : { SELL 20367.34@0.8079342} 
Sat Nov 22 14:48:47 EST 2014 , 4 , 2 , 2 , 161572 : { BUY 4539.63@0.80470892} 161571 : { BUY 4539.63@0.80470892} 161570 : { SELL 20367.34@0.8079342} 161569 : { SELL 20367.34@0.8079342} 
Sat Nov 22 14:51:48 EST 2014 , 4 , 2 , 2 , 161572 : { BUY 4539.63@0.80470892} 161571 : { BUY 4539.63@0.80470892} 161570 : { SELL 20367.34@0.8079342} 161569 : { SELL 20367.34@0.8079342} 
Sat Nov 22 14:54:49 EST 2014 , 4 , 2 , 2 , 161572 : { BUY 4539.63@0.80470892} 161571 : { BUY 4539.63@0.80470892} 161570 : { SELL 20367.34@0.8079342} 161569 : { SELL 20367.34@0.8079342} 
Sat Nov 22 14:57:50 EST 2014 , 4 , 2 , 2 , 161572 : { BUY 4539.63@0.80470892} 161571 : { BUY 4539.63@0.80470892} 161570 : { SELL 20367.34@0.8079342} 161569 : { SELL 20367.34@0.8079342} 
Sat Nov 22 15:00:51 EST 2014 , 4 , 2 , 2 , 161572 : { BUY 4539.63@0.80470892} 161571 : { BUY 4539.63@0.80470892} 161570 : { SELL 20367.34@0.8079342} 161569 : { SELL 20367.34@0.8079342} 
Sat Nov 22 15:03:52 EST 2014 , 4 , 2 , 2 , 161572 : { BUY 4539.63@0.80470892} 161571 : { BUY 4539.63@0.80470892} 161570 : { SELL 20367.34@0.8079342} 161569 : { SELL 20367.34@0.8079342} 
Sat Nov 22 15:06:53 EST 2014 , 4 , 2 , 2 , 161572 : { BUY 4539.63@0.80470892} 161571 : { BUY 4539.63@0.80470892} 161570 : { SELL 20367.34@0.8079342} 161569 : { SELL 20367.34@0.8079342} 
Sat Nov 22 15:09:54 EST 2014 , 4 , 2 , 2 , 161572 : { BUY 4539.63@0.80470892} 161571 : { BUY 4539.63@0.80470892} 161570 : { SELL 20367.34@0.8079342} 161569 : { SELL 20367.34@0.8079342} 
Sat Nov 22 15:12:55 EST 2014 , 4 , 2 , 2 , 161572 : { BUY 4539.63@0.80470892} 161571 : { BUY 4539.63@0.80470892} 161570 : { SELL 20367.34@0.8079342} 161569 : { SELL 20367.34@0.8079342} 
Sat Nov 22 15:15:56 EST 2014 , 4 , 2 , 2 , 161572 : { BUY 4539.63@0.80470892} 161571 : { BUY 4539.63@0.80470892} 161570 : { SELL 20367.34@0.8079342} 161569 : { SELL 20367.34@0.8079342} 
Sat Nov 22 15:18:57 EST 2014 , 4 , 2 , 2 , 161572 : { BUY 4539.63@0.80470892} 161571 : { BUY 4539.63@0.80470892} 161570 : { SELL 20367.34@0.8079342} 161569 : { SELL 20367.34@0.8079342} 
Sat Nov 22 15:21:58 EST 2014 , 4 , 2 , 2 , 161572 : { BUY 4539.63@0.80470892} 161571 : { BUY 4539.63@0.80470892} 161570 : { SELL 20367.34@0.8079342} 161569 : { SELL 20367.34@0.8079342} 
Sat Nov 22 15:25:00 EST 2014 , 4 , 2 , 2 , 161572 : { BUY 4539.63@0.80470892} 161571 : { BUY 4539.63@0.80470892} 161570 : { SELL 20367.34@0.8079342} 161569 : { SELL 20367.34@0.8079342} 
Sat Nov 22 15:28:00 EST 2014 , 4 , 2 , 2 , 161572 : { BUY 4539.63@0.80470892} 161571 : { BUY 4539.63@0.80470892} 161570 : { SELL 20367.34@0.8079342} 161569 : { SELL 20367.34@0.8079342} 
Sat Nov 22 15:31:01 EST 2014 , 4 , 2 , 2 , 161572 : { BUY 4539.63@0.80470892} 161571 : { BUY 4539.63@0.80470892} 161570 : { SELL 20367.34@0.8079342} 161569 : { SELL 20367.34@0.8079342} 
Sat Nov 22 15:34:02 EST 2014 , 4 , 2 , 2 , 161572 : { BUY 4539.63@0.80470892} 161571 : { BUY 4539.63@0.80470892} 161570 : { SELL 20367.34@0.8079342} 161569 : { SELL 20367.34@0.8079342} 
Sat Nov 22 15:37:03 EST 2014 , 4 , 2 , 2 , 161572 : { BUY 4539.63@0.80470892} 161571 : { BUY 4539.63@0.80470892} 161570 : { SELL 20367.34@0.8079342} 161569 : { SELL 20367.34@0.8079342} 
Sat Nov 22 15:40:04 EST 2014 , 4 , 2 , 2 , 161572 : { BUY 4539.63@0.80470892} 161571 : { BUY 4539.63@0.80470892} 161570 : { SELL 20367.34@0.8079342} 161569 : { SELL 20367.34@0.8079342} 
Sat Nov 22 15:43:05 EST 2014 , 4 , 2 , 2 , 161572 : { BUY 4539.63@0.80470892} 161571 : { BUY 4539.63@0.80470892} 161570 : { SELL 20367.34@0.8079342} 161569 : { SELL 20367.34@0.8079342} 
Sat Nov 22 15:46:06 EST 2014 , 4 , 2 , 2 , 161572 : { BUY 4539.63@0.80470892} 161571 : { BUY 4539.63@0.80470892} 161570 : { SELL 20367.34@0.8079342} 161569 : { SELL 20367.34@0.8079342} 
Sat Nov 22 15:49:07 EST 2014 , 4 , 2 , 2 , 161572 : { BUY 4539.63@0.80470892} 161571 : { BUY 4539.63@0.80470892} 161570 : { SELL 20367.34@0.8079342} 161569 : { SELL 20367.34@0.8079342} 
Sat Nov 22 15:52:08 EST 2014 , 4 , 2 , 2 , 161572 : { BUY 4539.63@0.80470892} 161571 : { BUY 4539.63@0.80470892} 161570 : { SELL 20367.34@0.8079342} 161569 : { SELL 20367.34@0.8079342} 
Sat Nov 22 15:55:09 EST 2014 , 4 , 2 , 2 , 161572 : { BUY 4539.63@0.80470892} 161571 : { BUY 4539.63@0.80470892} 161570 : { SELL 20367.34@0.8079342} 161569 : { SELL 20367.34@0.8079342} 
Sat Nov 22 15:58:10 EST 2014 , 4 , 2 , 2 , 161572 : { BUY 4539.63@0.80470892} 161571 : { BUY 4539.63@0.80470892} 161570 : { SELL 20367.34@0.8079342} 161569 : { SELL 20367.34@0.8079342} 
Sat Nov 22 16:01:11 EST 2014 , 4 , 2 , 2 , 161572 : { BUY 4539.63@0.80470892} 161571 : { BUY 4539.63@0.80470892} 161570 : { SELL 20367.34@0.8079342} 161569 : { SELL 20367.34@0.8079342} 
Sat Nov 22 16:04:12 EST 2014 , 4 , 2 , 2 , 161572 : { BUY 4539.63@0.80470892} 161571 : { BUY 4539.63@0.80470892} 161570 : { SELL 20367.34@0.8079342} 161569 : { SELL 20367.34@0.8079342} 
Sat Nov 22 16:07:13 EST 2014 , 4 , 2 , 2 , 161572 : { BUY 4539.63@0.80470892} 161571 : { BUY 4539.63@0.80470892} 161570 : { SELL 20367.34@0.8079342} 161569 : { SELL 20367.34@0.8079342} 
Sat Nov 22 16:10:14 EST 2014 , 4 , 2 , 2 , 161572 : { BUY 4539.63@0.80470892} 161571 : { BUY 4539.63@0.80470892} 161570 : { SELL 20367.34@0.8079342} 161569 : { SELL 20367.34@0.8079342} 
Sat Nov 22 16:13:15 EST 2014 , 4 , 2 , 2 , 161572 : { BUY 4539.63@0.80470892} 161571 : { BUY 4539.63@0.80470892} 161570 : { SELL 20367.34@0.8079342} 161569 : { SELL 20367.34@0.8079342} 
Sat Nov 22 16:16:16 EST 2014 , 4 , 2 , 2 , 161572 : { BUY 4539.63@0.80470892} 161571 : { BUY 4539.63@0.80470892} 161570 : { SELL 20367.34@0.8079342} 161569 : { SELL 20367.34@0.8079342} 
Sat Nov 22 16:19:17 EST 2014 , 4 , 2 , 2 , 161572 : { BUY 4539.63@0.80470892} 161571 : { BUY 4539.63@0.80470892} 161570 : { SELL 20367.34@0.8079342} 161569 : { SELL 20367.34@0.8079342} 
Sat Nov 22 16:22:18 EST 2014 , 4 , 2 , 2 , 161572 : { BUY 4539.63@0.80470892} 161571 : { BUY 4539.63@0.80470892} 161570 : { SELL 20367.34@0.8079342} 161569 : { SELL 20367.34@0.8079342} 
Sat Nov 22 16:25:19 EST 2014 , 4 , 2 , 2 , 161572 : { BUY 4539.63@0.80470892} 161571 : { BUY 4539.63@0.80470892} 161570 : { SELL 20367.34@0.8079342} 161569 : { SELL 20367.34@0.8079342} 
Sat Nov 22 16:28:20 EST 2014 , 4 , 2 , 2 , 161572 : { BUY 4539.63@0.80470892} 161571 : { BUY 4539.63@0.80470892} 161570 : { SELL 20367.34@0.8079342} 161569 : { SELL 20367.34@0.8079342} 
Sat Nov 22 16:31:21 EST 2014 , 4 , 2 , 2 , 161572 : { BUY 4539.63@0.80470892} 161571 : { BUY 4539.63@0.80470892} 161570 : { SELL 20367.34@0.8079342} 161569 : { SELL 20367.34@0.8079342} 
Sat Nov 22 16:34:22 EST 2014 , 4 , 2 , 2 , 161572 : { BUY 4539.63@0.80470892} 161571 : { BUY 4539.63@0.80470892} 161570 : { SELL 20367.34@0.8079342} 161569 : { SELL 20367.34@0.8079342} 
Sat Nov 22 16:37:23 EST 2014 , 4 , 2 , 2 , 161572 : { BUY 4539.63@0.80470892} 161571 : { BUY 4539.63@0.80470892} 161570 : { SELL 20367.34@0.8079342} 161569 : { SELL 20367.34@0.8079342} 
Sat Nov 22 16:40:24 EST 2014 , 4 , 2 , 2 , 161572 : { BUY 4539.63@0.80470892} 161571 : { BUY 4539.63@0.80470892} 161570 : { SELL 20367.34@0.8079342} 161569 : { SELL 20367.34@0.8079342} 
Sat Nov 22 16:43:25 EST 2014 , 4 , 2 , 2 , 161572 : { BUY 4539.63@0.80470892} 161571 : { BUY 4539.63@0.80470892} 161570 : { SELL 20367.34@0.8079342} 161569 : { SELL 20367.34@0.8079342} 
Sat Nov 22 16:46:26 EST 2014 , 4 , 2 , 2 , 161572 : { BUY 4539.63@0.80470892} 161571 : { BUY 4539.63@0.80470892} 161570 : { SELL 20367.34@0.8079342} 161569 : { SELL 20367.34@0.8079342} 
Sat Nov 22 16:49:27 EST 2014 , 4 , 2 , 2 , 161572 : { BUY 4539.63@0.80470892} 161571 : { BUY 4539.63@0.80470892} 161570 : { SELL 20367.34@0.8079342} 161569 : { SELL 20367.34@0.8079342} 
Sat Nov 22 16:52:28 EST 2014 , 4 , 2 , 2 , 161572 : { BUY 4539.63@0.80470892} 161571 : { BUY 4539.63@0.80470892} 161570 : { SELL 20367.34@0.8079342} 161569 : { SELL 20367.34@0.8079342} 
Sat Nov 22 16:55:29 EST 2014 , 4 , 2 , 2 , 161572 : { BUY 4539.63@0.80470892} 161571 : { BUY 4539.63@0.80470892} 161570 : { SELL 20367.34@0.8079342} 161569 : { SELL 20367.34@0.8079342} 
Sat Nov 22 16:58:30 EST 2014 , 4 , 2 , 2 , 161572 : { BUY 4539.63@0.80470892} 161571 : { BUY 4539.63@0.80470892} 161570 : { SELL 20367.34@0.8079342} 161569 : { SELL 20367.34@0.8079342} 
Sat Nov 22 17:01:31 EST 2014 , 4 , 2 , 2 , 161572 : { BUY 4539.63@0.80470892} 161571 : { BUY 4539.63@0.80470892} 161570 : { SELL 20367.34@0.8079342} 161569 : { SELL 20367.34@0.8079342} 
Sat Nov 22 17:04:32 EST 2014 , 4 , 2 , 2 , 161572 : { BUY 4539.63@0.80470892} 161571 : { BUY 4539.63@0.80470892} 161570 : { SELL 20367.34@0.8079342} 161569 : { SELL 20367.34@0.8079342} 
Sat Nov 22 17:07:33 EST 2014 , 4 , 2 , 2 , 161572 : { BUY 4539.63@0.80470892} 161571 : { BUY 4539.63@0.80470892} 161570 : { SELL 20367.34@0.8079342} 161569 : { SELL 20367.34@0.8079342} 
Sat Nov 22 17:10:34 EST 2014 , 4 , 2 , 2 , 161572 : { BUY 4539.63@0.80470892} 161571 : { BUY 4539.63@0.80470892} 161570 : { SELL 20367.34@0.8079342} 161569 : { SELL 20367.34@0.8079342} 
Sat Nov 22 17:13:35 EST 2014 , 4 , 2 , 2 , 161572 : { BUY 4539.63@0.80470892} 161571 : { BUY 4539.63@0.80470892} 161570 : { SELL 20367.34@0.8079342} 161569 : { SELL 20367.34@0.8079342} 
Sat Nov 22 17:16:36 EST 2014 , 4 , 2 , 2 , 161572 : { BUY 4539.63@0.80470892} 161571 : { BUY 4539.63@0.80470892} 161570 : { SELL 20367.34@0.8079342} 161569 : { SELL 20367.34@0.8079342} 
Sat Nov 22 17:19:37 EST 2014 , 4 , 2 , 2 , 161572 : { BUY 4539.63@0.80470892} 161571 : { BUY 4539.63@0.80470892} 161570 : { SELL 20367.34@0.8079342} 161569 : { SELL 20367.34@0.8079342} 
Sat Nov 22 17:22:38 EST 2014 , 4 , 2 , 2 , 161572 : { BUY 4539.63@0.80470892} 161571 : { BUY 4539.63@0.80470892} 161570 : { SELL 20367.34@0.8079342} 161569 : { SELL 20367.34@0.8079342} 
Sat Nov 22 17:25:39 EST 2014 , 4 , 2 , 2 , 161572 : { BUY 4539.63@0.80470892} 161571 : { BUY 4539.63@0.80470892} 161570 : { SELL 20367.34@0.8079342} 161569 : { SELL 20367.34@0.8079342} 
Sat Nov 22 17:28:40 EST 2014 , 4 , 2 , 2 , 161572 : { BUY 4539.63@0.80470892} 161571 : { BUY 4539.63@0.80470892} 161570 : { SELL 20367.34@0.8079342} 161569 : { SELL 20367.34@0.8079342} 
Sat Nov 22 17:31:41 EST 2014 , 4 , 2 , 2 , 161572 : { BUY 4539.63@0.80470892} 161571 : { BUY 4539.63@0.80470892} 161570 : { SELL 20367.34@0.8079342} 161569 : { SELL 20367.34@0.8079342} 
Sat Nov 22 17:34:42 EST 2014 , 4 , 2 , 2 , 161572 : { BUY 4539.63@0.80470892} 161571 : { BUY 4539.63@0.80470892} 161570 : { SELL 20367.34@0.8079342} 161569 : { SELL 20367.34@0.8079342} 
Sat Nov 22 17:37:43 EST 2014 , 4 , 2 , 2 , 161572 : { BUY 4539.63@0.80470892} 161571 : { BUY 4539.63@0.80470892} 161570 : { SELL 20367.34@0.8079342} 161569 : { SELL 20367.34@0.8079342} 
Sat Nov 22 17:40:44 EST 2014 , 4 , 2 , 2 , 161572 : { BUY 4539.63@0.80470892} 161571 : { BUY 4539.63@0.80470892} 161570 : { SELL 20367.34@0.8079342} 161569 : { SELL 20367.34@0.8079342} 
Sat Nov 22 17:43:45 EST 2014 , 4 , 2 , 2 , 161572 : { BUY 4539.63@0.80470892} 161571 : { BUY 4539.63@0.80470892} 161570 : { SELL 20367.34@0.8079342} 161569 : { SELL 20367.34@0.8079342} 
Sat Nov 22 17:46:46 EST 2014 , 4 , 2 , 2 , 161572 : { BUY 4539.63@0.80470892} 161571 : { BUY 4539.63@0.80470892} 161570 : { SELL 20367.34@0.8079342} 161569 : { SELL 20367.34@0.8079342} 
Sat Nov 22 17:49:47 EST 2014 , 4 , 2 , 2 , 161572 : { BUY 4539.63@0.80470892} 161571 : { BUY 4539.63@0.80470892} 161570 : { SELL 20367.34@0.8079342} 161569 : { SELL 20367.34@0.8079342} 
Sat Nov 22 17:52:48 EST 2014 , 4 , 2 , 2 , 161572 : { BUY 4539.63@0.80470892} 161571 : { BUY 4539.63@0.80470892} 161570 : { SELL 20367.34@0.8079342} 161569 : { SELL 20367.34@0.8079342} 
Sat Nov 22 17:55:49 EST 2014 , 4 , 2 , 2 , 161572 : { BUY 4539.63@0.80470892} 161571 : { BUY 4539.63@0.80470892} 161570 : { SELL 20367.34@0.8079342} 161569 : { SELL 20367.34@0.8079342} 
Sat Nov 22 17:58:50 EST 2014 , 4 , 2 , 2 , 161572 : { BUY 4539.63@0.80470892} 161571 : { BUY 4539.63@0.80470892} 161570 : { SELL 20367.34@0.8079342} 161569 : { SELL 20367.34@0.8079342} 
Sat Nov 22 18:01:51 EST 2014 , 4 , 2 , 2 , 161572 : { BUY 4539.63@0.80470892} 161571 : { BUY 4539.63@0.80470892} 161570 : { SELL 20367.34@0.8079342} 161569 : { SELL 20367.34@0.8079342} 
Sat Nov 22 18:04:52 EST 2014 , 4 , 2 , 2 , 161572 : { BUY 4539.63@0.80470892} 161571 : { BUY 4539.63@0.80470892} 161570 : { SELL 20367.34@0.8079342} 161569 : { SELL 20367.34@0.8079342} 
Sat Nov 22 18:07:53 EST 2014 , 4 , 2 , 2 , 161572 : { BUY 4539.63@0.80470892} 161571 : { BUY 4539.63@0.80470892} 161570 : { SELL 20367.34@0.8079342} 161569 : { SELL 20367.34@0.8079342} 
Sat Nov 22 18:10:54 EST 2014 , 4 , 2 , 2 , 161572 : { BUY 4539.63@0.80470892} 161571 : { BUY 4539.63@0.80470892} 161570 : { SELL 20367.34@0.8079342} 161569 : { SELL 20367.34@0.8079342} 
Sat Nov 22 18:13:55 EST 2014 , 4 , 2 , 2 , 161572 : { BUY 4539.63@0.80470892} 161571 : { BUY 4539.63@0.80470892} 161570 : { SELL 20367.34@0.8079342} 161569 : { SELL 20367.34@0.8079342} 
Sat Nov 22 18:16:56 EST 2014 , 4 , 2 , 2 , 161572 : { BUY 4539.63@0.80470892} 161571 : { BUY 4539.63@0.80470892} 161570 : { SELL 20367.34@0.8079342} 161569 : { SELL 20367.34@0.8079342} 
Sat Nov 22 18:19:57 EST 2014 , 4 , 2 , 2 , 161572 : { BUY 4539.63@0.80470892} 161571 : { BUY 4539.63@0.80470892} 161570 : { SELL 20367.34@0.8079342} 161569 : { SELL 20367.34@0.8079342} 
Sat Nov 22 18:22:58 EST 2014 , 4 , 2 , 2 , 161572 : { BUY 4539.63@0.80470892} 161571 : { BUY 4539.63@0.80470892} 161570 : { SELL 20367.34@0.8079342} 161569 : { SELL 20367.34@0.8079342} 
Sat Nov 22 18:25:59 EST 2014 , 4 , 2 , 2 , 161572 : { BUY 4539.63@0.80470892} 161571 : { BUY 4539.63@0.80470892} 161570 : { SELL 20367.34@0.8079342} 161569 : { SELL 20367.34@0.8079342} 
Sat Nov 22 18:29:00 EST 2014 , 4 , 2 , 2 , 161572 : { BUY 4539.63@0.80470892} 161571 : { BUY 4539.63@0.80470892} 161570 : { SELL 20367.34@0.8079342} 161569 : { SELL 20367.34@0.8079342} 
Sat Nov 22 18:32:01 EST 2014 , 4 , 2 , 2 , 161572 : { BUY 4539.63@0.80470892} 161571 : { BUY 4539.63@0.80470892} 161570 : { SELL 20367.34@0.8079342} 161569 : { SELL 20367.34@0.8079342} 
Sat Nov 22 18:35:02 EST 2014 , 4 , 2 , 2 , 161572 : { BUY 4539.63@0.80470892} 161571 : { BUY 4539.63@0.80470892} 161570 : { SELL 20367.34@0.8079342} 161569 : { SELL 20367.34@0.8079342} 
Sat Nov 22 18:38:03 EST 2014 , 4 , 2 , 2 , 161572 : { BUY 4539.63@0.80470892} 161571 : { BUY 4539.63@0.80470892} 161570 : { SELL 20367.34@0.8079342} 161569 : { SELL 20367.34@0.8079342} 
Sat Nov 22 18:41:04 EST 2014 , 4 , 2 , 2 , 161572 : { BUY 4539.63@0.80470892} 161571 : { BUY 4539.63@0.80470892} 161570 : { SELL 20367.34@0.8079342} 161569 : { SELL 20367.34@0.8079342} 
Sat Nov 22 18:44:05 EST 2014 , 4 , 2 , 2 , 161572 : { BUY 4539.63@0.80470892} 161571 : { BUY 4539.63@0.80470892} 161570 : { SELL 20367.34@0.8079342} 161569 : { SELL 20367.34@0.8079342} 
Sat Nov 22 18:47:06 EST 2014 , 4 , 2 , 2 , 161572 : { BUY 4539.63@0.80470892} 161571 : { BUY 4539.63@0.80470892} 161570 : { SELL 20367.34@0.8079342} 161569 : { SELL 20367.34@0.8079342} 
Sat Nov 22 18:50:07 EST 2014 , 4 , 2 , 2 , 161572 : { BUY 4539.63@0.80470892} 161571 : { BUY 4539.63@0.80470892} 161570 : { SELL 20367.34@0.8079342} 161569 : { SELL 20367.34@0.8079342} 
Sat Nov 22 18:53:08 EST 2014 , 4 , 2 , 2 , 161572 : { BUY 4539.63@0.80470892} 161571 : { BUY 4539.63@0.80470892} 161570 : { SELL 20367.34@0.8079342} 161569 : { SELL 20367.34@0.8079342} 
Sat Nov 22 18:56:09 EST 2014 , 4 , 2 , 2 , 161572 : { BUY 4539.63@0.80470892} 161571 : { BUY 4539.63@0.80470892} 161570 : { SELL 20367.34@0.8079342} 161569 : { SELL 20367.34@0.8079342} 
Sat Nov 22 18:59:10 EST 2014 , 4 , 2 , 2 , 161572 : { BUY 4539.63@0.80470892} 161571 : { BUY 4539.63@0.80470892} 161570 : { SELL 20367.34@0.8079342} 161569 : { SELL 20367.34@0.8079342} 
Sat Nov 22 19:02:11 EST 2014 , 4 , 2 , 2 , 161572 : { BUY 4539.63@0.80470892} 161571 : { BUY 4539.63@0.80470892} 161570 : { SELL 20367.34@0.8079342} 161569 : { SELL 20367.34@0.8079342} 
Sat Nov 22 19:05:12 EST 2014 , 4 , 2 , 2 , 161572 : { BUY 4539.63@0.80470892} 161571 : { BUY 4539.63@0.80470892} 161570 : { SELL 20367.34@0.8079342} 161569 : { SELL 20367.34@0.8079342} 
Sat Nov 22 19:08:13 EST 2014 , 4 , 2 , 2 , 161572 : { BUY 4539.63@0.80470892} 161571 : { BUY 4539.63@0.80470892} 161570 : { SELL 20367.34@0.8079342} 161569 : { SELL 20367.34@0.8079342} 
Sat Nov 22 19:11:14 EST 2014 , 4 , 2 , 2 , 161572 : { BUY 4539.63@0.80470892} 161571 : { BUY 4539.63@0.80470892} 161570 : { SELL 20367.34@0.8079342} 161569 : { SELL 20367.34@0.8079342} 
Sat Nov 22 19:14:15 EST 2014 , 4 , 2 , 2 , 161572 : { BUY 4539.63@0.80470892} 161571 : { BUY 4539.63@0.80470892} 161570 : { SELL 20367.34@0.8079342} 161569 : { SELL 20367.34@0.8079342} 
Sat Nov 22 19:17:16 EST 2014 , 4 , 2 , 2 , 161572 : { BUY 4539.63@0.80470892} 161571 : { BUY 4539.63@0.80470892} 161570 : { SELL 20367.34@0.8079342} 161569 : { SELL 20367.34@0.8079342} 
Sat Nov 22 19:20:17 EST 2014 , 4 , 2 , 2 , 161572 : { BUY 4539.63@0.80470892} 161571 : { BUY 4539.63@0.80470892} 161570 : { SELL 20367.34@0.8079342} 161569 : { SELL 20367.34@0.8079342} 
Sat Nov 22 19:23:18 EST 2014 , 4 , 2 , 2 , 161572 : { BUY 4539.63@0.80470892} 161571 : { BUY 4539.63@0.80470892} 161570 : { SELL 20367.34@0.8079342} 161569 : { SELL 20367.34@0.8079342} 
Sat Nov 22 19:26:19 EST 2014 , 4 , 2 , 2 , 161572 : { BUY 4539.63@0.80470892} 161571 : { BUY 4539.63@0.80470892} 161570 : { SELL 20367.34@0.8079342} 161569 : { SELL 20367.34@0.8079342} 
Sat Nov 22 19:29:20 EST 2014 , 4 , 2 , 2 , 161572 : { BUY 4539.63@0.80470892} 161571 : { BUY 4539.63@0.80470892} 161570 : { SELL 20367.34@0.8079342} 161569 : { SELL 20367.34@0.8079342} 
Sat Nov 22 19:32:21 EST 2014 , 4 , 2 , 2 , 161572 : { BUY 4539.63@0.80470892} 161571 : { BUY 4539.63@0.80470892} 161570 : { SELL 20367.34@0.8079342} 161569 : { SELL 20367.34@0.8079342} 
Sat Nov 22 19:35:22 EST 2014 , 4 , 2 , 2 , 161572 : { BUY 4539.63@0.80470892} 161571 : { BUY 4539.63@0.80470892} 161570 : { SELL 20367.34@0.8079342} 161569 : { SELL 20367.34@0.8079342} 
Sat Nov 22 19:38:23 EST 2014 , 4 , 2 , 2 , 161572 : { BUY 4539.63@0.80470892} 161571 : { BUY 4539.63@0.80470892} 161570 : { SELL 20367.34@0.8079342} 161569 : { SELL 20367.34@0.8079342} 
Sat Nov 22 19:41:24 EST 2014 , 4 , 2 , 2 , 161572 : { BUY 4539.63@0.80470892} 161571 : { BUY 4539.63@0.80470892} 161570 : { SELL 20367.34@0.8079342} 161569 : { SELL 20367.34@0.8079342} 
Sat Nov 22 19:44:25 EST 2014 , 4 , 2 , 2 , 161572 : { BUY 4539.63@0.80470892} 161571 : { BUY 4539.63@0.80470892} 161570 : { SELL 20367.34@0.8079342} 161569 : { SELL 20367.34@0.8079342} 
Sat Nov 22 19:47:26 EST 2014 , 4 , 2 , 2 , 161572 : { BUY 4539.63@0.80470892} 161571 : { BUY 4539.63@0.80470892} 161570 : { SELL 20367.34@0.8079342} 161569 : { SELL 20367.34@0.8079342} 
Sat Nov 22 19:50:27 EST 2014 , 4 , 2 , 2 , 161572 : { BUY 4539.63@0.80470892} 161571 : { BUY 4539.63@0.80470892} 161570 : { SELL 20367.34@0.8079342} 161569 : { SELL 20367.34@0.8079342} 
Sat Nov 22 19:53:28 EST 2014 , 4 , 2 , 2 , 161572 : { BUY 4539.63@0.80470892} 161571 : { BUY 4539.63@0.80470892} 161570 : { SELL 20367.34@0.8079342} 161569 : { SELL 20367.34@0.8079342} 
Sat Nov 22 19:56:29 EST 2014 , 4 , 2 , 2 , 161572 : { BUY 4539.63@0.80470892} 161571 : { BUY 4539.63@0.80470892} 161570 : { SELL 20367.34@0.8079342} 161569 : { SELL 20367.34@0.8079342} 
Sat Nov 22 19:59:30 EST 2014 , 4 , 2 , 2 , 161572 : { BUY 4539.63@0.80470892} 161571 : { BUY 4539.63@0.80470892} 161570 : { SELL 20367.34@0.8079342} 161569 : { SELL 20367.34@0.8079342} 
Sat Nov 22 20:02:31 EST 2014 , 4 , 2 , 2 , 161572 : { BUY 4539.63@0.80470892} 161571 : { BUY 4539.63@0.80470892} 161570 : { SELL 20367.34@0.8079342} 161569 : { SELL 20367.34@0.8079342} 
Sat Nov 22 20:05:32 EST 2014 , 4 , 2 , 2 , 161572 : { BUY 4539.63@0.80470892} 161571 : { BUY 4539.63@0.80470892} 161570 : { SELL 20367.34@0.8079342} 161569 : { SELL 20367.34@0.8079342} 
Sat Nov 22 20:08:33 EST 2014 , 4 , 2 , 2 , 161572 : { BUY 4539.63@0.80470892} 161571 : { BUY 4539.63@0.80470892} 161570 : { SELL 20367.34@0.8079342} 161569 : { SELL 20367.34@0.8079342} 
Sat Nov 22 20:11:34 EST 2014 , 4 , 2 , 2 , 161572 : { BUY 4539.63@0.80470892} 161571 : { BUY 4539.63@0.80470892} 161570 : { SELL 20367.34@0.8079342} 161569 : { SELL 20367.34@0.8079342} 
Sat Nov 22 20:14:35 EST 2014 , 4 , 2 , 2 , 161572 : { BUY 4539.63@0.80470892} 161571 : { BUY 4539.63@0.80470892} 161570 : { SELL 20367.34@0.8079342} 161569 : { SELL 20367.34@0.8079342} 
Sat Nov 22 20:17:36 EST 2014 , 4 , 2 , 2 , 161572 : { BUY 4539.63@0.80470892} 161571 : { BUY 4539.63@0.80470892} 161570 : { SELL 20367.34@0.8079342} 161569 : { SELL 20367.34@0.8079342} 
Sat Nov 22 20:20:37 EST 2014 , 4 , 2 , 2 , 161572 : { BUY 4539.63@0.80470892} 161571 : { BUY 4539.63@0.80470892} 161570 : { SELL 20367.34@0.8079342} 161569 : { SELL 20367.34@0.8079342} 
Sat Nov 22 20:23:38 EST 2014 , 4 , 2 , 2 , 161572 : { BUY 4539.63@0.80470892} 161571 : { BUY 4539.63@0.80470892} 161570 : { SELL 20367.34@0.8079342} 161569 : { SELL 20367.34@0.8079342} 
Sat Nov 22 20:26:40 EST 2014 , 4 , 2 , 2 , 161572 : { BUY 4539.63@0.80470892} 161571 : { BUY 4539.63@0.80470892} 161570 : { SELL 20367.34@0.8079342} 161569 : { SELL 20367.34@0.8079342} 
Sat Nov 22 20:29:40 EST 2014 , 4 , 2 , 2 , 161572 : { BUY 4539.63@0.80470892} 161571 : { BUY 4539.63@0.80470892} 161570 : { SELL 20367.34@0.8079342} 161569 : { SELL 20367.34@0.8079342} 
Sat Nov 22 20:32:41 EST 2014 , 4 , 2 , 2 , 161572 : { BUY 4539.63@0.80470892} 161571 : { BUY 4539.63@0.80470892} 161570 : { SELL 20367.34@0.8079342} 161569 : { SELL 20367.34@0.8079342} 
Sat Nov 22 20:35:42 EST 2014 , 4 , 2 , 2 , 161572 : { BUY 4539.63@0.80470892} 161571 : { BUY 4539.63@0.80470892} 161570 : { SELL 20367.34@0.8079342} 161569 : { SELL 20367.34@0.8079342} 
Sat Nov 22 20:38:43 EST 2014 , 4 , 2 , 2 , 161572 : { BUY 4539.63@0.80470892} 161571 : { BUY 4539.63@0.80470892} 161570 : { SELL 20367.34@0.8079342} 161569 : { SELL 20367.34@0.8079342} 
Sat Nov 22 20:41:44 EST 2014 , 4 , 2 , 2 , 161572 : { BUY 4539.63@0.80470892} 161571 : { BUY 4539.63@0.80470892} 161570 : { SELL 20367.34@0.8079342} 161569 : { SELL 20367.34@0.8079342} 
Sat Nov 22 20:44:45 EST 2014 , 4 , 2 , 2 , 161572 : { BUY 4539.63@0.80470892} 161571 : { BUY 4539.63@0.80470892} 161570 : { SELL 20367.34@0.8079342} 161569 : { SELL 20367.34@0.8079342} 
Sat Nov 22 20:47:46 EST 2014 , 4 , 2 , 2 , 161572 : { BUY 4539.63@0.80470892} 161571 : { BUY 4539.63@0.80470892} 161570 : { SELL 20367.34@0.8079342} 161569 : { SELL 20367.34@0.8079342} 
Sat Nov 22 20:50:47 EST 2014 , 4 , 2 , 2 , 161572 : { BUY 4539.63@0.80470892} 161571 : { BUY 4539.63@0.80470892} 161570 : { SELL 20367.34@0.8079342} 161569 : { SELL 20367.34@0.8079342} 
Sat Nov 22 20:53:48 EST 2014 , 4 , 2 , 2 , 161572 : { BUY 4539.63@0.80470892} 161571 : { BUY 4539.63@0.80470892} 161570 : { SELL 20367.34@0.8079342} 161569 : { SELL 20367.34@0.8079342} 
Sat Nov 22 20:56:49 EST 2014 , 4 , 2 , 2 , 161572 : { BUY 4539.63@0.80470892} 161571 : { BUY 4539.63@0.80470892} 161570 : { SELL 20367.34@0.8079342} 161569 : { SELL 20367.34@0.8079342} 
Sat Nov 22 20:59:50 EST 2014 , 4 , 2 , 2 , 161572 : { BUY 4539.63@0.80470892} 161571 : { BUY 4539.63@0.80470892} 161570 : { SELL 20367.34@0.8079342} 161569 : { SELL 20367.34@0.8079342} 
Sat Nov 22 21:02:51 EST 2014 , 4 , 2 , 2 , 161572 : { BUY 4539.63@0.80470892} 161571 : { BUY 4539.63@0.80470892} 161570 : { SELL 20367.34@0.8079342} 161569 : { SELL 20367.34@0.8079342} 
Sat Nov 22 21:05:52 EST 2014 , 4 , 2 , 2 , 161572 : { BUY 4539.63@0.80470892} 161571 : { BUY 4539.63@0.80470892} 161570 : { SELL 20367.34@0.8079342} 161569 : { SELL 20367.34@0.8079342} 
Sat Nov 22 21:08:53 EST 2014 , 4 , 2 , 2 , 161572 : { BUY 4539.63@0.80470892} 161571 : { BUY 4539.63@0.80470892} 161570 : { SELL 20367.34@0.8079342} 161569 : { SELL 20367.34@0.8079342} 
Sat Nov 22 21:11:54 EST 2014 , 4 , 2 , 2 , 161572 : { BUY 4539.63@0.80470892} 161571 : { BUY 4539.63@0.80470892} 161570 : { SELL 20367.34@0.8079342} 161569 : { SELL 20367.34@0.8079342} 
Sat Nov 22 21:14:55 EST 2014 , 4 , 2 , 2 , 161572 : { BUY 4539.63@0.80470892} 161571 : { BUY 4539.63@0.80470892} 161570 : { SELL 20367.34@0.8079342} 161569 : { SELL 20367.34@0.8079342} 
Sat Nov 22 21:17:56 EST 2014 , 4 , 2 , 2 , 161572 : { BUY 4539.63@0.80470892} 161571 : { BUY 4539.63@0.80470892} 161570 : { SELL 20367.34@0.8079342} 161569 : { SELL 20367.34@0.8079342} 
Sat Nov 22 21:20:57 EST 2014 , 4 , 2 , 2 , 161572 : { BUY 4539.63@0.80470892} 161571 : { BUY 4539.63@0.80470892} 161570 : { SELL 20367.34@0.8079342} 161569 : { SELL 20367.34@0.8079342} 
Sat Nov 22 21:23:58 EST 2014 , 4 , 2 , 2 , 161572 : { BUY 4539.63@0.80470892} 161571 : { BUY 4539.63@0.80470892} 161570 : { SELL 20367.34@0.8079342} 161569 : { SELL 20367.34@0.8079342} 
Sat Nov 22 21:26:59 EST 2014 , 4 , 2 , 2 , 161572 : { BUY 4539.63@0.80470892} 161571 : { BUY 4539.63@0.80470892} 161570 : { SELL 20367.34@0.8079342} 161569 : { SELL 20367.34@0.8079342} 
Sat Nov 22 21:30:00 EST 2014 , 4 , 2 , 2 , 161572 : { BUY 4539.63@0.80470892} 161571 : { BUY 4539.63@0.80470892} 161570 : { SELL 20367.34@0.8079342} 161569 : { SELL 20367.34@0.8079342} 
Sat Nov 22 21:33:01 EST 2014 , 4 , 2 , 2 , 161572 : { BUY 4539.63@0.80470892} 161571 : { BUY 4539.63@0.80470892} 161570 : { SELL 20367.34@0.8079342} 161569 : { SELL 20367.34@0.8079342} 
Sat Nov 22 21:36:02 EST 2014 , 4 , 2 , 2 , 161572 : { BUY 4539.63@0.80470892} 161571 : { BUY 4539.63@0.80470892} 161570 : { SELL 20367.34@0.8079342} 161569 : { SELL 20367.34@0.8079342} 
Sat Nov 22 21:39:03 EST 2014 , 4 , 2 , 2 , 161572 : { BUY 4539.63@0.80470892} 161571 : { BUY 4539.63@0.80470892} 161570 : { SELL 20367.34@0.8079342} 161569 : { SELL 20367.34@0.8079342} 
Sat Nov 22 21:42:04 EST 2014 , 4 , 2 , 2 , 161572 : { BUY 4539.63@0.80470892} 161571 : { BUY 4539.63@0.80470892} 161570 : { SELL 20367.34@0.8079342} 161569 : { SELL 20367.34@0.8079342} 
Sat Nov 22 21:45:05 EST 2014 , 4 , 2 , 2 , 161572 : { BUY 4539.63@0.80470892} 161571 : { BUY 4539.63@0.80470892} 161570 : { SELL 20367.34@0.8079342} 161569 : { SELL 20367.34@0.8079342} 
Sat Nov 22 21:48:06 EST 2014 , 4 , 2 , 2 , 161572 : { BUY 4539.63@0.80470892} 161571 : { BUY 4539.63@0.80470892} 161570 : { SELL 20367.34@0.8079342} 161569 : { SELL 20367.34@0.8079342} 
Sat Nov 22 21:51:07 EST 2014 , 4 , 2 , 2 , 161572 : { BUY 4539.63@0.80470892} 161571 : { BUY 4539.63@0.80470892} 161570 : { SELL 20367.34@0.8079342} 161569 : { SELL 20367.34@0.8079342} 
Sat Nov 22 21:54:08 EST 2014 , 4 , 2 , 2 , 161572 : { BUY 4539.63@0.80470892} 161571 : { BUY 4539.63@0.80470892} 161570 : { SELL 20367.34@0.8079342} 161569 : { SELL 20367.34@0.8079342} 
Sat Nov 22 21:57:09 EST 2014 , 4 , 2 , 2 , 161572 : { BUY 4539.63@0.80470892} 161571 : { BUY 4539.63@0.80470892} 161570 : { SELL 20367.34@0.8079342} 161569 : { SELL 20367.34@0.8079342} 
Sat Nov 22 22:00:10 EST 2014 , 4 , 2 , 2 , 161572 : { BUY 4539.63@0.80470892} 161571 : { BUY 4539.63@0.80470892} 161570 : { SELL 20367.34@0.8079342} 161569 : { SELL 20367.34@0.8079342} 
Sat Nov 22 22:03:11 EST 2014 , 4 , 2 , 2 , 161572 : { BUY 4539.63@0.80470892} 161571 : { BUY 4539.63@0.80470892} 161570 : { SELL 20367.34@0.8079342} 161569 : { SELL 20367.34@0.8079342} 
Sat Nov 22 22:06:12 EST 2014 , 4 , 2 , 2 , 161572 : { BUY 4539.63@0.80470892} 161571 : { BUY 4539.63@0.80470892} 161570 : { SELL 20367.34@0.8079342} 161569 : { SELL 20367.34@0.8079342} 
Sat Nov 22 22:09:13 EST 2014 , 4 , 2 , 2 , 161572 : { BUY 4539.63@0.80470892} 161571 : { BUY 4539.63@0.80470892} 161570 : { SELL 20367.34@0.8079342} 161569 : { SELL 20367.34@0.8079342} 
Sat Nov 22 22:12:14 EST 2014 , 4 , 2 , 2 , 161572 : { BUY 4539.63@0.80470892} 161571 : { BUY 4539.63@0.80470892} 161570 : { SELL 20367.34@0.8079342} 161569 : { SELL 20367.34@0.8079342} 
Sat Nov 22 22:15:15 EST 2014 , 4 , 2 , 2 , 161572 : { BUY 4539.63@0.80470892} 161571 : { BUY 4539.63@0.80470892} 161570 : { SELL 20367.34@0.8079342} 161569 : { SELL 20367.34@0.8079342} 
Sat Nov 22 22:18:16 EST 2014 , 4 , 2 , 2 , 161572 : { BUY 4539.63@0.80470892} 161571 : { BUY 4539.63@0.80470892} 161570 : { SELL 20367.34@0.8079342} 161569 : { SELL 20367.34@0.8079342} 
Sat Nov 22 22:21:17 EST 2014 , 4 , 2 , 2 , 161572 : { BUY 4539.63@0.80470892} 161571 : { BUY 4539.63@0.80470892} 161570 : { SELL 20367.34@0.8079342} 161569 : { SELL 20367.34@0.8079342} 
Sat Nov 22 22:24:18 EST 2014 , 4 , 2 , 2 , 161572 : { BUY 4539.63@0.80470892} 161571 : { BUY 4539.63@0.80470892} 161570 : { SELL 20367.34@0.8079342} 161569 : { SELL 20367.34@0.8079342} 
Sat Nov 22 22:27:19 EST 2014 , 4 , 2 , 2 , 161572 : { BUY 4539.63@0.80470892} 161571 : { BUY 4539.63@0.80470892} 161570 : { SELL 20367.34@0.8079342} 161569 : { SELL 20367.34@0.8079342} 
Sat Nov 22 22:30:20 EST 2014 , 4 , 2 , 2 , 161572 : { BUY 4539.63@0.80470892} 161571 : { BUY 4539.63@0.80470892} 161570 : { SELL 20367.34@0.8079342} 161569 : { SELL 20367.34@0.8079342} 
Sat Nov 22 22:33:21 EST 2014 , 4 , 2 , 2 , 161572 : { BUY 4539.63@0.80470892} 161571 : { BUY 4539.63@0.80470892} 161570 : { SELL 20367.34@0.8079342} 161569 : { SELL 20367.34@0.8079342} 
Sat Nov 22 22:36:22 EST 2014 , 4 , 2 , 2 , 161572 : { BUY 4539.63@0.80470892} 161571 : { BUY 4539.63@0.80470892} 161570 : { SELL 20367.34@0.8079342} 161569 : { SELL 20367.34@0.8079342} 
Sat Nov 22 22:39:23 EST 2014 , 4 , 2 , 2 , 161572 : { BUY 4539.63@0.80470892} 161571 : { BUY 4539.63@0.80470892} 161570 : { SELL 20367.34@0.8079342} 161569 : { SELL 20367.34@0.8079342} 
Sat Nov 22 22:42:24 EST 2014 , 4 , 2 , 2 , 161572 : { BUY 4539.63@0.80470892} 161571 : { BUY 4539.63@0.80470892} 161570 : { SELL 20367.34@0.8079342} 161569 : { SELL 20367.34@0.8079342} 
Sat Nov 22 22:45:25 EST 2014 , 4 , 2 , 2 , 161572 : { BUY 4539.63@0.80470892} 161571 : { BUY 4539.63@0.80470892} 161570 : { SELL 20367.34@0.8079342} 161569 : { SELL 20367.34@0.8079342} 
Sat Nov 22 22:48:26 EST 2014 , 4 , 2 , 2 , 161572 : { BUY 4539.63@0.80470892} 161571 : { BUY 4539.63@0.80470892} 161570 : { SELL 20367.34@0.8079342} 161569 : { SELL 20367.34@0.8079342} 
Sat Nov 22 22:51:27 EST 2014 , 4 , 2 , 2 , 161572 : { BUY 4539.63@0.80470892} 161571 : { BUY 4539.63@0.80470892} 161570 : { SELL 20367.34@0.8079342} 161569 : { SELL 20367.34@0.8079342} 
Sat Nov 22 22:54:28 EST 2014 , 4 , 2 , 2 , 161572 : { BUY 4539.63@0.80470892} 161571 : { BUY 4539.63@0.80470892} 161570 : { SELL 20367.34@0.8079342} 161569 : { SELL 20367.34@0.8079342} 
Sat Nov 22 22:57:29 EST 2014 , 4 , 2 , 2 , 161572 : { BUY 4539.63@0.80470892} 161571 : { BUY 4539.63@0.80470892} 161570 : { SELL 20367.34@0.8079342} 161569 : { SELL 20367.34@0.8079342} 
Sat Nov 22 23:00:30 EST 2014 , 4 , 2 , 2 , 161572 : { BUY 4539.63@0.80470892} 161571 : { BUY 4539.63@0.80470892} 161570 : { SELL 20367.34@0.8079342} 161569 : { SELL 20367.34@0.8079342} 
Sat Nov 22 23:03:31 EST 2014 , 4 , 2 , 2 , 161572 : { BUY 4539.63@0.80470892} 161571 : { BUY 4539.63@0.80470892} 161570 : { SELL 20367.34@0.8079342} 161569 : { SELL 20367.34@0.8079342} 
Sat Nov 22 23:06:32 EST 2014 , 4 , 2 , 2 , 161572 : { BUY 4539.63@0.80470892} 161571 : { BUY 4539.63@0.80470892} 161570 : { SELL 20367.34@0.8079342} 161569 : { SELL 20367.34@0.8079342} 
Sat Nov 22 23:09:33 EST 2014 , 4 , 2 , 2 , 161572 : { BUY 4539.63@0.80470892} 161571 : { BUY 4539.63@0.80470892} 161570 : { SELL 20367.34@0.8079342} 161569 : { SELL 20367.34@0.8079342} 
Sat Nov 22 23:12:34 EST 2014 , 4 , 2 , 2 , 161572 : { BUY 4539.63@0.80470892} 161571 : { BUY 4539.63@0.80470892} 161570 : { SELL 20367.34@0.8079342} 161569 : { SELL 20367.34@0.8079342} 
Sat Nov 22 23:15:35 EST 2014 , 4 , 2 , 2 , 161572 : { BUY 4539.63@0.80470892} 161571 : { BUY 4539.63@0.80470892} 161570 : { SELL 20367.34@0.8079342} 161569 : { SELL 20367.34@0.8079342} 
Sat Nov 22 23:18:36 EST 2014 , 4 , 2 , 2 , 161572 : { BUY 4539.63@0.80470892} 161571 : { BUY 4539.63@0.80470892} 161570 : { SELL 20367.34@0.8079342} 161569 : { SELL 20367.34@0.8079342} 
Sat Nov 22 23:21:37 EST 2014 , 4 , 2 , 2 , 161572 : { BUY 4539.63@0.80470892} 161571 : { BUY 4539.63@0.80470892} 161570 : { SELL 20367.34@0.8079342} 161569 : { SELL 20367.34@0.8079342} 
Sat Nov 22 23:24:38 EST 2014 , 4 , 2 , 2 , 161572 : { BUY 4539.63@0.80470892} 161571 : { BUY 4539.63@0.80470892} 161570 : { SELL 20367.34@0.8079342} 161569 : { SELL 20367.34@0.8079342} 
Sat Nov 22 23:27:39 EST 2014 , 4 , 2 , 2 , 161572 : { BUY 4539.63@0.80470892} 161571 : { BUY 4539.63@0.80470892} 161570 : { SELL 20367.34@0.8079342} 161569 : { SELL 20367.34@0.8079342} 
Sat Nov 22 23:30:40 EST 2014 , 4 , 2 , 2 , 161572 : { BUY 4539.63@0.80470892} 161571 : { BUY 4539.63@0.80470892} 161570 : { SELL 20367.34@0.8079342} 161569 : { SELL 20367.34@0.8079342} 
Sat Nov 22 23:33:41 EST 2014 , 4 , 2 , 2 , 161572 : { BUY 4539.63@0.80470892} 161571 : { BUY 4539.63@0.80470892} 161570 : { SELL 20367.34@0.8079342} 161569 : { SELL 20367.34@0.8079342} 
Sat Nov 22 23:36:42 EST 2014 , 4 , 2 , 2 , 161572 : { BUY 4539.63@0.80470892} 161571 : { BUY 4539.63@0.80470892} 161570 : { SELL 20367.34@0.8079342} 161569 : { SELL 20367.34@0.8079342} 
Sat Nov 22 23:39:43 EST 2014 , 4 , 2 , 2 , 161572 : { BUY 4539.63@0.80470892} 161571 : { BUY 4539.63@0.80470892} 161570 : { SELL 20367.34@0.8079342} 161569 : { SELL 20367.34@0.8079342} 
Sat Nov 22 23:42:44 EST 2014 , 4 , 2 , 2 , 161572 : { BUY 4539.63@0.80470892} 161571 : { BUY 4539.63@0.80470892} 161570 : { SELL 20367.34@0.8079342} 161569 : { SELL 20367.34@0.8079342} 
Sat Nov 22 23:45:45 EST 2014 , 4 , 2 , 2 , 161572 : { BUY 4539.63@0.80470892} 161571 : { BUY 4539.63@0.80470892} 161570 : { SELL 20367.34@0.8079342} 161569 : { SELL 20367.34@0.8079342} 
Sat Nov 22 23:48:46 EST 2014 , 4 , 2 , 2 , 161572 : { BUY 4539.63@0.80470892} 161571 : { BUY 4539.63@0.80470892} 161570 : { SELL 20367.34@0.8079342} 161569 : { SELL 20367.34@0.8079342} 
Sat Nov 22 23:51:47 EST 2014 , 4 , 2 , 2 , 161572 : { BUY 4539.63@0.80470892} 161571 : { BUY 4539.63@0.80470892} 161570 : { SELL 20367.34@0.8079342} 161569 : { SELL 20367.34@0.8079342} 
Sat Nov 22 23:54:48 EST 2014 , 4 , 2 , 2 , 161572 : { BUY 4539.63@0.80470892} 161571 : { BUY 4539.63@0.80470892} 161570 : { SELL 20367.34@0.8079342} 161569 : { SELL 20367.34@0.8079342} 
Sat Nov 22 23:57:49 EST 2014 , 4 , 2 , 2 , 161572 : { BUY 4539.63@0.80470892} 161571 : { BUY 4539.63@0.80470892} 161570 : { SELL 20367.34@0.8079342} 161569 : { SELL 20367.34@0.8079342} 
Sun Nov 23 00:00:50 EST 2014 , 4 , 2 , 2 , 161572 : { BUY 4539.63@0.80470892} 161571 : { BUY 4539.63@0.80470892} 161570 : { SELL 20367.34@0.8079342} 161569 : { SELL 20367.34@0.8079342} 
Sun Nov 23 00:03:51 EST 2014 , 4 , 2 , 2 , 161572 : { BUY 4539.63@0.80470892} 161571 : { BUY 4539.63@0.80470892} 161570 : { SELL 20367.34@0.8079342} 161569 : { SELL 20367.34@0.8079342} 
Sun Nov 23 00:06:52 EST 2014 , 4 , 2 , 2 , 161572 : { BUY 4539.63@0.80470892} 161571 : { BUY 4539.63@0.80470892} 161570 : { SELL 20367.34@0.8079342} 161569 : { SELL 20367.34@0.8079342} 
Sun Nov 23 00:09:53 EST 2014 , 4 , 2 , 2 , 161572 : { BUY 4539.63@0.80470892} 161571 : { BUY 4539.63@0.80470892} 161570 : { SELL 20367.34@0.8079342} 161569 : { SELL 20367.34@0.8079342} 
Sun Nov 23 00:12:54 EST 2014 , 4 , 2 , 2 , 161572 : { BUY 4539.63@0.80470892} 161571 : { BUY 4539.63@0.80470892} 161570 : { SELL 20367.34@0.8079342} 161569 : { SELL 20367.34@0.8079342} 
Sun Nov 23 00:15:55 EST 2014 , 4 , 2 , 2 , 161572 : { BUY 4539.63@0.80470892} 161571 : { BUY 4539.63@0.80470892} 161570 : { SELL 20367.34@0.8079342} 161569 : { SELL 20367.34@0.8079342} 
Sun Nov 23 00:18:56 EST 2014 , 4 , 2 , 2 , 161572 : { BUY 4539.63@0.80470892} 161571 : { BUY 4539.63@0.80470892} 161570 : { SELL 20367.34@0.8079342} 161569 : { SELL 20367.34@0.8079342} 
Sun Nov 23 00:21:57 EST 2014 , 4 , 2 , 2 , 161572 : { BUY 4539.63@0.80470892} 161571 : { BUY 4539.63@0.80470892} 161570 : { SELL 20367.34@0.8079342} 161569 : { SELL 20367.34@0.8079342} 
Sun Nov 23 00:24:58 EST 2014 , 4 , 2 , 2 , 161572 : { BUY 4539.63@0.80470892} 161571 : { BUY 4539.63@0.80470892} 161570 : { SELL 20367.34@0.8079342} 161569 : { SELL 20367.34@0.8079342} 
Sun Nov 23 00:27:59 EST 2014 , 4 , 2 , 2 , 161572 : { BUY 4539.63@0.80470892} 161571 : { BUY 4539.63@0.80470892} 161570 : { SELL 20367.34@0.8079342} 161569 : { SELL 20367.34@0.8079342} 
Sun Nov 23 00:31:00 EST 2014 , 4 , 2 , 2 , 161572 : { BUY 4539.63@0.80470892} 161571 : { BUY 4539.63@0.80470892} 161570 : { SELL 20367.34@0.8079342} 161569 : { SELL 20367.34@0.8079342} 
Sun Nov 23 00:34:01 EST 2014 , 4 , 2 , 2 , 161572 : { BUY 4539.63@0.80470892} 161571 : { BUY 4539.63@0.80470892} 161570 : { SELL 20367.34@0.8079342} 161569 : { SELL 20367.34@0.8079342} 
Sun Nov 23 00:37:02 EST 2014 , 4 , 2 , 2 , 161572 : { BUY 4539.63@0.80470892} 161571 : { BUY 4539.63@0.80470892} 161570 : { SELL 20367.34@0.8079342} 161569 : { SELL 20367.34@0.8079342} 
Sun Nov 23 00:40:03 EST 2014 , 4 , 2 , 2 , 161572 : { BUY 4539.63@0.80470892} 161571 : { BUY 4539.63@0.80470892} 161570 : { SELL 20367.34@0.8079342} 161569 : { SELL 20367.34@0.8079342} 
Sun Nov 23 00:43:04 EST 2014 , 4 , 2 , 2 , 161572 : { BUY 4539.63@0.80470892} 161571 : { BUY 4539.63@0.80470892} 161570 : { SELL 20367.34@0.8079342} 161569 : { SELL 20367.34@0.8079342} 
Sun Nov 23 00:46:05 EST 2014 , 4 , 2 , 2 , 161572 : { BUY 4539.63@0.80470892} 161571 : { BUY 4539.63@0.80470892} 161570 : { SELL 20367.34@0.8079342} 161569 : { SELL 20367.34@0.8079342} 
Sun Nov 23 00:49:06 EST 2014 , 4 , 2 , 2 , 161572 : { BUY 4539.63@0.80470892} 161571 : { BUY 4539.63@0.80470892} 161570 : { SELL 20367.34@0.8079342} 161569 : { SELL 20367.34@0.8079342} 
Sun Nov 23 00:52:07 EST 2014 , 4 , 2 , 2 , 161572 : { BUY 4539.63@0.80470892} 161571 : { BUY 4539.63@0.80470892} 161570 : { SELL 20367.34@0.8079342} 161569 : { SELL 20367.34@0.8079342} 
Sun Nov 23 00:55:08 EST 2014 , 4 , 2 , 2 , 161572 : { BUY 4539.63@0.80470892} 161571 : { BUY 4539.63@0.80470892} 161570 : { SELL 20367.34@0.8079342} 161569 : { SELL 20367.34@0.8079342} 
Sun Nov 23 00:58:09 EST 2014 , 4 , 2 , 2 , 161572 : { BUY 4539.63@0.80470892} 161571 : { BUY 4539.63@0.80470892} 161570 : { SELL 20367.34@0.8079342} 161569 : { SELL 20367.34@0.8079342} 
Sun Nov 23 01:01:10 EST 2014 , 4 , 2 , 2 , 161572 : { BUY 4539.63@0.80470892} 161571 : { BUY 4539.63@0.80470892} 161570 : { SELL 20367.34@0.8079342} 161569 : { SELL 20367.34@0.8079342} 
Sun Nov 23 01:04:11 EST 2014 , 4 , 2 , 2 , 161572 : { BUY 4539.63@0.80470892} 161571 : { BUY 4539.63@0.80470892} 161570 : { SELL 20367.34@0.8079342} 161569 : { SELL 20367.34@0.8079342} 
Sun Nov 23 01:07:12 EST 2014 , 4 , 2 , 2 , 161572 : { BUY 4539.63@0.80470892} 161571 : { BUY 4539.63@0.80470892} 161570 : { SELL 20367.34@0.8079342} 161569 : { SELL 20367.34@0.8079342} 
Sun Nov 23 01:10:13 EST 2014 , 4 , 2 , 2 , 161572 : { BUY 4539.63@0.80470892} 161571 : { BUY 4539.63@0.80470892} 161570 : { SELL 20367.34@0.8079342} 161569 : { SELL 20367.34@0.8079342} 
Sun Nov 23 01:13:14 EST 2014 , 4 , 2 , 2 , 161572 : { BUY 4539.63@0.80470892} 161571 : { BUY 4539.63@0.80470892} 161570 : { SELL 20367.34@0.8079342} 161569 : { SELL 20367.34@0.8079342} 
Sun Nov 23 01:16:15 EST 2014 , 4 , 2 , 2 , 161572 : { BUY 4539.63@0.80470892} 161571 : { BUY 4539.63@0.80470892} 161570 : { SELL 20367.34@0.8079342} 161569 : { SELL 20367.34@0.8079342} 
Sun Nov 23 01:19:16 EST 2014 , 4 , 2 , 2 , 161572 : { BUY 4539.63@0.80470892} 161571 : { BUY 4539.63@0.80470892} 161570 : { SELL 20367.34@0.8079342} 161569 : { SELL 20367.34@0.8079342} 
Sun Nov 23 01:22:17 EST 2014 , 4 , 2 , 2 , 161572 : { BUY 4539.63@0.80470892} 161571 : { BUY 4539.63@0.80470892} 161570 : { SELL 20367.34@0.8079342} 161569 : { SELL 20367.34@0.8079342} 
Sun Nov 23 01:25:18 EST 2014 , 4 , 2 , 2 , 161572 : { BUY 4539.63@0.80470892} 161571 : { BUY 4539.63@0.80470892} 161570 : { SELL 20367.34@0.8079342} 161569 : { SELL 20367.34@0.8079342} 
Sun Nov 23 01:28:20 EST 2014 , 4 , 2 , 2 , 161572 : { BUY 4539.63@0.80470892} 161571 : { BUY 4539.63@0.80470892} 161570 : { SELL 20367.34@0.8079342} 161569 : { SELL 20367.34@0.8079342} 
Sun Nov 23 01:31:20 EST 2014 , 4 , 2 , 2 , 161572 : { BUY 4539.63@0.80470892} 161571 : { BUY 4539.63@0.80470892} 161570 : { SELL 20367.34@0.8079342} 161569 : { SELL 20367.34@0.8079342} 
Sun Nov 23 01:34:21 EST 2014 , 4 , 2 , 2 , 161572 : { BUY 4539.63@0.80470892} 161571 : { BUY 4539.63@0.80470892} 161570 : { SELL 20367.34@0.8079342} 161569 : { SELL 20367.34@0.8079342} 
Sun Nov 23 01:37:22 EST 2014 , 4 , 2 , 2 , 161572 : { BUY 4539.63@0.80470892} 161571 : { BUY 4539.63@0.80470892} 161570 : { SELL 20367.34@0.8079342} 161569 : { SELL 20367.34@0.8079342} 
Sun Nov 23 01:40:23 EST 2014 , 4 , 2 , 2 , 161572 : { BUY 4539.63@0.80470892} 161571 : { BUY 4539.63@0.80470892} 161570 : { SELL 20367.34@0.8079342} 161569 : { SELL 20367.34@0.8079342} 
Sun Nov 23 01:43:24 EST 2014 , 4 , 2 , 2 , 161572 : { BUY 4539.63@0.80470892} 161571 : { BUY 4539.63@0.80470892} 161570 : { SELL 20367.34@0.8079342} 161569 : { SELL 20367.34@0.8079342} 
Sun Nov 23 01:46:25 EST 2014 , 4 , 2 , 2 , 161572 : { BUY 4539.63@0.80470892} 161571 : { BUY 4539.63@0.80470892} 161570 : { SELL 20367.34@0.8079342} 161569 : { SELL 20367.34@0.8079342} 
Sun Nov 23 01:49:26 EST 2014 , 4 , 2 , 2 , 161572 : { BUY 4539.63@0.80470892} 161571 : { BUY 4539.63@0.80470892} 161570 : { SELL 20367.34@0.8079342} 161569 : { SELL 20367.34@0.8079342} 
Sun Nov 23 01:52:27 EST 2014 , 4 , 2 , 2 , 161572 : { BUY 4539.63@0.80470892} 161571 : { BUY 4539.63@0.80470892} 161570 : { SELL 20367.34@0.8079342} 161569 : { SELL 20367.34@0.8079342} 
Sun Nov 23 01:55:28 EST 2014 , 4 , 2 , 2 , 161572 : { BUY 4539.63@0.80470892} 161571 : { BUY 4539.63@0.80470892} 161570 : { SELL 20367.34@0.8079342} 161569 : { SELL 20367.34@0.8079342} 
Sun Nov 23 01:58:29 EST 2014 , 4 , 2 , 2 , 161572 : { BUY 4539.63@0.80470892} 161571 : { BUY 4539.63@0.80470892} 161570 : { SELL 20367.34@0.8079342} 161569 : { SELL 20367.34@0.8079342} 
Sun Nov 23 02:01:30 EST 2014 , 4 , 2 , 2 , 161572 : { BUY 4539.63@0.80470892} 161571 : { BUY 4539.63@0.80470892} 161570 : { SELL 20367.34@0.8079342} 161569 : { SELL 20367.34@0.8079342} 
Sun Nov 23 02:04:31 EST 2014 , 4 , 2 , 2 , 161572 : { BUY 4539.63@0.80470892} 161571 : { BUY 4539.63@0.80470892} 161570 : { SELL 20367.34@0.8079342} 161569 : { SELL 20367.34@0.8079342} 
Sun Nov 23 02:07:32 EST 2014 , 4 , 2 , 2 , 161572 : { BUY 4539.63@0.80470892} 161571 : { BUY 4539.63@0.80470892} 161570 : { SELL 20367.34@0.8079342} 161569 : { SELL 20367.34@0.8079342} 
Sun Nov 23 02:10:33 EST 2014 , 4 , 2 , 2 , 161572 : { BUY 4539.63@0.80470892} 161571 : { BUY 4539.63@0.80470892} 161570 : { SELL 20367.34@0.8079342} 161569 : { SELL 20367.34@0.8079342} 
Sun Nov 23 02:13:34 EST 2014 , 4 , 2 , 2 , 161572 : { BUY 4539.63@0.80470892} 161571 : { BUY 4539.63@0.80470892} 161570 : { SELL 20367.34@0.8079342} 161569 : { SELL 20367.34@0.8079342} 
Sun Nov 23 02:16:35 EST 2014 , 4 , 2 , 2 , 161572 : { BUY 4539.63@0.80470892} 161571 : { BUY 4539.63@0.80470892} 161570 : { SELL 20367.34@0.8079342} 161569 : { SELL 20367.34@0.8079342} 
Sun Nov 23 02:19:36 EST 2014 , 4 , 2 , 2 , 161572 : { BUY 4539.63@0.80470892} 161571 : { BUY 4539.63@0.80470892} 161570 : { SELL 20367.34@0.8079342} 161569 : { SELL 20367.34@0.8079342} 
Sun Nov 23 02:22:37 EST 2014 , 4 , 2 , 2 , 161572 : { BUY 4539.63@0.80470892} 161571 : { BUY 4539.63@0.80470892} 161570 : { SELL 20367.34@0.8079342} 161569 : { SELL 20367.34@0.8079342} 
Sun Nov 23 02:25:38 EST 2014 , 4 , 2 , 2 , 161572 : { BUY 4539.63@0.80470892} 161571 : { BUY 4539.63@0.80470892} 161570 : { SELL 20367.34@0.8079342} 161569 : { SELL 20367.34@0.8079342} 
Sun Nov 23 02:28:39 EST 2014 , 4 , 2 , 2 , 161572 : { BUY 4539.63@0.80470892} 161571 : { BUY 4539.63@0.80470892} 161570 : { SELL 20367.34@0.8079342} 161569 : { SELL 20367.34@0.8079342} 
Sun Nov 23 02:31:40 EST 2014 , 4 , 2 , 2 , 161572 : { BUY 4539.63@0.80470892} 161571 : { BUY 4539.63@0.80470892} 161570 : { SELL 20367.34@0.8079342} 161569 : { SELL 20367.34@0.8079342} 
Sun Nov 23 02:34:41 EST 2014 , 4 , 2 , 2 , 161572 : { BUY 4539.63@0.80470892} 161571 : { BUY 4539.63@0.80470892} 161570 : { SELL 20367.34@0.8079342} 161569 : { SELL 20367.34@0.8079342} 
Sun Nov 23 02:37:42 EST 2014 , 4 , 2 , 2 , 161572 : { BUY 4539.63@0.80470892} 161571 : { BUY 4539.63@0.80470892} 161570 : { SELL 20367.34@0.8079342} 161569 : { SELL 20367.34@0.8079342} 
Sun Nov 23 02:40:43 EST 2014 , 4 , 2 , 2 , 161572 : { BUY 4539.63@0.80470892} 161571 : { BUY 4539.63@0.80470892} 161570 : { SELL 20367.34@0.8079342} 161569 : { SELL 20367.34@0.8079342} 
Sun Nov 23 02:43:44 EST 2014 , 4 , 2 , 2 , 161572 : { BUY 4539.63@0.80470892} 161571 : { BUY 4539.63@0.80470892} 161570 : { SELL 20367.34@0.8079342} 161569 : { SELL 20367.34@0.8079342} 
Sun Nov 23 02:46:45 EST 2014 , 4 , 2 , 2 , 161572 : { BUY 4539.63@0.80470892} 161571 : { BUY 4539.63@0.80470892} 161570 : { SELL 20367.34@0.8079342} 161569 : { SELL 20367.34@0.8079342} 
Sun Nov 23 02:49:46 EST 2014 , 4 , 2 , 2 , 161572 : { BUY 4539.63@0.80470892} 161571 : { BUY 4539.63@0.80470892} 161570 : { SELL 20367.34@0.8079342} 161569 : { SELL 20367.34@0.8079342} 
Sun Nov 23 02:52:47 EST 2014 , 4 , 2 , 2 , 161572 : { BUY 4539.63@0.80470892} 161571 : { BUY 4539.63@0.80470892} 161570 : { SELL 20367.34@0.8079342} 161569 : { SELL 20367.34@0.8079342} 
Sun Nov 23 02:55:48 EST 2014 , 4 , 2 , 2 , 161572 : { BUY 4539.63@0.80470892} 161571 : { BUY 4539.63@0.80470892} 161570 : { SELL 20367.34@0.8079342} 161569 : { SELL 20367.34@0.8079342} 
Sun Nov 23 02:58:49 EST 2014 , 4 , 2 , 2 , 161572 : { BUY 4539.63@0.80470892} 161571 : { BUY 4539.63@0.80470892} 161570 : { SELL 20367.34@0.8079342} 161569 : { SELL 20367.34@0.8079342} 
Sun Nov 23 03:01:50 EST 2014 , 4 , 2 , 2 , 161572 : { BUY 4539.63@0.80470892} 161571 : { BUY 4539.63@0.80470892} 161570 : { SELL 20367.34@0.8079342} 161569 : { SELL 20367.34@0.8079342} 
Sun Nov 23 03:04:51 EST 2014 , 4 , 2 , 2 , 161572 : { BUY 4539.63@0.80470892} 161571 : { BUY 4539.63@0.80470892} 161570 : { SELL 20367.34@0.8079342} 161569 : { SELL 20367.34@0.8079342} 
Sun Nov 23 03:07:52 EST 2014 , 4 , 2 , 2 , 161572 : { BUY 4539.63@0.80470892} 161571 : { BUY 4539.63@0.80470892} 161570 : { SELL 20367.34@0.8079342} 161569 : { SELL 20367.34@0.8079342} 
Sun Nov 23 03:10:53 EST 2014 , 4 , 2 , 2 , 161572 : { BUY 4539.63@0.80470892} 161571 : { BUY 4539.63@0.80470892} 161570 : { SELL 20367.34@0.8079342} 161569 : { SELL 20367.34@0.8079342} 
Sun Nov 23 03:13:54 EST 2014 , 4 , 2 , 2 , 161572 : { BUY 4539.63@0.80470892} 161571 : { BUY 4539.63@0.80470892} 161570 : { SELL 20367.34@0.8079342} 161569 : { SELL 20367.34@0.8079342} 
Sun Nov 23 03:16:55 EST 2014 , 4 , 2 , 2 , 161572 : { BUY 4539.63@0.80470892} 161571 : { BUY 4539.63@0.80470892} 161570 : { SELL 20367.34@0.8079342} 161569 : { SELL 20367.34@0.8079342} 
Sun Nov 23 03:19:56 EST 2014 , 4 , 2 , 2 , 161572 : { BUY 4539.63@0.80470892} 161571 : { BUY 4539.63@0.80470892} 161570 : { SELL 20367.34@0.8079342} 161569 : { SELL 20367.34@0.8079342} 
Sun Nov 23 03:22:57 EST 2014 , 4 , 2 , 2 , 161572 : { BUY 4539.63@0.80470892} 161571 : { BUY 4539.63@0.80470892} 161570 : { SELL 20367.34@0.8079342} 161569 : { SELL 20367.34@0.8079342} 
Sun Nov 23 03:25:58 EST 2014 , 4 , 2 , 2 , 161572 : { BUY 4539.63@0.80470892} 161571 : { BUY 4539.63@0.80470892} 161570 : { SELL 20367.34@0.8079342} 161569 : { SELL 20367.34@0.8079342} 
Sun Nov 23 03:28:59 EST 2014 , 4 , 2 , 2 , 161572 : { BUY 4539.63@0.80470892} 161571 : { BUY 4539.63@0.80470892} 161570 : { SELL 20367.34@0.8079342} 161569 : { SELL 20367.34@0.8079342} 
Sun Nov 23 03:32:00 EST 2014 , 4 , 2 , 2 , 161572 : { BUY 4539.63@0.80470892} 161571 : { BUY 4539.63@0.80470892} 161570 : { SELL 20367.34@0.8079342} 161569 : { SELL 20367.34@0.8079342} 
Sun Nov 23 03:35:01 EST 2014 , 4 , 2 , 2 , 161572 : { BUY 4539.63@0.80470892} 161571 : { BUY 4539.63@0.80470892} 161570 : { SELL 20367.34@0.8079342} 161569 : { SELL 20367.34@0.8079342} 
Sun Nov 23 03:38:02 EST 2014 , 4 , 2 , 2 , 161572 : { BUY 4539.63@0.80470892} 161571 : { BUY 4539.63@0.80470892} 161570 : { SELL 20367.34@0.8079342} 161569 : { SELL 20367.34@0.8079342} 
Sun Nov 23 03:41:03 EST 2014 , 4 , 2 , 2 , 161572 : { BUY 4539.63@0.80470892} 161571 : { BUY 4539.63@0.80470892} 161570 : { SELL 20367.34@0.8079342} 161569 : { SELL 20367.34@0.8079342} 
Sun Nov 23 03:44:04 EST 2014 , 4 , 2 , 2 , 161572 : { BUY 4539.63@0.80470892} 161571 : { BUY 4539.63@0.80470892} 161570 : { SELL 20367.34@0.8079342} 161569 : { SELL 20367.34@0.8079342} 
Sun Nov 23 03:47:05 EST 2014 , 4 , 2 , 2 , 161572 : { BUY 4539.63@0.80470892} 161571 : { BUY 4539.63@0.80470892} 161570 : { SELL 20367.34@0.8079342} 161569 : { SELL 20367.34@0.8079342} 
Sun Nov 23 03:50:06 EST 2014 , 4 , 2 , 2 , 161572 : { BUY 4539.63@0.80470892} 161571 : { BUY 4539.63@0.80470892} 161570 : { SELL 20367.34@0.8079342} 161569 : { SELL 20367.34@0.8079342} 
Sun Nov 23 03:53:07 EST 2014 , 4 , 2 , 2 , 161572 : { BUY 4539.63@0.80470892} 161571 : { BUY 4539.63@0.80470892} 161570 : { SELL 20367.34@0.8079342} 161569 : { SELL 20367.34@0.8079342} 
Sun Nov 23 03:56:08 EST 2014 , 4 , 2 , 2 , 161572 : { BUY 4539.63@0.80470892} 161571 : { BUY 4539.63@0.80470892} 161570 : { SELL 20367.34@0.8079342} 161569 : { SELL 20367.34@0.8079342} 
Sun Nov 23 03:59:09 EST 2014 , 4 , 2 , 2 , 161572 : { BUY 4539.63@0.80470892} 161571 : { BUY 4539.63@0.80470892} 161570 : { SELL 20367.34@0.8079342} 161569 : { SELL 20367.34@0.8079342} 
Sun Nov 23 04:02:10 EST 2014 , 4 , 2 , 2 , 161572 : { BUY 4539.63@0.80470892} 161571 : { BUY 4539.63@0.80470892} 161570 : { SELL 20367.34@0.8079342} 161569 : { SELL 20367.34@0.8079342} 
Sun Nov 23 04:05:11 EST 2014 , 4 , 2 , 2 , 161572 : { BUY 4539.63@0.80470892} 161571 : { BUY 4539.63@0.80470892} 161570 : { SELL 20367.34@0.8079342} 161569 : { SELL 20367.34@0.8079342} 
Sun Nov 23 04:08:12 EST 2014 , 4 , 2 , 2 , 161572 : { BUY 4539.63@0.80470892} 161571 : { BUY 4539.63@0.80470892} 161570 : { SELL 20367.34@0.8079342} 161569 : { SELL 20367.34@0.8079342} 
Sun Nov 23 04:11:13 EST 2014 , 4 , 2 , 2 , 161572 : { BUY 4539.63@0.80470892} 161571 : { BUY 4539.63@0.80470892} 161570 : { SELL 20367.34@0.8079342} 161569 : { SELL 20367.34@0.8079342} 
Sun Nov 23 04:14:14 EST 2014 , 4 , 2 , 2 , 161572 : { BUY 4539.63@0.80470892} 161571 : { BUY 4539.63@0.80470892} 161570 : { SELL 20367.34@0.8079342} 161569 : { SELL 20367.34@0.8079342} 
Sun Nov 23 04:17:15 EST 2014 , 4 , 2 , 2 , 161572 : { BUY 4539.63@0.80470892} 161571 : { BUY 4539.63@0.80470892} 161570 : { SELL 20367.34@0.8079342} 161569 : { SELL 20367.34@0.8079342} 
Sun Nov 23 04:20:16 EST 2014 , 4 , 2 , 2 , 161572 : { BUY 4539.63@0.80470892} 161571 : { BUY 4539.63@0.80470892} 161570 : { SELL 20367.34@0.8079342} 161569 : { SELL 20367.34@0.8079342} 
Sun Nov 23 04:23:17 EST 2014 , 4 , 2 , 2 , 161572 : { BUY 4539.63@0.80470892} 161571 : { BUY 4539.63@0.80470892} 161570 : { SELL 20367.34@0.8079342} 161569 : { SELL 20367.34@0.8079342} 
Sun Nov 23 04:26:18 EST 2014 , 4 , 2 , 2 , 161572 : { BUY 4539.63@0.80470892} 161571 : { BUY 4539.63@0.80470892} 161570 : { SELL 20367.34@0.8079342} 161569 : { SELL 20367.34@0.8079342} 
Sun Nov 23 04:29:19 EST 2014 , 4 , 2 , 2 , 161572 : { BUY 4539.63@0.80470892} 161571 : { BUY 4539.63@0.80470892} 161570 : { SELL 20367.34@0.8079342} 161569 : { SELL 20367.34@0.8079342} 
Sun Nov 23 04:32:20 EST 2014 , 4 , 2 , 2 , 161572 : { BUY 4539.63@0.80470892} 161571 : { BUY 4539.63@0.80470892} 161570 : { SELL 20367.34@0.8079342} 161569 : { SELL 20367.34@0.8079342} 
Sun Nov 23 04:35:21 EST 2014 , 4 , 2 , 2 , 174473 : { BUY 5158.48@0.80470892} 174472 : { BUY 5158.48@0.80470892} 174471 : { SELL 19749.72@0.8079342} 174470 : { SELL 19749.72@0.8079342} 
Sun Nov 23 04:38:22 EST 2014 , 4 , 2 , 2 , 174473 : { BUY 5158.48@0.80470892} 174472 : { BUY 5158.48@0.80470892} 174471 : { SELL 19749.72@0.8079342} 174470 : { SELL 19749.72@0.8079342} 
Sun Nov 23 04:41:23 EST 2014 , 4 , 2 , 2 , 174473 : { BUY 5158.48@0.80470892} 174472 : { BUY 5158.48@0.80470892} 174471 : { SELL 19749.72@0.8079342} 174470 : { SELL 19749.72@0.8079342} 
Sun Nov 23 04:44:24 EST 2014 , 4 , 2 , 2 , 174473 : { BUY 5158.48@0.80470892} 174472 : { BUY 5158.48@0.80470892} 174471 : { SELL 19749.72@0.8079342} 174470 : { SELL 19749.72@0.8079342} 
Sun Nov 23 04:47:25 EST 2014 , 4 , 2 , 2 , 174473 : { BUY 5158.48@0.80470892} 174472 : { BUY 5158.48@0.80470892} 174471 : { SELL 19749.72@0.8079342} 174470 : { SELL 19749.72@0.8079342} 
Sun Nov 23 04:50:26 EST 2014 , 4 , 2 , 2 , 174473 : { BUY 5158.48@0.80470892} 174472 : { BUY 5158.48@0.80470892} 174471 : { SELL 19749.72@0.8079342} 174470 : { SELL 19749.72@0.8079342} 
Sun Nov 23 04:53:27 EST 2014 , 4 , 2 , 2 , 174473 : { BUY 5158.48@0.80470892} 174472 : { BUY 5158.48@0.80470892} 174471 : { SELL 19749.72@0.8079342} 174470 : { SELL 19749.72@0.8079342} 
Sun Nov 23 04:56:28 EST 2014 , 4 , 2 , 2 , 174473 : { BUY 5158.48@0.80470892} 174472 : { BUY 5158.48@0.80470892} 174471 : { SELL 19749.72@0.8079342} 174470 : { SELL 19749.72@0.8079342} 
Sun Nov 23 04:59:29 EST 2014 , 4 , 2 , 2 , 174473 : { BUY 5158.48@0.80470892} 174472 : { BUY 5158.48@0.80470892} 174471 : { SELL 19749.72@0.8079342} 174470 : { SELL 19749.72@0.8079342} 
Sun Nov 23 05:02:30 EST 2014 , 4 , 2 , 2 , 174473 : { BUY 5158.48@0.80470892} 174472 : { BUY 5158.48@0.80470892} 174471 : { SELL 19749.72@0.8079342} 174470 : { SELL 19749.72@0.8079342} 
Sun Nov 23 05:05:31 EST 2014 , 4 , 2 , 2 , 174473 : { BUY 5158.48@0.80470892} 174472 : { BUY 5158.48@0.80470892} 174471 : { SELL 19749.72@0.8079342} 174470 : { SELL 19749.72@0.8079342} 
Sun Nov 23 05:08:32 EST 2014 , 4 , 2 , 2 , 174473 : { BUY 5158.48@0.80470892} 174472 : { BUY 5158.48@0.80470892} 174471 : { SELL 19749.72@0.8079342} 174470 : { SELL 19749.72@0.8079342} 
Sun Nov 23 05:11:33 EST 2014 , 4 , 2 , 2 , 174473 : { BUY 5158.48@0.80470892} 174472 : { BUY 5158.48@0.80470892} 174471 : { SELL 19749.72@0.8079342} 174470 : { SELL 19749.72@0.8079342} 
Sun Nov 23 05:14:34 EST 2014 , 4 , 2 , 2 , 174473 : { BUY 5158.48@0.80470892} 174472 : { BUY 5158.48@0.80470892} 174471 : { SELL 19749.72@0.8079342} 174470 : { SELL 19749.72@0.8079342} 
Sun Nov 23 05:17:35 EST 2014 , 4 , 2 , 2 , 174473 : { BUY 5158.48@0.80470892} 174472 : { BUY 5158.48@0.80470892} 174471 : { SELL 19749.72@0.8079342} 174470 : { SELL 19749.72@0.8079342} 
Sun Nov 23 05:20:36 EST 2014 , 4 , 2 , 2 , 174473 : { BUY 5158.48@0.80470892} 174472 : { BUY 5158.48@0.80470892} 174471 : { SELL 19749.72@0.8079342} 174470 : { SELL 19749.72@0.8079342} 
Sun Nov 23 05:23:37 EST 2014 , 4 , 2 , 2 , 174473 : { BUY 5158.48@0.80470892} 174472 : { BUY 5158.48@0.80470892} 174471 : { SELL 19749.72@0.8079342} 174470 : { SELL 19749.72@0.8079342} 
Sun Nov 23 05:26:38 EST 2014 , 4 , 2 , 2 , 174473 : { BUY 5158.48@0.80470892} 174472 : { BUY 5158.48@0.80470892} 174471 : { SELL 19749.72@0.8079342} 174470 : { SELL 19749.72@0.8079342} 
Sun Nov 23 05:29:39 EST 2014 , 4 , 2 , 2 , 174473 : { BUY 5158.48@0.80470892} 174472 : { BUY 5158.48@0.80470892} 174471 : { SELL 19749.72@0.8079342} 174470 : { SELL 19749.72@0.8079342} 
Sun Nov 23 05:32:40 EST 2014 , 4 , 2 , 2 , 174473 : { BUY 5158.48@0.80470892} 174472 : { BUY 5158.48@0.80470892} 174471 : { SELL 19749.72@0.8079342} 174470 : { SELL 19749.72@0.8079342} 
Sun Nov 23 05:35:41 EST 2014 , 4 , 2 , 2 , 174473 : { BUY 5158.48@0.80470892} 174472 : { BUY 5158.48@0.80470892} 174471 : { SELL 19749.72@0.8079342} 174470 : { SELL 19749.72@0.8079342} 
Sun Nov 23 05:38:42 EST 2014 , 4 , 2 , 2 , 174473 : { BUY 5158.48@0.80470892} 174472 : { BUY 5158.48@0.80470892} 174471 : { SELL 19749.72@0.8079342} 174470 : { SELL 19749.72@0.8079342} 
Sun Nov 23 05:41:43 EST 2014 , 4 , 2 , 2 , 174473 : { BUY 5158.48@0.80470892} 174472 : { BUY 5158.48@0.80470892} 174471 : { SELL 19749.72@0.8079342} 174470 : { SELL 19749.72@0.8079342} 
Sun Nov 23 05:44:44 EST 2014 , 4 , 2 , 2 , 174473 : { BUY 5158.48@0.80470892} 174472 : { BUY 5158.48@0.80470892} 174471 : { SELL 19749.72@0.8079342} 174470 : { SELL 19749.72@0.8079342} 
Sun Nov 23 05:47:45 EST 2014 , 4 , 2 , 2 , 174473 : { BUY 5158.48@0.80470892} 174472 : { BUY 5158.48@0.80470892} 174471 : { SELL 19749.72@0.8079342} 174470 : { SELL 19749.72@0.8079342} 
Sun Nov 23 05:50:46 EST 2014 , 4 , 2 , 2 , 174473 : { BUY 5158.48@0.80470892} 174472 : { BUY 5158.48@0.80470892} 174471 : { SELL 19749.72@0.8079342} 174470 : { SELL 19749.72@0.8079342} 
Sun Nov 23 05:53:47 EST 2014 , 4 , 2 , 2 , 174473 : { BUY 5158.48@0.80470892} 174472 : { BUY 5158.48@0.80470892} 174471 : { SELL 19749.72@0.8079342} 174470 : { SELL 19749.72@0.8079342} 
Sun Nov 23 05:56:48 EST 2014 , 4 , 2 , 2 , 174473 : { BUY 5158.48@0.80470892} 174472 : { BUY 5158.48@0.80470892} 174471 : { SELL 19749.72@0.8079342} 174470 : { SELL 19749.72@0.8079342} 
Sun Nov 23 05:59:49 EST 2014 , 4 , 2 , 2 , 174473 : { BUY 5158.48@0.80470892} 174472 : { BUY 5158.48@0.80470892} 174471 : { SELL 19749.72@0.8079342} 174470 : { SELL 19749.72@0.8079342} 
Sun Nov 23 06:02:50 EST 2014 , 4 , 2 , 2 , 174473 : { BUY 5158.48@0.80470892} 174472 : { BUY 5158.48@0.80470892} 174471 : { SELL 19749.72@0.8079342} 174470 : { SELL 19749.72@0.8079342} 
Sun Nov 23 06:05:51 EST 2014 , 4 , 2 , 2 , 174473 : { BUY 5158.48@0.80470892} 174472 : { BUY 5158.48@0.80470892} 174471 : { SELL 19749.72@0.8079342} 174470 : { SELL 19749.72@0.8079342} 
Sun Nov 23 06:08:52 EST 2014 , 4 , 2 , 2 , 174473 : { BUY 5158.48@0.80470892} 174472 : { BUY 5158.48@0.80470892} 174471 : { SELL 19749.72@0.8079342} 174470 : { SELL 19749.72@0.8079342} 
Sun Nov 23 06:11:53 EST 2014 , 4 , 2 , 2 , 174473 : { BUY 5158.48@0.80470892} 174472 : { BUY 5158.48@0.80470892} 174471 : { SELL 19749.72@0.8079342} 174470 : { SELL 19749.72@0.8079342} 
Sun Nov 23 06:14:54 EST 2014 , 4 , 2 , 2 , 174473 : { BUY 5158.48@0.80470892} 174472 : { BUY 5158.48@0.80470892} 174471 : { SELL 19749.72@0.8079342} 174470 : { SELL 19749.72@0.8079342} 
Sun Nov 23 06:17:55 EST 2014 , 4 , 2 , 2 , 174473 : { BUY 5158.48@0.80470892} 174472 : { BUY 5158.48@0.80470892} 174471 : { SELL 19749.72@0.8079342} 174470 : { SELL 19749.72@0.8079342} 
Sun Nov 23 06:20:56 EST 2014 , 4 , 2 , 2 , 174473 : { BUY 5158.48@0.80470892} 174472 : { BUY 5158.48@0.80470892} 174471 : { SELL 19749.72@0.8079342} 174470 : { SELL 19749.72@0.8079342} 
Sun Nov 23 06:23:57 EST 2014 , 4 , 2 , 2 , 174473 : { BUY 5158.48@0.80470892} 174472 : { BUY 5158.48@0.80470892} 174471 : { SELL 19749.72@0.8079342} 174470 : { SELL 19749.72@0.8079342} 
Sun Nov 23 06:26:58 EST 2014 , 4 , 2 , 2 , 174473 : { BUY 5158.48@0.80470892} 174472 : { BUY 5158.48@0.80470892} 174471 : { SELL 19749.72@0.8079342} 174470 : { SELL 19749.72@0.8079342} 
Sun Nov 23 06:30:00 EST 2014 , 4 , 2 , 2 , 174473 : { BUY 5158.48@0.80470892} 174472 : { BUY 5158.48@0.80470892} 174471 : { SELL 19749.72@0.8079342} 174470 : { SELL 19749.72@0.8079342} 
Sun Nov 23 06:33:00 EST 2014 , 4 , 2 , 2 , 174473 : { BUY 5158.48@0.80470892} 174472 : { BUY 5158.48@0.80470892} 174471 : { SELL 19749.72@0.8079342} 174470 : { SELL 19749.72@0.8079342} 
Sun Nov 23 06:36:01 EST 2014 , 4 , 2 , 2 , 174473 : { BUY 5158.48@0.80470892} 174472 : { BUY 5158.48@0.80470892} 174471 : { SELL 19749.72@0.8079342} 174470 : { SELL 19749.72@0.8079342} 
Sun Nov 23 06:39:02 EST 2014 , 4 , 2 , 2 , 174473 : { BUY 5158.48@0.80470892} 174472 : { BUY 5158.48@0.80470892} 174471 : { SELL 19749.72@0.8079342} 174470 : { SELL 19749.72@0.8079342} 
Sun Nov 23 06:42:03 EST 2014 , 4 , 2 , 2 , 174473 : { BUY 5158.48@0.80470892} 174472 : { BUY 5158.48@0.80470892} 174471 : { SELL 19749.72@0.8079342} 174470 : { SELL 19749.72@0.8079342} 
Sun Nov 23 06:45:04 EST 2014 , 4 , 2 , 2 , 174473 : { BUY 5158.48@0.80470892} 174472 : { BUY 5158.48@0.80470892} 174471 : { SELL 19749.72@0.8079342} 174470 : { SELL 19749.72@0.8079342} 
Sun Nov 23 06:48:05 EST 2014 , 4 , 2 , 2 , 174473 : { BUY 5158.48@0.80470892} 174472 : { BUY 5158.48@0.80470892} 174471 : { SELL 19749.72@0.8079342} 174470 : { SELL 19749.72@0.8079342} 
Sun Nov 23 06:51:06 EST 2014 , 4 , 2 , 2 , 174473 : { BUY 5158.48@0.80470892} 174472 : { BUY 5158.48@0.80470892} 174471 : { SELL 19749.72@0.8079342} 174470 : { SELL 19749.72@0.8079342} 
Sun Nov 23 06:54:07 EST 2014 , 4 , 2 , 2 , 174473 : { BUY 5158.48@0.80470892} 174472 : { BUY 5158.48@0.80470892} 174471 : { SELL 19749.72@0.8079342} 174470 : { SELL 19749.72@0.8079342} 
Sun Nov 23 06:57:08 EST 2014 , 4 , 2 , 2 , 174473 : { BUY 5158.48@0.80470892} 174472 : { BUY 5158.48@0.80470892} 174471 : { SELL 19749.72@0.8079342} 174470 : { SELL 19749.72@0.8079342} 
Sun Nov 23 07:00:09 EST 2014 , 4 , 2 , 2 , 174473 : { BUY 5158.48@0.80470892} 174472 : { BUY 5158.48@0.80470892} 174471 : { SELL 19749.72@0.8079342} 174470 : { SELL 19749.72@0.8079342} 
Sun Nov 23 07:03:10 EST 2014 , 4 , 2 , 2 , 174473 : { BUY 5158.48@0.80470892} 174472 : { BUY 5158.48@0.80470892} 174471 : { SELL 19749.72@0.8079342} 174470 : { SELL 19749.72@0.8079342} 
Sun Nov 23 07:06:11 EST 2014 , 4 , 2 , 2 , 174473 : { BUY 5158.48@0.80470892} 174472 : { BUY 5158.48@0.80470892} 174471 : { SELL 19749.72@0.8079342} 174470 : { SELL 19749.72@0.8079342} 
Sun Nov 23 07:09:12 EST 2014 , 4 , 2 , 2 , 174473 : { BUY 5158.48@0.80470892} 174472 : { BUY 5158.48@0.80470892} 174471 : { SELL 19749.72@0.8079342} 174470 : { SELL 19749.72@0.8079342} 
Sun Nov 23 07:12:13 EST 2014 , 4 , 2 , 2 , 174473 : { BUY 5158.48@0.80470892} 174472 : { BUY 5158.48@0.80470892} 174471 : { SELL 19749.72@0.8079342} 174470 : { SELL 19749.72@0.8079342} 
Sun Nov 23 07:15:14 EST 2014 , 4 , 2 , 2 , 174473 : { BUY 5158.48@0.80470892} 174472 : { BUY 5158.48@0.80470892} 174471 : { SELL 19749.72@0.8079342} 174470 : { SELL 19749.72@0.8079342} 
Sun Nov 23 07:18:15 EST 2014 , 4 , 2 , 2 , 174473 : { BUY 5158.48@0.80470892} 174472 : { BUY 5158.48@0.80470892} 174471 : { SELL 19749.72@0.8079342} 174470 : { SELL 19749.72@0.8079342} 
Sun Nov 23 07:21:16 EST 2014 , 4 , 2 , 2 , 174473 : { BUY 5158.48@0.80470892} 174472 : { BUY 5158.48@0.80470892} 174471 : { SELL 19749.72@0.8079342} 174470 : { SELL 19749.72@0.8079342} 
Sun Nov 23 07:24:17 EST 2014 , 4 , 2 , 2 , 174473 : { BUY 5158.48@0.80470892} 174472 : { BUY 5158.48@0.80470892} 174471 : { SELL 19749.72@0.8079342} 174470 : { SELL 19749.72@0.8079342} 
Sun Nov 23 07:27:18 EST 2014 , 4 , 2 , 2 , 174473 : { BUY 5158.48@0.80470892} 174472 : { BUY 5158.48@0.80470892} 174471 : { SELL 19749.72@0.8079342} 174470 : { SELL 19749.72@0.8079342} 
Sun Nov 23 07:30:19 EST 2014 , 4 , 2 , 2 , 174473 : { BUY 5158.48@0.80470892} 174472 : { BUY 5158.48@0.80470892} 174471 : { SELL 19749.72@0.8079342} 174470 : { SELL 19749.72@0.8079342} 
Sun Nov 23 07:33:20 EST 2014 , 4 , 2 , 2 , 174473 : { BUY 5158.48@0.80470892} 174472 : { BUY 5158.48@0.80470892} 174471 : { SELL 19749.72@0.8079342} 174470 : { SELL 19749.72@0.8079342} 
Sun Nov 23 07:36:21 EST 2014 , 4 , 2 , 2 , 174473 : { BUY 5158.48@0.80470892} 174472 : { BUY 5158.48@0.80470892} 174471 : { SELL 19749.72@0.8079342} 174470 : { SELL 19749.72@0.8079342} 
Sun Nov 23 07:39:22 EST 2014 , 4 , 2 , 2 , 174473 : { BUY 5158.48@0.80470892} 174472 : { BUY 5158.48@0.80470892} 174471 : { SELL 19749.72@0.8079342} 174470 : { SELL 19749.72@0.8079342} 
Sun Nov 23 07:42:23 EST 2014 , 4 , 2 , 2 , 174473 : { BUY 5158.48@0.80470892} 174472 : { BUY 5158.48@0.80470892} 174471 : { SELL 19749.72@0.8079342} 174470 : { SELL 19749.72@0.8079342} 
Sun Nov 23 07:45:24 EST 2014 , 4 , 2 , 2 , 174473 : { BUY 5158.48@0.80470892} 174472 : { BUY 5158.48@0.80470892} 174471 : { SELL 19749.72@0.8079342} 174470 : { SELL 19749.72@0.8079342} 
Sun Nov 23 07:48:25 EST 2014 , 4 , 2 , 2 , 174473 : { BUY 5158.48@0.80470892} 174472 : { BUY 5158.48@0.80470892} 174471 : { SELL 19749.72@0.8079342} 174470 : { SELL 19749.72@0.8079342} 
Sun Nov 23 07:51:26 EST 2014 , 4 , 2 , 2 , 174473 : { BUY 5158.48@0.80470892} 174472 : { BUY 5158.48@0.80470892} 174471 : { SELL 19749.72@0.8079342} 174470 : { SELL 19749.72@0.8079342} 
Sun Nov 23 07:54:27 EST 2014 , 4 , 2 , 2 , 174473 : { BUY 5158.48@0.80470892} 174472 : { BUY 5158.48@0.80470892} 174471 : { SELL 19749.72@0.8079342} 174470 : { SELL 19749.72@0.8079342} 
Sun Nov 23 07:57:28 EST 2014 , 4 , 2 , 2 , 174473 : { BUY 5158.48@0.80470892} 174472 : { BUY 5158.48@0.80470892} 174471 : { SELL 19749.72@0.8079342} 174470 : { SELL 19749.72@0.8079342} 
Sun Nov 23 08:00:29 EST 2014 , 4 , 2 , 2 , 174473 : { BUY 5158.48@0.80470892} 174472 : { BUY 5158.48@0.80470892} 174471 : { SELL 19749.72@0.8079342} 174470 : { SELL 19749.72@0.8079342} 
Sun Nov 23 08:03:30 EST 2014 , 4 , 2 , 2 , 174473 : { BUY 5158.48@0.80470892} 174472 : { BUY 5158.48@0.80470892} 174471 : { SELL 19749.72@0.8079342} 174470 : { SELL 19749.72@0.8079342} 
Sun Nov 23 08:06:31 EST 2014 , 4 , 2 , 2 , 174473 : { BUY 5158.48@0.80470892} 174472 : { BUY 5158.48@0.80470892} 174471 : { SELL 19749.72@0.8079342} 174470 : { SELL 19749.72@0.8079342} 
Sun Nov 23 08:09:32 EST 2014 , 4 , 2 , 2 , 174473 : { BUY 5158.48@0.80470892} 174472 : { BUY 5158.48@0.80470892} 174471 : { SELL 19749.72@0.8079342} 174470 : { SELL 19749.72@0.8079342} 
Sun Nov 23 08:12:33 EST 2014 , 4 , 2 , 2 , 174473 : { BUY 5158.48@0.80470892} 174472 : { BUY 5158.48@0.80470892} 174471 : { SELL 19749.72@0.8079342} 174470 : { SELL 19749.72@0.8079342} 
Sun Nov 23 08:15:34 EST 2014 , 4 , 2 , 2 , 174473 : { BUY 5158.48@0.80470892} 174472 : { BUY 5158.48@0.80470892} 174471 : { SELL 19749.72@0.8079342} 174470 : { SELL 19749.72@0.8079342} 
Sun Nov 23 08:18:35 EST 2014 , 4 , 2 , 2 , 174473 : { BUY 5158.48@0.80470892} 174472 : { BUY 5158.48@0.80470892} 174471 : { SELL 19749.72@0.8079342} 174470 : { SELL 19749.72@0.8079342} 
Sun Nov 23 08:21:36 EST 2014 , 4 , 2 , 2 , 174473 : { BUY 5158.48@0.80470892} 174472 : { BUY 5158.48@0.80470892} 174471 : { SELL 19749.72@0.8079342} 174470 : { SELL 19749.72@0.8079342} 
Sun Nov 23 08:24:37 EST 2014 , 4 , 2 , 2 , 174473 : { BUY 5158.48@0.80470892} 174472 : { BUY 5158.48@0.80470892} 174471 : { SELL 19749.72@0.8079342} 174470 : { SELL 19749.72@0.8079342} 
Sun Nov 23 08:27:38 EST 2014 , 4 , 2 , 2 , 174473 : { BUY 5158.48@0.80470892} 174472 : { BUY 5158.48@0.80470892} 174471 : { SELL 19749.72@0.8079342} 174470 : { SELL 19749.72@0.8079342} 
Sun Nov 23 08:30:39 EST 2014 , 4 , 2 , 2 , 174473 : { BUY 5158.48@0.80470892} 174472 : { BUY 5158.48@0.80470892} 174471 : { SELL 19749.72@0.8079342} 174470 : { SELL 19749.72@0.8079342} 
Sun Nov 23 08:33:40 EST 2014 , 4 , 2 , 2 , 174473 : { BUY 5158.48@0.80470892} 174472 : { BUY 5158.48@0.80470892} 174471 : { SELL 19749.72@0.8079342} 174470 : { SELL 19749.72@0.8079342} 
Sun Nov 23 08:36:41 EST 2014 , 4 , 2 , 2 , 174473 : { BUY 5158.48@0.80470892} 174472 : { BUY 5158.48@0.80470892} 174471 : { SELL 19749.72@0.8079342} 174470 : { SELL 19749.72@0.8079342} 
Sun Nov 23 08:39:42 EST 2014 , 4 , 2 , 2 , 174473 : { BUY 5158.48@0.80470892} 174472 : { BUY 5158.48@0.80470892} 174471 : { SELL 19749.72@0.8079342} 174470 : { SELL 19749.72@0.8079342} 
Sun Nov 23 08:42:43 EST 2014 , 4 , 2 , 2 , 174473 : { BUY 5158.48@0.80470892} 174472 : { BUY 5158.48@0.80470892} 174471 : { SELL 19749.72@0.8079342} 174470 : { SELL 19749.72@0.8079342} 
Sun Nov 23 08:45:44 EST 2014 , 4 , 2 , 2 , 174473 : { BUY 5158.48@0.80470892} 174472 : { BUY 5158.48@0.80470892} 174471 : { SELL 19749.72@0.8079342} 174470 : { SELL 19749.72@0.8079342} 
Sun Nov 23 08:48:45 EST 2014 , 4 , 2 , 2 , 174473 : { BUY 5158.48@0.80470892} 174472 : { BUY 5158.48@0.80470892} 174471 : { SELL 19749.72@0.8079342} 174470 : { SELL 19749.72@0.8079342} 
Sun Nov 23 08:51:46 EST 2014 , 4 , 2 , 2 , 174473 : { BUY 5158.48@0.80470892} 174472 : { BUY 5158.48@0.80470892} 174471 : { SELL 19749.72@0.8079342} 174470 : { SELL 19749.72@0.8079342} 
Sun Nov 23 08:54:47 EST 2014 , 4 , 2 , 2 , 174473 : { BUY 5158.48@0.80470892} 174472 : { BUY 5158.48@0.80470892} 174471 : { SELL 19749.72@0.8079342} 174470 : { SELL 19749.72@0.8079342} 
Sun Nov 23 08:57:48 EST 2014 , 4 , 2 , 2 , 174473 : { BUY 5158.48@0.80470892} 174472 : { BUY 5158.48@0.80470892} 174471 : { SELL 19749.72@0.8079342} 174470 : { SELL 19749.72@0.8079342} 
Sun Nov 23 09:00:49 EST 2014 , 4 , 2 , 2 , 174473 : { BUY 5158.48@0.80470892} 174472 : { BUY 5158.48@0.80470892} 174471 : { SELL 19749.72@0.8079342} 174470 : { SELL 19749.72@0.8079342} 
Sun Nov 23 09:03:50 EST 2014 , 4 , 2 , 2 , 174473 : { BUY 5158.48@0.80470892} 174472 : { BUY 5158.48@0.80470892} 174471 : { SELL 19749.72@0.8079342} 174470 : { SELL 19749.72@0.8079342} 
Sun Nov 23 09:06:51 EST 2014 , 4 , 2 , 2 , 174473 : { BUY 5158.48@0.80470892} 174472 : { BUY 5158.48@0.80470892} 174471 : { SELL 19749.72@0.8079342} 174470 : { SELL 19749.72@0.8079342} 
Sun Nov 23 09:09:52 EST 2014 , 4 , 2 , 2 , 174473 : { BUY 5158.48@0.80470892} 174472 : { BUY 5158.48@0.80470892} 174471 : { SELL 19749.72@0.8079342} 174470 : { SELL 19749.72@0.8079342} 
Sun Nov 23 09:12:53 EST 2014 , 4 , 2 , 2 , 174473 : { BUY 5158.48@0.80470892} 174472 : { BUY 5158.48@0.80470892} 174471 : { SELL 19749.72@0.8079342} 174470 : { SELL 19749.72@0.8079342} 
Sun Nov 23 09:15:54 EST 2014 , 4 , 2 , 2 , 174473 : { BUY 5158.48@0.80470892} 174472 : { BUY 5158.48@0.80470892} 174471 : { SELL 19749.72@0.8079342} 174470 : { SELL 19749.72@0.8079342} 
Sun Nov 23 09:18:55 EST 2014 , 4 , 2 , 2 , 174473 : { BUY 5158.48@0.80470892} 174472 : { BUY 5158.48@0.80470892} 174471 : { SELL 19749.72@0.8079342} 174470 : { SELL 19749.72@0.8079342} 
Sun Nov 23 09:21:56 EST 2014 , 4 , 2 , 2 , 174473 : { BUY 5158.48@0.80470892} 174472 : { BUY 5158.48@0.80470892} 174471 : { SELL 19749.72@0.8079342} 174470 : { SELL 19749.72@0.8079342} 
Sun Nov 23 09:24:57 EST 2014 , 4 , 2 , 2 , 174473 : { BUY 5158.48@0.80470892} 174472 : { BUY 5158.48@0.80470892} 174471 : { SELL 19749.72@0.8079342} 174470 : { SELL 19749.72@0.8079342} 
Sun Nov 23 09:27:58 EST 2014 , 4 , 2 , 2 , 174473 : { BUY 5158.48@0.80470892} 174472 : { BUY 5158.48@0.80470892} 174471 : { SELL 19749.72@0.8079342} 174470 : { SELL 19749.72@0.8079342} 
Sun Nov 23 09:30:59 EST 2014 , 4 , 2 , 2 , 174473 : { BUY 5158.48@0.80470892} 174472 : { BUY 5158.48@0.80470892} 174471 : { SELL 19749.72@0.8079342} 174470 : { SELL 19749.72@0.8079342} 
Sun Nov 23 09:34:00 EST 2014 , 4 , 2 , 2 , 174473 : { BUY 5158.48@0.80470892} 174472 : { BUY 5158.48@0.80470892} 174471 : { SELL 19749.72@0.8079342} 174470 : { SELL 19749.72@0.8079342} 
Sun Nov 23 09:37:01 EST 2014 , 4 , 2 , 2 , 174473 : { BUY 5158.48@0.80470892} 174472 : { BUY 5158.48@0.80470892} 174471 : { SELL 19749.72@0.8079342} 174470 : { SELL 19749.72@0.8079342} 
Sun Nov 23 09:40:02 EST 2014 , 4 , 2 , 2 , 174473 : { BUY 5158.48@0.80470892} 174472 : { BUY 5158.48@0.80470892} 174471 : { SELL 19749.72@0.8079342} 174470 : { SELL 19749.72@0.8079342} 
Sun Nov 23 09:43:03 EST 2014 , 4 , 2 , 2 , 174473 : { BUY 5158.48@0.80470892} 174472 : { BUY 5158.48@0.80470892} 174471 : { SELL 19749.72@0.8079342} 174470 : { SELL 19749.72@0.8079342} 
Sun Nov 23 09:46:04 EST 2014 , 4 , 2 , 2 , 174473 : { BUY 5158.48@0.80470892} 174472 : { BUY 5158.48@0.80470892} 174471 : { SELL 19749.72@0.8079342} 174470 : { SELL 19749.72@0.8079342} 
Sun Nov 23 09:49:05 EST 2014 , 4 , 2 , 2 , 174473 : { BUY 5158.48@0.80470892} 174472 : { BUY 5158.48@0.80470892} 174471 : { SELL 19749.72@0.8079342} 174470 : { SELL 19749.72@0.8079342} 
Sun Nov 23 09:52:06 EST 2014 , 4 , 2 , 2 , 174473 : { BUY 5158.48@0.80470892} 174472 : { BUY 5158.48@0.80470892} 174471 : { SELL 19749.72@0.8079342} 174470 : { SELL 19749.72@0.8079342} 
Sun Nov 23 09:55:07 EST 2014 , 4 , 2 , 2 , 174473 : { BUY 5158.48@0.80470892} 174472 : { BUY 5158.48@0.80470892} 174471 : { SELL 19749.72@0.8079342} 174470 : { SELL 19749.72@0.8079342} 
Sun Nov 23 09:58:08 EST 2014 , 4 , 2 , 2 , 174473 : { BUY 5158.48@0.80470892} 174472 : { BUY 5158.48@0.80470892} 174471 : { SELL 19749.72@0.8079342} 174470 : { SELL 19749.72@0.8079342} 
Sun Nov 23 10:01:09 EST 2014 , 4 , 2 , 2 , 174473 : { BUY 5158.48@0.80470892} 174472 : { BUY 5158.48@0.80470892} 174471 : { SELL 19749.72@0.8079342} 174470 : { SELL 19749.72@0.8079342} 
Sun Nov 23 10:04:10 EST 2014 , 4 , 2 , 2 , 174473 : { BUY 5158.48@0.80470892} 174472 : { BUY 5158.48@0.80470892} 174471 : { SELL 19749.72@0.8079342} 174470 : { SELL 19749.72@0.8079342} 
Sun Nov 23 10:07:11 EST 2014 , 4 , 2 , 2 , 174473 : { BUY 5158.48@0.80470892} 174472 : { BUY 5158.48@0.80470892} 174471 : { SELL 19749.72@0.8079342} 174470 : { SELL 19749.72@0.8079342} 
Sun Nov 23 10:10:12 EST 2014 , 4 , 2 , 2 , 174473 : { BUY 5158.48@0.80470892} 174472 : { BUY 5158.48@0.80470892} 174471 : { SELL 19749.72@0.8079342} 174470 : { SELL 19749.72@0.8079342} 
Sun Nov 23 10:13:13 EST 2014 , 4 , 2 , 2 , 174473 : { BUY 5158.48@0.80470892} 174472 : { BUY 5158.48@0.80470892} 174471 : { SELL 19749.72@0.8079342} 174470 : { SELL 19749.72@0.8079342} 
Sun Nov 23 10:16:14 EST 2014 , 4 , 2 , 2 , 174473 : { BUY 5158.48@0.80470892} 174472 : { BUY 5158.48@0.80470892} 174471 : { SELL 19749.72@0.8079342} 174470 : { SELL 19749.72@0.8079342} 
Sun Nov 23 10:19:15 EST 2014 , 4 , 2 , 2 , 174473 : { BUY 5158.48@0.80470892} 174472 : { BUY 5158.48@0.80470892} 174471 : { SELL 19749.72@0.8079342} 174470 : { SELL 19749.72@0.8079342} 
Sun Nov 23 10:22:16 EST 2014 , 4 , 2 , 2 , 174473 : { BUY 5158.48@0.80470892} 174472 : { BUY 5158.48@0.80470892} 174471 : { SELL 19749.72@0.8079342} 174470 : { SELL 19749.72@0.8079342} 
Sun Nov 23 10:25:17 EST 2014 , 4 , 2 , 2 , 174473 : { BUY 5158.48@0.80470892} 174472 : { BUY 5158.48@0.80470892} 174471 : { SELL 19749.72@0.8079342} 174470 : { SELL 19749.72@0.8079342} 
Sun Nov 23 10:28:18 EST 2014 , 4 , 2 , 2 , 174473 : { BUY 5158.48@0.80470892} 174472 : { BUY 5158.48@0.80470892} 174471 : { SELL 19749.72@0.8079342} 174470 : { SELL 19749.72@0.8079342} 
Sun Nov 23 10:31:19 EST 2014 , 4 , 2 , 2 , 174473 : { BUY 5158.48@0.80470892} 174472 : { BUY 5158.48@0.80470892} 174471 : { SELL 19749.72@0.8079342} 174470 : { SELL 19749.72@0.8079342} 
Sun Nov 23 10:34:20 EST 2014 , 4 , 2 , 2 , 174473 : { BUY 5158.48@0.80470892} 174472 : { BUY 5158.48@0.80470892} 174471 : { SELL 19749.72@0.8079342} 174470 : { SELL 19749.72@0.8079342} 
Sun Nov 23 10:37:21 EST 2014 , 4 , 2 , 2 , 174473 : { BUY 5158.48@0.80470892} 174472 : { BUY 5158.48@0.80470892} 174471 : { SELL 19749.72@0.8079342} 174470 : { SELL 19749.72@0.8079342} 
Sun Nov 23 10:40:22 EST 2014 , 4 , 2 , 2 , 174473 : { BUY 5158.48@0.80470892} 174472 : { BUY 5158.48@0.80470892} 174471 : { SELL 19749.72@0.8079342} 174470 : { SELL 19749.72@0.8079342} 
Sun Nov 23 10:43:23 EST 2014 , 4 , 2 , 2 , 174473 : { BUY 5158.48@0.80470892} 174472 : { BUY 5158.48@0.80470892} 174471 : { SELL 19749.72@0.8079342} 174470 : { SELL 19749.72@0.8079342} 
Sun Nov 23 10:46:24 EST 2014 , 4 , 2 , 2 , 174473 : { BUY 5158.48@0.80470892} 174472 : { BUY 5158.48@0.80470892} 174471 : { SELL 19749.72@0.8079342} 174470 : { SELL 19749.72@0.8079342} 
Sun Nov 23 10:49:25 EST 2014 , 4 , 2 , 2 , 174473 : { BUY 5158.48@0.80470892} 174472 : { BUY 5158.48@0.80470892} 174471 : { SELL 19749.72@0.8079342} 174470 : { SELL 19749.72@0.8079342} 
Sun Nov 23 10:52:26 EST 2014 , 4 , 2 , 2 , 174473 : { BUY 5158.48@0.80470892} 174472 : { BUY 5158.48@0.80470892} 174471 : { SELL 19749.72@0.8079342} 174470 : { SELL 19749.72@0.8079342} 
Sun Nov 23 10:55:27 EST 2014 , 4 , 2 , 2 , 174473 : { BUY 5158.48@0.80470892} 174472 : { BUY 5158.48@0.80470892} 174471 : { SELL 19749.72@0.8079342} 174470 : { SELL 19749.72@0.8079342} 
Sun Nov 23 10:58:28 EST 2014 , 4 , 2 , 2 , 174473 : { BUY 5158.48@0.80470892} 174472 : { BUY 5158.48@0.80470892} 174471 : { SELL 19749.72@0.8079342} 174470 : { SELL 19749.72@0.8079342} 
Sun Nov 23 11:01:29 EST 2014 , 4 , 2 , 2 , 174473 : { BUY 5158.48@0.80470892} 174472 : { BUY 5158.48@0.80470892} 174471 : { SELL 19749.72@0.8079342} 174470 : { SELL 19749.72@0.8079342} 
Sun Nov 23 11:04:30 EST 2014 , 4 , 2 , 2 , 174473 : { BUY 5158.48@0.80470892} 174472 : { BUY 5158.48@0.80470892} 174471 : { SELL 19749.72@0.8079342} 174470 : { SELL 19749.72@0.8079342} 
Sun Nov 23 11:07:31 EST 2014 , 4 , 2 , 2 , 174473 : { BUY 5158.48@0.80470892} 174472 : { BUY 5158.48@0.80470892} 174471 : { SELL 19749.72@0.8079342} 174470 : { SELL 19749.72@0.8079342} 
Sun Nov 23 11:10:32 EST 2014 , 4 , 2 , 2 , 174473 : { BUY 5158.48@0.80470892} 174472 : { BUY 5158.48@0.80470892} 174471 : { SELL 19749.72@0.8079342} 174470 : { SELL 19749.72@0.8079342} 
Sun Nov 23 11:13:33 EST 2014 , 4 , 2 , 2 , 174473 : { BUY 5158.48@0.80470892} 174472 : { BUY 5158.48@0.80470892} 174471 : { SELL 19749.72@0.8079342} 174470 : { SELL 19749.72@0.8079342} 
Sun Nov 23 11:16:34 EST 2014 , 4 , 2 , 2 , 174473 : { BUY 5158.48@0.80470892} 174472 : { BUY 5158.48@0.80470892} 174471 : { SELL 19749.72@0.8079342} 174470 : { SELL 19749.72@0.8079342} 
Sun Nov 23 11:19:35 EST 2014 , 4 , 2 , 2 , 174473 : { BUY 5158.48@0.80470892} 174472 : { BUY 5158.48@0.80470892} 174471 : { SELL 19749.72@0.8079342} 174470 : { SELL 19749.72@0.8079342} 
Sun Nov 23 11:22:36 EST 2014 , 4 , 2 , 2 , 174473 : { BUY 5158.48@0.80470892} 174472 : { BUY 5158.48@0.80470892} 174471 : { SELL 19749.72@0.8079342} 174470 : { SELL 19749.72@0.8079342} 
Sun Nov 23 11:25:37 EST 2014 , 4 , 2 , 2 , 174473 : { BUY 5158.48@0.80470892} 174472 : { BUY 5158.48@0.80470892} 174471 : { SELL 19749.72@0.8079342} 174470 : { SELL 19749.72@0.8079342} 
Sun Nov 23 11:28:38 EST 2014 , 4 , 2 , 2 , 174473 : { BUY 5158.48@0.80470892} 174472 : { BUY 5158.48@0.80470892} 174471 : { SELL 19749.72@0.8079342} 174470 : { SELL 19749.72@0.8079342} 
Sun Nov 23 11:31:40 EST 2014 , 4 , 2 , 2 , 174473 : { BUY 5158.48@0.80470892} 174472 : { BUY 5158.48@0.80470892} 174471 : { SELL 19749.72@0.8079342} 174470 : { SELL 19749.72@0.8079342} 
Sun Nov 23 11:34:40 EST 2014 , 4 , 2 , 2 , 174473 : { BUY 5158.48@0.80470892} 174472 : { BUY 5158.48@0.80470892} 174471 : { SELL 19749.72@0.8079342} 174470 : { SELL 19749.72@0.8079342} 
Sun Nov 23 11:37:41 EST 2014 , 4 , 2 , 2 , 174473 : { BUY 5158.48@0.80470892} 174472 : { BUY 5158.48@0.80470892} 174471 : { SELL 19749.72@0.8079342} 174470 : { SELL 19749.72@0.8079342} 
Sun Nov 23 11:40:42 EST 2014 , 4 , 2 , 2 , 174473 : { BUY 5158.48@0.80470892} 174472 : { BUY 5158.48@0.80470892} 174471 : { SELL 19749.72@0.8079342} 174470 : { SELL 19749.72@0.8079342} 
Sun Nov 23 11:43:43 EST 2014 , 4 , 2 , 2 , 174473 : { BUY 5158.48@0.80470892} 174472 : { BUY 5158.48@0.80470892} 174471 : { SELL 19749.72@0.8079342} 174470 : { SELL 19749.72@0.8079342} 
Sun Nov 23 11:46:44 EST 2014 , 4 , 2 , 2 , 174473 : { BUY 5158.48@0.80470892} 174472 : { BUY 5158.48@0.80470892} 174471 : { SELL 19749.72@0.8079342} 174470 : { SELL 19749.72@0.8079342} 
Sun Nov 23 11:49:45 EST 2014 , 4 , 2 , 2 , 174473 : { BUY 5158.48@0.80470892} 174472 : { BUY 5158.48@0.80470892} 174471 : { SELL 19749.72@0.8079342} 174470 : { SELL 19749.72@0.8079342} 
Sun Nov 23 11:52:46 EST 2014 , 4 , 2 , 2 , 174473 : { BUY 5158.48@0.80470892} 174472 : { BUY 5158.48@0.80470892} 174471 : { SELL 19749.72@0.8079342} 174470 : { SELL 19749.72@0.8079342} 
Sun Nov 23 11:55:47 EST 2014 , 4 , 2 , 2 , 174473 : { BUY 5158.48@0.80470892} 174472 : { BUY 5158.48@0.80470892} 174471 : { SELL 19749.72@0.8079342} 174470 : { SELL 19749.72@0.8079342} 
Sun Nov 23 11:58:48 EST 2014 , 4 , 2 , 2 , 174473 : { BUY 5158.48@0.80470892} 174472 : { BUY 5158.48@0.80470892} 174471 : { SELL 19749.72@0.8079342} 174470 : { SELL 19749.72@0.8079342} 
Sun Nov 23 12:01:49 EST 2014 , 4 , 2 , 2 , 174473 : { BUY 5158.48@0.80470892} 174472 : { BUY 5158.48@0.80470892} 174471 : { SELL 19749.72@0.8079342} 174470 : { SELL 19749.72@0.8079342} 
Sun Nov 23 12:04:50 EST 2014 , 4 , 2 , 2 , 174473 : { BUY 5158.48@0.80470892} 174472 : { BUY 5158.48@0.80470892} 174471 : { SELL 19749.72@0.8079342} 174470 : { SELL 19749.72@0.8079342} 
Sun Nov 23 12:07:51 EST 2014 , 4 , 2 , 2 , 174473 : { BUY 5158.48@0.80470892} 174472 : { BUY 5158.48@0.80470892} 174471 : { SELL 19749.72@0.8079342} 174470 : { SELL 19749.72@0.8079342} 
Sun Nov 23 12:10:52 EST 2014 , 4 , 2 , 2 , 174473 : { BUY 5158.48@0.80470892} 174472 : { BUY 5158.48@0.80470892} 174471 : { SELL 19749.72@0.8079342} 174470 : { SELL 19749.72@0.8079342} 
Sun Nov 23 12:13:53 EST 2014 , 4 , 2 , 2 , 174473 : { BUY 5158.48@0.80470892} 174472 : { BUY 5158.48@0.80470892} 174471 : { SELL 19749.72@0.8079342} 174470 : { SELL 19749.72@0.8079342} 
Sun Nov 23 12:16:54 EST 2014 , 4 , 2 , 2 , 174473 : { BUY 5158.48@0.80470892} 174472 : { BUY 5158.48@0.80470892} 174471 : { SELL 19749.72@0.8079342} 174470 : { SELL 19749.72@0.8079342} 
Sun Nov 23 12:19:55 EST 2014 , 4 , 2 , 2 , 174473 : { BUY 5158.48@0.80470892} 174472 : { BUY 5158.48@0.80470892} 174471 : { SELL 19749.72@0.8079342} 174470 : { SELL 19749.72@0.8079342} 
Sun Nov 23 12:22:56 EST 2014 , 4 , 2 , 2 , 174473 : { BUY 5158.48@0.80470892} 174472 : { BUY 5158.48@0.80470892} 174471 : { SELL 19749.72@0.8079342} 174470 : { SELL 19749.72@0.8079342} 
Sun Nov 23 12:25:57 EST 2014 , 4 , 2 , 2 , 174473 : { BUY 5158.48@0.80470892} 174472 : { BUY 5158.48@0.80470892} 174471 : { SELL 19749.72@0.8079342} 174470 : { SELL 19749.72@0.8079342} 
Sun Nov 23 12:28:58 EST 2014 , 4 , 2 , 2 , 174473 : { BUY 5158.48@0.80470892} 174472 : { BUY 5158.48@0.80470892} 174471 : { SELL 19749.72@0.8079342} 174470 : { SELL 19749.72@0.8079342} 
Sun Nov 23 12:31:59 EST 2014 , 4 , 2 , 2 , 174473 : { BUY 5158.48@0.80470892} 174472 : { BUY 5158.48@0.80470892} 174471 : { SELL 19749.72@0.8079342} 174470 : { SELL 19749.72@0.8079342} 
Sun Nov 23 12:35:00 EST 2014 , 4 , 2 , 2 , 174473 : { BUY 5158.48@0.80470892} 174472 : { BUY 5158.48@0.80470892} 174471 : { SELL 19749.72@0.8079342} 174470 : { SELL 19749.72@0.8079342} 
Sun Nov 23 12:38:01 EST 2014 , 4 , 2 , 2 , 174473 : { BUY 5158.48@0.80470892} 174472 : { BUY 5158.48@0.80470892} 174471 : { SELL 19749.72@0.8079342} 174470 : { SELL 19749.72@0.8079342} 
Sun Nov 23 12:41:02 EST 2014 , 4 , 2 , 2 , 174473 : { BUY 5158.48@0.80470892} 174472 : { BUY 5158.48@0.80470892} 174471 : { SELL 19749.72@0.8079342} 174470 : { SELL 19749.72@0.8079342} 
Sun Nov 23 12:44:03 EST 2014 , 4 , 2 , 2 , 174473 : { BUY 5158.48@0.80470892} 174472 : { BUY 5158.48@0.80470892} 174471 : { SELL 19749.72@0.8079342} 174470 : { SELL 19749.72@0.8079342} 
Sun Nov 23 12:47:04 EST 2014 , 4 , 2 , 2 , 174473 : { BUY 5158.48@0.80470892} 174472 : { BUY 5158.48@0.80470892} 174471 : { SELL 19749.72@0.8079342} 174470 : { SELL 19749.72@0.8079342} 
Sun Nov 23 12:50:05 EST 2014 , 4 , 2 , 2 , 174473 : { BUY 5158.48@0.80470892} 174472 : { BUY 5158.48@0.80470892} 174471 : { SELL 19749.72@0.8079342} 174470 : { SELL 19749.72@0.8079342} 
Sun Nov 23 12:53:06 EST 2014 , 4 , 2 , 2 , 174473 : { BUY 5158.48@0.80470892} 174472 : { BUY 5158.48@0.80470892} 174471 : { SELL 19749.72@0.8079342} 174470 : { SELL 19749.72@0.8079342} 
Sun Nov 23 12:56:07 EST 2014 , 4 , 2 , 2 , 174473 : { BUY 5158.48@0.80470892} 174472 : { BUY 5158.48@0.80470892} 174471 : { SELL 19749.72@0.8079342} 174470 : { SELL 19749.72@0.8079342} 
Sun Nov 23 12:59:08 EST 2014 , 4 , 2 , 2 , 174473 : { BUY 5158.48@0.80470892} 174472 : { BUY 5158.48@0.80470892} 174471 : { SELL 19749.72@0.8079342} 174470 : { SELL 19749.72@0.8079342} 
Sun Nov 23 13:02:09 EST 2014 , 4 , 2 , 2 , 174473 : { BUY 5158.48@0.80470892} 174472 : { BUY 5158.48@0.80470892} 174471 : { SELL 19749.72@0.8079342} 174470 : { SELL 19749.72@0.8079342} 
Sun Nov 23 13:05:10 EST 2014 , 4 , 2 , 2 , 174473 : { BUY 5158.48@0.80470892} 174472 : { BUY 5158.48@0.80470892} 174471 : { SELL 19749.72@0.8079342} 174470 : { SELL 19749.72@0.8079342} 
Sun Nov 23 13:08:11 EST 2014 , 4 , 2 , 2 , 174473 : { BUY 5158.48@0.80470892} 174472 : { BUY 5158.48@0.80470892} 174471 : { SELL 19749.72@0.8079342} 174470 : { SELL 19749.72@0.8079342} 
Sun Nov 23 13:11:12 EST 2014 , 4 , 2 , 2 , 174473 : { BUY 5158.48@0.80470892} 174472 : { BUY 5158.48@0.80470892} 174471 : { SELL 19749.72@0.8079342} 174470 : { SELL 19749.72@0.8079342} 
Sun Nov 23 13:14:13 EST 2014 , 4 , 2 , 2 , 174473 : { BUY 5158.48@0.80470892} 174472 : { BUY 5158.48@0.80470892} 174471 : { SELL 19749.72@0.8079342} 174470 : { SELL 19749.72@0.8079342} 
Sun Nov 23 13:17:14 EST 2014 , 4 , 2 , 2 , 174473 : { BUY 5158.48@0.80470892} 174472 : { BUY 5158.48@0.80470892} 174471 : { SELL 19749.72@0.8079342} 174470 : { SELL 19749.72@0.8079342} 
Sun Nov 23 13:20:15 EST 2014 , 4 , 2 , 2 , 174473 : { BUY 5158.48@0.80470892} 174472 : { BUY 5158.48@0.80470892} 174471 : { SELL 19749.72@0.8079342} 174470 : { SELL 19749.72@0.8079342} 
Sun Nov 23 13:23:16 EST 2014 , 4 , 2 , 2 , 174473 : { BUY 5158.48@0.80470892} 174472 : { BUY 5158.48@0.80470892} 174471 : { SELL 19749.72@0.8079342} 174470 : { SELL 19749.72@0.8079342} 
Sun Nov 23 13:26:17 EST 2014 , 4 , 2 , 2 , 174473 : { BUY 5158.48@0.80470892} 174472 : { BUY 5158.48@0.80470892} 174471 : { SELL 19749.72@0.8079342} 174470 : { SELL 19749.72@0.8079342} 
Sun Nov 23 13:29:18 EST 2014 , 4 , 2 , 2 , 174473 : { BUY 5158.48@0.80470892} 174472 : { BUY 5158.48@0.80470892} 174471 : { SELL 19749.72@0.8079342} 174470 : { SELL 19749.72@0.8079342} 
Sun Nov 23 13:32:19 EST 2014 , 4 , 2 , 2 , 174473 : { BUY 5158.48@0.80470892} 174472 : { BUY 5158.48@0.80470892} 174471 : { SELL 19749.72@0.8079342} 174470 : { SELL 19749.72@0.8079342} 
Sun Nov 23 13:35:20 EST 2014 , 4 , 2 , 2 , 174473 : { BUY 5158.48@0.80470892} 174472 : { BUY 5158.48@0.80470892} 174471 : { SELL 19749.72@0.8079342} 174470 : { SELL 19749.72@0.8079342} 
Sun Nov 23 13:38:21 EST 2014 , 4 , 2 , 2 , 174473 : { BUY 5158.48@0.80470892} 174472 : { BUY 5158.48@0.80470892} 174471 : { SELL 19749.72@0.8079342} 174470 : { SELL 19749.72@0.8079342} 
Sun Nov 23 13:41:22 EST 2014 , 4 , 2 , 2 , 174473 : { BUY 5158.48@0.80470892} 174472 : { BUY 5158.48@0.80470892} 174471 : { SELL 19749.72@0.8079342} 174470 : { SELL 19749.72@0.8079342} 
Sun Nov 23 13:44:23 EST 2014 , 4 , 2 , 2 , 174473 : { BUY 5158.48@0.80470892} 174472 : { BUY 5158.48@0.80470892} 174471 : { SELL 19749.72@0.8079342} 174470 : { SELL 19749.72@0.8079342} 
Sun Nov 23 13:47:24 EST 2014 , 4 , 2 , 2 , 174473 : { BUY 5158.48@0.80470892} 174472 : { BUY 5158.48@0.80470892} 174471 : { SELL 19749.72@0.8079342} 174470 : { SELL 19749.72@0.8079342} 
Sun Nov 23 13:50:25 EST 2014 , 4 , 2 , 2 , 174473 : { BUY 5158.48@0.80470892} 174472 : { BUY 5158.48@0.80470892} 174471 : { SELL 19749.72@0.8079342} 174470 : { SELL 19749.72@0.8079342} 
Sun Nov 23 13:53:26 EST 2014 , 4 , 2 , 2 , 174473 : { BUY 5158.48@0.80470892} 174472 : { BUY 5158.48@0.80470892} 174471 : { SELL 19749.72@0.8079342} 174470 : { SELL 19749.72@0.8079342} 
Sun Nov 23 13:56:27 EST 2014 , 4 , 2 , 2 , 174473 : { BUY 5158.48@0.80470892} 174472 : { BUY 5158.48@0.80470892} 174471 : { SELL 19749.72@0.8079342} 174470 : { SELL 19749.72@0.8079342} 
Sun Nov 23 13:59:28 EST 2014 , 4 , 2 , 2 , 174473 : { BUY 5158.48@0.80470892} 174472 : { BUY 5158.48@0.80470892} 174471 : { SELL 19749.72@0.8079342} 174470 : { SELL 19749.72@0.8079342} 
Sun Nov 23 14:02:29 EST 2014 , 4 , 2 , 2 , 174473 : { BUY 5158.48@0.80470892} 174472 : { BUY 5158.48@0.80470892} 174471 : { SELL 19749.72@0.8079342} 174470 : { SELL 19749.72@0.8079342} 
Sun Nov 23 14:05:30 EST 2014 , 4 , 2 , 2 , 174473 : { BUY 5158.48@0.80470892} 174472 : { BUY 5158.48@0.80470892} 174471 : { SELL 19749.72@0.8079342} 174470 : { SELL 19749.72@0.8079342} 
Sun Nov 23 14:08:31 EST 2014 , 4 , 2 , 2 , 174473 : { BUY 5158.48@0.80470892} 174472 : { BUY 5158.48@0.80470892} 174471 : { SELL 19749.72@0.8079342} 174470 : { SELL 19749.72@0.8079342} 
Sun Nov 23 14:11:32 EST 2014 , 4 , 2 , 2 , 174473 : { BUY 5158.48@0.80470892} 174472 : { BUY 5158.48@0.80470892} 174471 : { SELL 19749.72@0.8079342} 174470 : { SELL 19749.72@0.8079342} 
Sun Nov 23 14:14:33 EST 2014 , 4 , 2 , 2 , 174473 : { BUY 5158.48@0.80470892} 174472 : { BUY 5158.48@0.80470892} 174471 : { SELL 19749.72@0.8079342} 174470 : { SELL 19749.72@0.8079342} 
Sun Nov 23 14:17:34 EST 2014 , 4 , 2 , 2 , 174473 : { BUY 5158.48@0.80470892} 174472 : { BUY 5158.48@0.80470892} 174471 : { SELL 19749.72@0.8079342} 174470 : { SELL 19749.72@0.8079342} 
Sun Nov 23 14:20:35 EST 2014 , 4 , 2 , 2 , 174473 : { BUY 5158.48@0.80470892} 174472 : { BUY 5158.48@0.80470892} 174471 : { SELL 19749.72@0.8079342} 174470 : { SELL 19749.72@0.8079342} 
Sun Nov 23 14:23:36 EST 2014 , 4 , 2 , 2 , 174473 : { BUY 5158.48@0.80470892} 174472 : { BUY 5158.48@0.80470892} 174471 : { SELL 19749.72@0.8079342} 174470 : { SELL 19749.72@0.8079342} 
Sun Nov 23 14:26:37 EST 2014 , 4 , 2 , 2 , 174473 : { BUY 5158.48@0.80470892} 174472 : { BUY 5158.48@0.80470892} 174471 : { SELL 19749.72@0.8079342} 174470 : { SELL 19749.72@0.8079342} 
Sun Nov 23 14:29:38 EST 2014 , 4 , 2 , 2 , 174473 : { BUY 5158.48@0.80470892} 174472 : { BUY 5158.48@0.80470892} 174471 : { SELL 19749.72@0.8079342} 174470 : { SELL 19749.72@0.8079342} 
Sun Nov 23 14:32:39 EST 2014 , 4 , 2 , 2 , 174473 : { BUY 5158.48@0.80470892} 174472 : { BUY 5158.48@0.80470892} 174471 : { SELL 19749.72@0.8079342} 174470 : { SELL 19749.72@0.8079342} 
Sun Nov 23 14:35:40 EST 2014 , 4 , 2 , 2 , 174473 : { BUY 5158.48@0.80470892} 174472 : { BUY 5158.48@0.80470892} 174471 : { SELL 19749.72@0.8079342} 174470 : { SELL 19749.72@0.8079342} 
Sun Nov 23 14:38:41 EST 2014 , 4 , 2 , 2 , 174473 : { BUY 5158.48@0.80470892} 174472 : { BUY 5158.48@0.80470892} 174471 : { SELL 19749.72@0.8079342} 174470 : { SELL 19749.72@0.8079342} 
Sun Nov 23 14:41:42 EST 2014 , 4 , 2 , 2 , 174473 : { BUY 5158.48@0.80470892} 174472 : { BUY 5158.48@0.80470892} 174471 : { SELL 19749.72@0.8079342} 174470 : { SELL 19749.72@0.8079342} 
Sun Nov 23 14:44:43 EST 2014 , 4 , 2 , 2 , 174473 : { BUY 5158.48@0.80470892} 174472 : { BUY 5158.48@0.80470892} 174471 : { SELL 19749.72@0.8079342} 174470 : { SELL 19749.72@0.8079342} 
Sun Nov 23 14:47:44 EST 2014 , 4 , 2 , 2 , 174473 : { BUY 5158.48@0.80470892} 174472 : { BUY 5158.48@0.80470892} 174471 : { SELL 19749.72@0.8079342} 174470 : { SELL 19749.72@0.8079342} 
Sun Nov 23 14:50:45 EST 2014 , 4 , 2 , 2 , 174473 : { BUY 5158.48@0.80470892} 174472 : { BUY 5158.48@0.80470892} 174471 : { SELL 19749.72@0.8079342} 174470 : { SELL 19749.72@0.8079342} 
Sun Nov 23 14:53:46 EST 2014 , 4 , 2 , 2 , 174473 : { BUY 5158.48@0.80470892} 174472 : { BUY 5158.48@0.80470892} 174471 : { SELL 19749.72@0.8079342} 174470 : { SELL 19749.72@0.8079342} 
Sun Nov 23 14:56:47 EST 2014 , 4 , 2 , 2 , 174473 : { BUY 5158.48@0.80470892} 174472 : { BUY 5158.48@0.80470892} 174471 : { SELL 19749.72@0.8079342} 174470 : { SELL 19749.72@0.8079342} 
Sun Nov 23 14:59:48 EST 2014 , 4 , 2 , 2 , 174473 : { BUY 5158.48@0.80470892} 174472 : { BUY 5158.48@0.80470892} 174471 : { SELL 19749.72@0.8079342} 174470 : { SELL 19749.72@0.8079342} 
Sun Nov 23 15:02:49 EST 2014 , 4 , 2 , 2 , 174473 : { BUY 5158.48@0.80470892} 174472 : { BUY 5158.48@0.80470892} 174471 : { SELL 19749.72@0.8079342} 174470 : { SELL 19749.72@0.8079342} 
Sun Nov 23 15:05:50 EST 2014 , 4 , 2 , 2 , 174473 : { BUY 5158.48@0.80470892} 174472 : { BUY 5158.48@0.80470892} 174471 : { SELL 19749.72@0.8079342} 174470 : { SELL 19749.72@0.8079342} 
Sun Nov 23 15:08:51 EST 2014 , 4 , 2 , 2 , 174473 : { BUY 5158.48@0.80470892} 174472 : { BUY 5158.48@0.80470892} 174471 : { SELL 19749.72@0.8079342} 174470 : { SELL 19749.72@0.8079342} 
Sun Nov 23 15:11:52 EST 2014 , 4 , 2 , 2 , 174473 : { BUY 5158.48@0.80470892} 174472 : { BUY 5158.48@0.80470892} 174471 : { SELL 19749.72@0.8079342} 174470 : { SELL 19749.72@0.8079342} 
Sun Nov 23 15:14:53 EST 2014 , 4 , 2 , 2 , 174473 : { BUY 5158.48@0.80470892} 174472 : { BUY 5158.48@0.80470892} 174471 : { SELL 19749.72@0.8079342} 174470 : { SELL 19749.72@0.8079342} 
Sun Nov 23 15:17:54 EST 2014 , 4 , 2 , 2 , 174473 : { BUY 5158.48@0.80470892} 174472 : { BUY 5158.48@0.80470892} 174471 : { SELL 19749.72@0.8079342} 174470 : { SELL 19749.72@0.8079342} 
Sun Nov 23 15:20:55 EST 2014 , 4 , 2 , 2 , 174473 : { BUY 5158.48@0.80470892} 174472 : { BUY 5158.48@0.80470892} 174471 : { SELL 19749.72@0.8079342} 174470 : { SELL 19749.72@0.8079342} 
Sun Nov 23 15:23:56 EST 2014 , 4 , 2 , 2 , 174473 : { BUY 5158.48@0.80470892} 174472 : { BUY 5158.48@0.80470892} 174471 : { SELL 19749.72@0.8079342} 174470 : { SELL 19749.72@0.8079342} 
Sun Nov 23 15:26:57 EST 2014 , 4 , 2 , 2 , 174473 : { BUY 5158.48@0.80470892} 174472 : { BUY 5158.48@0.80470892} 174471 : { SELL 19749.72@0.8079342} 174470 : { SELL 19749.72@0.8079342} 
Sun Nov 23 15:29:58 EST 2014 , 4 , 2 , 2 , 174473 : { BUY 5158.48@0.80470892} 174472 : { BUY 5158.48@0.80470892} 174471 : { SELL 19749.72@0.8079342} 174470 : { SELL 19749.72@0.8079342} 
Sun Nov 23 15:32:59 EST 2014 , 4 , 2 , 2 , 174473 : { BUY 5158.48@0.80470892} 174472 : { BUY 5158.48@0.80470892} 174471 : { SELL 19749.72@0.8079342} 174470 : { SELL 19749.72@0.8079342} 
Sun Nov 23 15:36:00 EST 2014 , 4 , 2 , 2 , 174473 : { BUY 5158.48@0.80470892} 174472 : { BUY 5158.48@0.80470892} 174471 : { SELL 19749.72@0.8079342} 174470 : { SELL 19749.72@0.8079342} 
Sun Nov 23 15:39:01 EST 2014 , 4 , 2 , 2 , 174473 : { BUY 5158.48@0.80470892} 174472 : { BUY 5158.48@0.80470892} 174471 : { SELL 19749.72@0.8079342} 174470 : { SELL 19749.72@0.8079342} 
Sun Nov 23 15:42:02 EST 2014 , 4 , 2 , 2 , 174473 : { BUY 5158.48@0.80470892} 174472 : { BUY 5158.48@0.80470892} 174471 : { SELL 19749.72@0.8079342} 174470 : { SELL 19749.72@0.8079342} 
Sun Nov 23 15:45:03 EST 2014 , 4 , 2 , 2 , 174473 : { BUY 5158.48@0.80470892} 174472 : { BUY 5158.48@0.80470892} 174471 : { SELL 19749.72@0.8079342} 174470 : { SELL 19749.72@0.8079342} 
Sun Nov 23 15:48:04 EST 2014 , 4 , 2 , 2 , 174473 : { BUY 5158.48@0.80470892} 174472 : { BUY 5158.48@0.80470892} 174471 : { SELL 19749.72@0.8079342} 174470 : { SELL 19749.72@0.8079342} 
Sun Nov 23 15:51:05 EST 2014 , 4 , 2 , 2 , 174473 : { BUY 5158.48@0.80470892} 174472 : { BUY 5158.48@0.80470892} 174471 : { SELL 19749.72@0.8079342} 174470 : { SELL 19749.72@0.8079342} 
Sun Nov 23 15:54:06 EST 2014 , 4 , 2 , 2 , 174473 : { BUY 5158.48@0.80470892} 174472 : { BUY 5158.48@0.80470892} 174471 : { SELL 19749.72@0.8079342} 174470 : { SELL 19749.72@0.8079342} 
Sun Nov 23 15:57:07 EST 2014 , 4 , 2 , 2 , 174473 : { BUY 5158.48@0.80470892} 174472 : { BUY 5158.48@0.80470892} 174471 : { SELL 19749.72@0.8079342} 174470 : { SELL 19749.72@0.8079342} 
Sun Nov 23 16:00:08 EST 2014 , 4 , 2 , 2 , 174473 : { BUY 5158.48@0.80470892} 174472 : { BUY 5158.48@0.80470892} 174471 : { SELL 19749.72@0.8079342} 174470 : { SELL 19749.72@0.8079342} 
Sun Nov 23 16:03:09 EST 2014 , 4 , 2 , 2 , 174473 : { BUY 5158.48@0.80470892} 174472 : { BUY 5158.48@0.80470892} 174471 : { SELL 19749.72@0.8079342} 174470 : { SELL 19749.72@0.8079342} 
Sun Nov 23 16:06:10 EST 2014 , 4 , 2 , 2 , 174473 : { BUY 5158.48@0.80470892} 174472 : { BUY 5158.48@0.80470892} 174471 : { SELL 19749.72@0.8079342} 174470 : { SELL 19749.72@0.8079342} 
Sun Nov 23 16:09:11 EST 2014 , 4 , 2 , 2 , 174473 : { BUY 5158.48@0.80470892} 174472 : { BUY 5158.48@0.80470892} 174471 : { SELL 19749.72@0.8079342} 174470 : { SELL 19749.72@0.8079342} 
Sun Nov 23 16:12:12 EST 2014 , 4 , 2 , 2 , 174473 : { BUY 5158.48@0.80470892} 174472 : { BUY 5158.48@0.80470892} 174471 : { SELL 19749.72@0.8079342} 174470 : { SELL 19749.72@0.8079342} 
Sun Nov 23 16:15:13 EST 2014 , 4 , 2 , 2 , 174473 : { BUY 5158.48@0.80470892} 174472 : { BUY 5158.48@0.80470892} 174471 : { SELL 19749.72@0.8079342} 174470 : { SELL 19749.72@0.8079342} 
Sun Nov 23 16:18:14 EST 2014 , 4 , 2 , 2 , 174473 : { BUY 5158.48@0.80470892} 174472 : { BUY 5158.48@0.80470892} 174471 : { SELL 19749.72@0.8079342} 174470 : { SELL 19749.72@0.8079342} 
Sun Nov 23 16:21:15 EST 2014 , 4 , 2 , 2 , 174473 : { BUY 5158.48@0.80470892} 174472 : { BUY 5158.48@0.80470892} 174471 : { SELL 19749.72@0.8079342} 174470 : { SELL 19749.72@0.8079342} 
Sun Nov 23 16:24:16 EST 2014 , 4 , 2 , 2 , 174473 : { BUY 5158.48@0.80470892} 174472 : { BUY 5158.48@0.80470892} 174471 : { SELL 19749.72@0.8079342} 174470 : { SELL 19749.72@0.8079342} 
Sun Nov 23 16:27:17 EST 2014 , 4 , 2 , 2 , 174473 : { BUY 5158.48@0.80470892} 174472 : { BUY 5158.48@0.80470892} 174471 : { SELL 19749.72@0.8079342} 174470 : { SELL 19749.72@0.8079342} 
Sun Nov 23 16:30:18 EST 2014 , 4 , 2 , 2 , 174473 : { BUY 5158.48@0.80470892} 174472 : { BUY 5158.48@0.80470892} 174471 : { SELL 19749.72@0.8079342} 174470 : { SELL 19749.72@0.8079342} 
Sun Nov 23 16:33:20 EST 2014 , 4 , 2 , 2 , 174473 : { BUY 5158.48@0.80470892} 174472 : { BUY 5158.48@0.80470892} 174471 : { SELL 19749.72@0.8079342} 174470 : { SELL 19749.72@0.8079342} 
Sun Nov 23 16:36:20 EST 2014 , 4 , 2 , 2 , 174473 : { BUY 5158.48@0.80470892} 174472 : { BUY 5158.48@0.80470892} 174471 : { SELL 19749.72@0.8079342} 174470 : { SELL 19749.72@0.8079342} 
Sun Nov 23 16:39:21 EST 2014 , 4 , 2 , 2 , 174473 : { BUY 5158.48@0.80470892} 174472 : { BUY 5158.48@0.80470892} 174471 : { SELL 19749.72@0.8079342} 174470 : { SELL 19749.72@0.8079342} 
Sun Nov 23 16:42:22 EST 2014 , 4 , 2 , 2 , 174473 : { BUY 5158.48@0.80470892} 174472 : { BUY 5158.48@0.80470892} 174471 : { SELL 19749.72@0.8079342} 174470 : { SELL 19749.72@0.8079342} 
Sun Nov 23 16:45:23 EST 2014 , 4 , 2 , 2 , 174473 : { BUY 5158.48@0.80470892} 174472 : { BUY 5158.48@0.80470892} 174471 : { SELL 19749.72@0.8079342} 174470 : { SELL 19749.72@0.8079342} 
Sun Nov 23 16:48:24 EST 2014 , 4 , 2 , 2 , 174473 : { BUY 5158.48@0.80470892} 174472 : { BUY 5158.48@0.80470892} 174471 : { SELL 19749.72@0.8079342} 174470 : { SELL 19749.72@0.8079342} 
Sun Nov 23 16:51:25 EST 2014 , 4 , 2 , 2 , 174473 : { BUY 5158.48@0.80470892} 174472 : { BUY 5158.48@0.80470892} 174471 : { SELL 19749.72@0.8079342} 174470 : { SELL 19749.72@0.8079342} 
Sun Nov 23 16:54:26 EST 2014 , 4 , 2 , 2 , 174473 : { BUY 5158.48@0.80470892} 174472 : { BUY 5158.48@0.80470892} 174471 : { SELL 19749.72@0.8079342} 174470 : { SELL 19749.72@0.8079342} 
Sun Nov 23 16:57:27 EST 2014 , 4 , 2 , 2 , 174473 : { BUY 5158.48@0.80470892} 174472 : { BUY 5158.48@0.80470892} 174471 : { SELL 19749.72@0.8079342} 174470 : { SELL 19749.72@0.8079342} 
Sun Nov 23 17:00:28 EST 2014 , 4 , 2 , 2 , 174473 : { BUY 5158.48@0.80470892} 174472 : { BUY 5158.48@0.80470892} 174471 : { SELL 19749.72@0.8079342} 174470 : { SELL 19749.72@0.8079342} 
Sun Nov 23 17:03:29 EST 2014 , 4 , 2 , 2 , 174473 : { BUY 5158.48@0.80470892} 174472 : { BUY 5158.48@0.80470892} 174471 : { SELL 19749.72@0.8079342} 174470 : { SELL 19749.72@0.8079342} 
Sun Nov 23 17:06:30 EST 2014 , 4 , 2 , 2 , 174473 : { BUY 5158.48@0.80470892} 174472 : { BUY 5158.48@0.80470892} 174471 : { SELL 19749.72@0.8079342} 174470 : { SELL 19749.72@0.8079342} 
Sun Nov 23 17:09:31 EST 2014 , 4 , 2 , 2 , 174473 : { BUY 5158.48@0.80470892} 174472 : { BUY 5158.48@0.80470892} 174471 : { SELL 19749.72@0.8079342} 174470 : { SELL 19749.72@0.8079342} 
Sun Nov 23 17:12:32 EST 2014 , 4 , 2 , 2 , 174473 : { BUY 5158.48@0.80470892} 174472 : { BUY 5158.48@0.80470892} 174471 : { SELL 19749.72@0.8079342} 174470 : { SELL 19749.72@0.8079342} 
Sun Nov 23 17:15:33 EST 2014 , 4 , 2 , 2 , 174473 : { BUY 5158.48@0.80470892} 174472 : { BUY 5158.48@0.80470892} 174471 : { SELL 19749.72@0.8079342} 174470 : { SELL 19749.72@0.8079342} 
Sun Nov 23 17:18:34 EST 2014 , 4 , 2 , 2 , 174473 : { BUY 5158.48@0.80470892} 174472 : { BUY 5158.48@0.80470892} 174471 : { SELL 19749.72@0.8079342} 174470 : { SELL 19749.72@0.8079342} 
Sun Nov 23 17:21:35 EST 2014 , 4 , 2 , 2 , 174473 : { BUY 5158.48@0.80470892} 174472 : { BUY 5158.48@0.80470892} 174471 : { SELL 19749.72@0.8079342} 174470 : { SELL 19749.72@0.8079342} 
Sun Nov 23 17:24:36 EST 2014 , 4 , 2 , 2 , 174473 : { BUY 5158.48@0.80470892} 174472 : { BUY 5158.48@0.80470892} 174471 : { SELL 19749.72@0.8079342} 174470 : { SELL 19749.72@0.8079342} 
Sun Nov 23 17:27:37 EST 2014 , 4 , 2 , 2 , 174473 : { BUY 5158.48@0.80470892} 174472 : { BUY 5158.48@0.80470892} 174471 : { SELL 19749.72@0.8079342} 174470 : { SELL 19749.72@0.8079342} 
Sun Nov 23 17:30:38 EST 2014 , 4 , 2 , 2 , 174473 : { BUY 5158.48@0.80470892} 174472 : { BUY 5158.48@0.80470892} 174471 : { SELL 19749.72@0.8079342} 174470 : { SELL 19749.72@0.8079342} 
Sun Nov 23 17:33:39 EST 2014 , 4 , 2 , 2 , 174473 : { BUY 5158.48@0.80470892} 174472 : { BUY 5158.48@0.80470892} 174471 : { SELL 19749.72@0.8079342} 174470 : { SELL 19749.72@0.8079342} 
Sun Nov 23 17:36:40 EST 2014 , 4 , 2 , 2 , 174473 : { BUY 5158.48@0.80470892} 174472 : { BUY 5158.48@0.80470892} 174471 : { SELL 19749.72@0.8079342} 174470 : { SELL 19749.72@0.8079342} 
Sun Nov 23 17:39:41 EST 2014 , 4 , 2 , 2 , 174473 : { BUY 5158.48@0.80470892} 174472 : { BUY 5158.48@0.80470892} 174471 : { SELL 19749.72@0.8079342} 174470 : { SELL 19749.72@0.8079342} 
Sun Nov 23 17:42:42 EST 2014 , 4 , 2 , 2 , 174473 : { BUY 5158.48@0.80470892} 174472 : { BUY 5158.48@0.80470892} 174471 : { SELL 19749.72@0.8079342} 174470 : { SELL 19749.72@0.8079342} 
Sun Nov 23 17:45:43 EST 2014 , 4 , 2 , 2 , 174473 : { BUY 5158.48@0.80470892} 174472 : { BUY 5158.48@0.80470892} 174471 : { SELL 19749.72@0.8079342} 174470 : { SELL 19749.72@0.8079342} 
Sun Nov 23 17:48:44 EST 2014 , 4 , 2 , 2 , 174473 : { BUY 5158.48@0.80470892} 174472 : { BUY 5158.48@0.80470892} 174471 : { SELL 19749.72@0.8079342} 174470 : { SELL 19749.72@0.8079342} 
Sun Nov 23 17:51:45 EST 2014 , 4 , 2 , 2 , 174473 : { BUY 5158.48@0.80470892} 174472 : { BUY 5158.48@0.80470892} 174471 : { SELL 19749.72@0.8079342} 174470 : { SELL 19749.72@0.8079342} 
Sun Nov 23 17:54:46 EST 2014 , 4 , 2 , 2 , 174473 : { BUY 5158.48@0.80470892} 174472 : { BUY 5158.48@0.80470892} 174471 : { SELL 19749.72@0.8079342} 174470 : { SELL 19749.72@0.8079342} 
Sun Nov 23 17:57:47 EST 2014 , 4 , 2 , 2 , 174473 : { BUY 5158.48@0.80470892} 174472 : { BUY 5158.48@0.80470892} 174471 : { SELL 19749.72@0.8079342} 174470 : { SELL 19749.72@0.8079342} 
Sun Nov 23 18:00:48 EST 2014 , 4 , 2 , 2 , 174473 : { BUY 5158.48@0.80470892} 174472 : { BUY 5158.48@0.80470892} 174471 : { SELL 19749.72@0.8079342} 174470 : { SELL 19749.72@0.8079342} 
Sun Nov 23 18:03:49 EST 2014 , 4 , 2 , 2 , 174473 : { BUY 5158.48@0.80470892} 174472 : { BUY 5158.48@0.80470892} 174471 : { SELL 19749.72@0.8079342} 174470 : { SELL 19749.72@0.8079342} 
Sun Nov 23 18:06:50 EST 2014 , 4 , 2 , 2 , 174473 : { BUY 5158.48@0.80470892} 174472 : { BUY 5158.48@0.80470892} 174471 : { SELL 19749.72@0.8079342} 174470 : { SELL 19749.72@0.8079342} 
Sun Nov 23 18:09:51 EST 2014 , 4 , 2 , 2 , 174473 : { BUY 5158.48@0.80470892} 174472 : { BUY 5158.48@0.80470892} 174471 : { SELL 19749.72@0.8079342} 174470 : { SELL 19749.72@0.8079342} 
Sun Nov 23 18:12:52 EST 2014 , 4 , 2 , 2 , 174473 : { BUY 5158.48@0.80470892} 174472 : { BUY 5158.48@0.80470892} 174471 : { SELL 19749.72@0.8079342} 174470 : { SELL 19749.72@0.8079342} 
Sun Nov 23 18:15:53 EST 2014 , 4 , 2 , 2 , 174473 : { BUY 5158.48@0.80470892} 174472 : { BUY 5158.48@0.80470892} 174471 : { SELL 19749.72@0.8079342} 174470 : { SELL 19749.72@0.8079342} 
Sun Nov 23 18:18:54 EST 2014 , 4 , 2 , 2 , 174473 : { BUY 5158.48@0.80470892} 174472 : { BUY 5158.48@0.80470892} 174471 : { SELL 19749.72@0.8079342} 174470 : { SELL 19749.72@0.8079342} 
Sun Nov 23 18:21:55 EST 2014 , 4 , 2 , 2 , 174473 : { BUY 5158.48@0.80470892} 174472 : { BUY 5158.48@0.80470892} 174471 : { SELL 19749.72@0.8079342} 174470 : { SELL 19749.72@0.8079342} 
Sun Nov 23 18:24:56 EST 2014 , 4 , 2 , 2 , 174473 : { BUY 5158.48@0.80470892} 174472 : { BUY 5158.48@0.80470892} 174471 : { SELL 19749.72@0.8079342} 174470 : { SELL 19749.72@0.8079342} 
Sun Nov 23 18:27:57 EST 2014 , 4 , 2 , 2 , 174473 : { BUY 5158.48@0.80470892} 174472 : { BUY 5158.48@0.80470892} 174471 : { SELL 19749.72@0.8079342} 174470 : { SELL 19749.72@0.8079342} 
Sun Nov 23 18:30:58 EST 2014 , 4 , 2 , 2 , 174473 : { BUY 5158.48@0.80470892} 174472 : { BUY 5158.48@0.80470892} 174471 : { SELL 19749.72@0.8079342} 174470 : { SELL 19749.72@0.8079342} 
Sun Nov 23 18:33:59 EST 2014 , 4 , 2 , 2 , 174473 : { BUY 5158.48@0.80470892} 174472 : { BUY 5158.48@0.80470892} 174471 : { SELL 19749.72@0.8079342} 174470 : { SELL 19749.72@0.8079342} 
Sun Nov 23 18:37:00 EST 2014 , 4 , 2 , 2 , 174473 : { BUY 5158.48@0.80470892} 174472 : { BUY 5158.48@0.80470892} 174471 : { SELL 19749.72@0.8079342} 174470 : { SELL 19749.72@0.8079342} 
Sun Nov 23 18:40:01 EST 2014 , 4 , 2 , 2 , 174473 : { BUY 5158.48@0.80470892} 174472 : { BUY 5158.48@0.80470892} 174471 : { SELL 19749.72@0.8079342} 174470 : { SELL 19749.72@0.8079342} 
Sun Nov 23 18:43:02 EST 2014 , 4 , 2 , 2 , 174473 : { BUY 5158.48@0.80470892} 174472 : { BUY 5158.48@0.80470892} 174471 : { SELL 19749.72@0.8079342} 174470 : { SELL 19749.72@0.8079342} 
Sun Nov 23 18:46:03 EST 2014 , 4 , 2 , 2 , 174473 : { BUY 5158.48@0.80470892} 174472 : { BUY 5158.48@0.80470892} 174471 : { SELL 19749.72@0.8079342} 174470 : { SELL 19749.72@0.8079342} 
Sun Nov 23 18:49:04 EST 2014 , 4 , 2 , 2 , 174473 : { BUY 5158.48@0.80470892} 174472 : { BUY 5158.48@0.80470892} 174471 : { SELL 19749.72@0.8079342} 174470 : { SELL 19749.72@0.8079342} 
Sun Nov 23 18:52:05 EST 2014 , 4 , 2 , 2 , 174473 : { BUY 5158.48@0.80470892} 174472 : { BUY 5158.48@0.80470892} 174471 : { SELL 19749.72@0.8079342} 174470 : { SELL 19749.72@0.8079342} 
Sun Nov 23 18:55:06 EST 2014 , 4 , 2 , 2 , 174473 : { BUY 5158.48@0.80470892} 174472 : { BUY 5158.48@0.80470892} 174471 : { SELL 19749.72@0.8079342} 174470 : { SELL 19749.72@0.8079342} 
Sun Nov 23 18:58:07 EST 2014 , 4 , 2 , 2 , 174473 : { BUY 5158.48@0.80470892} 174472 : { BUY 5158.48@0.80470892} 174471 : { SELL 19749.72@0.8079342} 174470 : { SELL 19749.72@0.8079342} 
Sun Nov 23 19:01:08 EST 2014 , 4 , 2 , 2 , 174473 : { BUY 5158.48@0.80470892} 174472 : { BUY 5158.48@0.80470892} 174471 : { SELL 19749.72@0.8079342} 174470 : { SELL 19749.72@0.8079342} 
Sun Nov 23 19:04:09 EST 2014 , 4 , 2 , 2 , 174473 : { BUY 5158.48@0.80470892} 174472 : { BUY 5158.48@0.80470892} 174471 : { SELL 19749.72@0.8079342} 174470 : { SELL 19749.72@0.8079342} 
Sun Nov 23 19:07:10 EST 2014 , 4 , 2 , 2 , 174473 : { BUY 5158.48@0.80470892} 174472 : { BUY 5158.48@0.80470892} 174471 : { SELL 19749.72@0.8079342} 174470 : { SELL 19749.72@0.8079342} 
Sun Nov 23 19:10:11 EST 2014 , 4 , 2 , 2 , 174473 : { BUY 5158.48@0.80470892} 174472 : { BUY 5158.48@0.80470892} 174471 : { SELL 19749.72@0.8079342} 174470 : { SELL 19749.72@0.8079342} 
Sun Nov 23 19:13:12 EST 2014 , 4 , 2 , 2 , 174473 : { BUY 5158.48@0.80470892} 174472 : { BUY 5158.48@0.80470892} 174471 : { SELL 19749.72@0.8079342} 174470 : { SELL 19749.72@0.8079342} 
Sun Nov 23 19:16:13 EST 2014 , 4 , 2 , 2 , 174473 : { BUY 5158.48@0.80470892} 174472 : { BUY 5158.48@0.80470892} 174471 : { SELL 19749.72@0.8079342} 174470 : { SELL 19749.72@0.8079342} 
Sun Nov 23 19:19:14 EST 2014 , 4 , 2 , 2 , 174473 : { BUY 5158.48@0.80470892} 174472 : { BUY 5158.48@0.80470892} 174471 : { SELL 19749.72@0.8079342} 174470 : { SELL 19749.72@0.8079342} 
Sun Nov 23 19:22:15 EST 2014 , 4 , 2 , 2 , 174473 : { BUY 5158.48@0.80470892} 174472 : { BUY 5158.48@0.80470892} 174471 : { SELL 19749.72@0.8079342} 174470 : { SELL 19749.72@0.8079342} 
Sun Nov 23 19:25:16 EST 2014 , 4 , 2 , 2 , 174473 : { BUY 5158.48@0.80470892} 174472 : { BUY 5158.48@0.80470892} 174471 : { SELL 19749.72@0.8079342} 174470 : { SELL 19749.72@0.8079342} 
Sun Nov 23 19:28:17 EST 2014 , 4 , 2 , 2 , 174473 : { BUY 5158.48@0.80470892} 174472 : { BUY 5158.48@0.80470892} 174471 : { SELL 19749.72@0.8079342} 174470 : { SELL 19749.72@0.8079342} 
Sun Nov 23 19:31:18 EST 2014 , 4 , 2 , 2 , 174473 : { BUY 5158.48@0.80470892} 174472 : { BUY 5158.48@0.80470892} 174471 : { SELL 19749.72@0.8079342} 174470 : { SELL 19749.72@0.8079342} 
Sun Nov 23 19:34:19 EST 2014 , 4 , 2 , 2 , 174473 : { BUY 5158.48@0.80470892} 174472 : { BUY 5158.48@0.80470892} 174471 : { SELL 19749.72@0.8079342} 174470 : { SELL 19749.72@0.8079342} 
Sun Nov 23 19:37:20 EST 2014 , 4 , 2 , 2 , 174473 : { BUY 5158.48@0.80470892} 174472 : { BUY 5158.48@0.80470892} 174471 : { SELL 19749.72@0.8079342} 174470 : { SELL 19749.72@0.8079342} 
Sun Nov 23 19:40:21 EST 2014 , 4 , 2 , 2 , 174473 : { BUY 5158.48@0.80470892} 174472 : { BUY 5158.48@0.80470892} 174471 : { SELL 19749.72@0.8079342} 174470 : { SELL 19749.72@0.8079342} 
Sun Nov 23 19:43:22 EST 2014 , 4 , 2 , 2 , 174473 : { BUY 5158.48@0.80470892} 174472 : { BUY 5158.48@0.80470892} 174471 : { SELL 19749.72@0.8079342} 174470 : { SELL 19749.72@0.8079342} 
Sun Nov 23 19:46:23 EST 2014 , 4 , 2 , 2 , 174473 : { BUY 5158.48@0.80470892} 174472 : { BUY 5158.48@0.80470892} 174471 : { SELL 19749.72@0.8079342} 174470 : { SELL 19749.72@0.8079342} 
Sun Nov 23 19:49:24 EST 2014 , 4 , 2 , 2 , 174473 : { BUY 5158.48@0.80470892} 174472 : { BUY 5158.48@0.80470892} 174471 : { SELL 19749.72@0.8079342} 174470 : { SELL 19749.72@0.8079342} 
Sun Nov 23 19:52:25 EST 2014 , 4 , 2 , 2 , 174473 : { BUY 5158.48@0.80470892} 174472 : { BUY 5158.48@0.80470892} 174471 : { SELL 19749.72@0.8079342} 174470 : { SELL 19749.72@0.8079342} 
Sun Nov 23 19:55:26 EST 2014 , 4 , 2 , 2 , 174473 : { BUY 5158.48@0.80470892} 174472 : { BUY 5158.48@0.80470892} 174471 : { SELL 19749.72@0.8079342} 174470 : { SELL 19749.72@0.8079342} 
Sun Nov 23 19:58:27 EST 2014 , 4 , 2 , 2 , 174473 : { BUY 5158.48@0.80470892} 174472 : { BUY 5158.48@0.80470892} 174471 : { SELL 19749.72@0.8079342} 174470 : { SELL 19749.72@0.8079342} 
Sun Nov 23 20:01:28 EST 2014 , 4 , 2 , 2 , 174473 : { BUY 5158.48@0.80470892} 174472 : { BUY 5158.48@0.80470892} 174471 : { SELL 19749.72@0.8079342} 174470 : { SELL 19749.72@0.8079342} 
Sun Nov 23 20:04:29 EST 2014 , 4 , 2 , 2 , 174473 : { BUY 5158.48@0.80470892} 174472 : { BUY 5158.48@0.80470892} 174471 : { SELL 19749.72@0.8079342} 174470 : { SELL 19749.72@0.8079342} 
Sun Nov 23 20:07:30 EST 2014 , 4 , 2 , 2 , 174473 : { BUY 5158.48@0.80470892} 174472 : { BUY 5158.48@0.80470892} 174471 : { SELL 19749.72@0.8079342} 174470 : { SELL 19749.72@0.8079342} 
Sun Nov 23 20:10:31 EST 2014 , 4 , 2 , 2 , 174473 : { BUY 5158.48@0.80470892} 174472 : { BUY 5158.48@0.80470892} 174471 : { SELL 19749.72@0.8079342} 174470 : { SELL 19749.72@0.8079342} 
Sun Nov 23 20:13:32 EST 2014 , 4 , 2 , 2 , 174473 : { BUY 5158.48@0.80470892} 174472 : { BUY 5158.48@0.80470892} 174471 : { SELL 19749.72@0.8079342} 174470 : { SELL 19749.72@0.8079342} 
Sun Nov 23 20:16:33 EST 2014 , 4 , 2 , 2 , 174473 : { BUY 5158.48@0.80470892} 174472 : { BUY 5158.48@0.80470892} 174471 : { SELL 19749.72@0.8079342} 174470 : { SELL 19749.72@0.8079342} 
Sun Nov 23 20:19:34 EST 2014 , 4 , 2 , 2 , 174473 : { BUY 5158.48@0.80470892} 174472 : { BUY 5158.48@0.80470892} 174471 : { SELL 19749.72@0.8079342} 174470 : { SELL 19749.72@0.8079342} 
Sun Nov 23 20:22:35 EST 2014 , 4 , 2 , 2 , 174473 : { BUY 5158.48@0.80470892} 174472 : { BUY 5158.48@0.80470892} 174471 : { SELL 19749.72@0.8079342} 174470 : { SELL 19749.72@0.8079342} 
Sun Nov 23 20:25:36 EST 2014 , 4 , 2 , 2 , 174473 : { BUY 5158.48@0.80470892} 174472 : { BUY 5158.48@0.80470892} 174471 : { SELL 19749.72@0.8079342} 174470 : { SELL 19749.72@0.8079342} 
Sun Nov 23 20:28:37 EST 2014 , 4 , 2 , 2 , 174473 : { BUY 5158.48@0.80470892} 174472 : { BUY 5158.48@0.80470892} 174471 : { SELL 19749.72@0.8079342} 174470 : { SELL 19749.72@0.8079342} 
Sun Nov 23 20:31:38 EST 2014 , 4 , 2 , 2 , 174473 : { BUY 5158.48@0.80470892} 174472 : { BUY 5158.48@0.80470892} 174471 : { SELL 19749.72@0.8079342} 174470 : { SELL 19749.72@0.8079342} 
Sun Nov 23 20:34:39 EST 2014 , 4 , 2 , 2 , 174473 : { BUY 5158.48@0.80470892} 174472 : { BUY 5158.48@0.80470892} 174471 : { SELL 19749.72@0.8079342} 174470 : { SELL 19749.72@0.8079342} 
Sun Nov 23 20:37:40 EST 2014 , 4 , 2 , 2 , 174473 : { BUY 5158.48@0.80470892} 174472 : { BUY 5158.48@0.80470892} 174471 : { SELL 19749.72@0.8079342} 174470 : { SELL 19749.72@0.8079342} 
Sun Nov 23 20:40:41 EST 2014 , 4 , 2 , 2 , 174473 : { BUY 5158.48@0.80470892} 174472 : { BUY 5158.48@0.80470892} 174471 : { SELL 19749.72@0.8079342} 174470 : { SELL 19749.72@0.8079342} 
Sun Nov 23 20:43:42 EST 2014 , 4 , 2 , 2 , 174473 : { BUY 5158.48@0.80470892} 174472 : { BUY 5158.48@0.80470892} 174471 : { SELL 19749.72@0.8079342} 174470 : { SELL 19749.72@0.8079342} 
Sun Nov 23 20:46:43 EST 2014 , 4 , 2 , 2 , 174473 : { BUY 5158.48@0.80470892} 174472 : { BUY 5158.48@0.80470892} 174471 : { SELL 19749.72@0.8079342} 174470 : { SELL 19749.72@0.8079342} 
Sun Nov 23 20:49:44 EST 2014 , 4 , 2 , 2 , 174473 : { BUY 5158.48@0.80470892} 174472 : { BUY 5158.48@0.80470892} 174471 : { SELL 19749.72@0.8079342} 174470 : { SELL 19749.72@0.8079342} 
Sun Nov 23 20:52:45 EST 2014 , 4 , 2 , 2 , 174473 : { BUY 5158.48@0.80470892} 174472 : { BUY 5158.48@0.80470892} 174471 : { SELL 19749.72@0.8079342} 174470 : { SELL 19749.72@0.8079342} 
Sun Nov 23 20:55:46 EST 2014 , 4 , 2 , 2 , 174473 : { BUY 5158.48@0.80470892} 174472 : { BUY 5158.48@0.80470892} 174471 : { SELL 19749.72@0.8079342} 174470 : { SELL 19749.72@0.8079342} 
Sun Nov 23 20:58:47 EST 2014 , 4 , 2 , 2 , 174473 : { BUY 5158.48@0.80470892} 174472 : { BUY 5158.48@0.80470892} 174471 : { SELL 19749.72@0.8079342} 174470 : { SELL 19749.72@0.8079342} 
Sun Nov 23 21:01:48 EST 2014 , 4 , 2 , 2 , 174473 : { BUY 5158.48@0.80470892} 174472 : { BUY 5158.48@0.80470892} 174471 : { SELL 19749.72@0.8079342} 174470 : { SELL 19749.72@0.8079342} 
Sun Nov 23 21:04:49 EST 2014 , 4 , 2 , 2 , 174473 : { BUY 5158.48@0.80470892} 174472 : { BUY 5158.48@0.80470892} 174471 : { SELL 19749.72@0.8079342} 174470 : { SELL 19749.72@0.8079342} 
Sun Nov 23 21:07:50 EST 2014 , 4 , 2 , 2 , 174473 : { BUY 5158.48@0.80470892} 174472 : { BUY 5158.48@0.80470892} 174471 : { SELL 19749.72@0.8079342} 174470 : { SELL 19749.72@0.8079342} 
Sun Nov 23 21:10:51 EST 2014 , 4 , 2 , 2 , 174473 : { BUY 5158.48@0.80470892} 174472 : { BUY 5158.48@0.80470892} 174471 : { SELL 19749.72@0.8079342} 174470 : { SELL 19749.72@0.8079342} 
Sun Nov 23 21:13:52 EST 2014 , 4 , 2 , 2 , 174473 : { BUY 5158.48@0.80470892} 174472 : { BUY 5158.48@0.80470892} 174471 : { SELL 19749.72@0.8079342} 174470 : { SELL 19749.72@0.8079342} 
Sun Nov 23 21:16:53 EST 2014 , 4 , 2 , 2 , 174473 : { BUY 5158.48@0.80470892} 174472 : { BUY 5158.48@0.80470892} 174471 : { SELL 19749.72@0.8079342} 174470 : { SELL 19749.72@0.8079342} 
Sun Nov 23 21:19:54 EST 2014 , 4 , 2 , 2 , 174473 : { BUY 5158.48@0.80470892} 174472 : { BUY 5158.48@0.80470892} 174471 : { SELL 19749.72@0.8079342} 174470 : { SELL 19749.72@0.8079342} 
Sun Nov 23 21:22:55 EST 2014 , 4 , 2 , 2 , 174473 : { BUY 5158.48@0.80470892} 174472 : { BUY 5158.48@0.80470892} 174471 : { SELL 19749.72@0.8079342} 174470 : { SELL 19749.72@0.8079342} 
Sun Nov 23 21:25:56 EST 2014 , 4 , 2 , 2 , 174473 : { BUY 5158.48@0.80470892} 174472 : { BUY 5158.48@0.80470892} 174471 : { SELL 19749.72@0.8079342} 174470 : { SELL 19749.72@0.8079342} 
Sun Nov 23 21:28:57 EST 2014 , 4 , 2 , 2 , 174473 : { BUY 5158.48@0.80470892} 174472 : { BUY 5158.48@0.80470892} 174471 : { SELL 19749.72@0.8079342} 174470 : { SELL 19749.72@0.8079342} 
Sun Nov 23 21:31:58 EST 2014 , 4 , 2 , 2 , 174473 : { BUY 5158.48@0.80470892} 174472 : { BUY 5158.48@0.80470892} 174471 : { SELL 19749.72@0.8079342} 174470 : { SELL 19749.72@0.8079342} 
Sun Nov 23 21:35:00 EST 2014 , 4 , 2 , 2 , 174473 : { BUY 5158.48@0.80470892} 174472 : { BUY 5158.48@0.80470892} 174471 : { SELL 19749.72@0.8079342} 174470 : { SELL 19749.72@0.8079342} 
Sun Nov 23 21:38:00 EST 2014 , 4 , 2 , 2 , 174473 : { BUY 5158.48@0.80470892} 174472 : { BUY 5158.48@0.80470892} 174471 : { SELL 19749.72@0.8079342} 174470 : { SELL 19749.72@0.8079342} 
Sun Nov 23 21:41:01 EST 2014 , 4 , 2 , 2 , 174473 : { BUY 5158.48@0.80470892} 174472 : { BUY 5158.48@0.80470892} 174471 : { SELL 19749.72@0.8079342} 174470 : { SELL 19749.72@0.8079342} 
Sun Nov 23 21:44:02 EST 2014 , 4 , 2 , 2 , 174473 : { BUY 5158.48@0.80470892} 174472 : { BUY 5158.48@0.80470892} 174471 : { SELL 19749.72@0.8079342} 174470 : { SELL 19749.72@0.8079342} 
Sun Nov 23 21:47:03 EST 2014 , 4 , 2 , 2 , 174473 : { BUY 5158.48@0.80470892} 174472 : { BUY 5158.48@0.80470892} 174471 : { SELL 19749.72@0.8079342} 174470 : { SELL 19749.72@0.8079342} 
Sun Nov 23 21:50:04 EST 2014 , 4 , 2 , 2 , 174473 : { BUY 5158.48@0.80470892} 174472 : { BUY 5158.48@0.80470892} 174471 : { SELL 19749.72@0.8079342} 174470 : { SELL 19749.72@0.8079342} 
Sun Nov 23 21:53:05 EST 2014 , 4 , 2 , 2 , 174473 : { BUY 5158.48@0.80470892} 174472 : { BUY 5158.48@0.80470892} 174471 : { SELL 19749.72@0.8079342} 174470 : { SELL 19749.72@0.8079342} 
Sun Nov 23 21:56:06 EST 2014 , 4 , 2 , 2 , 174473 : { BUY 5158.48@0.80470892} 174472 : { BUY 5158.48@0.80470892} 174471 : { SELL 19749.72@0.8079342} 174470 : { SELL 19749.72@0.8079342} 
Sun Nov 23 21:59:07 EST 2014 , 4 , 2 , 2 , 174473 : { BUY 5158.48@0.80470892} 174472 : { BUY 5158.48@0.80470892} 174471 : { SELL 19749.72@0.8079342} 174470 : { SELL 19749.72@0.8079342} 
Sun Nov 23 22:02:08 EST 2014 , 4 , 2 , 2 , 174473 : { BUY 5158.48@0.80470892} 174472 : { BUY 5158.48@0.80470892} 174471 : { SELL 19749.72@0.8079342} 174470 : { SELL 19749.72@0.8079342} 
Sun Nov 23 22:05:09 EST 2014 , 4 , 2 , 2 , 174473 : { BUY 5158.48@0.80470892} 174472 : { BUY 5158.48@0.80470892} 174471 : { SELL 19749.72@0.8079342} 174470 : { SELL 19749.72@0.8079342} 
Sun Nov 23 22:08:10 EST 2014 , 4 , 2 , 2 , 174473 : { BUY 5158.48@0.80470892} 174472 : { BUY 5158.48@0.80470892} 174471 : { SELL 19749.72@0.8079342} 174470 : { SELL 19749.72@0.8079342} 
Sun Nov 23 22:11:11 EST 2014 , 4 , 2 , 2 , 174473 : { BUY 5158.48@0.80470892} 174472 : { BUY 5158.48@0.80470892} 174471 : { SELL 19749.72@0.8079342} 174470 : { SELL 19749.72@0.8079342} 
Sun Nov 23 22:14:12 EST 2014 , 4 , 2 , 2 , 174473 : { BUY 5158.48@0.80470892} 174472 : { BUY 5158.48@0.80470892} 174471 : { SELL 19749.72@0.8079342} 174470 : { SELL 19749.72@0.8079342} 
Sun Nov 23 22:17:13 EST 2014 , 4 , 2 , 2 , 174473 : { BUY 5158.48@0.80470892} 174472 : { BUY 5158.48@0.80470892} 174471 : { SELL 19749.72@0.8079342} 174470 : { SELL 19749.72@0.8079342} 
Sun Nov 23 22:20:14 EST 2014 , 4 , 2 , 2 , 174473 : { BUY 5158.48@0.80470892} 174472 : { BUY 5158.48@0.80470892} 174471 : { SELL 19749.72@0.8079342} 174470 : { SELL 19749.72@0.8079342} 
Sun Nov 23 22:23:15 EST 2014 , 4 , 2 , 2 , 174473 : { BUY 5158.48@0.80470892} 174472 : { BUY 5158.48@0.80470892} 174471 : { SELL 19749.72@0.8079342} 174470 : { SELL 19749.72@0.8079342} 
Sun Nov 23 22:26:16 EST 2014 , 4 , 2 , 2 , 174473 : { BUY 5158.48@0.80470892} 174472 : { BUY 5158.48@0.80470892} 174471 : { SELL 19749.72@0.8079342} 174470 : { SELL 19749.72@0.8079342} 
Sun Nov 23 22:29:17 EST 2014 , 4 , 2 , 2 , 174473 : { BUY 5158.48@0.80470892} 174472 : { BUY 5158.48@0.80470892} 174471 : { SELL 19749.72@0.8079342} 174470 : { SELL 19749.72@0.8079342} 
Sun Nov 23 22:32:18 EST 2014 , 4 , 2 , 2 , 174473 : { BUY 5158.48@0.80470892} 174472 : { BUY 5158.48@0.80470892} 174471 : { SELL 19749.72@0.8079342} 174470 : { SELL 19749.72@0.8079342} 
Sun Nov 23 22:35:19 EST 2014 , 4 , 2 , 2 , 174473 : { BUY 5158.48@0.80470892} 174472 : { BUY 5158.48@0.80470892} 174471 : { SELL 19749.72@0.8079342} 174470 : { SELL 19749.72@0.8079342} 
Sun Nov 23 22:38:20 EST 2014 , 4 , 2 , 2 , 174473 : { BUY 5158.48@0.80470892} 174472 : { BUY 5158.48@0.80470892} 174471 : { SELL 19749.72@0.8079342} 174470 : { SELL 19749.72@0.8079342} 
Sun Nov 23 22:41:21 EST 2014 , 4 , 2 , 2 , 174473 : { BUY 5158.48@0.80470892} 174472 : { BUY 5158.48@0.80470892} 174471 : { SELL 19749.72@0.8079342} 174470 : { SELL 19749.72@0.8079342} 
Sun Nov 23 22:44:22 EST 2014 , 4 , 2 , 2 , 174473 : { BUY 5158.48@0.80470892} 174472 : { BUY 5158.48@0.80470892} 174471 : { SELL 19749.72@0.8079342} 174470 : { SELL 19749.72@0.8079342} 
Sun Nov 23 22:47:23 EST 2014 , 4 , 2 , 2 , 174473 : { BUY 5158.48@0.80470892} 174472 : { BUY 5158.48@0.80470892} 174471 : { SELL 19749.72@0.8079342} 174470 : { SELL 19749.72@0.8079342} 
Sun Nov 23 22:50:24 EST 2014 , 4 , 2 , 2 , 174473 : { BUY 5158.48@0.80470892} 174472 : { BUY 5158.48@0.80470892} 174471 : { SELL 19749.72@0.8079342} 174470 : { SELL 19749.72@0.8079342} 
Sun Nov 23 22:53:25 EST 2014 , 4 , 2 , 2 , 174473 : { BUY 5158.48@0.80470892} 174472 : { BUY 5158.48@0.80470892} 174471 : { SELL 19749.72@0.8079342} 174470 : { SELL 19749.72@0.8079342} 
Sun Nov 23 22:56:26 EST 2014 , 4 , 2 , 2 , 174473 : { BUY 5158.48@0.80470892} 174472 : { BUY 5158.48@0.80470892} 174471 : { SELL 19749.72@0.8079342} 174470 : { SELL 19749.72@0.8079342} 
Sun Nov 23 22:59:27 EST 2014 , 4 , 2 , 2 , 174473 : { BUY 5158.48@0.80470892} 174472 : { BUY 5158.48@0.80470892} 174471 : { SELL 19749.72@0.8079342} 174470 : { SELL 19749.72@0.8079342} 
Sun Nov 23 23:02:28 EST 2014 , 4 , 2 , 2 , 174473 : { BUY 5158.48@0.80470892} 174472 : { BUY 5158.48@0.80470892} 174471 : { SELL 19749.72@0.8079342} 174470 : { SELL 19749.72@0.8079342} 
Sun Nov 23 23:05:29 EST 2014 , 4 , 2 , 2 , 174473 : { BUY 5158.48@0.80470892} 174472 : { BUY 5158.48@0.80470892} 174471 : { SELL 19749.72@0.8079342} 174470 : { SELL 19749.72@0.8079342} 
Sun Nov 23 23:08:30 EST 2014 , 4 , 2 , 2 , 174473 : { BUY 5158.48@0.80470892} 174472 : { BUY 5158.48@0.80470892} 174471 : { SELL 19749.72@0.8079342} 174470 : { SELL 19749.72@0.8079342} 
Sun Nov 23 23:11:31 EST 2014 , 4 , 2 , 2 , 174473 : { BUY 5158.48@0.80470892} 174472 : { BUY 5158.48@0.80470892} 174471 : { SELL 19749.72@0.8079342} 174470 : { SELL 19749.72@0.8079342} 
Sun Nov 23 23:14:32 EST 2014 , 4 , 2 , 2 , 174473 : { BUY 5158.48@0.80470892} 174472 : { BUY 5158.48@0.80470892} 174471 : { SELL 19749.72@0.8079342} 174470 : { SELL 19749.72@0.8079342} 
Sun Nov 23 23:17:33 EST 2014 , 4 , 2 , 2 , 174473 : { BUY 5158.48@0.80470892} 174472 : { BUY 5158.48@0.80470892} 174471 : { SELL 19749.72@0.8079342} 174470 : { SELL 19749.72@0.8079342} 
Sun Nov 23 23:20:34 EST 2014 , 4 , 2 , 2 , 174473 : { BUY 5158.48@0.80470892} 174472 : { BUY 5158.48@0.80470892} 174471 : { SELL 19749.72@0.8079342} 174470 : { SELL 19749.72@0.8079342} 
Sun Nov 23 23:23:35 EST 2014 , 4 , 2 , 2 , 174473 : { BUY 5158.48@0.80470892} 174472 : { BUY 5158.48@0.80470892} 174471 : { SELL 19749.72@0.8079342} 174470 : { SELL 19749.72@0.8079342} 
Sun Nov 23 23:26:36 EST 2014 , 4 , 2 , 2 , 174473 : { BUY 5158.48@0.80470892} 174472 : { BUY 5158.48@0.80470892} 174471 : { SELL 19749.72@0.8079342} 174470 : { SELL 19749.72@0.8079342} 
Sun Nov 23 23:29:37 EST 2014 , 4 , 2 , 2 , 174473 : { BUY 5158.48@0.80470892} 174472 : { BUY 5158.48@0.80470892} 174471 : { SELL 19749.72@0.8079342} 174470 : { SELL 19749.72@0.8079342} 
Sun Nov 23 23:32:38 EST 2014 , 4 , 2 , 2 , 174473 : { BUY 5158.48@0.80470892} 174472 : { BUY 5158.48@0.80470892} 174471 : { SELL 19749.72@0.8079342} 174470 : { SELL 19749.72@0.8079342} 
Sun Nov 23 23:35:39 EST 2014 , 4 , 2 , 2 , 174473 : { BUY 5158.48@0.80470892} 174472 : { BUY 5158.48@0.80470892} 174471 : { SELL 19749.72@0.8079342} 174470 : { SELL 19749.72@0.8079342} 
Sun Nov 23 23:38:40 EST 2014 , 4 , 2 , 2 , 174473 : { BUY 5158.48@0.80470892} 174472 : { BUY 5158.48@0.80470892} 174471 : { SELL 19749.72@0.8079342} 174470 : { SELL 19749.72@0.8079342} 
Sun Nov 23 23:41:41 EST 2014 , 4 , 2 , 2 , 174473 : { BUY 5158.48@0.80470892} 174472 : { BUY 5158.48@0.80470892} 174471 : { SELL 19749.72@0.8079342} 174470 : { SELL 19749.72@0.8079342} 
Sun Nov 23 23:44:42 EST 2014 , 4 , 2 , 2 , 174473 : { BUY 5158.48@0.80470892} 174472 : { BUY 5158.48@0.80470892} 174471 : { SELL 19749.72@0.8079342} 174470 : { SELL 19749.72@0.8079342} 
Sun Nov 23 23:47:43 EST 2014 , 4 , 2 , 2 , 174473 : { BUY 5158.48@0.80470892} 174472 : { BUY 5158.48@0.80470892} 174471 : { SELL 19749.72@0.8079342} 174470 : { SELL 19749.72@0.8079342} 
Sun Nov 23 23:50:44 EST 2014 , 4 , 2 , 2 , 174473 : { BUY 5158.48@0.80470892} 174472 : { BUY 5158.48@0.80470892} 174471 : { SELL 19749.72@0.8079342} 174470 : { SELL 19749.72@0.8079342} 
Sun Nov 23 23:53:45 EST 2014 , 4 , 2 , 2 , 174473 : { BUY 5158.48@0.80470892} 174472 : { BUY 5158.48@0.80470892} 174471 : { SELL 19749.72@0.8079342} 174470 : { SELL 19749.72@0.8079342} 
Sun Nov 23 23:56:46 EST 2014 , 4 , 2 , 2 , 174473 : { BUY 5158.48@0.80470892} 174472 : { BUY 5158.48@0.80470892} 174471 : { SELL 19749.72@0.8079342} 174470 : { SELL 19749.72@0.8079342} 
Sun Nov 23 23:59:47 EST 2014 , 4 , 2 , 2 , 174473 : { BUY 5158.48@0.80470892} 174472 : { BUY 5158.48@0.80470892} 174471 : { SELL 19749.72@0.8079342} 174470 : { SELL 19749.72@0.8079342} 
Mon Nov 24 00:02:48 EST 2014 , 4 , 2 , 2 , 174473 : { BUY 5158.48@0.80470892} 174472 : { BUY 5158.48@0.80470892} 174471 : { SELL 19749.72@0.8079342} 174470 : { SELL 19749.72@0.8079342} 
Mon Nov 24 00:05:49 EST 2014 , 4 , 2 , 2 , 174473 : { BUY 5158.48@0.80470892} 174472 : { BUY 5158.48@0.80470892} 174471 : { SELL 19749.72@0.8079342} 174470 : { SELL 19749.72@0.8079342} 
Mon Nov 24 00:08:50 EST 2014 , 4 , 2 , 2 , 174473 : { BUY 5158.48@0.80470892} 174472 : { BUY 5158.48@0.80470892} 174471 : { SELL 19749.72@0.8079342} 174470 : { SELL 19749.72@0.8079342} 
Mon Nov 24 00:11:51 EST 2014 , 4 , 2 , 2 , 174473 : { BUY 5158.48@0.80470892} 174472 : { BUY 5158.48@0.80470892} 174471 : { SELL 19749.72@0.8079342} 174470 : { SELL 19749.72@0.8079342} 
Mon Nov 24 00:14:52 EST 2014 , 4 , 2 , 2 , 174473 : { BUY 5158.48@0.80470892} 174472 : { BUY 5158.48@0.80470892} 174471 : { SELL 19749.72@0.8079342} 174470 : { SELL 19749.72@0.8079342} 
Mon Nov 24 00:17:53 EST 2014 , 4 , 2 , 2 , 174473 : { BUY 5158.48@0.80470892} 174472 : { BUY 5158.48@0.80470892} 174471 : { SELL 19749.72@0.8079342} 174470 : { SELL 19749.72@0.8079342} 
Mon Nov 24 00:20:54 EST 2014 , 4 , 2 , 2 , 174473 : { BUY 5158.48@0.80470892} 174472 : { BUY 5158.48@0.80470892} 174471 : { SELL 19749.72@0.8079342} 174470 : { SELL 19749.72@0.8079342} 
Mon Nov 24 00:23:55 EST 2014 , 4 , 2 , 2 , 174473 : { BUY 5158.48@0.80470892} 174472 : { BUY 5158.48@0.80470892} 174471 : { SELL 19749.72@0.8079342} 174470 : { SELL 19749.72@0.8079342} 
Mon Nov 24 00:26:56 EST 2014 , 4 , 2 , 2 , 174473 : { BUY 5158.48@0.80470892} 174472 : { BUY 5158.48@0.80470892} 174471 : { SELL 19749.72@0.8079342} 174470 : { SELL 19749.72@0.8079342} 
Mon Nov 24 00:29:57 EST 2014 , 4 , 2 , 2 , 174473 : { BUY 5158.48@0.80470892} 174472 : { BUY 5158.48@0.80470892} 174471 : { SELL 19749.72@0.8079342} 174470 : { SELL 19749.72@0.8079342} 
Mon Nov 24 00:32:58 EST 2014 , 4 , 2 , 2 , 174473 : { BUY 5158.48@0.80470892} 174472 : { BUY 5158.48@0.80470892} 174471 : { SELL 19749.72@0.8079342} 174470 : { SELL 19749.72@0.8079342} 
Mon Nov 24 00:35:59 EST 2014 , 4 , 2 , 2 , 174473 : { BUY 5158.48@0.80470892} 174472 : { BUY 5158.48@0.80470892} 174471 : { SELL 19749.72@0.8079342} 174470 : { SELL 19749.72@0.8079342} 
Mon Nov 24 00:39:00 EST 2014 , 4 , 2 , 2 , 174473 : { BUY 5158.48@0.80470892} 174472 : { BUY 5158.48@0.80470892} 174471 : { SELL 19749.72@0.8079342} 174470 : { SELL 19749.72@0.8079342} 
Mon Nov 24 00:42:01 EST 2014 , 4 , 2 , 2 , 174473 : { BUY 5158.48@0.80470892} 174472 : { BUY 5158.48@0.80470892} 174471 : { SELL 19749.72@0.8079342} 174470 : { SELL 19749.72@0.8079342} 
Mon Nov 24 00:45:02 EST 2014 , 4 , 2 , 2 , 174473 : { BUY 5158.48@0.80470892} 174472 : { BUY 5158.48@0.80470892} 174471 : { SELL 19749.72@0.8079342} 174470 : { SELL 19749.72@0.8079342} 
Mon Nov 24 00:48:03 EST 2014 , 4 , 2 , 2 , 174473 : { BUY 5158.48@0.80470892} 174472 : { BUY 5158.48@0.80470892} 174471 : { SELL 19749.72@0.8079342} 174470 : { SELL 19749.72@0.8079342} 
Mon Nov 24 00:51:04 EST 2014 , 4 , 2 , 2 , 174473 : { BUY 5158.48@0.80470892} 174472 : { BUY 5158.48@0.80470892} 174471 : { SELL 19749.72@0.8079342} 174470 : { SELL 19749.72@0.8079342} 
Mon Nov 24 00:54:05 EST 2014 , 4 , 2 , 2 , 174473 : { BUY 5158.48@0.80470892} 174472 : { BUY 5158.48@0.80470892} 174471 : { SELL 19749.72@0.8079342} 174470 : { SELL 19749.72@0.8079342} 
Mon Nov 24 00:57:06 EST 2014 , 4 , 2 , 2 , 174473 : { BUY 5158.48@0.80470892} 174472 : { BUY 5158.48@0.80470892} 174471 : { SELL 19749.72@0.8079342} 174470 : { SELL 19749.72@0.8079342} 
Mon Nov 24 01:00:07 EST 2014 , 4 , 2 , 2 , 174473 : { BUY 5158.48@0.80470892} 174472 : { BUY 5158.48@0.80470892} 174471 : { SELL 19749.72@0.8079342} 174470 : { SELL 19749.72@0.8079342} 
Mon Nov 24 01:03:08 EST 2014 , 4 , 2 , 2 , 174473 : { BUY 5158.48@0.80470892} 174472 : { BUY 5158.48@0.80470892} 174471 : { SELL 19749.72@0.8079342} 174470 : { SELL 19749.72@0.8079342} 
Mon Nov 24 01:06:09 EST 2014 , 4 , 2 , 2 , 174473 : { BUY 5158.48@0.80470892} 174472 : { BUY 5158.48@0.80470892} 174471 : { SELL 19749.72@0.8079342} 174470 : { SELL 19749.72@0.8079342} 
Mon Nov 24 01:09:10 EST 2014 , 4 , 2 , 2 , 174473 : { BUY 5158.48@0.80470892} 174472 : { BUY 5158.48@0.80470892} 174471 : { SELL 19749.72@0.8079342} 174470 : { SELL 19749.72@0.8079342} 
Mon Nov 24 01:12:11 EST 2014 , 4 , 2 , 2 , 174473 : { BUY 5158.48@0.80470892} 174472 : { BUY 5158.48@0.80470892} 174471 : { SELL 19749.72@0.8079342} 174470 : { SELL 19749.72@0.8079342} 
Mon Nov 24 01:15:12 EST 2014 , 4 , 2 , 2 , 174473 : { BUY 5158.48@0.80470892} 174472 : { BUY 5158.48@0.80470892} 174471 : { SELL 19749.72@0.8079342} 174470 : { SELL 19749.72@0.8079342} 
Mon Nov 24 01:18:13 EST 2014 , 4 , 2 , 2 , 174473 : { BUY 5158.48@0.80470892} 174472 : { BUY 5158.48@0.80470892} 174471 : { SELL 19749.72@0.8079342} 174470 : { SELL 19749.72@0.8079342} 
Mon Nov 24 01:21:14 EST 2014 , 4 , 2 , 2 , 174473 : { BUY 5158.48@0.80470892} 174472 : { BUY 5158.48@0.80470892} 174471 : { SELL 19749.72@0.8079342} 174470 : { SELL 19749.72@0.8079342} 
Mon Nov 24 01:24:15 EST 2014 , 4 , 2 , 2 , 174473 : { BUY 5158.48@0.80470892} 174472 : { BUY 5158.48@0.80470892} 174471 : { SELL 19749.72@0.8079342} 174470 : { SELL 19749.72@0.8079342} 
Mon Nov 24 01:27:16 EST 2014 , 4 , 2 , 2 , 174473 : { BUY 5158.48@0.80470892} 174472 : { BUY 5158.48@0.80470892} 174471 : { SELL 19749.72@0.8079342} 174470 : { SELL 19749.72@0.8079342} 
Mon Nov 24 01:30:17 EST 2014 , 4 , 2 , 2 , 174473 : { BUY 5158.48@0.80470892} 174472 : { BUY 5158.48@0.80470892} 174471 : { SELL 19749.72@0.8079342} 174470 : { SELL 19749.72@0.8079342} 
Mon Nov 24 01:33:18 EST 2014 , 4 , 2 , 2 , 174473 : { BUY 5158.48@0.80470892} 174472 : { BUY 5158.48@0.80470892} 174471 : { SELL 19749.72@0.8079342} 174470 : { SELL 19749.72@0.8079342} 
Mon Nov 24 01:36:19 EST 2014 , 4 , 2 , 2 , 174473 : { BUY 5158.48@0.80470892} 174472 : { BUY 5158.48@0.80470892} 174471 : { SELL 19749.72@0.8079342} 174470 : { SELL 19749.72@0.8079342} 
Mon Nov 24 01:39:20 EST 2014 , 4 , 2 , 2 , 174473 : { BUY 5158.48@0.80470892} 174472 : { BUY 5158.48@0.80470892} 174471 : { SELL 19749.72@0.8079342} 174470 : { SELL 19749.72@0.8079342} 
Mon Nov 24 01:42:21 EST 2014 , 4 , 2 , 2 , 174473 : { BUY 5158.48@0.80470892} 174472 : { BUY 5158.48@0.80470892} 174471 : { SELL 19749.72@0.8079342} 174470 : { SELL 19749.72@0.8079342} 
Mon Nov 24 01:45:22 EST 2014 , 4 , 2 , 2 , 174473 : { BUY 5158.48@0.80470892} 174472 : { BUY 5158.48@0.80470892} 174471 : { SELL 19749.72@0.8079342} 174470 : { SELL 19749.72@0.8079342} 
Mon Nov 24 01:48:23 EST 2014 , 4 , 2 , 2 , 174473 : { BUY 5158.48@0.80470892} 174472 : { BUY 5158.48@0.80470892} 174471 : { SELL 19749.72@0.8079342} 174470 : { SELL 19749.72@0.8079342} 
Mon Nov 24 01:51:24 EST 2014 , 4 , 2 , 2 , 174473 : { BUY 5158.48@0.80470892} 174472 : { BUY 5158.48@0.80470892} 174471 : { SELL 19749.72@0.8079342} 174470 : { SELL 19749.72@0.8079342} 
Mon Nov 24 01:54:25 EST 2014 , 4 , 2 , 2 , 174473 : { BUY 5158.48@0.80470892} 174472 : { BUY 5158.48@0.80470892} 174471 : { SELL 19749.72@0.8079342} 174470 : { SELL 19749.72@0.8079342} 
Mon Nov 24 01:57:26 EST 2014 , 4 , 2 , 2 , 174473 : { BUY 5158.48@0.80470892} 174472 : { BUY 5158.48@0.80470892} 174471 : { SELL 19749.72@0.8079342} 174470 : { SELL 19749.72@0.8079342} 
Mon Nov 24 02:00:27 EST 2014 , 4 , 2 , 2 , 174473 : { BUY 5158.48@0.80470892} 174472 : { BUY 5158.48@0.80470892} 174471 : { SELL 19749.72@0.8079342} 174470 : { SELL 19749.72@0.8079342} 
Mon Nov 24 02:03:28 EST 2014 , 4 , 2 , 2 , 174473 : { BUY 5158.48@0.80470892} 174472 : { BUY 5158.48@0.80470892} 174471 : { SELL 19749.72@0.8079342} 174470 : { SELL 19749.72@0.8079342} 
Mon Nov 24 02:06:29 EST 2014 , 4 , 2 , 2 , 174473 : { BUY 5158.48@0.80470892} 174472 : { BUY 5158.48@0.80470892} 174471 : { SELL 19749.72@0.8079342} 174470 : { SELL 19749.72@0.8079342} 
Mon Nov 24 02:09:30 EST 2014 , 4 , 2 , 2 , 174473 : { BUY 5158.48@0.80470892} 174472 : { BUY 5158.48@0.80470892} 174471 : { SELL 19749.72@0.8079342} 174470 : { SELL 19749.72@0.8079342} 
Mon Nov 24 02:12:31 EST 2014 , 4 , 2 , 2 , 174473 : { BUY 5158.48@0.80470892} 174472 : { BUY 5158.48@0.80470892} 174471 : { SELL 19749.72@0.8079342} 174470 : { SELL 19749.72@0.8079342} 
Mon Nov 24 02:15:32 EST 2014 , 4 , 2 , 2 , 174473 : { BUY 5158.48@0.80470892} 174472 : { BUY 5158.48@0.80470892} 174471 : { SELL 19749.72@0.8079342} 174470 : { SELL 19749.72@0.8079342} 
Mon Nov 24 02:18:33 EST 2014 , 4 , 2 , 2 , 174473 : { BUY 5158.48@0.80470892} 174472 : { BUY 5158.48@0.80470892} 174471 : { SELL 19749.72@0.8079342} 174470 : { SELL 19749.72@0.8079342} 
Mon Nov 24 02:21:34 EST 2014 , 4 , 2 , 2 , 174473 : { BUY 5158.48@0.80470892} 174472 : { BUY 5158.48@0.80470892} 174471 : { SELL 19749.72@0.8079342} 174470 : { SELL 19749.72@0.8079342} 
Mon Nov 24 02:24:35 EST 2014 , 4 , 2 , 2 , 174473 : { BUY 5158.48@0.80470892} 174472 : { BUY 5158.48@0.80470892} 174471 : { SELL 19749.72@0.8079342} 174470 : { SELL 19749.72@0.8079342} 
Mon Nov 24 02:27:36 EST 2014 , 4 , 2 , 2 , 174473 : { BUY 5158.48@0.80470892} 174472 : { BUY 5158.48@0.80470892} 174471 : { SELL 19749.72@0.8079342} 174470 : { SELL 19749.72@0.8079342} 
Mon Nov 24 02:30:37 EST 2014 , 4 , 2 , 2 , 174473 : { BUY 5158.48@0.80470892} 174472 : { BUY 5158.48@0.80470892} 174471 : { SELL 19749.72@0.8079342} 174470 : { SELL 19749.72@0.8079342} 
Mon Nov 24 02:33:38 EST 2014 , 4 , 2 , 2 , 174473 : { BUY 5158.48@0.80470892} 174472 : { BUY 5158.48@0.80470892} 174471 : { SELL 19749.72@0.8079342} 174470 : { SELL 19749.72@0.8079342} 
Mon Nov 24 02:36:40 EST 2014 , 4 , 2 , 2 , 174473 : { BUY 5158.48@0.80470892} 174472 : { BUY 5158.48@0.80470892} 174471 : { SELL 19749.72@0.8079342} 174470 : { SELL 19749.72@0.8079342} 
Mon Nov 24 02:39:40 EST 2014 , 4 , 2 , 2 , 174473 : { BUY 5158.48@0.80470892} 174472 : { BUY 5158.48@0.80470892} 174471 : { SELL 19749.72@0.8079342} 174470 : { SELL 19749.72@0.8079342} 
Mon Nov 24 02:42:41 EST 2014 , 4 , 2 , 2 , 174473 : { BUY 5158.48@0.80470892} 174472 : { BUY 5158.48@0.80470892} 174471 : { SELL 19749.72@0.8079342} 174470 : { SELL 19749.72@0.8079342} 
Mon Nov 24 02:45:42 EST 2014 , 4 , 2 , 2 , 174473 : { BUY 5158.48@0.80470892} 174472 : { BUY 5158.48@0.80470892} 174471 : { SELL 19749.72@0.8079342} 174470 : { SELL 19749.72@0.8079342} 
Mon Nov 24 02:48:43 EST 2014 , 4 , 2 , 2 , 174473 : { BUY 5158.48@0.80470892} 174472 : { BUY 5158.48@0.80470892} 174471 : { SELL 19749.72@0.8079342} 174470 : { SELL 19749.72@0.8079342} 
Mon Nov 24 02:51:44 EST 2014 , 4 , 2 , 2 , 174473 : { BUY 5158.48@0.80470892} 174472 : { BUY 5158.48@0.80470892} 174471 : { SELL 19749.72@0.8079342} 174470 : { SELL 19749.72@0.8079342} 
Mon Nov 24 02:54:45 EST 2014 , 4 , 2 , 2 , 174473 : { BUY 5158.48@0.80470892} 174472 : { BUY 5158.48@0.80470892} 174471 : { SELL 19749.72@0.8079342} 174470 : { SELL 19749.72@0.8079342} 
Mon Nov 24 02:57:46 EST 2014 , 4 , 2 , 2 , 174473 : { BUY 5158.48@0.80470892} 174472 : { BUY 5158.48@0.80470892} 174471 : { SELL 19749.72@0.8079342} 174470 : { SELL 19749.72@0.8079342} 
Mon Nov 24 03:00:47 EST 2014 , 4 , 2 , 2 , 174473 : { BUY 5158.48@0.80470892} 174472 : { BUY 5158.48@0.80470892} 174471 : { SELL 19749.72@0.8079342} 174470 : { SELL 19749.72@0.8079342} 
Mon Nov 24 03:03:48 EST 2014 , 4 , 2 , 2 , 174473 : { BUY 5158.48@0.80470892} 174472 : { BUY 5158.48@0.80470892} 174471 : { SELL 19749.72@0.8079342} 174470 : { SELL 19749.72@0.8079342} 
Mon Nov 24 03:06:49 EST 2014 , 4 , 2 , 2 , 174473 : { BUY 5158.48@0.80470892} 174472 : { BUY 5158.48@0.80470892} 174471 : { SELL 19749.72@0.8079342} 174470 : { SELL 19749.72@0.8079342} 
Mon Nov 24 03:09:50 EST 2014 , 4 , 2 , 2 , 174473 : { BUY 5158.48@0.80470892} 174472 : { BUY 5158.48@0.80470892} 174471 : { SELL 19749.72@0.8079342} 174470 : { SELL 19749.72@0.8079342} 
Mon Nov 24 03:12:51 EST 2014 , 4 , 2 , 2 , 174473 : { BUY 5158.48@0.80470892} 174472 : { BUY 5158.48@0.80470892} 174471 : { SELL 19749.72@0.8079342} 174470 : { SELL 19749.72@0.8079342} 
Mon Nov 24 03:15:52 EST 2014 , 4 , 2 , 2 , 174473 : { BUY 5158.48@0.80470892} 174472 : { BUY 5158.48@0.80470892} 174471 : { SELL 19749.72@0.8079342} 174470 : { SELL 19749.72@0.8079342} 
Mon Nov 24 03:18:53 EST 2014 , 4 , 2 , 2 , 174473 : { BUY 5158.48@0.80470892} 174472 : { BUY 5158.48@0.80470892} 174471 : { SELL 19749.72@0.8079342} 174470 : { SELL 19749.72@0.8079342} 
Mon Nov 24 03:21:54 EST 2014 , 4 , 2 , 2 , 174473 : { BUY 5158.48@0.80470892} 174472 : { BUY 5158.48@0.80470892} 174471 : { SELL 19749.72@0.8079342} 174470 : { SELL 19749.72@0.8079342} 
Mon Nov 24 03:24:55 EST 2014 , 4 , 2 , 2 , 174473 : { BUY 5158.48@0.80470892} 174472 : { BUY 5158.48@0.80470892} 174471 : { SELL 19749.72@0.8079342} 174470 : { SELL 19749.72@0.8079342} 
Mon Nov 24 03:27:56 EST 2014 , 4 , 2 , 2 , 174473 : { BUY 5158.48@0.80470892} 174472 : { BUY 5158.48@0.80470892} 174471 : { SELL 19749.72@0.8079342} 174470 : { SELL 19749.72@0.8079342} 
Mon Nov 24 03:30:57 EST 2014 , 4 , 2 , 2 , 174473 : { BUY 5158.48@0.80470892} 174472 : { BUY 5158.48@0.80470892} 174471 : { SELL 19749.72@0.8079342} 174470 : { SELL 19749.72@0.8079342} 
Mon Nov 24 03:33:58 EST 2014 , 4 , 2 , 2 , 174473 : { BUY 5158.48@0.80470892} 174472 : { BUY 5158.48@0.80470892} 174471 : { SELL 19749.72@0.8079342} 174470 : { SELL 19749.72@0.8079342} 
Mon Nov 24 03:36:59 EST 2014 , 4 , 2 , 2 , 174473 : { BUY 5158.48@0.80470892} 174472 : { BUY 5158.48@0.80470892} 174471 : { SELL 19749.72@0.8079342} 174470 : { SELL 19749.72@0.8079342} 
Mon Nov 24 03:40:00 EST 2014 , 4 , 2 , 2 , 174473 : { BUY 5158.48@0.80470892} 174472 : { BUY 5158.48@0.80470892} 174471 : { SELL 19749.72@0.8079342} 174470 : { SELL 19749.72@0.8079342} 
Mon Nov 24 03:43:01 EST 2014 , 4 , 2 , 2 , 174473 : { BUY 5158.48@0.80470892} 174472 : { BUY 5158.48@0.80470892} 174471 : { SELL 19749.72@0.8079342} 174470 : { SELL 19749.72@0.8079342} 
Mon Nov 24 03:46:02 EST 2014 , 4 , 2 , 2 , 174473 : { BUY 5158.48@0.80470892} 174472 : { BUY 5158.48@0.80470892} 174471 : { SELL 19749.72@0.8079342} 174470 : { SELL 19749.72@0.8079342} 
Mon Nov 24 03:49:03 EST 2014 , 4 , 2 , 2 , 174473 : { BUY 5158.48@0.80470892} 174472 : { BUY 5158.48@0.80470892} 174471 : { SELL 19749.72@0.8079342} 174470 : { SELL 19749.72@0.8079342} 
Mon Nov 24 03:52:04 EST 2014 , 4 , 2 , 2 , 174473 : { BUY 5158.48@0.80470892} 174472 : { BUY 5158.48@0.80470892} 174471 : { SELL 19749.72@0.8079342} 174470 : { SELL 19749.72@0.8079342} 
Mon Nov 24 03:55:05 EST 2014 , 4 , 2 , 2 , 174473 : { BUY 5158.48@0.80470892} 174472 : { BUY 5158.48@0.80470892} 174471 : { SELL 19749.72@0.8079342} 174470 : { SELL 19749.72@0.8079342} 
Mon Nov 24 03:58:06 EST 2014 , 4 , 2 , 2 , 174473 : { BUY 5158.48@0.80470892} 174472 : { BUY 5158.48@0.80470892} 174471 : { SELL 19749.72@0.8079342} 174470 : { SELL 19749.72@0.8079342} 
Mon Nov 24 04:01:07 EST 2014 , 4 , 2 , 2 , 174473 : { BUY 5158.48@0.80470892} 174472 : { BUY 5158.48@0.80470892} 174471 : { SELL 19749.72@0.8079342} 174470 : { SELL 19749.72@0.8079342} 
Mon Nov 24 04:04:08 EST 2014 , 4 , 2 , 2 , 174473 : { BUY 5158.48@0.80470892} 174472 : { BUY 5158.48@0.80470892} 174471 : { SELL 19749.72@0.8079342} 174470 : { SELL 19749.72@0.8079342} 
Mon Nov 24 04:07:09 EST 2014 , 4 , 2 , 2 , 174473 : { BUY 5158.48@0.80470892} 174472 : { BUY 5158.48@0.80470892} 174471 : { SELL 19749.72@0.8079342} 174470 : { SELL 19749.72@0.8079342} 
Mon Nov 24 04:10:10 EST 2014 , 4 , 2 , 2 , 174473 : { BUY 5158.48@0.80470892} 174472 : { BUY 5158.48@0.80470892} 174471 : { SELL 19749.72@0.8079342} 174470 : { SELL 19749.72@0.8079342} 
Mon Nov 24 04:13:11 EST 2014 , 4 , 2 , 2 , 174473 : { BUY 5158.48@0.80470892} 174472 : { BUY 5158.48@0.80470892} 174471 : { SELL 19749.72@0.8079342} 174470 : { SELL 19749.72@0.8079342} 
Mon Nov 24 04:16:12 EST 2014 , 4 , 2 , 2 , 174473 : { BUY 5158.48@0.80470892} 174472 : { BUY 5158.48@0.80470892} 174471 : { SELL 19749.72@0.8079342} 174470 : { SELL 19749.72@0.8079342} 
Mon Nov 24 04:19:13 EST 2014 , 4 , 2 , 2 , 174473 : { BUY 5158.48@0.80470892} 174472 : { BUY 5158.48@0.80470892} 174471 : { SELL 19749.72@0.8079342} 174470 : { SELL 19749.72@0.8079342} 
Mon Nov 24 04:22:14 EST 2014 , 4 , 2 , 2 , 174473 : { BUY 5158.48@0.80470892} 174472 : { BUY 5158.48@0.80470892} 174471 : { SELL 19749.72@0.8079342} 174470 : { SELL 19749.72@0.8079342} 
Mon Nov 24 04:25:15 EST 2014 , 4 , 2 , 2 , 174473 : { BUY 5158.48@0.80470892} 174472 : { BUY 5158.48@0.80470892} 174471 : { SELL 19749.72@0.8079342} 174470 : { SELL 19749.72@0.8079342} 
Mon Nov 24 04:28:16 EST 2014 , 4 , 2 , 2 , 174473 : { BUY 5158.48@0.80470892} 174472 : { BUY 5158.48@0.80470892} 174471 : { SELL 19749.72@0.8079342} 174470 : { SELL 19749.72@0.8079342} 
Mon Nov 24 04:31:17 EST 2014 , 4 , 2 , 2 , 174473 : { BUY 5158.48@0.80470892} 174472 : { BUY 5158.48@0.80470892} 174471 : { SELL 19749.72@0.8079342} 174470 : { SELL 19749.72@0.8079342} 
Mon Nov 24 04:34:18 EST 2014 , 4 , 2 , 2 , 174473 : { BUY 5158.48@0.80470892} 174472 : { BUY 5158.48@0.80470892} 174471 : { SELL 19749.72@0.8079342} 174470 : { SELL 19749.72@0.8079342} 
Mon Nov 24 04:37:19 EST 2014 , 4 , 2 , 2 , 174473 : { BUY 5158.48@0.80470892} 174472 : { BUY 5158.48@0.80470892} 174471 : { SELL 19749.72@0.8079342} 174470 : { SELL 19749.72@0.8079342} 
Mon Nov 24 04:40:20 EST 2014 , 4 , 2 , 2 , 177397 : { BUY 5223.61@0.80470892} 177396 : { BUY 5223.61@0.80470892} 177395 : { SELL 19684.72@0.8079342} 177394 : { SELL 19684.72@0.8079342} 
Mon Nov 24 04:43:21 EST 2014 , 4 , 2 , 2 , 177397 : { BUY 5223.61@0.80470892} 177396 : { BUY 5223.61@0.80470892} 177395 : { SELL 19684.72@0.8079342} 177394 : { SELL 19684.72@0.8079342} 
Mon Nov 24 04:46:22 EST 2014 , 4 , 2 , 2 , 177397 : { BUY 5223.61@0.80470892} 177396 : { BUY 5223.61@0.80470892} 177395 : { SELL 19684.72@0.8079342} 177394 : { SELL 19684.72@0.8079342} 
Mon Nov 24 04:49:23 EST 2014 , 4 , 2 , 2 , 177397 : { BUY 5223.61@0.80470892} 177396 : { BUY 5223.61@0.80470892} 177395 : { SELL 19684.72@0.8079342} 177394 : { SELL 19684.72@0.8079342} 
Mon Nov 24 04:52:24 EST 2014 , 4 , 2 , 2 , 177397 : { BUY 5223.61@0.80470892} 177396 : { BUY 5223.61@0.80470892} 177395 : { SELL 19684.72@0.8079342} 177394 : { SELL 19684.72@0.8079342} 
Mon Nov 24 04:55:25 EST 2014 , 4 , 2 , 2 , 177397 : { BUY 5223.61@0.80470892} 177396 : { BUY 5223.61@0.80470892} 177395 : { SELL 19684.72@0.8079342} 177394 : { SELL 19684.72@0.8079342} 
Mon Nov 24 04:58:26 EST 2014 , 4 , 2 , 2 , 177397 : { BUY 5223.61@0.80470892} 177396 : { BUY 5223.61@0.80470892} 177395 : { SELL 19684.72@0.8079342} 177394 : { SELL 19684.72@0.8079342} 
Mon Nov 24 05:01:27 EST 2014 , 4 , 2 , 2 , 177397 : { BUY 5223.61@0.80470892} 177396 : { BUY 5223.61@0.80470892} 177395 : { SELL 19684.72@0.8079342} 177394 : { SELL 19684.72@0.8079342} 
Mon Nov 24 05:04:28 EST 2014 , 4 , 2 , 2 , 177397 : { BUY 5223.61@0.80470892} 177396 : { BUY 5223.61@0.80470892} 177395 : { SELL 19684.72@0.8079342} 177394 : { SELL 19684.72@0.8079342} 
Mon Nov 24 05:07:29 EST 2014 , 4 , 2 , 2 , 177397 : { BUY 5223.61@0.80470892} 177396 : { BUY 5223.61@0.80470892} 177395 : { SELL 19684.72@0.8079342} 177394 : { SELL 19684.72@0.8079342} 
Mon Nov 24 05:10:30 EST 2014 , 4 , 2 , 2 , 177397 : { BUY 5223.61@0.80470892} 177396 : { BUY 5223.61@0.80470892} 177395 : { SELL 19684.72@0.8079342} 177394 : { SELL 19684.72@0.8079342} 
Mon Nov 24 05:13:31 EST 2014 , 4 , 2 , 2 , 177397 : { BUY 5223.61@0.80470892} 177396 : { BUY 5223.61@0.80470892} 177395 : { SELL 19684.72@0.8079342} 177394 : { SELL 19684.72@0.8079342} 
Mon Nov 24 05:16:32 EST 2014 , 4 , 2 , 2 , 177397 : { BUY 5223.61@0.80470892} 177396 : { BUY 5223.61@0.80470892} 177395 : { SELL 19684.72@0.8079342} 177394 : { SELL 19684.72@0.8079342} 
Mon Nov 24 05:19:33 EST 2014 , 4 , 2 , 2 , 177397 : { BUY 5223.61@0.80470892} 177396 : { BUY 5223.61@0.80470892} 177395 : { SELL 19684.72@0.8079342} 177394 : { SELL 19684.72@0.8079342} 
Mon Nov 24 05:22:34 EST 2014 , 4 , 2 , 2 , 177397 : { BUY 5223.61@0.80470892} 177396 : { BUY 5223.61@0.80470892} 177395 : { SELL 19684.72@0.8079342} 177394 : { SELL 19684.72@0.8079342} 
Mon Nov 24 05:25:35 EST 2014 , 4 , 2 , 2 , 177397 : { BUY 5223.61@0.80470892} 177396 : { BUY 5223.61@0.80470892} 177395 : { SELL 19684.72@0.8079342} 177394 : { SELL 19684.72@0.8079342} 
Mon Nov 24 05:28:36 EST 2014 , 4 , 2 , 2 , 177397 : { BUY 5223.61@0.80470892} 177396 : { BUY 5223.61@0.80470892} 177395 : { SELL 19684.72@0.8079342} 177394 : { SELL 19684.72@0.8079342} 
Mon Nov 24 05:31:37 EST 2014 , 4 , 2 , 2 , 177397 : { BUY 5223.61@0.80470892} 177396 : { BUY 5223.61@0.80470892} 177395 : { SELL 19684.72@0.8079342} 177394 : { SELL 19684.72@0.8079342} 
Mon Nov 24 05:34:38 EST 2014 , 4 , 2 , 2 , 177397 : { BUY 5223.61@0.80470892} 177396 : { BUY 5223.61@0.80470892} 177395 : { SELL 19684.72@0.8079342} 177394 : { SELL 19684.72@0.8079342} 
Mon Nov 24 05:37:39 EST 2014 , 4 , 2 , 2 , 177397 : { BUY 5223.61@0.80470892} 177396 : { BUY 5223.61@0.80470892} 177395 : { SELL 19684.72@0.8079342} 177394 : { SELL 19684.72@0.8079342} 
Mon Nov 24 05:40:40 EST 2014 , 4 , 2 , 2 , 177397 : { BUY 5223.61@0.80470892} 177396 : { BUY 5223.61@0.80470892} 177395 : { SELL 19684.72@0.8079342} 177394 : { SELL 19684.72@0.8079342} 
Mon Nov 24 05:43:41 EST 2014 , 4 , 2 , 2 , 177397 : { BUY 5223.61@0.80470892} 177396 : { BUY 5223.61@0.80470892} 177395 : { SELL 19684.72@0.8079342} 177394 : { SELL 19684.72@0.8079342} 
Mon Nov 24 05:46:42 EST 2014 , 4 , 2 , 2 , 177397 : { BUY 5223.61@0.80470892} 177396 : { BUY 5223.61@0.80470892} 177395 : { SELL 19684.72@0.8079342} 177394 : { SELL 19684.72@0.8079342} 
Mon Nov 24 05:49:43 EST 2014 , 4 , 2 , 2 , 177397 : { BUY 5223.61@0.80470892} 177396 : { BUY 5223.61@0.80470892} 177395 : { SELL 19684.72@0.8079342} 177394 : { SELL 19684.72@0.8079342} 
Mon Nov 24 05:52:44 EST 2014 , 4 , 2 , 2 , 177397 : { BUY 5223.61@0.80470892} 177396 : { BUY 5223.61@0.80470892} 177395 : { SELL 19684.72@0.8079342} 177394 : { SELL 19684.72@0.8079342} 
Mon Nov 24 05:55:45 EST 2014 , 4 , 2 , 2 , 177397 : { BUY 5223.61@0.80470892} 177396 : { BUY 5223.61@0.80470892} 177395 : { SELL 19684.72@0.8079342} 177394 : { SELL 19684.72@0.8079342} 
Mon Nov 24 05:58:46 EST 2014 , 4 , 2 , 2 , 177397 : { BUY 5223.61@0.80470892} 177396 : { BUY 5223.61@0.80470892} 177395 : { SELL 19684.72@0.8079342} 177394 : { SELL 19684.72@0.8079342} 
Mon Nov 24 06:01:47 EST 2014 , 4 , 2 , 2 , 177397 : { BUY 5223.61@0.80470892} 177396 : { BUY 5223.61@0.80470892} 177395 : { SELL 19684.72@0.8079342} 177394 : { SELL 19684.72@0.8079342} 
Mon Nov 24 06:04:48 EST 2014 , 4 , 2 , 2 , 177397 : { BUY 5223.61@0.80470892} 177396 : { BUY 5223.61@0.80470892} 177395 : { SELL 19684.72@0.8079342} 177394 : { SELL 19684.72@0.8079342} 
Mon Nov 24 06:07:49 EST 2014 , 4 , 2 , 2 , 177397 : { BUY 5223.61@0.80470892} 177396 : { BUY 5223.61@0.80470892} 177395 : { SELL 19684.72@0.8079342} 177394 : { SELL 19684.72@0.8079342} 
Mon Nov 24 06:10:50 EST 2014 , 4 , 2 , 2 , 177397 : { BUY 5223.61@0.80470892} 177396 : { BUY 5223.61@0.80470892} 177395 : { SELL 19684.72@0.8079342} 177394 : { SELL 19684.72@0.8079342} 
Mon Nov 24 06:13:51 EST 2014 , 4 , 2 , 2 , 177397 : { BUY 5223.61@0.80470892} 177396 : { BUY 5223.61@0.80470892} 177395 : { SELL 19684.72@0.8079342} 177394 : { SELL 19684.72@0.8079342} 
Mon Nov 24 06:16:52 EST 2014 , 4 , 2 , 2 , 177397 : { BUY 5223.61@0.80470892} 177396 : { BUY 5223.61@0.80470892} 177395 : { SELL 19684.72@0.8079342} 177394 : { SELL 19684.72@0.8079342} 
Mon Nov 24 06:19:53 EST 2014 , 4 , 2 , 2 , 177397 : { BUY 5223.61@0.80470892} 177396 : { BUY 5223.61@0.80470892} 177395 : { SELL 19684.72@0.8079342} 177394 : { SELL 19684.72@0.8079342} 
Mon Nov 24 06:22:54 EST 2014 , 4 , 2 , 2 , 177397 : { BUY 5223.61@0.80470892} 177396 : { BUY 5223.61@0.80470892} 177395 : { SELL 19684.72@0.8079342} 177394 : { SELL 19684.72@0.8079342} 
Mon Nov 24 06:25:55 EST 2014 , 4 , 2 , 2 , 177397 : { BUY 5223.61@0.80470892} 177396 : { BUY 5223.61@0.80470892} 177395 : { SELL 19684.72@0.8079342} 177394 : { SELL 19684.72@0.8079342} 
Mon Nov 24 06:28:56 EST 2014 , 4 , 2 , 2 , 177397 : { BUY 5223.61@0.80470892} 177396 : { BUY 5223.61@0.80470892} 177395 : { SELL 19684.72@0.8079342} 177394 : { SELL 19684.72@0.8079342} 
Mon Nov 24 06:31:57 EST 2014 , 4 , 2 , 2 , 177397 : { BUY 5223.61@0.80470892} 177396 : { BUY 5223.61@0.80470892} 177395 : { SELL 19684.72@0.8079342} 177394 : { SELL 19684.72@0.8079342} 
Mon Nov 24 06:34:58 EST 2014 , 4 , 2 , 2 , 177397 : { BUY 5223.61@0.80470892} 177396 : { BUY 5223.61@0.80470892} 177395 : { SELL 19684.72@0.8079342} 177394 : { SELL 19684.72@0.8079342} 
Mon Nov 24 06:37:59 EST 2014 , 4 , 2 , 2 , 177397 : { BUY 5223.61@0.80470892} 177396 : { BUY 5223.61@0.80470892} 177395 : { SELL 19684.72@0.8079342} 177394 : { SELL 19684.72@0.8079342} 
Mon Nov 24 06:41:00 EST 2014 , 4 , 2 , 2 , 177397 : { BUY 5223.61@0.80470892} 177396 : { BUY 5223.61@0.80470892} 177395 : { SELL 19684.72@0.8079342} 177394 : { SELL 19684.72@0.8079342} 
Mon Nov 24 06:44:01 EST 2014 , 4 , 2 , 2 , 177397 : { BUY 5223.61@0.80470892} 177396 : { BUY 5223.61@0.80470892} 177395 : { SELL 19684.72@0.8079342} 177394 : { SELL 19684.72@0.8079342} 
Mon Nov 24 06:47:02 EST 2014 , 4 , 2 , 2 , 177397 : { BUY 5223.61@0.80470892} 177396 : { BUY 5223.61@0.80470892} 177395 : { SELL 19684.72@0.8079342} 177394 : { SELL 19684.72@0.8079342} 
Mon Nov 24 06:50:03 EST 2014 , 4 , 2 , 2 , 177397 : { BUY 5223.61@0.80470892} 177396 : { BUY 5223.61@0.80470892} 177395 : { SELL 19684.72@0.8079342} 177394 : { SELL 19684.72@0.8079342} 
Mon Nov 24 06:53:04 EST 2014 , 4 , 2 , 2 , 177397 : { BUY 5223.61@0.80470892} 177396 : { BUY 5223.61@0.80470892} 177395 : { SELL 19684.72@0.8079342} 177394 : { SELL 19684.72@0.8079342} 
Mon Nov 24 06:56:05 EST 2014 , 4 , 2 , 2 , 177397 : { BUY 5223.61@0.80470892} 177396 : { BUY 5223.61@0.80470892} 177395 : { SELL 19684.72@0.8079342} 177394 : { SELL 19684.72@0.8079342} 
Mon Nov 24 06:59:06 EST 2014 , 4 , 2 , 2 , 177397 : { BUY 5223.61@0.80470892} 177396 : { BUY 5223.61@0.80470892} 177395 : { SELL 19684.72@0.8079342} 177394 : { SELL 19684.72@0.8079342} 
Mon Nov 24 07:02:07 EST 2014 , 4 , 2 , 2 , 177397 : { BUY 5223.61@0.80470892} 177396 : { BUY 5223.61@0.80470892} 177395 : { SELL 19684.72@0.8079342} 177394 : { SELL 19684.72@0.8079342} 
Mon Nov 24 07:05:08 EST 2014 , 4 , 2 , 2 , 177397 : { BUY 5223.61@0.80470892} 177396 : { BUY 5223.61@0.80470892} 177395 : { SELL 19684.72@0.8079342} 177394 : { SELL 19684.72@0.8079342} 
Mon Nov 24 07:08:09 EST 2014 , 4 , 2 , 2 , 177397 : { BUY 5223.61@0.80470892} 177396 : { BUY 5223.61@0.80470892} 177395 : { SELL 19684.72@0.8079342} 177394 : { SELL 19684.72@0.8079342} 
Mon Nov 24 07:11:10 EST 2014 , 4 , 2 , 2 , 177397 : { BUY 5223.61@0.80470892} 177396 : { BUY 5223.61@0.80470892} 177395 : { SELL 19684.72@0.8079342} 177394 : { SELL 19684.72@0.8079342} 
Mon Nov 24 07:14:11 EST 2014 , 4 , 2 , 2 , 177397 : { BUY 5223.61@0.80470892} 177396 : { BUY 5223.61@0.80470892} 177395 : { SELL 19684.72@0.8079342} 177394 : { SELL 19684.72@0.8079342} 
Mon Nov 24 07:17:12 EST 2014 , 4 , 2 , 2 , 177397 : { BUY 5223.61@0.80470892} 177396 : { BUY 5223.61@0.80470892} 177395 : { SELL 19684.72@0.8079342} 177394 : { SELL 19684.72@0.8079342} 
Mon Nov 24 07:20:13 EST 2014 , 4 , 2 , 2 , 177397 : { BUY 5223.61@0.80470892} 177396 : { BUY 5223.61@0.80470892} 177395 : { SELL 19684.72@0.8079342} 177394 : { SELL 19684.72@0.8079342} 
Mon Nov 24 07:23:14 EST 2014 , 4 , 2 , 2 , 177397 : { BUY 5223.61@0.80470892} 177396 : { BUY 5223.61@0.80470892} 177395 : { SELL 19684.72@0.8079342} 177394 : { SELL 19684.72@0.8079342} 
Mon Nov 24 07:26:15 EST 2014 , 4 , 2 , 2 , 177397 : { BUY 5223.61@0.80470892} 177396 : { BUY 5223.61@0.80470892} 177395 : { SELL 19684.72@0.8079342} 177394 : { SELL 19684.72@0.8079342} 
Mon Nov 24 07:29:16 EST 2014 , 4 , 2 , 2 , 177397 : { BUY 5223.61@0.80470892} 177396 : { BUY 5223.61@0.80470892} 177395 : { SELL 19684.72@0.8079342} 177394 : { SELL 19684.72@0.8079342} 
Mon Nov 24 07:32:17 EST 2014 , 4 , 2 , 2 , 177397 : { BUY 5223.61@0.80470892} 177396 : { BUY 5223.61@0.80470892} 177395 : { SELL 19684.72@0.8079342} 177394 : { SELL 19684.72@0.8079342} 
Mon Nov 24 07:35:18 EST 2014 , 4 , 2 , 2 , 177397 : { BUY 5223.61@0.80470892} 177396 : { BUY 5223.61@0.80470892} 177395 : { SELL 19684.72@0.8079342} 177394 : { SELL 19684.72@0.8079342} 
Mon Nov 24 07:38:20 EST 2014 , 4 , 2 , 2 , 177397 : { BUY 5223.61@0.80470892} 177396 : { BUY 5223.61@0.80470892} 177395 : { SELL 19684.72@0.8079342} 177394 : { SELL 19684.72@0.8079342} 
Mon Nov 24 07:41:20 EST 2014 , 4 , 2 , 2 , 177397 : { BUY 5223.61@0.80470892} 177396 : { BUY 5223.61@0.80470892} 177395 : { SELL 19684.72@0.8079342} 177394 : { SELL 19684.72@0.8079342} 
Mon Nov 24 07:44:21 EST 2014 , 4 , 2 , 2 , 177397 : { BUY 5223.61@0.80470892} 177396 : { BUY 5223.61@0.80470892} 177395 : { SELL 19684.72@0.8079342} 177394 : { SELL 19684.72@0.8079342} 
Mon Nov 24 07:47:22 EST 2014 , 4 , 2 , 2 , 177397 : { BUY 5223.61@0.80470892} 177396 : { BUY 5223.61@0.80470892} 177395 : { SELL 19684.72@0.8079342} 177394 : { SELL 19684.72@0.8079342} 
Mon Nov 24 07:50:23 EST 2014 , 4 , 2 , 2 , 177397 : { BUY 5223.61@0.80470892} 177396 : { BUY 5223.61@0.80470892} 177395 : { SELL 19684.72@0.8079342} 177394 : { SELL 19684.72@0.8079342} 
Mon Nov 24 07:53:24 EST 2014 , 4 , 2 , 2 , 177397 : { BUY 5223.61@0.80470892} 177396 : { BUY 5223.61@0.80470892} 177395 : { SELL 19684.72@0.8079342} 177394 : { SELL 19684.72@0.8079342} 
Mon Nov 24 07:56:25 EST 2014 , 4 , 2 , 2 , 177397 : { BUY 5223.61@0.80470892} 177396 : { BUY 5223.61@0.80470892} 177395 : { SELL 19684.72@0.8079342} 177394 : { SELL 19684.72@0.8079342} 
Mon Nov 24 07:59:26 EST 2014 , 4 , 2 , 2 , 177397 : { BUY 5223.61@0.80470892} 177396 : { BUY 5223.61@0.80470892} 177395 : { SELL 19684.72@0.8079342} 177394 : { SELL 19684.72@0.8079342} 
Mon Nov 24 08:02:27 EST 2014 , 4 , 2 , 2 , 177397 : { BUY 5223.61@0.80470892} 177396 : { BUY 5223.61@0.80470892} 177395 : { SELL 19684.72@0.8079342} 177394 : { SELL 19684.72@0.8079342} 
Mon Nov 24 08:05:28 EST 2014 , 4 , 2 , 2 , 177397 : { BUY 5223.61@0.80470892} 177396 : { BUY 5223.61@0.80470892} 177395 : { SELL 19684.72@0.8079342} 177394 : { SELL 19684.72@0.8079342} 
Mon Nov 24 08:08:29 EST 2014 , 4 , 2 , 2 , 177397 : { BUY 5223.61@0.80470892} 177396 : { BUY 5223.61@0.80470892} 177395 : { SELL 19684.72@0.8079342} 177394 : { SELL 19684.72@0.8079342} 
Mon Nov 24 08:11:30 EST 2014 , 4 , 2 , 2 , 177397 : { BUY 5223.61@0.80470892} 177396 : { BUY 5223.61@0.80470892} 177395 : { SELL 19684.72@0.8079342} 177394 : { SELL 19684.72@0.8079342} 
Mon Nov 24 08:14:31 EST 2014 , 4 , 2 , 2 , 177397 : { BUY 5223.61@0.80470892} 177396 : { BUY 5223.61@0.80470892} 177395 : { SELL 19684.72@0.8079342} 177394 : { SELL 19684.72@0.8079342} 
Mon Nov 24 08:17:32 EST 2014 , 4 , 2 , 2 , 177397 : { BUY 5223.61@0.80470892} 177396 : { BUY 5223.61@0.80470892} 177395 : { SELL 19684.72@0.8079342} 177394 : { SELL 19684.72@0.8079342} 
Mon Nov 24 08:20:33 EST 2014 , 4 , 2 , 2 , 177397 : { BUY 5223.61@0.80470892} 177396 : { BUY 5223.61@0.80470892} 177395 : { SELL 19684.72@0.8079342} 177394 : { SELL 19684.72@0.8079342} 
Mon Nov 24 08:23:34 EST 2014 , 4 , 2 , 2 , 177397 : { BUY 5223.61@0.80470892} 177396 : { BUY 5223.61@0.80470892} 177395 : { SELL 19684.72@0.8079342} 177394 : { SELL 19684.72@0.8079342} 
Mon Nov 24 08:26:35 EST 2014 , 4 , 2 , 2 , 177397 : { BUY 5223.61@0.80470892} 177396 : { BUY 5223.61@0.80470892} 177395 : { SELL 19684.72@0.8079342} 177394 : { SELL 19684.72@0.8079342} 
Mon Nov 24 08:29:36 EST 2014 , 4 , 2 , 2 , 177397 : { BUY 5223.61@0.80470892} 177396 : { BUY 5223.61@0.80470892} 177395 : { SELL 19684.72@0.8079342} 177394 : { SELL 19684.72@0.8079342} 
Mon Nov 24 08:32:37 EST 2014 , 4 , 2 , 2 , 177397 : { BUY 5223.61@0.80470892} 177396 : { BUY 5223.61@0.80470892} 177395 : { SELL 19684.72@0.8079342} 177394 : { SELL 19684.72@0.8079342} 
Mon Nov 24 08:35:38 EST 2014 , 4 , 2 , 2 , 177397 : { BUY 5223.61@0.80470892} 177396 : { BUY 5223.61@0.80470892} 177395 : { SELL 19684.72@0.8079342} 177394 : { SELL 19684.72@0.8079342} 
Mon Nov 24 08:38:39 EST 2014 , 4 , 2 , 2 , 177397 : { BUY 5223.61@0.80470892} 177396 : { BUY 5223.61@0.80470892} 177395 : { SELL 19684.72@0.8079342} 177394 : { SELL 19684.72@0.8079342} 
Mon Nov 24 08:41:40 EST 2014 , 4 , 2 , 2 , 177397 : { BUY 5223.61@0.80470892} 177396 : { BUY 5223.61@0.80470892} 177395 : { SELL 19684.72@0.8079342} 177394 : { SELL 19684.72@0.8079342} 
Mon Nov 24 08:44:41 EST 2014 , 4 , 2 , 2 , 177397 : { BUY 5223.61@0.80470892} 177396 : { BUY 5223.61@0.80470892} 177395 : { SELL 19684.72@0.8079342} 177394 : { SELL 19684.72@0.8079342} 
Mon Nov 24 08:47:42 EST 2014 , 4 , 2 , 2 , 177397 : { BUY 5223.61@0.80470892} 177396 : { BUY 5223.61@0.80470892} 177395 : { SELL 19684.72@0.8079342} 177394 : { SELL 19684.72@0.8079342} 
Mon Nov 24 08:50:43 EST 2014 , 4 , 2 , 2 , 177397 : { BUY 5223.61@0.80470892} 177396 : { BUY 5223.61@0.80470892} 177395 : { SELL 19684.72@0.8079342} 177394 : { SELL 19684.72@0.8079342} 
Mon Nov 24 08:53:44 EST 2014 , 4 , 2 , 2 , 177397 : { BUY 5223.61@0.80470892} 177396 : { BUY 5223.61@0.80470892} 177395 : { SELL 19684.72@0.8079342} 177394 : { SELL 19684.72@0.8079342} 
Mon Nov 24 08:56:45 EST 2014 , 4 , 2 , 2 , 177397 : { BUY 5223.61@0.80470892} 177396 : { BUY 5223.61@0.80470892} 177395 : { SELL 19684.72@0.8079342} 177394 : { SELL 19684.72@0.8079342} 
Mon Nov 24 08:59:46 EST 2014 , 4 , 2 , 2 , 177397 : { BUY 5223.61@0.80470892} 177396 : { BUY 5223.61@0.80470892} 177395 : { SELL 19684.72@0.8079342} 177394 : { SELL 19684.72@0.8079342} 
Mon Nov 24 09:02:47 EST 2014 , 4 , 2 , 2 , 177397 : { BUY 5223.61@0.80470892} 177396 : { BUY 5223.61@0.80470892} 177395 : { SELL 19684.72@0.8079342} 177394 : { SELL 19684.72@0.8079342} 
Mon Nov 24 09:05:48 EST 2014 , 4 , 2 , 2 , 177397 : { BUY 5223.61@0.80470892} 177396 : { BUY 5223.61@0.80470892} 177395 : { SELL 19684.72@0.8079342} 177394 : { SELL 19684.72@0.8079342} 
Mon Nov 24 09:08:49 EST 2014 , 4 , 2 , 2 , 177397 : { BUY 5223.61@0.80470892} 177396 : { BUY 5223.61@0.80470892} 177395 : { SELL 19684.72@0.8079342} 177394 : { SELL 19684.72@0.8079342} 
Mon Nov 24 09:11:50 EST 2014 , 4 , 2 , 2 , 177397 : { BUY 5223.61@0.80470892} 177396 : { BUY 5223.61@0.80470892} 177395 : { SELL 19684.72@0.8079342} 177394 : { SELL 19684.72@0.8079342} 
Mon Nov 24 09:14:51 EST 2014 , 4 , 2 , 2 , 177397 : { BUY 5223.61@0.80470892} 177396 : { BUY 5223.61@0.80470892} 177395 : { SELL 19684.72@0.8079342} 177394 : { SELL 19684.72@0.8079342} 
Mon Nov 24 09:17:52 EST 2014 , 4 , 2 , 2 , 177397 : { BUY 5223.61@0.80470892} 177396 : { BUY 5223.61@0.80470892} 177395 : { SELL 19684.72@0.8079342} 177394 : { SELL 19684.72@0.8079342} 
Mon Nov 24 09:20:53 EST 2014 , 4 , 2 , 2 , 177397 : { BUY 5223.61@0.80470892} 177396 : { BUY 5223.61@0.80470892} 177395 : { SELL 19684.72@0.8079342} 177394 : { SELL 19684.72@0.8079342} 
Mon Nov 24 09:23:54 EST 2014 , 4 , 2 , 2 , 177397 : { BUY 5223.61@0.80470892} 177396 : { BUY 5223.61@0.80470892} 177395 : { SELL 19684.72@0.8079342} 177394 : { SELL 19684.72@0.8079342} 
Mon Nov 24 09:26:55 EST 2014 , 4 , 2 , 2 , 177397 : { BUY 5223.61@0.80470892} 177396 : { BUY 5223.61@0.80470892} 177395 : { SELL 19684.72@0.8079342} 177394 : { SELL 19684.72@0.8079342} 
Mon Nov 24 09:29:56 EST 2014 , 4 , 2 , 2 , 177397 : { BUY 5223.61@0.80470892} 177396 : { BUY 5223.61@0.80470892} 177395 : { SELL 19684.72@0.8079342} 177394 : { SELL 19684.72@0.8079342} 
Mon Nov 24 09:32:57 EST 2014 , 4 , 2 , 2 , 177397 : { BUY 5223.61@0.80470892} 177396 : { BUY 5223.61@0.80470892} 177395 : { SELL 19684.72@0.8079342} 177394 : { SELL 19684.72@0.8079342} 
Mon Nov 24 09:35:58 EST 2014 , 4 , 2 , 2 , 177397 : { BUY 5223.61@0.80470892} 177396 : { BUY 5223.61@0.80470892} 177395 : { SELL 19684.72@0.8079342} 177394 : { SELL 19684.72@0.8079342} 
Mon Nov 24 09:38:59 EST 2014 , 4 , 2 , 2 , 177397 : { BUY 5223.61@0.80470892} 177396 : { BUY 5223.61@0.80470892} 177395 : { SELL 19684.72@0.8079342} 177394 : { SELL 19684.72@0.8079342} 
Mon Nov 24 09:42:00 EST 2014 , 4 , 2 , 2 , 177397 : { BUY 5223.61@0.80470892} 177396 : { BUY 5223.61@0.80470892} 177395 : { SELL 19684.72@0.8079342} 177394 : { SELL 19684.72@0.8079342} 
Mon Nov 24 09:45:01 EST 2014 , 4 , 2 , 2 , 177397 : { BUY 5223.61@0.80470892} 177396 : { BUY 5223.61@0.80470892} 177395 : { SELL 19684.72@0.8079342} 177394 : { SELL 19684.72@0.8079342} 
Mon Nov 24 09:48:02 EST 2014 , 4 , 2 , 2 , 177397 : { BUY 5223.61@0.80470892} 177396 : { BUY 5223.61@0.80470892} 177395 : { SELL 19684.72@0.8079342} 177394 : { SELL 19684.72@0.8079342} 
Mon Nov 24 09:51:03 EST 2014 , 4 , 2 , 2 , 177397 : { BUY 5223.61@0.80470892} 177396 : { BUY 5223.61@0.80470892} 177395 : { SELL 19684.72@0.8079342} 177394 : { SELL 19684.72@0.8079342} 
Mon Nov 24 09:54:04 EST 2014 , 4 , 2 , 2 , 177397 : { BUY 5223.61@0.80470892} 177396 : { BUY 5223.61@0.80470892} 177395 : { SELL 19684.72@0.8079342} 177394 : { SELL 19684.72@0.8079342} 
Mon Nov 24 09:57:05 EST 2014 , 4 , 2 , 2 , 177397 : { BUY 5223.61@0.80470892} 177396 : { BUY 5223.61@0.80470892} 177395 : { SELL 19684.72@0.8079342} 177394 : { SELL 19684.72@0.8079342} 
Mon Nov 24 10:00:06 EST 2014 , 4 , 2 , 2 , 177397 : { BUY 5223.61@0.80470892} 177396 : { BUY 5223.61@0.80470892} 177395 : { SELL 19684.72@0.8079342} 177394 : { SELL 19684.72@0.8079342} 
Mon Nov 24 10:03:07 EST 2014 , 4 , 2 , 2 , 177397 : { BUY 5223.61@0.80470892} 177396 : { BUY 5223.61@0.80470892} 177395 : { SELL 19684.72@0.8079342} 177394 : { SELL 19684.72@0.8079342} 
Mon Nov 24 10:06:08 EST 2014 , 4 , 2 , 2 , 177397 : { BUY 5223.61@0.80470892} 177396 : { BUY 5223.61@0.80470892} 177395 : { SELL 19684.72@0.8079342} 177394 : { SELL 19684.72@0.8079342} 
Mon Nov 24 10:09:09 EST 2014 , 4 , 2 , 2 , 177397 : { BUY 5223.61@0.80470892} 177396 : { BUY 5223.61@0.80470892} 177395 : { SELL 19684.72@0.8079342} 177394 : { SELL 19684.72@0.8079342} 
Mon Nov 24 10:12:10 EST 2014 , 4 , 2 , 2 , 177397 : { BUY 5223.61@0.80470892} 177396 : { BUY 5223.61@0.80470892} 177395 : { SELL 19684.72@0.8079342} 177394 : { SELL 19684.72@0.8079342} 
Mon Nov 24 10:15:11 EST 2014 , 4 , 2 , 2 , 177397 : { BUY 5223.61@0.80470892} 177396 : { BUY 5223.61@0.80470892} 177395 : { SELL 19684.72@0.8079342} 177394 : { SELL 19684.72@0.8079342} 
Mon Nov 24 10:18:12 EST 2014 , 4 , 2 , 2 , 177397 : { BUY 5223.61@0.80470892} 177396 : { BUY 5223.61@0.80470892} 177395 : { SELL 19684.72@0.8079342} 177394 : { SELL 19684.72@0.8079342} 
Mon Nov 24 10:21:13 EST 2014 , 4 , 2 , 2 , 177397 : { BUY 5223.61@0.80470892} 177396 : { BUY 5223.61@0.80470892} 177395 : { SELL 19684.72@0.8079342} 177394 : { SELL 19684.72@0.8079342} 
Mon Nov 24 10:33:17 EST 2014 , 4 , 2 , 2 , 177397 : { BUY 5223.61@0.80470892} 177396 : { BUY 5223.61@0.80470892} 177395 : { SELL 19684.72@0.8079342} 177394 : { SELL 19684.72@0.8079342} 
Mon Nov 24 10:36:18 EST 2014 , 4 , 2 , 2 , 177397 : { BUY 5223.61@0.80470892} 177396 : { BUY 5223.61@0.80470892} 177395 : { SELL 19684.72@0.8079342} 177394 : { SELL 19684.72@0.8079342} 
Mon Nov 24 10:39:19 EST 2014 , 4 , 2 , 2 , 177397 : { BUY 5223.61@0.80470892} 177396 : { BUY 5223.61@0.80470892} 177395 : { SELL 19684.72@0.8079342} 177394 : { SELL 19684.72@0.8079342} 
Mon Nov 24 10:42:20 EST 2014 , 4 , 2 , 2 , 177397 : { BUY 5223.61@0.80470892} 177396 : { BUY 5223.61@0.80470892} 177395 : { SELL 19684.72@0.8079342} 177394 : { SELL 19684.72@0.8079342} 
Mon Nov 24 10:45:21 EST 2014 , 4 , 2 , 2 , 177397 : { BUY 5223.61@0.80470892} 177396 : { BUY 5223.61@0.80470892} 177395 : { SELL 19684.72@0.8079342} 177394 : { SELL 19684.72@0.8079342} 
Mon Nov 24 10:48:22 EST 2014 , 4 , 2 , 2 , 177397 : { BUY 5223.61@0.80470892} 177396 : { BUY 5223.61@0.80470892} 177395 : { SELL 19684.72@0.8079342} 177394 : { SELL 19684.72@0.8079342} 
Mon Nov 24 10:51:23 EST 2014 , 4 , 2 , 2 , 177397 : { BUY 5223.61@0.80470892} 177396 : { BUY 5223.61@0.80470892} 177395 : { SELL 19684.72@0.8079342} 177394 : { SELL 19684.72@0.8079342} 
Mon Nov 24 10:54:24 EST 2014 , 4 , 2 , 2 , 177397 : { BUY 5223.61@0.80470892} 177396 : { BUY 5223.61@0.80470892} 177395 : { SELL 19684.72@0.8079342} 177394 : { SELL 19684.72@0.8079342} 
Mon Nov 24 10:57:25 EST 2014 , 4 , 2 , 2 , 177397 : { BUY 5223.61@0.80470892} 177396 : { BUY 5223.61@0.80470892} 177395 : { SELL 19684.72@0.8079342} 177394 : { SELL 19684.72@0.8079342} 
Mon Nov 24 11:00:26 EST 2014 , 4 , 2 , 2 , 177397 : { BUY 5223.61@0.80470892} 177396 : { BUY 5223.61@0.80470892} 177395 : { SELL 19684.72@0.8079342} 177394 : { SELL 19684.72@0.8079342} 
Mon Nov 24 11:03:27 EST 2014 , 4 , 2 , 2 , 177397 : { BUY 5223.61@0.80470892} 177396 : { BUY 5223.61@0.80470892} 177395 : { SELL 19684.72@0.8079342} 177394 : { SELL 19684.72@0.8079342} 
Mon Nov 24 11:06:28 EST 2014 , 4 , 2 , 2 , 177397 : { BUY 5223.61@0.80470892} 177396 : { BUY 5223.61@0.80470892} 177395 : { SELL 19684.72@0.8079342} 177394 : { SELL 19684.72@0.8079342} 
Mon Nov 24 11:09:29 EST 2014 , 4 , 2 , 2 , 177397 : { BUY 5223.61@0.80470892} 177396 : { BUY 5223.61@0.80470892} 177395 : { SELL 19684.72@0.8079342} 177394 : { SELL 19684.72@0.8079342} 
Mon Nov 24 11:12:30 EST 2014 , 4 , 2 , 2 , 177397 : { BUY 5223.61@0.80470892} 177396 : { BUY 5223.61@0.80470892} 177395 : { SELL 19684.72@0.8079342} 177394 : { SELL 19684.72@0.8079342} 
Mon Nov 24 11:15:31 EST 2014 , 4 , 2 , 2 , 177397 : { BUY 5223.61@0.80470892} 177396 : { BUY 5223.61@0.80470892} 177395 : { SELL 19684.72@0.8079342} 177394 : { SELL 19684.72@0.8079342} 
Mon Nov 24 11:18:32 EST 2014 , 4 , 2 , 2 , 177397 : { BUY 5223.61@0.80470892} 177396 : { BUY 5223.61@0.80470892} 177395 : { SELL 19684.72@0.8079342} 177394 : { SELL 19684.72@0.8079342} 
Mon Nov 24 11:21:33 EST 2014 , 4 , 2 , 2 , 177397 : { BUY 5223.61@0.80470892} 177396 : { BUY 5223.61@0.80470892} 177395 : { SELL 19684.72@0.8079342} 177394 : { SELL 19684.72@0.8079342} 
Mon Nov 24 11:24:34 EST 2014 , 4 , 2 , 2 , 177397 : { BUY 5223.61@0.80470892} 177396 : { BUY 5223.61@0.80470892} 177395 : { SELL 19684.72@0.8079342} 177394 : { SELL 19684.72@0.8079342} 
Mon Nov 24 11:27:35 EST 2014 , 4 , 2 , 2 , 177397 : { BUY 5223.61@0.80470892} 177396 : { BUY 5223.61@0.80470892} 177395 : { SELL 19684.72@0.8079342} 177394 : { SELL 19684.72@0.8079342} 
Mon Nov 24 11:30:36 EST 2014 , 4 , 2 , 2 , 177397 : { BUY 5223.61@0.80470892} 177396 : { BUY 5223.61@0.80470892} 177395 : { SELL 19684.72@0.8079342} 177394 : { SELL 19684.72@0.8079342} 
Mon Nov 24 11:33:37 EST 2014 , 4 , 2 , 2 , 177397 : { BUY 5223.61@0.80470892} 177396 : { BUY 5223.61@0.80470892} 177395 : { SELL 19684.72@0.8079342} 177394 : { SELL 19684.72@0.8079342} 
Mon Nov 24 11:36:38 EST 2014 , 4 , 2 , 2 , 177397 : { BUY 5223.61@0.80470892} 177396 : { BUY 5223.61@0.80470892} 177395 : { SELL 19684.72@0.8079342} 177394 : { SELL 19684.72@0.8079342} 
Mon Nov 24 11:39:39 EST 2014 , 4 , 2 , 2 , 177397 : { BUY 5223.61@0.80470892} 177396 : { BUY 5223.61@0.80470892} 177395 : { SELL 19684.72@0.8079342} 177394 : { SELL 19684.72@0.8079342} 
Mon Nov 24 11:42:40 EST 2014 , 4 , 2 , 2 , 177397 : { BUY 5223.61@0.80470892} 177396 : { BUY 5223.61@0.80470892} 177395 : { SELL 19684.72@0.8079342} 177394 : { SELL 19684.72@0.8079342} 
Mon Nov 24 11:45:41 EST 2014 , 4 , 2 , 2 , 177397 : { BUY 5223.61@0.80470892} 177396 : { BUY 5223.61@0.80470892} 177395 : { SELL 19684.72@0.8079342} 177394 : { SELL 19684.72@0.8079342} 
Mon Nov 24 11:48:42 EST 2014 , 4 , 2 , 2 , 177397 : { BUY 5223.61@0.80470892} 177396 : { BUY 5223.61@0.80470892} 177395 : { SELL 19684.72@0.8079342} 177394 : { SELL 19684.72@0.8079342} 
Mon Nov 24 11:51:43 EST 2014 , 4 , 2 , 2 , 177397 : { BUY 5223.61@0.80470892} 177396 : { BUY 5223.61@0.80470892} 177395 : { SELL 19684.72@0.8079342} 177394 : { SELL 19684.72@0.8079342} 
Mon Nov 24 11:54:44 EST 2014 , 4 , 2 , 2 , 177397 : { BUY 5223.61@0.80470892} 177396 : { BUY 5223.61@0.80470892} 177395 : { SELL 19684.72@0.8079342} 177394 : { SELL 19684.72@0.8079342} 
Mon Nov 24 11:57:45 EST 2014 , 4 , 2 , 2 , 177397 : { BUY 5223.61@0.80470892} 177396 : { BUY 5223.61@0.80470892} 177395 : { SELL 19684.72@0.8079342} 177394 : { SELL 19684.72@0.8079342} 
Mon Nov 24 12:00:46 EST 2014 , 4 , 2 , 2 , 177397 : { BUY 5223.61@0.80470892} 177396 : { BUY 5223.61@0.80470892} 177395 : { SELL 19684.72@0.8079342} 177394 : { SELL 19684.72@0.8079342} 
Mon Nov 24 12:03:47 EST 2014 , 4 , 2 , 2 , 177397 : { BUY 5223.61@0.80470892} 177396 : { BUY 5223.61@0.80470892} 177395 : { SELL 19684.72@0.8079342} 177394 : { SELL 19684.72@0.8079342} 
Mon Nov 24 12:06:48 EST 2014 , 4 , 2 , 2 , 177397 : { BUY 5223.61@0.80470892} 177396 : { BUY 5223.61@0.80470892} 177395 : { SELL 19684.72@0.8079342} 177394 : { SELL 19684.72@0.8079342} 
Mon Nov 24 12:09:49 EST 2014 , 4 , 2 , 2 , 177397 : { BUY 5223.61@0.80470892} 177396 : { BUY 5223.61@0.80470892} 177395 : { SELL 19684.72@0.8079342} 177394 : { SELL 19684.72@0.8079342} 
Mon Nov 24 12:12:50 EST 2014 , 4 , 2 , 2 , 177397 : { BUY 5223.61@0.80470892} 177396 : { BUY 5223.61@0.80470892} 177395 : { SELL 19684.72@0.8079342} 177394 : { SELL 19684.72@0.8079342} 
Mon Nov 24 12:15:51 EST 2014 , 4 , 2 , 2 , 177397 : { BUY 5223.61@0.80470892} 177396 : { BUY 5223.61@0.80470892} 177395 : { SELL 19684.72@0.8079342} 177394 : { SELL 19684.72@0.8079342} 
Mon Nov 24 12:18:52 EST 2014 , 4 , 2 , 2 , 177397 : { BUY 5223.61@0.80470892} 177396 : { BUY 5223.61@0.80470892} 177395 : { SELL 19684.72@0.8079342} 177394 : { SELL 19684.72@0.8079342} 
Mon Nov 24 12:21:53 EST 2014 , 4 , 2 , 2 , 177397 : { BUY 5223.61@0.80470892} 177396 : { BUY 5223.61@0.80470892} 177395 : { SELL 19684.72@0.8079342} 177394 : { SELL 19684.72@0.8079342} 
Mon Nov 24 12:24:54 EST 2014 , 4 , 2 , 2 , 177397 : { BUY 5223.61@0.80470892} 177396 : { BUY 5223.61@0.80470892} 177395 : { SELL 19684.72@0.8079342} 177394 : { SELL 19684.72@0.8079342} 
Mon Nov 24 12:27:55 EST 2014 , 4 , 2 , 2 , 177397 : { BUY 5223.61@0.80470892} 177396 : { BUY 5223.61@0.80470892} 177395 : { SELL 19684.72@0.8079342} 177394 : { SELL 19684.72@0.8079342} 
Mon Nov 24 12:30:56 EST 2014 , 4 , 2 , 2 , 177397 : { BUY 5223.61@0.80470892} 177396 : { BUY 5223.61@0.80470892} 177395 : { SELL 19684.72@0.8079342} 177394 : { SELL 19684.72@0.8079342} 
Mon Nov 24 12:33:57 EST 2014 , 4 , 2 , 2 , 177397 : { BUY 5223.61@0.80470892} 177396 : { BUY 5223.61@0.80470892} 177395 : { SELL 19684.72@0.8079342} 177394 : { SELL 19684.72@0.8079342} 
Mon Nov 24 12:36:58 EST 2014 , 4 , 2 , 2 , 177397 : { BUY 5223.61@0.80470892} 177396 : { BUY 5223.61@0.80470892} 177395 : { SELL 19684.72@0.8079342} 177394 : { SELL 19684.72@0.8079342} 
Mon Nov 24 12:40:00 EST 2014 , 4 , 2 , 2 , 177397 : { BUY 5223.61@0.80470892} 177396 : { BUY 5223.61@0.80470892} 177395 : { SELL 19684.72@0.8079342} 177394 : { SELL 19684.72@0.8079342} 
Mon Nov 24 12:43:00 EST 2014 , 4 , 2 , 2 , 177397 : { BUY 5223.61@0.80470892} 177396 : { BUY 5223.61@0.80470892} 177395 : { SELL 19684.72@0.8079342} 177394 : { SELL 19684.72@0.8079342} 
Mon Nov 24 12:46:01 EST 2014 , 4 , 2 , 2 , 177397 : { BUY 5223.61@0.80470892} 177396 : { BUY 5223.61@0.80470892} 177395 : { SELL 19684.72@0.8079342} 177394 : { SELL 19684.72@0.8079342} 
Mon Nov 24 12:49:02 EST 2014 , 4 , 2 , 2 , 177397 : { BUY 5223.61@0.80470892} 177396 : { BUY 5223.61@0.80470892} 177395 : { SELL 19684.72@0.8079342} 177394 : { SELL 19684.72@0.8079342} 
Mon Nov 24 12:52:03 EST 2014 , 4 , 2 , 2 , 177397 : { BUY 5223.61@0.80470892} 177396 : { BUY 5223.61@0.80470892} 177395 : { SELL 19684.72@0.8079342} 177394 : { SELL 19684.72@0.8079342} 
Mon Nov 24 12:55:04 EST 2014 , 4 , 2 , 2 , 177397 : { BUY 5223.61@0.80470892} 177396 : { BUY 5223.61@0.80470892} 177395 : { SELL 19684.72@0.8079342} 177394 : { SELL 19684.72@0.8079342} 
Mon Nov 24 12:58:05 EST 2014 , 4 , 2 , 2 , 177397 : { BUY 5223.61@0.80470892} 177396 : { BUY 5223.61@0.80470892} 177395 : { SELL 19684.72@0.8079342} 177394 : { SELL 19684.72@0.8079342} 
Mon Nov 24 13:01:06 EST 2014 , 4 , 2 , 2 , 177397 : { BUY 5223.61@0.80470892} 177396 : { BUY 5223.61@0.80470892} 177395 : { SELL 19684.72@0.8079342} 177394 : { SELL 19684.72@0.8079342} 
Mon Nov 24 13:04:07 EST 2014 , 4 , 2 , 2 , 177397 : { BUY 5223.61@0.80470892} 177396 : { BUY 5223.61@0.80470892} 177395 : { SELL 19684.72@0.8079342} 177394 : { SELL 19684.72@0.8079342} 
Mon Nov 24 13:07:08 EST 2014 , 4 , 2 , 2 , 177397 : { BUY 5223.61@0.80470892} 177396 : { BUY 5223.61@0.80470892} 177395 : { SELL 19684.72@0.8079342} 177394 : { SELL 19684.72@0.8079342} 
Mon Nov 24 13:10:09 EST 2014 , 4 , 2 , 2 , 177397 : { BUY 5223.61@0.80470892} 177396 : { BUY 5223.61@0.80470892} 177395 : { SELL 19684.72@0.8079342} 177394 : { SELL 19684.72@0.8079342} 
Mon Nov 24 13:13:10 EST 2014 , 4 , 2 , 2 , 177397 : { BUY 5223.61@0.80470892} 177396 : { BUY 5223.61@0.80470892} 177395 : { SELL 19684.72@0.8079342} 177394 : { SELL 19684.72@0.8079342} 
Mon Nov 24 13:16:11 EST 2014 , 4 , 2 , 2 , 177397 : { BUY 5223.61@0.80470892} 177396 : { BUY 5223.61@0.80470892} 177395 : { SELL 19684.72@0.8079342} 177394 : { SELL 19684.72@0.8079342} 
Mon Nov 24 13:19:12 EST 2014 , 4 , 2 , 2 , 177397 : { BUY 5223.61@0.80470892} 177396 : { BUY 5223.61@0.80470892} 177395 : { SELL 19684.72@0.8079342} 177394 : { SELL 19684.72@0.8079342} 
Mon Nov 24 13:22:13 EST 2014 , 4 , 2 , 2 , 177397 : { BUY 5223.61@0.80470892} 177396 : { BUY 5223.61@0.80470892} 177395 : { SELL 19684.72@0.8079342} 177394 : { SELL 19684.72@0.8079342} 
Mon Nov 24 13:25:14 EST 2014 , 4 , 2 , 2 , 177397 : { BUY 5223.61@0.80470892} 177396 : { BUY 5223.61@0.80470892} 177395 : { SELL 19684.72@0.8079342} 177394 : { SELL 19684.72@0.8079342} 
Mon Nov 24 13:28:15 EST 2014 , 4 , 2 , 2 , 177397 : { BUY 5223.61@0.80470892} 177396 : { BUY 5223.61@0.80470892} 177395 : { SELL 19684.72@0.8079342} 177394 : { SELL 19684.72@0.8079342} 
Mon Nov 24 13:31:16 EST 2014 , 4 , 2 , 2 , 177397 : { BUY 5223.61@0.80470892} 177396 : { BUY 5223.61@0.80470892} 177395 : { SELL 19684.72@0.8079342} 177394 : { SELL 19684.72@0.8079342} 
Mon Nov 24 13:34:17 EST 2014 , 4 , 2 , 2 , 177397 : { BUY 5223.61@0.80470892} 177396 : { BUY 5223.61@0.80470892} 177395 : { SELL 19684.72@0.8079342} 177394 : { SELL 19684.72@0.8079342} 
Mon Nov 24 13:37:18 EST 2014 , 4 , 2 , 2 , 177397 : { BUY 5223.61@0.80470892} 177396 : { BUY 5223.61@0.80470892} 177395 : { SELL 19684.72@0.8079342} 177394 : { SELL 19684.72@0.8079342} 
Mon Nov 24 13:40:19 EST 2014 , 4 , 2 , 2 , 177397 : { BUY 5223.61@0.80470892} 177396 : { BUY 5223.61@0.80470892} 177395 : { SELL 19684.72@0.8079342} 177394 : { SELL 19684.72@0.8079342} 
Mon Nov 24 13:43:20 EST 2014 , 4 , 2 , 2 , 177397 : { BUY 5223.61@0.80470892} 177396 : { BUY 5223.61@0.80470892} 177395 : { SELL 19684.72@0.8079342} 177394 : { SELL 19684.72@0.8079342} 
Mon Nov 24 13:46:21 EST 2014 , 4 , 2 , 2 , 177397 : { BUY 5223.61@0.80470892} 177396 : { BUY 5223.61@0.80470892} 177395 : { SELL 19684.72@0.8079342} 177394 : { SELL 19684.72@0.8079342} 
Mon Nov 24 13:49:22 EST 2014 , 4 , 2 , 2 , 177397 : { BUY 5223.61@0.80470892} 177396 : { BUY 5223.61@0.80470892} 177395 : { SELL 19684.72@0.8079342} 177394 : { SELL 19684.72@0.8079342} 
Mon Nov 24 13:52:23 EST 2014 , 4 , 2 , 2 , 177397 : { BUY 5223.61@0.80470892} 177396 : { BUY 5223.61@0.80470892} 177395 : { SELL 19684.72@0.8079342} 177394 : { SELL 19684.72@0.8079342} 
Mon Nov 24 13:55:24 EST 2014 , 4 , 2 , 2 , 177397 : { BUY 5223.61@0.80470892} 177396 : { BUY 5223.61@0.80470892} 177395 : { SELL 19684.72@0.8079342} 177394 : { SELL 19684.72@0.8079342} 
Mon Nov 24 13:58:25 EST 2014 , 4 , 2 , 2 , 177397 : { BUY 5223.61@0.80470892} 177396 : { BUY 5223.61@0.80470892} 177395 : { SELL 19684.72@0.8079342} 177394 : { SELL 19684.72@0.8079342} 
Mon Nov 24 14:01:26 EST 2014 , 4 , 2 , 2 , 177397 : { BUY 5223.61@0.80470892} 177396 : { BUY 5223.61@0.80470892} 177395 : { SELL 19684.72@0.8079342} 177394 : { SELL 19684.72@0.8079342} 
Mon Nov 24 14:04:27 EST 2014 , 4 , 2 , 2 , 177397 : { BUY 5223.61@0.80470892} 177396 : { BUY 5223.61@0.80470892} 177395 : { SELL 19684.72@0.8079342} 177394 : { SELL 19684.72@0.8079342} 
Mon Nov 24 14:07:28 EST 2014 , 4 , 2 , 2 , 177397 : { BUY 5223.61@0.80470892} 177396 : { BUY 5223.61@0.80470892} 177395 : { SELL 19684.72@0.8079342} 177394 : { SELL 19684.72@0.8079342} 
Mon Nov 24 14:10:29 EST 2014 , 4 , 2 , 2 , 177397 : { BUY 5223.61@0.80470892} 177396 : { BUY 5223.61@0.80470892} 177395 : { SELL 19684.72@0.8079342} 177394 : { SELL 19684.72@0.8079342} 
Mon Nov 24 14:13:30 EST 2014 , 4 , 2 , 2 , 177397 : { BUY 5223.61@0.80470892} 177396 : { BUY 5223.61@0.80470892} 177395 : { SELL 19684.72@0.8079342} 177394 : { SELL 19684.72@0.8079342} 
Mon Nov 24 14:16:31 EST 2014 , 4 , 2 , 2 , 177397 : { BUY 5223.61@0.80470892} 177396 : { BUY 5223.61@0.80470892} 177395 : { SELL 19684.72@0.8079342} 177394 : { SELL 19684.72@0.8079342} 
Mon Nov 24 14:19:32 EST 2014 , 4 , 2 , 2 , 177397 : { BUY 5223.61@0.80470892} 177396 : { BUY 5223.61@0.80470892} 177395 : { SELL 19684.72@0.8079342} 177394 : { SELL 19684.72@0.8079342} 
Mon Nov 24 14:22:33 EST 2014 , 4 , 2 , 2 , 177397 : { BUY 5223.61@0.80470892} 177396 : { BUY 5223.61@0.80470892} 177395 : { SELL 19684.72@0.8079342} 177394 : { SELL 19684.72@0.8079342} 
Mon Nov 24 14:25:34 EST 2014 , 4 , 2 , 2 , 177397 : { BUY 5223.61@0.80470892} 177396 : { BUY 5223.61@0.80470892} 177395 : { SELL 19684.72@0.8079342} 177394 : { SELL 19684.72@0.8079342} 
Mon Nov 24 14:28:35 EST 2014 , 4 , 2 , 2 , 177397 : { BUY 5223.61@0.80470892} 177396 : { BUY 5223.61@0.80470892} 177395 : { SELL 19684.72@0.8079342} 177394 : { SELL 19684.72@0.8079342} 
Mon Nov 24 14:31:36 EST 2014 , 4 , 2 , 2 , 177397 : { BUY 5223.61@0.80470892} 177396 : { BUY 5223.61@0.80470892} 177395 : { SELL 19684.72@0.8079342} 177394 : { SELL 19684.72@0.8079342} 
Mon Nov 24 14:34:37 EST 2014 , 4 , 2 , 2 , 177397 : { BUY 5223.61@0.80470892} 177396 : { BUY 5223.61@0.80470892} 177395 : { SELL 19684.72@0.8079342} 177394 : { SELL 19684.72@0.8079342} 
Mon Nov 24 14:37:38 EST 2014 , 4 , 2 , 2 , 177397 : { BUY 5223.61@0.80470892} 177396 : { BUY 5223.61@0.80470892} 177395 : { SELL 19684.72@0.8079342} 177394 : { SELL 19684.72@0.8079342} 
Mon Nov 24 14:40:39 EST 2014 , 4 , 2 , 2 , 177397 : { BUY 5223.61@0.80470892} 177396 : { BUY 5223.61@0.80470892} 177395 : { SELL 19684.72@0.8079342} 177394 : { SELL 19684.72@0.8079342} 
Mon Nov 24 14:43:40 EST 2014 , 4 , 2 , 2 , 177397 : { BUY 5223.61@0.80470892} 177396 : { BUY 5223.61@0.80470892} 177395 : { SELL 19684.72@0.8079342} 177394 : { SELL 19684.72@0.8079342} 
Mon Nov 24 14:46:41 EST 2014 , 4 , 2 , 2 , 177397 : { BUY 5223.61@0.80470892} 177396 : { BUY 5223.61@0.80470892} 177395 : { SELL 19684.72@0.8079342} 177394 : { SELL 19684.72@0.8079342} 
Mon Nov 24 14:49:42 EST 2014 , 4 , 2 , 2 , 177397 : { BUY 5223.61@0.80470892} 177396 : { BUY 5223.61@0.80470892} 177395 : { SELL 19684.72@0.8079342} 177394 : { SELL 19684.72@0.8079342} 
Mon Nov 24 14:52:43 EST 2014 , 4 , 2 , 2 , 177397 : { BUY 5223.61@0.80470892} 177396 : { BUY 5223.61@0.80470892} 177395 : { SELL 19684.72@0.8079342} 177394 : { SELL 19684.72@0.8079342} 
Mon Nov 24 14:55:44 EST 2014 , 4 , 2 , 2 , 177397 : { BUY 5223.61@0.80470892} 177396 : { BUY 5223.61@0.80470892} 177395 : { SELL 19684.72@0.8079342} 177394 : { SELL 19684.72@0.8079342} 
Mon Nov 24 14:58:45 EST 2014 , 4 , 2 , 2 , 177397 : { BUY 5223.61@0.80470892} 177396 : { BUY 5223.61@0.80470892} 177395 : { SELL 19684.72@0.8079342} 177394 : { SELL 19684.72@0.8079342} 
Mon Nov 24 15:01:46 EST 2014 , 4 , 2 , 2 , 177397 : { BUY 5223.61@0.80470892} 177396 : { BUY 5223.61@0.80470892} 177395 : { SELL 19684.72@0.8079342} 177394 : { SELL 19684.72@0.8079342} 
Mon Nov 24 15:04:47 EST 2014 , 4 , 2 , 2 , 177397 : { BUY 5223.61@0.80470892} 177396 : { BUY 5223.61@0.80470892} 177395 : { SELL 19684.72@0.8079342} 177394 : { SELL 19684.72@0.8079342} 
Mon Nov 24 15:07:48 EST 2014 , 4 , 2 , 2 , 177397 : { BUY 5223.61@0.80470892} 177396 : { BUY 5223.61@0.80470892} 177395 : { SELL 19684.72@0.8079342} 177394 : { SELL 19684.72@0.8079342} 
Mon Nov 24 15:10:49 EST 2014 , 4 , 2 , 2 , 177397 : { BUY 5223.61@0.80470892} 177396 : { BUY 5223.61@0.80470892} 177395 : { SELL 19684.72@0.8079342} 177394 : { SELL 19684.72@0.8079342} 
Mon Nov 24 15:13:50 EST 2014 , 4 , 2 , 2 , 177397 : { BUY 5223.61@0.80470892} 177396 : { BUY 5223.61@0.80470892} 177395 : { SELL 19684.72@0.8079342} 177394 : { SELL 19684.72@0.8079342} 
Mon Nov 24 15:16:51 EST 2014 , 4 , 2 , 2 , 177397 : { BUY 5223.61@0.80470892} 177396 : { BUY 5223.61@0.80470892} 177395 : { SELL 19684.72@0.8079342} 177394 : { SELL 19684.72@0.8079342} 
Mon Nov 24 15:19:52 EST 2014 , 4 , 2 , 2 , 177397 : { BUY 5223.61@0.80470892} 177396 : { BUY 5223.61@0.80470892} 177395 : { SELL 19684.72@0.8079342} 177394 : { SELL 19684.72@0.8079342} 
Mon Nov 24 15:22:53 EST 2014 , 4 , 2 , 2 , 177397 : { BUY 5223.61@0.80470892} 177396 : { BUY 5223.61@0.80470892} 177395 : { SELL 19684.72@0.8079342} 177394 : { SELL 19684.72@0.8079342} 
Mon Nov 24 15:25:54 EST 2014 , 4 , 2 , 2 , 177397 : { BUY 5223.61@0.80470892} 177396 : { BUY 5223.61@0.80470892} 177395 : { SELL 19684.72@0.8079342} 177394 : { SELL 19684.72@0.8079342} 
Mon Nov 24 15:28:55 EST 2014 , 4 , 2 , 2 , 177397 : { BUY 5223.61@0.80470892} 177396 : { BUY 5223.61@0.80470892} 177395 : { SELL 19684.72@0.8079342} 177394 : { SELL 19684.72@0.8079342} 
Mon Nov 24 15:31:56 EST 2014 , 4 , 2 , 2 , 177397 : { BUY 5223.61@0.80470892} 177396 : { BUY 5223.61@0.80470892} 177395 : { SELL 19684.72@0.8079342} 177394 : { SELL 19684.72@0.8079342} 
Mon Nov 24 15:34:57 EST 2014 , 4 , 2 , 2 , 177397 : { BUY 5223.61@0.80470892} 177396 : { BUY 5223.61@0.80470892} 177395 : { SELL 19684.72@0.8079342} 177394 : { SELL 19684.72@0.8079342} 
Mon Nov 24 15:37:58 EST 2014 , 4 , 2 , 2 , 177397 : { BUY 5223.61@0.80470892} 177396 : { BUY 5223.61@0.80470892} 177395 : { SELL 19684.72@0.8079342} 177394 : { SELL 19684.72@0.8079342} 
Mon Nov 24 15:40:59 EST 2014 , 4 , 2 , 2 , 177397 : { BUY 5223.61@0.80470892} 177396 : { BUY 5223.61@0.80470892} 177395 : { SELL 19684.72@0.8079342} 177394 : { SELL 19684.72@0.8079342} 
Mon Nov 24 15:44:00 EST 2014 , 4 , 2 , 2 , 177397 : { BUY 5223.61@0.80470892} 177396 : { BUY 5223.61@0.80470892} 177395 : { SELL 19684.72@0.8079342} 177394 : { SELL 19684.72@0.8079342} 
Mon Nov 24 15:47:01 EST 2014 , 4 , 2 , 2 , 177397 : { BUY 5223.61@0.80470892} 177396 : { BUY 5223.61@0.80470892} 177395 : { SELL 19684.72@0.8079342} 177394 : { SELL 19684.72@0.8079342} 
Mon Nov 24 15:50:02 EST 2014 , 4 , 2 , 2 , 177397 : { BUY 5223.61@0.80470892} 177396 : { BUY 5223.61@0.80470892} 177395 : { SELL 19684.72@0.8079342} 177394 : { SELL 19684.72@0.8079342} 
Mon Nov 24 15:53:03 EST 2014 , 4 , 2 , 2 , 177397 : { BUY 5223.61@0.80470892} 177396 : { BUY 5223.61@0.80470892} 177395 : { SELL 19684.72@0.8079342} 177394 : { SELL 19684.72@0.8079342} 
Mon Nov 24 15:56:04 EST 2014 , 4 , 2 , 2 , 177397 : { BUY 5223.61@0.80470892} 177396 : { BUY 5223.61@0.80470892} 177395 : { SELL 19684.72@0.8079342} 177394 : { SELL 19684.72@0.8079342} 
Mon Nov 24 15:59:05 EST 2014 , 4 , 2 , 2 , 177397 : { BUY 5223.61@0.80470892} 177396 : { BUY 5223.61@0.80470892} 177395 : { SELL 19684.72@0.8079342} 177394 : { SELL 19684.72@0.8079342} 
Mon Nov 24 16:02:06 EST 2014 , 4 , 2 , 2 , 177397 : { BUY 5223.61@0.80470892} 177396 : { BUY 5223.61@0.80470892} 177395 : { SELL 19684.72@0.8079342} 177394 : { SELL 19684.72@0.8079342} 
Mon Nov 24 16:05:07 EST 2014 , 4 , 2 , 2 , 177397 : { BUY 5223.61@0.80470892} 177396 : { BUY 5223.61@0.80470892} 177395 : { SELL 19684.72@0.8079342} 177394 : { SELL 19684.72@0.8079342} 
Mon Nov 24 16:08:08 EST 2014 , 4 , 2 , 2 , 177397 : { BUY 5223.61@0.80470892} 177396 : { BUY 5223.61@0.80470892} 177395 : { SELL 19684.72@0.8079342} 177394 : { SELL 19684.72@0.8079342} 
Mon Nov 24 16:11:09 EST 2014 , 4 , 2 , 2 , 177397 : { BUY 5223.61@0.80470892} 177396 : { BUY 5223.61@0.80470892} 177395 : { SELL 19684.72@0.8079342} 177394 : { SELL 19684.72@0.8079342} 
Mon Nov 24 16:14:10 EST 2014 , 4 , 2 , 2 , 177397 : { BUY 5223.61@0.80470892} 177396 : { BUY 5223.61@0.80470892} 177395 : { SELL 19684.72@0.8079342} 177394 : { SELL 19684.72@0.8079342} 
Mon Nov 24 16:17:11 EST 2014 , 4 , 2 , 2 , 177397 : { BUY 5223.61@0.80470892} 177396 : { BUY 5223.61@0.80470892} 177395 : { SELL 19684.72@0.8079342} 177394 : { SELL 19684.72@0.8079342} 
Mon Nov 24 16:20:12 EST 2014 , 4 , 2 , 2 , 177397 : { BUY 5223.61@0.80470892} 177396 : { BUY 5223.61@0.80470892} 177395 : { SELL 19684.72@0.8079342} 177394 : { SELL 19684.72@0.8079342} 
Mon Nov 24 16:23:13 EST 2014 , 4 , 2 , 2 , 177397 : { BUY 5223.61@0.80470892} 177396 : { BUY 5223.61@0.80470892} 177395 : { SELL 19684.72@0.8079342} 177394 : { SELL 19684.72@0.8079342} 
Mon Nov 24 16:26:14 EST 2014 , 4 , 2 , 2 , 177397 : { BUY 5223.61@0.80470892} 177396 : { BUY 5223.61@0.80470892} 177395 : { SELL 19684.72@0.8079342} 177394 : { SELL 19684.72@0.8079342} 
Mon Nov 24 16:29:15 EST 2014 , 4 , 2 , 2 , 177397 : { BUY 5223.61@0.80470892} 177396 : { BUY 5223.61@0.80470892} 177395 : { SELL 19684.72@0.8079342} 177394 : { SELL 19684.72@0.8079342} 
Mon Nov 24 16:32:16 EST 2014 , 4 , 2 , 2 , 177397 : { BUY 5223.61@0.80470892} 177396 : { BUY 5223.61@0.80470892} 177395 : { SELL 19684.72@0.8079342} 177394 : { SELL 19684.72@0.8079342} 
Mon Nov 24 16:35:17 EST 2014 , 4 , 2 , 2 , 177397 : { BUY 5223.61@0.80470892} 177396 : { BUY 5223.61@0.80470892} 177395 : { SELL 19684.72@0.8079342} 177394 : { SELL 19684.72@0.8079342} 
Mon Nov 24 16:38:18 EST 2014 , 4 , 2 , 2 , 177397 : { BUY 5223.61@0.80470892} 177396 : { BUY 5223.61@0.80470892} 177395 : { SELL 19684.72@0.8079342} 177394 : { SELL 19684.72@0.8079342} 
Mon Nov 24 16:41:19 EST 2014 , 4 , 2 , 2 , 177397 : { BUY 5223.61@0.80470892} 177396 : { BUY 5223.61@0.80470892} 177395 : { SELL 19684.72@0.8079342} 177394 : { SELL 19684.72@0.8079342} 
Mon Nov 24 16:44:20 EST 2014 , 4 , 2 , 2 , 177397 : { BUY 5223.61@0.80470892} 177396 : { BUY 5223.61@0.80470892} 177395 : { SELL 19684.72@0.8079342} 177394 : { SELL 19684.72@0.8079342} 
Mon Nov 24 16:47:21 EST 2014 , 4 , 2 , 2 , 177397 : { BUY 5223.61@0.80470892} 177396 : { BUY 5223.61@0.80470892} 177395 : { SELL 19684.72@0.8079342} 177394 : { SELL 19684.72@0.8079342} 
Mon Nov 24 16:50:22 EST 2014 , 4 , 2 , 2 , 177397 : { BUY 5223.61@0.80470892} 177396 : { BUY 5223.61@0.80470892} 177395 : { SELL 19684.72@0.8079342} 177394 : { SELL 19684.72@0.8079342} 
Mon Nov 24 16:53:23 EST 2014 , 4 , 2 , 2 , 177397 : { BUY 5223.61@0.80470892} 177396 : { BUY 5223.61@0.80470892} 177395 : { SELL 19684.72@0.8079342} 177394 : { SELL 19684.72@0.8079342} 
Mon Nov 24 16:56:24 EST 2014 , 4 , 2 , 2 , 177397 : { BUY 5223.61@0.80470892} 177396 : { BUY 5223.61@0.80470892} 177395 : { SELL 19684.72@0.8079342} 177394 : { SELL 19684.72@0.8079342} 
Mon Nov 24 16:59:25 EST 2014 , 4 , 2 , 2 , 177397 : { BUY 5223.61@0.80470892} 177396 : { BUY 5223.61@0.80470892} 177395 : { SELL 19684.72@0.8079342} 177394 : { SELL 19684.72@0.8079342} 
Mon Nov 24 17:02:26 EST 2014 , 4 , 2 , 2 , 177397 : { BUY 5223.61@0.80470892} 177396 : { BUY 5223.61@0.80470892} 177395 : { SELL 19684.72@0.8079342} 177394 : { SELL 19684.72@0.8079342} 
Mon Nov 24 17:05:27 EST 2014 , 4 , 2 , 2 , 177397 : { BUY 5223.61@0.80470892} 177396 : { BUY 5223.61@0.80470892} 177395 : { SELL 19684.72@0.8079342} 177394 : { SELL 19684.72@0.8079342} 
Mon Nov 24 17:08:28 EST 2014 , 4 , 2 , 2 , 177397 : { BUY 5223.61@0.80470892} 177396 : { BUY 5223.61@0.80470892} 177395 : { SELL 19684.72@0.8079342} 177394 : { SELL 19684.72@0.8079342} 
Mon Nov 24 17:11:29 EST 2014 , 4 , 2 , 2 , 177397 : { BUY 5223.61@0.80470892} 177396 : { BUY 5223.61@0.80470892} 177395 : { SELL 19684.72@0.8079342} 177394 : { SELL 19684.72@0.8079342} 
Mon Nov 24 17:14:30 EST 2014 , 4 , 2 , 2 , 177397 : { BUY 5223.61@0.80470892} 177396 : { BUY 5223.61@0.80470892} 177395 : { SELL 19684.72@0.8079342} 177394 : { SELL 19684.72@0.8079342} 
Mon Nov 24 17:17:31 EST 2014 , 4 , 2 , 2 , 177397 : { BUY 5223.61@0.80470892} 177396 : { BUY 5223.61@0.80470892} 177395 : { SELL 19684.72@0.8079342} 177394 : { SELL 19684.72@0.8079342} 
Mon Nov 24 17:20:32 EST 2014 , 4 , 2 , 2 , 177397 : { BUY 5223.61@0.80470892} 177396 : { BUY 5223.61@0.80470892} 177395 : { SELL 19684.72@0.8079342} 177394 : { SELL 19684.72@0.8079342} 
Mon Nov 24 17:23:33 EST 2014 , 4 , 2 , 2 , 177397 : { BUY 5223.61@0.80470892} 177396 : { BUY 5223.61@0.80470892} 177395 : { SELL 19684.72@0.8079342} 177394 : { SELL 19684.72@0.8079342} 
Mon Nov 24 17:26:34 EST 2014 , 4 , 2 , 2 , 177397 : { BUY 5223.61@0.80470892} 177396 : { BUY 5223.61@0.80470892} 177395 : { SELL 19684.72@0.8079342} 177394 : { SELL 19684.72@0.8079342} 
Mon Nov 24 17:29:35 EST 2014 , 4 , 2 , 2 , 177397 : { BUY 5223.61@0.80470892} 177396 : { BUY 5223.61@0.80470892} 177395 : { SELL 19684.72@0.8079342} 177394 : { SELL 19684.72@0.8079342} 
Mon Nov 24 17:32:36 EST 2014 , 4 , 2 , 2 , 177397 : { BUY 5223.61@0.80470892} 177396 : { BUY 5223.61@0.80470892} 177395 : { SELL 19684.72@0.8079342} 177394 : { SELL 19684.72@0.8079342} 
Mon Nov 24 17:35:37 EST 2014 , 4 , 2 , 2 , 177397 : { BUY 5223.61@0.80470892} 177396 : { BUY 5223.61@0.80470892} 177395 : { SELL 19684.72@0.8079342} 177394 : { SELL 19684.72@0.8079342} 
Mon Nov 24 17:38:38 EST 2014 , 4 , 2 , 2 , 177397 : { BUY 5223.61@0.80470892} 177396 : { BUY 5223.61@0.80470892} 177395 : { SELL 19684.72@0.8079342} 177394 : { SELL 19684.72@0.8079342} 
Mon Nov 24 17:41:40 EST 2014 , 4 , 2 , 2 , 177397 : { BUY 5223.61@0.80470892} 177396 : { BUY 5223.61@0.80470892} 177395 : { SELL 19684.72@0.8079342} 177394 : { SELL 19684.72@0.8079342} 
Mon Nov 24 17:44:40 EST 2014 , 4 , 2 , 2 , 177397 : { BUY 5223.61@0.80470892} 177396 : { BUY 5223.61@0.80470892} 177395 : { SELL 19684.72@0.8079342} 177394 : { SELL 19684.72@0.8079342} 
Mon Nov 24 17:47:41 EST 2014 , 4 , 2 , 2 , 177397 : { BUY 5223.61@0.80470892} 177396 : { BUY 5223.61@0.80470892} 177395 : { SELL 19684.72@0.8079342} 177394 : { SELL 19684.72@0.8079342} 
Mon Nov 24 17:50:42 EST 2014 , 4 , 2 , 2 , 177397 : { BUY 5223.61@0.80470892} 177396 : { BUY 5223.61@0.80470892} 177395 : { SELL 19684.72@0.8079342} 177394 : { SELL 19684.72@0.8079342} 
Mon Nov 24 17:53:43 EST 2014 , 4 , 2 , 2 , 177397 : { BUY 5223.61@0.80470892} 177396 : { BUY 5223.61@0.80470892} 177395 : { SELL 19684.72@0.8079342} 177394 : { SELL 19684.72@0.8079342} 
Mon Nov 24 17:56:44 EST 2014 , 4 , 2 , 2 , 177397 : { BUY 5223.61@0.80470892} 177396 : { BUY 5223.61@0.80470892} 177395 : { SELL 19684.72@0.8079342} 177394 : { SELL 19684.72@0.8079342} 
Mon Nov 24 17:59:45 EST 2014 , 4 , 2 , 2 , 177397 : { BUY 5223.61@0.80470892} 177396 : { BUY 5223.61@0.80470892} 177395 : { SELL 19684.72@0.8079342} 177394 : { SELL 19684.72@0.8079342} 
Mon Nov 24 18:02:46 EST 2014 , 4 , 2 , 2 , 177397 : { BUY 5223.61@0.80470892} 177396 : { BUY 5223.61@0.80470892} 177395 : { SELL 19684.72@0.8079342} 177394 : { SELL 19684.72@0.8079342} 
Mon Nov 24 18:05:47 EST 2014 , 4 , 2 , 2 , 177397 : { BUY 5223.61@0.80470892} 177396 : { BUY 5223.61@0.80470892} 177395 : { SELL 19684.72@0.8079342} 177394 : { SELL 19684.72@0.8079342} 
Mon Nov 24 18:08:48 EST 2014 , 4 , 2 , 2 , 177397 : { BUY 5223.61@0.80470892} 177396 : { BUY 5223.61@0.80470892} 177395 : { SELL 19684.72@0.8079342} 177394 : { SELL 19684.72@0.8079342} 
Mon Nov 24 18:11:49 EST 2014 , 4 , 2 , 2 , 177397 : { BUY 5223.61@0.80470892} 177396 : { BUY 5223.61@0.80470892} 177395 : { SELL 19684.72@0.8079342} 177394 : { SELL 19684.72@0.8079342} 
Mon Nov 24 18:14:50 EST 2014 , 4 , 2 , 2 , 177397 : { BUY 5223.61@0.80470892} 177396 : { BUY 5223.61@0.80470892} 177395 : { SELL 19684.72@0.8079342} 177394 : { SELL 19684.72@0.8079342} 
Mon Nov 24 18:17:51 EST 2014 , 4 , 2 , 2 , 177397 : { BUY 5223.61@0.80470892} 177396 : { BUY 5223.61@0.80470892} 177395 : { SELL 19684.72@0.8079342} 177394 : { SELL 19684.72@0.8079342} 
Mon Nov 24 18:20:52 EST 2014 , 4 , 2 , 2 , 177397 : { BUY 5223.61@0.80470892} 177396 : { BUY 5223.61@0.80470892} 177395 : { SELL 19684.72@0.8079342} 177394 : { SELL 19684.72@0.8079342} 
Mon Nov 24 18:23:53 EST 2014 , 4 , 2 , 2 , 177397 : { BUY 5223.61@0.80470892} 177396 : { BUY 5223.61@0.80470892} 177395 : { SELL 19684.72@0.8079342} 177394 : { SELL 19684.72@0.8079342} 
Mon Nov 24 18:26:54 EST 2014 , 4 , 2 , 2 , 177397 : { BUY 5223.61@0.80470892} 177396 : { BUY 5223.61@0.80470892} 177395 : { SELL 19684.72@0.8079342} 177394 : { SELL 19684.72@0.8079342} 
Mon Nov 24 18:29:55 EST 2014 , 4 , 2 , 2 , 177397 : { BUY 5223.61@0.80470892} 177396 : { BUY 5223.61@0.80470892} 177395 : { SELL 19684.72@0.8079342} 177394 : { SELL 19684.72@0.8079342} 
Mon Nov 24 18:32:56 EST 2014 , 4 , 2 , 2 , 177397 : { BUY 5223.61@0.80470892} 177396 : { BUY 5223.61@0.80470892} 177395 : { SELL 19684.72@0.8079342} 177394 : { SELL 19684.72@0.8079342} 
Mon Nov 24 18:35:57 EST 2014 , 4 , 2 , 2 , 177397 : { BUY 5223.61@0.80470892} 177396 : { BUY 5223.61@0.80470892} 177395 : { SELL 19684.72@0.8079342} 177394 : { SELL 19684.72@0.8079342} 
Mon Nov 24 18:38:58 EST 2014 , 4 , 2 , 2 , 177397 : { BUY 5223.61@0.80470892} 177396 : { BUY 5223.61@0.80470892} 177395 : { SELL 19684.72@0.8079342} 177394 : { SELL 19684.72@0.8079342} 
Mon Nov 24 18:41:59 EST 2014 , 4 , 2 , 2 , 177397 : { BUY 5223.61@0.80470892} 177396 : { BUY 5223.61@0.80470892} 177395 : { SELL 19684.72@0.8079342} 177394 : { SELL 19684.72@0.8079342} 
Mon Nov 24 18:45:00 EST 2014 , 4 , 2 , 2 , 177397 : { BUY 5223.61@0.80470892} 177396 : { BUY 5223.61@0.80470892} 177395 : { SELL 19684.72@0.8079342} 177394 : { SELL 19684.72@0.8079342} 
Mon Nov 24 18:48:01 EST 2014 , 4 , 2 , 2 , 177397 : { BUY 5223.61@0.80470892} 177396 : { BUY 5223.61@0.80470892} 177395 : { SELL 19684.72@0.8079342} 177394 : { SELL 19684.72@0.8079342} 
Mon Nov 24 18:51:02 EST 2014 , 4 , 2 , 2 , 177397 : { BUY 5223.61@0.80470892} 177396 : { BUY 5223.61@0.80470892} 177395 : { SELL 19684.72@0.8079342} 177394 : { SELL 19684.72@0.8079342} 
Mon Nov 24 18:54:03 EST 2014 , 4 , 2 , 2 , 177397 : { BUY 5223.61@0.80470892} 177396 : { BUY 5223.61@0.80470892} 177395 : { SELL 19684.72@0.8079342} 177394 : { SELL 19684.72@0.8079342} 
Mon Nov 24 18:57:04 EST 2014 , 4 , 2 , 2 , 177397 : { BUY 5223.61@0.80470892} 177396 : { BUY 5223.61@0.80470892} 177395 : { SELL 19684.72@0.8079342} 177394 : { SELL 19684.72@0.8079342} 
Mon Nov 24 19:00:05 EST 2014 , 4 , 2 , 2 , 177397 : { BUY 5223.61@0.80470892} 177396 : { BUY 5223.61@0.80470892} 177395 : { SELL 19684.72@0.8079342} 177394 : { SELL 19684.72@0.8079342} 
Mon Nov 24 19:03:06 EST 2014 , 4 , 2 , 2 , 177397 : { BUY 5223.61@0.80470892} 177396 : { BUY 5223.61@0.80470892} 177395 : { SELL 19684.72@0.8079342} 177394 : { SELL 19684.72@0.8079342} 
Mon Nov 24 19:06:07 EST 2014 , 4 , 2 , 2 , 177397 : { BUY 5223.61@0.80470892} 177396 : { BUY 5223.61@0.80470892} 177395 : { SELL 19684.72@0.8079342} 177394 : { SELL 19684.72@0.8079342} 
Mon Nov 24 19:09:08 EST 2014 , 4 , 2 , 2 , 177397 : { BUY 5223.61@0.80470892} 177396 : { BUY 5223.61@0.80470892} 177395 : { SELL 19684.72@0.8079342} 177394 : { SELL 19684.72@0.8079342} 
Mon Nov 24 19:12:09 EST 2014 , 4 , 2 , 2 , 177397 : { BUY 5223.61@0.80470892} 177396 : { BUY 5223.61@0.80470892} 177395 : { SELL 19684.72@0.8079342} 177394 : { SELL 19684.72@0.8079342} 
Mon Nov 24 19:15:10 EST 2014 , 4 , 2 , 2 , 177397 : { BUY 5223.61@0.80470892} 177396 : { BUY 5223.61@0.80470892} 177395 : { SELL 19684.72@0.8079342} 177394 : { SELL 19684.72@0.8079342} 
Mon Nov 24 19:18:11 EST 2014 , 4 , 2 , 2 , 177397 : { BUY 5223.61@0.80470892} 177396 : { BUY 5223.61@0.80470892} 177395 : { SELL 19684.72@0.8079342} 177394 : { SELL 19684.72@0.8079342} 
Mon Nov 24 19:21:12 EST 2014 , 4 , 2 , 2 , 177397 : { BUY 5223.61@0.80470892} 177396 : { BUY 5223.61@0.80470892} 177395 : { SELL 19684.72@0.8079342} 177394 : { SELL 19684.72@0.8079342} 
Mon Nov 24 19:24:13 EST 2014 , 4 , 2 , 2 , 177397 : { BUY 5223.61@0.80470892} 177396 : { BUY 5223.61@0.80470892} 177395 : { SELL 19684.72@0.8079342} 177394 : { SELL 19684.72@0.8079342} 
Mon Nov 24 19:27:14 EST 2014 , 4 , 2 , 2 , 177397 : { BUY 5223.61@0.80470892} 177396 : { BUY 5223.61@0.80470892} 177395 : { SELL 19684.72@0.8079342} 177394 : { SELL 19684.72@0.8079342} 
Mon Nov 24 19:30:15 EST 2014 , 4 , 2 , 2 , 177397 : { BUY 5223.61@0.80470892} 177396 : { BUY 5223.61@0.80470892} 177395 : { SELL 19684.72@0.8079342} 177394 : { SELL 19684.72@0.8079342} 
Mon Nov 24 19:33:16 EST 2014 , 4 , 2 , 2 , 177397 : { BUY 5223.61@0.80470892} 177396 : { BUY 5223.61@0.80470892} 177395 : { SELL 19684.72@0.8079342} 177394 : { SELL 19684.72@0.8079342} 
Mon Nov 24 19:36:17 EST 2014 , 4 , 2 , 2 , 177397 : { BUY 5223.61@0.80470892} 177396 : { BUY 5223.61@0.80470892} 177395 : { SELL 19684.72@0.8079342} 177394 : { SELL 19684.72@0.8079342} 
Mon Nov 24 19:39:18 EST 2014 , 4 , 2 , 2 , 177397 : { BUY 5223.61@0.80470892} 177396 : { BUY 5223.61@0.80470892} 177395 : { SELL 19684.72@0.8079342} 177394 : { SELL 19684.72@0.8079342} 
Mon Nov 24 19:42:19 EST 2014 , 4 , 2 , 2 , 177397 : { BUY 5223.61@0.80470892} 177396 : { BUY 5223.61@0.80470892} 177395 : { SELL 19684.72@0.8079342} 177394 : { SELL 19684.72@0.8079342} 
Mon Nov 24 19:45:20 EST 2014 , 4 , 2 , 2 , 177397 : { BUY 5223.61@0.80470892} 177396 : { BUY 5223.61@0.80470892} 177395 : { SELL 19684.72@0.8079342} 177394 : { SELL 19684.72@0.8079342} 
Mon Nov 24 19:48:21 EST 2014 , 4 , 2 , 2 , 177397 : { BUY 5223.61@0.80470892} 177396 : { BUY 5223.61@0.80470892} 177395 : { SELL 19684.72@0.8079342} 177394 : { SELL 19684.72@0.8079342} 
Mon Nov 24 19:51:22 EST 2014 , 4 , 2 , 2 , 177397 : { BUY 5223.61@0.80470892} 177396 : { BUY 5223.61@0.80470892} 177395 : { SELL 19684.72@0.8079342} 177394 : { SELL 19684.72@0.8079342} 
Mon Nov 24 19:54:23 EST 2014 , 4 , 2 , 2 , 177397 : { BUY 5223.61@0.80470892} 177396 : { BUY 5223.61@0.80470892} 177395 : { SELL 19684.72@0.8079342} 177394 : { SELL 19684.72@0.8079342} 
Mon Nov 24 19:57:24 EST 2014 , 4 , 2 , 2 , 177397 : { BUY 5223.61@0.80470892} 177396 : { BUY 5223.61@0.80470892} 177395 : { SELL 19684.72@0.8079342} 177394 : { SELL 19684.72@0.8079342} 
Mon Nov 24 20:00:25 EST 2014 , 4 , 2 , 2 , 177397 : { BUY 5223.61@0.80470892} 177396 : { BUY 5223.61@0.80470892} 177395 : { SELL 19684.72@0.8079342} 177394 : { SELL 19684.72@0.8079342} 
Mon Nov 24 20:03:26 EST 2014 , 4 , 2 , 2 , 177397 : { BUY 5223.61@0.80470892} 177396 : { BUY 5223.61@0.80470892} 177395 : { SELL 19684.72@0.8079342} 177394 : { SELL 19684.72@0.8079342} 
Mon Nov 24 20:06:27 EST 2014 , 4 , 2 , 2 , 177397 : { BUY 5223.61@0.80470892} 177396 : { BUY 5223.61@0.80470892} 177395 : { SELL 19684.72@0.8079342} 177394 : { SELL 19684.72@0.8079342} 
Mon Nov 24 20:09:28 EST 2014 , 4 , 2 , 2 , 177397 : { BUY 5223.61@0.80470892} 177396 : { BUY 5223.61@0.80470892} 177395 : { SELL 19684.72@0.8079342} 177394 : { SELL 19684.72@0.8079342} 
Mon Nov 24 20:12:29 EST 2014 , 4 , 2 , 2 , 177397 : { BUY 5223.61@0.80470892} 177396 : { BUY 5223.61@0.80470892} 177395 : { SELL 19684.72@0.8079342} 177394 : { SELL 19684.72@0.8079342} 
Mon Nov 24 20:15:30 EST 2014 , 4 , 2 , 2 , 177397 : { BUY 5223.61@0.80470892} 177396 : { BUY 5223.61@0.80470892} 177395 : { SELL 19684.72@0.8079342} 177394 : { SELL 19684.72@0.8079342} 
Mon Nov 24 20:18:31 EST 2014 , 4 , 2 , 2 , 177397 : { BUY 5223.61@0.80470892} 177396 : { BUY 5223.61@0.80470892} 177395 : { SELL 19684.72@0.8079342} 177394 : { SELL 19684.72@0.8079342} 
Mon Nov 24 20:21:32 EST 2014 , 4 , 2 , 2 , 177397 : { BUY 5223.61@0.80470892} 177396 : { BUY 5223.61@0.80470892} 177395 : { SELL 19684.72@0.8079342} 177394 : { SELL 19684.72@0.8079342} 
Mon Nov 24 20:24:33 EST 2014 , 4 , 2 , 2 , 177397 : { BUY 5223.61@0.80470892} 177396 : { BUY 5223.61@0.80470892} 177395 : { SELL 19684.72@0.8079342} 177394 : { SELL 19684.72@0.8079342} 
Mon Nov 24 20:27:34 EST 2014 , 4 , 2 , 2 , 177397 : { BUY 5223.61@0.80470892} 177396 : { BUY 5223.61@0.80470892} 177395 : { SELL 19684.72@0.8079342} 177394 : { SELL 19684.72@0.8079342} 
Mon Nov 24 20:30:35 EST 2014 , 4 , 2 , 2 , 177397 : { BUY 5223.61@0.80470892} 177396 : { BUY 5223.61@0.80470892} 177395 : { SELL 19684.72@0.8079342} 177394 : { SELL 19684.72@0.8079342} 
Mon Nov 24 20:33:36 EST 2014 , 4 , 2 , 2 , 177397 : { BUY 5223.61@0.80470892} 177396 : { BUY 5223.61@0.80470892} 177395 : { SELL 19684.72@0.8079342} 177394 : { SELL 19684.72@0.8079342} 
Mon Nov 24 20:36:37 EST 2014 , 4 , 2 , 2 , 177397 : { BUY 5223.61@0.80470892} 177396 : { BUY 5223.61@0.80470892} 177395 : { SELL 19684.72@0.8079342} 177394 : { SELL 19684.72@0.8079342} 
Mon Nov 24 20:39:38 EST 2014 , 4 , 2 , 2 , 177397 : { BUY 5223.61@0.80470892} 177396 : { BUY 5223.61@0.80470892} 177395 : { SELL 19684.72@0.8079342} 177394 : { SELL 19684.72@0.8079342} 
Mon Nov 24 20:42:39 EST 2014 , 4 , 2 , 2 , 177397 : { BUY 5223.61@0.80470892} 177396 : { BUY 5223.61@0.80470892} 177395 : { SELL 19684.72@0.8079342} 177394 : { SELL 19684.72@0.8079342} 
Mon Nov 24 20:45:40 EST 2014 , 4 , 2 , 2 , 177397 : { BUY 5223.61@0.80470892} 177396 : { BUY 5223.61@0.80470892} 177395 : { SELL 19684.72@0.8079342} 177394 : { SELL 19684.72@0.8079342} 
Mon Nov 24 20:48:41 EST 2014 , 4 , 2 , 2 , 177397 : { BUY 5223.61@0.80470892} 177396 : { BUY 5223.61@0.80470892} 177395 : { SELL 19684.72@0.8079342} 177394 : { SELL 19684.72@0.8079342} 
Mon Nov 24 20:51:42 EST 2014 , 4 , 2 , 2 , 177397 : { BUY 5223.61@0.80470892} 177396 : { BUY 5223.61@0.80470892} 177395 : { SELL 19684.72@0.8079342} 177394 : { SELL 19684.72@0.8079342} 
Mon Nov 24 20:54:43 EST 2014 , 4 , 2 , 2 , 177397 : { BUY 5223.61@0.80470892} 177396 : { BUY 5223.61@0.80470892} 177395 : { SELL 19684.72@0.8079342} 177394 : { SELL 19684.72@0.8079342} 
Mon Nov 24 20:57:44 EST 2014 , 4 , 2 , 2 , 177397 : { BUY 5223.61@0.80470892} 177396 : { BUY 5223.61@0.80470892} 177395 : { SELL 19684.72@0.8079342} 177394 : { SELL 19684.72@0.8079342} 
Mon Nov 24 21:00:45 EST 2014 , 4 , 2 , 2 , 177397 : { BUY 5223.61@0.80470892} 177396 : { BUY 5223.61@0.80470892} 177395 : { SELL 19684.72@0.8079342} 177394 : { SELL 19684.72@0.8079342} 
Mon Nov 24 21:03:46 EST 2014 , 4 , 2 , 2 , 177397 : { BUY 5223.61@0.80470892} 177396 : { BUY 5223.61@0.80470892} 177395 : { SELL 19684.72@0.8079342} 177394 : { SELL 19684.72@0.8079342} 
Mon Nov 24 21:06:47 EST 2014 , 4 , 2 , 2 , 177397 : { BUY 5223.61@0.80470892} 177396 : { BUY 5223.61@0.80470892} 177395 : { SELL 19684.72@0.8079342} 177394 : { SELL 19684.72@0.8079342} 
Mon Nov 24 21:09:48 EST 2014 , 4 , 2 , 2 , 177397 : { BUY 5223.61@0.80470892} 177396 : { BUY 5223.61@0.80470892} 177395 : { SELL 19684.72@0.8079342} 177394 : { SELL 19684.72@0.8079342} 
Mon Nov 24 21:12:49 EST 2014 , 4 , 2 , 2 , 177397 : { BUY 5223.61@0.80470892} 177396 : { BUY 5223.61@0.80470892} 177395 : { SELL 19684.72@0.8079342} 177394 : { SELL 19684.72@0.8079342} 
Mon Nov 24 21:15:50 EST 2014 , 4 , 2 , 2 , 177397 : { BUY 5223.61@0.80470892} 177396 : { BUY 5223.61@0.80470892} 177395 : { SELL 19684.72@0.8079342} 177394 : { SELL 19684.72@0.8079342} 
Mon Nov 24 21:18:51 EST 2014 , 4 , 2 , 2 , 177397 : { BUY 5223.61@0.80470892} 177396 : { BUY 5223.61@0.80470892} 177395 : { SELL 19684.72@0.8079342} 177394 : { SELL 19684.72@0.8079342} 
Mon Nov 24 21:21:52 EST 2014 , 4 , 2 , 2 , 177397 : { BUY 5223.61@0.80470892} 177396 : { BUY 5223.61@0.80470892} 177395 : { SELL 19684.72@0.8079342} 177394 : { SELL 19684.72@0.8079342} 
Mon Nov 24 21:24:53 EST 2014 , 4 , 2 , 2 , 177397 : { BUY 5223.61@0.80470892} 177396 : { BUY 5223.61@0.80470892} 177395 : { SELL 19684.72@0.8079342} 177394 : { SELL 19684.72@0.8079342} 
Mon Nov 24 21:27:54 EST 2014 , 4 , 2 , 2 , 177397 : { BUY 5223.61@0.80470892} 177396 : { BUY 5223.61@0.80470892} 177395 : { SELL 19684.72@0.8079342} 177394 : { SELL 19684.72@0.8079342} 
Mon Nov 24 21:30:55 EST 2014 , 4 , 2 , 2 , 177397 : { BUY 5223.61@0.80470892} 177396 : { BUY 5223.61@0.80470892} 177395 : { SELL 19684.72@0.8079342} 177394 : { SELL 19684.72@0.8079342} 
Mon Nov 24 21:33:56 EST 2014 , 4 , 2 , 2 , 177397 : { BUY 5223.61@0.80470892} 177396 : { BUY 5223.61@0.80470892} 177395 : { SELL 19684.72@0.8079342} 177394 : { SELL 19684.72@0.8079342} 
Mon Nov 24 21:36:57 EST 2014 , 4 , 2 , 2 , 177397 : { BUY 5223.61@0.80470892} 177396 : { BUY 5223.61@0.80470892} 177395 : { SELL 19684.72@0.8079342} 177394 : { SELL 19684.72@0.8079342} 
Mon Nov 24 21:39:58 EST 2014 , 4 , 2 , 2 , 177397 : { BUY 5223.61@0.80470892} 177396 : { BUY 5223.61@0.80470892} 177395 : { SELL 19684.72@0.8079342} 177394 : { SELL 19684.72@0.8079342} 
Mon Nov 24 21:42:59 EST 2014 , 4 , 2 , 2 , 177397 : { BUY 5223.61@0.80470892} 177396 : { BUY 5223.61@0.80470892} 177395 : { SELL 19684.72@0.8079342} 177394 : { SELL 19684.72@0.8079342} 
Mon Nov 24 21:46:00 EST 2014 , 4 , 2 , 2 , 177397 : { BUY 5223.61@0.80470892} 177396 : { BUY 5223.61@0.80470892} 177395 : { SELL 19684.72@0.8079342} 177394 : { SELL 19684.72@0.8079342} 
Mon Nov 24 21:49:01 EST 2014 , 4 , 2 , 2 , 177397 : { BUY 5223.61@0.80470892} 177396 : { BUY 5223.61@0.80470892} 177395 : { SELL 19684.72@0.8079342} 177394 : { SELL 19684.72@0.8079342} 
Mon Nov 24 21:52:02 EST 2014 , 4 , 2 , 2 , 177397 : { BUY 5223.61@0.80470892} 177396 : { BUY 5223.61@0.80470892} 177395 : { SELL 19684.72@0.8079342} 177394 : { SELL 19684.72@0.8079342} 
Mon Nov 24 21:55:03 EST 2014 , 4 , 2 , 2 , 177397 : { BUY 5223.61@0.80470892} 177396 : { BUY 5223.61@0.80470892} 177395 : { SELL 19684.72@0.8079342} 177394 : { SELL 19684.72@0.8079342} 
Mon Nov 24 21:58:04 EST 2014 , 4 , 2 , 2 , 177397 : { BUY 5223.61@0.80470892} 177396 : { BUY 5223.61@0.80470892} 177395 : { SELL 19684.72@0.8079342} 177394 : { SELL 19684.72@0.8079342} 
Mon Nov 24 22:01:05 EST 2014 , 4 , 2 , 2 , 177397 : { BUY 5223.61@0.80470892} 177396 : { BUY 5223.61@0.80470892} 177395 : { SELL 19684.72@0.8079342} 177394 : { SELL 19684.72@0.8079342} 
Mon Nov 24 22:04:06 EST 2014 , 4 , 2 , 2 , 177397 : { BUY 5223.61@0.80470892} 177396 : { BUY 5223.61@0.80470892} 177395 : { SELL 19684.72@0.8079342} 177394 : { SELL 19684.72@0.8079342} 
Mon Nov 24 22:07:07 EST 2014 , 4 , 2 , 2 , 177397 : { BUY 5223.61@0.80470892} 177396 : { BUY 5223.61@0.80470892} 177395 : { SELL 19684.72@0.8079342} 177394 : { SELL 19684.72@0.8079342} 
Mon Nov 24 22:10:08 EST 2014 , 4 , 2 , 2 , 177397 : { BUY 5223.61@0.80470892} 177396 : { BUY 5223.61@0.80470892} 177395 : { SELL 19684.72@0.8079342} 177394 : { SELL 19684.72@0.8079342} 
Mon Nov 24 22:13:09 EST 2014 , 4 , 2 , 2 , 177397 : { BUY 5223.61@0.80470892} 177396 : { BUY 5223.61@0.80470892} 177395 : { SELL 19684.72@0.8079342} 177394 : { SELL 19684.72@0.8079342} 
Mon Nov 24 22:16:10 EST 2014 , 4 , 2 , 2 , 177397 : { BUY 5223.61@0.80470892} 177396 : { BUY 5223.61@0.80470892} 177395 : { SELL 19684.72@0.8079342} 177394 : { SELL 19684.72@0.8079342} 
Mon Nov 24 22:19:11 EST 2014 , 4 , 2 , 2 , 177397 : { BUY 5223.61@0.80470892} 177396 : { BUY 5223.61@0.80470892} 177395 : { SELL 19684.72@0.8079342} 177394 : { SELL 19684.72@0.8079342} 
Mon Nov 24 22:22:12 EST 2014 , 4 , 2 , 2 , 177397 : { BUY 5223.61@0.80470892} 177396 : { BUY 5223.61@0.80470892} 177395 : { SELL 19684.72@0.8079342} 177394 : { SELL 19684.72@0.8079342} 
Mon Nov 24 22:25:13 EST 2014 , 4 , 2 , 2 , 177397 : { BUY 5223.61@0.80470892} 177396 : { BUY 5223.61@0.80470892} 177395 : { SELL 19684.72@0.8079342} 177394 : { SELL 19684.72@0.8079342} 
Mon Nov 24 22:28:14 EST 2014 , 4 , 2 , 2 , 177397 : { BUY 5223.61@0.80470892} 177396 : { BUY 5223.61@0.80470892} 177395 : { SELL 19684.72@0.8079342} 177394 : { SELL 19684.72@0.8079342} 
Mon Nov 24 22:31:15 EST 2014 , 4 , 2 , 2 , 177397 : { BUY 5223.61@0.80470892} 177396 : { BUY 5223.61@0.80470892} 177395 : { SELL 19684.72@0.8079342} 177394 : { SELL 19684.72@0.8079342} 
Mon Nov 24 22:34:16 EST 2014 , 4 , 2 , 2 , 177397 : { BUY 5223.61@0.80470892} 177396 : { BUY 5223.61@0.80470892} 177395 : { SELL 19684.72@0.8079342} 177394 : { SELL 19684.72@0.8079342} 
Mon Nov 24 22:37:17 EST 2014 , 4 , 2 , 2 , 177397 : { BUY 5223.61@0.80470892} 177396 : { BUY 5223.61@0.80470892} 177395 : { SELL 19684.72@0.8079342} 177394 : { SELL 19684.72@0.8079342} 
Mon Nov 24 22:40:18 EST 2014 , 4 , 2 , 2 , 177397 : { BUY 5223.61@0.80470892} 177396 : { BUY 5223.61@0.80470892} 177395 : { SELL 19684.72@0.8079342} 177394 : { SELL 19684.72@0.8079342} 
Mon Nov 24 22:43:20 EST 2014 , 4 , 2 , 2 , 177397 : { BUY 5223.61@0.80470892} 177396 : { BUY 5223.61@0.80470892} 177395 : { SELL 19684.72@0.8079342} 177394 : { SELL 19684.72@0.8079342} 
Mon Nov 24 22:46:20 EST 2014 , 4 , 2 , 2 , 177397 : { BUY 5223.61@0.80470892} 177396 : { BUY 5223.61@0.80470892} 177395 : { SELL 19684.72@0.8079342} 177394 : { SELL 19684.72@0.8079342} 
Mon Nov 24 22:49:21 EST 2014 , 4 , 2 , 2 , 177397 : { BUY 5223.61@0.80470892} 177396 : { BUY 5223.61@0.80470892} 177395 : { SELL 19684.72@0.8079342} 177394 : { SELL 19684.72@0.8079342} 
Mon Nov 24 22:52:22 EST 2014 , 4 , 2 , 2 , 177397 : { BUY 5223.61@0.80470892} 177396 : { BUY 5223.61@0.80470892} 177395 : { SELL 19684.72@0.8079342} 177394 : { SELL 19684.72@0.8079342} 
Mon Nov 24 22:55:23 EST 2014 , 4 , 2 , 2 , 177397 : { BUY 5223.61@0.80470892} 177396 : { BUY 5223.61@0.80470892} 177395 : { SELL 19684.72@0.8079342} 177394 : { SELL 19684.72@0.8079342} 
Mon Nov 24 22:58:24 EST 2014 , 4 , 2 , 2 , 177397 : { BUY 5223.61@0.80470892} 177396 : { BUY 5223.61@0.80470892} 177395 : { SELL 19684.72@0.8079342} 177394 : { SELL 19684.72@0.8079342} 
Mon Nov 24 23:01:25 EST 2014 , 4 , 2 , 2 , 177397 : { BUY 5223.61@0.80470892} 177396 : { BUY 5223.61@0.80470892} 177395 : { SELL 19684.72@0.8079342} 177394 : { SELL 19684.72@0.8079342} 
Mon Nov 24 23:04:26 EST 2014 , 4 , 2 , 2 , 177397 : { BUY 5223.61@0.80470892} 177396 : { BUY 5223.61@0.80470892} 177395 : { SELL 19684.72@0.8079342} 177394 : { SELL 19684.72@0.8079342} 
Mon Nov 24 23:07:27 EST 2014 , 4 , 2 , 2 , 177397 : { BUY 5223.61@0.80470892} 177396 : { BUY 5223.61@0.80470892} 177395 : { SELL 19684.72@0.8079342} 177394 : { SELL 19684.72@0.8079342} 
Mon Nov 24 23:10:28 EST 2014 , 4 , 2 , 2 , 177397 : { BUY 5223.61@0.80470892} 177396 : { BUY 5223.61@0.80470892} 177395 : { SELL 19684.72@0.8079342} 177394 : { SELL 19684.72@0.8079342} 
Mon Nov 24 23:13:29 EST 2014 , 4 , 2 , 2 , 177397 : { BUY 5223.61@0.80470892} 177396 : { BUY 5223.61@0.80470892} 177395 : { SELL 19684.72@0.8079342} 177394 : { SELL 19684.72@0.8079342} 
Mon Nov 24 23:16:30 EST 2014 , 4 , 2 , 2 , 177397 : { BUY 5223.61@0.80470892} 177396 : { BUY 5223.61@0.80470892} 177395 : { SELL 19684.72@0.8079342} 177394 : { SELL 19684.72@0.8079342} 
Mon Nov 24 23:19:31 EST 2014 , 4 , 2 , 2 , 177397 : { BUY 5223.61@0.80470892} 177396 : { BUY 5223.61@0.80470892} 177395 : { SELL 19684.72@0.8079342} 177394 : { SELL 19684.72@0.8079342} 
Mon Nov 24 23:22:32 EST 2014 , 4 , 2 , 2 , 177397 : { BUY 5223.61@0.80470892} 177396 : { BUY 5223.61@0.80470892} 177395 : { SELL 19684.72@0.8079342} 177394 : { SELL 19684.72@0.8079342} 
Mon Nov 24 23:25:33 EST 2014 , 4 , 2 , 2 , 177397 : { BUY 5223.61@0.80470892} 177396 : { BUY 5223.61@0.80470892} 177395 : { SELL 19684.72@0.8079342} 177394 : { SELL 19684.72@0.8079342} 
Mon Nov 24 23:28:34 EST 2014 , 4 , 2 , 2 , 177397 : { BUY 5223.61@0.80470892} 177396 : { BUY 5223.61@0.80470892} 177395 : { SELL 19684.72@0.8079342} 177394 : { SELL 19684.72@0.8079342} 
Mon Nov 24 23:31:35 EST 2014 , 4 , 2 , 2 , 177397 : { BUY 5223.61@0.80470892} 177396 : { BUY 5223.61@0.80470892} 177395 : { SELL 19684.72@0.8079342} 177394 : { SELL 19684.72@0.8079342} 
Mon Nov 24 23:34:36 EST 2014 , 4 , 2 , 2 , 177397 : { BUY 5223.61@0.80470892} 177396 : { BUY 5223.61@0.80470892} 177395 : { SELL 19684.72@0.8079342} 177394 : { SELL 19684.72@0.8079342} 
Mon Nov 24 23:37:37 EST 2014 , 4 , 2 , 2 , 177397 : { BUY 5223.61@0.80470892} 177396 : { BUY 5223.61@0.80470892} 177395 : { SELL 19684.72@0.8079342} 177394 : { SELL 19684.72@0.8079342} 
Mon Nov 24 23:40:38 EST 2014 , 4 , 2 , 2 , 177397 : { BUY 5223.61@0.80470892} 177396 : { BUY 5223.61@0.80470892} 177395 : { SELL 19684.72@0.8079342} 177394 : { SELL 19684.72@0.8079342} 
Mon Nov 24 23:43:39 EST 2014 , 4 , 2 , 2 , 177397 : { BUY 5223.61@0.80470892} 177396 : { BUY 5223.61@0.80470892} 177395 : { SELL 19684.72@0.8079342} 177394 : { SELL 19684.72@0.8079342} 
Mon Nov 24 23:46:40 EST 2014 , 4 , 2 , 2 , 177397 : { BUY 5223.61@0.80470892} 177396 : { BUY 5223.61@0.80470892} 177395 : { SELL 19684.72@0.8079342} 177394 : { SELL 19684.72@0.8079342} 
Mon Nov 24 23:49:41 EST 2014 , 4 , 2 , 2 , 177397 : { BUY 5223.61@0.80470892} 177396 : { BUY 5223.61@0.80470892} 177395 : { SELL 19684.72@0.8079342} 177394 : { SELL 19684.72@0.8079342} 
Mon Nov 24 23:52:42 EST 2014 , 4 , 2 , 2 , 177397 : { BUY 5223.61@0.80470892} 177396 : { BUY 5223.61@0.80470892} 177395 : { SELL 19684.72@0.8079342} 177394 : { SELL 19684.72@0.8079342} 
Mon Nov 24 23:55:43 EST 2014 , 4 , 2 , 2 , 177397 : { BUY 5223.61@0.80470892} 177396 : { BUY 5223.61@0.80470892} 177395 : { SELL 19684.72@0.8079342} 177394 : { SELL 19684.72@0.8079342} 
Mon Nov 24 23:58:44 EST 2014 , 4 , 2 , 2 , 177397 : { BUY 5223.61@0.80470892} 177396 : { BUY 5223.61@0.80470892} 177395 : { SELL 19684.72@0.8079342} 177394 : { SELL 19684.72@0.8079342} 
Tue Nov 25 00:01:45 EST 2014 , 4 , 2 , 2 , 177397 : { BUY 5223.61@0.80470892} 177396 : { BUY 5223.61@0.80470892} 177395 : { SELL 19684.72@0.8079342} 177394 : { SELL 19684.72@0.8079342} 
Tue Nov 25 00:04:46 EST 2014 , 4 , 2 , 2 , 177397 : { BUY 5223.61@0.80470892} 177396 : { BUY 5223.61@0.80470892} 177395 : { SELL 19684.72@0.8079342} 177394 : { SELL 19684.72@0.8079342} 
Tue Nov 25 00:07:47 EST 2014 , 4 , 2 , 2 , 177397 : { BUY 5223.61@0.80470892} 177396 : { BUY 5223.61@0.80470892} 177395 : { SELL 19684.72@0.8079342} 177394 : { SELL 19684.72@0.8079342} 
Tue Nov 25 00:10:48 EST 2014 , 4 , 2 , 2 , 177397 : { BUY 5223.61@0.80470892} 177396 : { BUY 5223.61@0.80470892} 177395 : { SELL 19684.72@0.8079342} 177394 : { SELL 19684.72@0.8079342} 
Tue Nov 25 00:13:49 EST 2014 , 4 , 2 , 2 , 177397 : { BUY 5223.61@0.80470892} 177396 : { BUY 5223.61@0.80470892} 177395 : { SELL 19684.72@0.8079342} 177394 : { SELL 19684.72@0.8079342} 
Tue Nov 25 00:16:50 EST 2014 , 4 , 2 , 2 , 177397 : { BUY 5223.61@0.80470892} 177396 : { BUY 5223.61@0.80470892} 177395 : { SELL 19684.72@0.8079342} 177394 : { SELL 19684.72@0.8079342} 
Tue Nov 25 00:19:51 EST 2014 , 4 , 2 , 2 , 177397 : { BUY 5223.61@0.80470892} 177396 : { BUY 5223.61@0.80470892} 177395 : { SELL 19684.72@0.8079342} 177394 : { SELL 19684.72@0.8079342} 
Tue Nov 25 00:22:52 EST 2014 , 4 , 2 , 2 , 177397 : { BUY 5223.61@0.80470892} 177396 : { BUY 5223.61@0.80470892} 177395 : { SELL 19684.72@0.8079342} 177394 : { SELL 19684.72@0.8079342} 
Tue Nov 25 00:25:53 EST 2014 , 4 , 2 , 2 , 177397 : { BUY 5223.61@0.80470892} 177396 : { BUY 5223.61@0.80470892} 177395 : { SELL 19684.72@0.8079342} 177394 : { SELL 19684.72@0.8079342} 
Tue Nov 25 00:28:54 EST 2014 , 4 , 2 , 2 , 177397 : { BUY 5223.61@0.80470892} 177396 : { BUY 5223.61@0.80470892} 177395 : { SELL 19684.72@0.8079342} 177394 : { SELL 19684.72@0.8079342} 
Tue Nov 25 00:31:55 EST 2014 , 4 , 2 , 2 , 177397 : { BUY 5223.61@0.80470892} 177396 : { BUY 5223.61@0.80470892} 177395 : { SELL 19684.72@0.8079342} 177394 : { SELL 19684.72@0.8079342} 
Tue Nov 25 00:34:56 EST 2014 , 4 , 2 , 2 , 177397 : { BUY 5223.61@0.80470892} 177396 : { BUY 5223.61@0.80470892} 177395 : { SELL 19684.72@0.8079342} 177394 : { SELL 19684.72@0.8079342} 
Tue Nov 25 00:37:57 EST 2014 , 4 , 2 , 2 , 177397 : { BUY 5223.61@0.80470892} 177396 : { BUY 5223.61@0.80470892} 177395 : { SELL 19684.72@0.8079342} 177394 : { SELL 19684.72@0.8079342} 
Tue Nov 25 00:40:58 EST 2014 , 4 , 2 , 2 , 177397 : { BUY 5223.61@0.80470892} 177396 : { BUY 5223.61@0.80470892} 177395 : { SELL 19684.72@0.8079342} 177394 : { SELL 19684.72@0.8079342} 
Tue Nov 25 00:43:59 EST 2014 , 4 , 2 , 2 , 177397 : { BUY 5223.61@0.80470892} 177396 : { BUY 5223.61@0.80470892} 177395 : { SELL 19684.72@0.8079342} 177394 : { SELL 19684.72@0.8079342} 
Tue Nov 25 00:47:00 EST 2014 , 4 , 2 , 2 , 177397 : { BUY 5223.61@0.80470892} 177396 : { BUY 5223.61@0.80470892} 177395 : { SELL 19684.72@0.8079342} 177394 : { SELL 19684.72@0.8079342} 
Tue Nov 25 00:50:01 EST 2014 , 4 , 2 , 2 , 177397 : { BUY 5223.61@0.80470892} 177396 : { BUY 5223.61@0.80470892} 177395 : { SELL 19684.72@0.8079342} 177394 : { SELL 19684.72@0.8079342} 
Tue Nov 25 00:53:02 EST 2014 , 4 , 2 , 2 , 177397 : { BUY 5223.61@0.80470892} 177396 : { BUY 5223.61@0.80470892} 177395 : { SELL 19684.72@0.8079342} 177394 : { SELL 19684.72@0.8079342} 
Tue Nov 25 00:56:03 EST 2014 , 4 , 2 , 2 , 177397 : { BUY 5223.61@0.80470892} 177396 : { BUY 5223.61@0.80470892} 177395 : { SELL 19684.72@0.8079342} 177394 : { SELL 19684.72@0.8079342} 
Tue Nov 25 00:59:04 EST 2014 , 4 , 2 , 2 , 177397 : { BUY 5223.61@0.80470892} 177396 : { BUY 5223.61@0.80470892} 177395 : { SELL 19684.72@0.8079342} 177394 : { SELL 19684.72@0.8079342} 
Tue Nov 25 01:02:05 EST 2014 , 4 , 2 , 2 , 177397 : { BUY 5223.61@0.80470892} 177396 : { BUY 5223.61@0.80470892} 177395 : { SELL 19684.72@0.8079342} 177394 : { SELL 19684.72@0.8079342} 
Tue Nov 25 01:05:06 EST 2014 , 4 , 2 , 2 , 177397 : { BUY 5223.61@0.80470892} 177396 : { BUY 5223.61@0.80470892} 177395 : { SELL 19684.72@0.8079342} 177394 : { SELL 19684.72@0.8079342} 
Tue Nov 25 01:08:07 EST 2014 , 4 , 2 , 2 , 177397 : { BUY 5223.61@0.80470892} 177396 : { BUY 5223.61@0.80470892} 177395 : { SELL 19684.72@0.8079342} 177394 : { SELL 19684.72@0.8079342} 
Tue Nov 25 01:11:08 EST 2014 , 4 , 2 , 2 , 177397 : { BUY 5223.61@0.80470892} 177396 : { BUY 5223.61@0.80470892} 177395 : { SELL 19684.72@0.8079342} 177394 : { SELL 19684.72@0.8079342} 
Tue Nov 25 01:14:09 EST 2014 , 4 , 2 , 2 , 177397 : { BUY 5223.61@0.80470892} 177396 : { BUY 5223.61@0.80470892} 177395 : { SELL 19684.72@0.8079342} 177394 : { SELL 19684.72@0.8079342} 
Tue Nov 25 01:17:10 EST 2014 , 4 , 2 , 2 , 177397 : { BUY 5223.61@0.80470892} 177396 : { BUY 5223.61@0.80470892} 177395 : { SELL 19684.72@0.8079342} 177394 : { SELL 19684.72@0.8079342} 
Tue Nov 25 01:20:11 EST 2014 , 4 , 2 , 2 , 177397 : { BUY 5223.61@0.80470892} 177396 : { BUY 5223.61@0.80470892} 177395 : { SELL 19684.72@0.8079342} 177394 : { SELL 19684.72@0.8079342} 
Tue Nov 25 01:23:12 EST 2014 , 4 , 2 , 2 , 177397 : { BUY 5223.61@0.80470892} 177396 : { BUY 5223.61@0.80470892} 177395 : { SELL 19684.72@0.8079342} 177394 : { SELL 19684.72@0.8079342} 
Tue Nov 25 01:26:13 EST 2014 , 4 , 2 , 2 , 177397 : { BUY 5223.61@0.80470892} 177396 : { BUY 5223.61@0.80470892} 177395 : { SELL 19684.72@0.8079342} 177394 : { SELL 19684.72@0.8079342} 
Tue Nov 25 01:29:14 EST 2014 , 4 , 2 , 2 , 177397 : { BUY 5223.61@0.80470892} 177396 : { BUY 5223.61@0.80470892} 177395 : { SELL 19684.72@0.8079342} 177394 : { SELL 19684.72@0.8079342} 
Tue Nov 25 01:32:15 EST 2014 , 4 , 2 , 2 , 177397 : { BUY 5223.61@0.80470892} 177396 : { BUY 5223.61@0.80470892} 177395 : { SELL 19684.72@0.8079342} 177394 : { SELL 19684.72@0.8079342} 
Tue Nov 25 01:35:16 EST 2014 , 4 , 2 , 2 , 177397 : { BUY 5223.61@0.80470892} 177396 : { BUY 5223.61@0.80470892} 177395 : { SELL 19684.72@0.8079342} 177394 : { SELL 19684.72@0.8079342} 
Tue Nov 25 01:38:17 EST 2014 , 4 , 2 , 2 , 177397 : { BUY 5223.61@0.80470892} 177396 : { BUY 5223.61@0.80470892} 177395 : { SELL 19684.72@0.8079342} 177394 : { SELL 19684.72@0.8079342} 
Tue Nov 25 01:41:18 EST 2014 , 4 , 2 , 2 , 177397 : { BUY 5223.61@0.80470892} 177396 : { BUY 5223.61@0.80470892} 177395 : { SELL 19684.72@0.8079342} 177394 : { SELL 19684.72@0.8079342} 
Tue Nov 25 01:44:19 EST 2014 , 4 , 2 , 2 , 177397 : { BUY 5223.61@0.80470892} 177396 : { BUY 5223.61@0.80470892} 177395 : { SELL 19684.72@0.8079342} 177394 : { SELL 19684.72@0.8079342} 
Tue Nov 25 01:47:20 EST 2014 , 4 , 2 , 2 , 177397 : { BUY 5223.61@0.80470892} 177396 : { BUY 5223.61@0.80470892} 177395 : { SELL 19684.72@0.8079342} 177394 : { SELL 19684.72@0.8079342} 
Tue Nov 25 01:50:21 EST 2014 , 4 , 2 , 2 , 177397 : { BUY 5223.61@0.80470892} 177396 : { BUY 5223.61@0.80470892} 177395 : { SELL 19684.72@0.8079342} 177394 : { SELL 19684.72@0.8079342} 
Tue Nov 25 01:53:22 EST 2014 , 4 , 2 , 2 , 177397 : { BUY 5223.61@0.80470892} 177396 : { BUY 5223.61@0.80470892} 177395 : { SELL 19684.72@0.8079342} 177394 : { SELL 19684.72@0.8079342} 
Tue Nov 25 01:56:23 EST 2014 , 4 , 2 , 2 , 177397 : { BUY 5223.61@0.80470892} 177396 : { BUY 5223.61@0.80470892} 177395 : { SELL 19684.72@0.8079342} 177394 : { SELL 19684.72@0.8079342} 
Tue Nov 25 01:59:24 EST 2014 , 4 , 2 , 2 , 177397 : { BUY 5223.61@0.80470892} 177396 : { BUY 5223.61@0.80470892} 177395 : { SELL 19684.72@0.8079342} 177394 : { SELL 19684.72@0.8079342} 
Tue Nov 25 02:02:25 EST 2014 , 4 , 2 , 2 , 177397 : { BUY 5223.61@0.80470892} 177396 : { BUY 5223.61@0.80470892} 177395 : { SELL 19684.72@0.8079342} 177394 : { SELL 19684.72@0.8079342} 
Tue Nov 25 02:05:26 EST 2014 , 4 , 2 , 2 , 177397 : { BUY 5223.61@0.80470892} 177396 : { BUY 5223.61@0.80470892} 177395 : { SELL 19684.72@0.8079342} 177394 : { SELL 19684.72@0.8079342} 
Tue Nov 25 02:08:27 EST 2014 , 4 , 2 , 2 , 177397 : { BUY 5223.61@0.80470892} 177396 : { BUY 5223.61@0.80470892} 177395 : { SELL 19684.72@0.8079342} 177394 : { SELL 19684.72@0.8079342} 
Tue Nov 25 02:11:28 EST 2014 , 4 , 2 , 2 , 177397 : { BUY 5223.61@0.80470892} 177396 : { BUY 5223.61@0.80470892} 177395 : { SELL 19684.72@0.8079342} 177394 : { SELL 19684.72@0.8079342} 
Tue Nov 25 02:14:29 EST 2014 , 4 , 2 , 2 , 177397 : { BUY 5223.61@0.80470892} 177396 : { BUY 5223.61@0.80470892} 177395 : { SELL 19684.72@0.8079342} 177394 : { SELL 19684.72@0.8079342} 
Tue Nov 25 02:17:30 EST 2014 , 4 , 2 , 2 , 177397 : { BUY 5223.61@0.80470892} 177396 : { BUY 5223.61@0.80470892} 177395 : { SELL 19684.72@0.8079342} 177394 : { SELL 19684.72@0.8079342} 
Tue Nov 25 02:20:31 EST 2014 , 4 , 2 , 2 , 177397 : { BUY 5223.61@0.80470892} 177396 : { BUY 5223.61@0.80470892} 177395 : { SELL 19684.72@0.8079342} 177394 : { SELL 19684.72@0.8079342} 
Tue Nov 25 02:23:32 EST 2014 , 4 , 2 , 2 , 177397 : { BUY 5223.61@0.80470892} 177396 : { BUY 5223.61@0.80470892} 177395 : { SELL 19684.72@0.8079342} 177394 : { SELL 19684.72@0.8079342} 
Tue Nov 25 02:26:33 EST 2014 , 4 , 2 , 2 , 177397 : { BUY 5223.61@0.80470892} 177396 : { BUY 5223.61@0.80470892} 177395 : { SELL 19684.72@0.8079342} 177394 : { SELL 19684.72@0.8079342} 
Tue Nov 25 02:29:34 EST 2014 , 4 , 2 , 2 , 177397 : { BUY 5223.61@0.80470892} 177396 : { BUY 5223.61@0.80470892} 177395 : { SELL 19684.72@0.8079342} 177394 : { SELL 19684.72@0.8079342} 
Tue Nov 25 02:32:35 EST 2014 , 4 , 2 , 2 , 177397 : { BUY 5223.61@0.80470892} 177396 : { BUY 5223.61@0.80470892} 177395 : { SELL 19684.72@0.8079342} 177394 : { SELL 19684.72@0.8079342} 
Tue Nov 25 02:35:36 EST 2014 , 4 , 2 , 2 , 177397 : { BUY 5223.61@0.80470892} 177396 : { BUY 5223.61@0.80470892} 177395 : { SELL 19684.72@0.8079342} 177394 : { SELL 19684.72@0.8079342} 
Tue Nov 25 02:38:37 EST 2014 , 4 , 2 , 2 , 177397 : { BUY 5223.61@0.80470892} 177396 : { BUY 5223.61@0.80470892} 177395 : { SELL 19684.72@0.8079342} 177394 : { SELL 19684.72@0.8079342} 
Tue Nov 25 02:41:38 EST 2014 , 4 , 2 , 2 , 177397 : { BUY 5223.61@0.80470892} 177396 : { BUY 5223.61@0.80470892} 177395 : { SELL 19684.72@0.8079342} 177394 : { SELL 19684.72@0.8079342} 
Tue Nov 25 02:44:39 EST 2014 , 4 , 2 , 2 , 177397 : { BUY 5223.61@0.80470892} 177396 : { BUY 5223.61@0.80470892} 177395 : { SELL 19684.72@0.8079342} 177394 : { SELL 19684.72@0.8079342} 
Tue Nov 25 02:47:40 EST 2014 , 4 , 2 , 2 , 177397 : { BUY 5223.61@0.80470892} 177396 : { BUY 5223.61@0.80470892} 177395 : { SELL 19684.72@0.8079342} 177394 : { SELL 19684.72@0.8079342} 
Tue Nov 25 02:50:41 EST 2014 , 4 , 2 , 2 , 177397 : { BUY 5223.61@0.80470892} 177396 : { BUY 5223.61@0.80470892} 177395 : { SELL 19684.72@0.8079342} 177394 : { SELL 19684.72@0.8079342} 
Tue Nov 25 02:53:42 EST 2014 , 4 , 2 , 2 , 177397 : { BUY 5223.61@0.80470892} 177396 : { BUY 5223.61@0.80470892} 177395 : { SELL 19684.72@0.8079342} 177394 : { SELL 19684.72@0.8079342} 
Tue Nov 25 02:56:43 EST 2014 , 4 , 2 , 2 , 177397 : { BUY 5223.61@0.80470892} 177396 : { BUY 5223.61@0.80470892} 177395 : { SELL 19684.72@0.8079342} 177394 : { SELL 19684.72@0.8079342} 
Tue Nov 25 02:59:44 EST 2014 , 4 , 2 , 2 , 177397 : { BUY 5223.61@0.80470892} 177396 : { BUY 5223.61@0.80470892} 177395 : { SELL 19684.72@0.8079342} 177394 : { SELL 19684.72@0.8079342} 
Tue Nov 25 03:02:45 EST 2014 , 4 , 2 , 2 , 177397 : { BUY 5223.61@0.80470892} 177396 : { BUY 5223.61@0.80470892} 177395 : { SELL 19684.72@0.8079342} 177394 : { SELL 19684.72@0.8079342} 
Tue Nov 25 03:05:46 EST 2014 , 4 , 2 , 2 , 177397 : { BUY 5223.61@0.80470892} 177396 : { BUY 5223.61@0.80470892} 177395 : { SELL 19684.72@0.8079342} 177394 : { SELL 19684.72@0.8079342} 
Tue Nov 25 03:08:47 EST 2014 , 4 , 2 , 2 , 177397 : { BUY 5223.61@0.80470892} 177396 : { BUY 5223.61@0.80470892} 177395 : { SELL 19684.72@0.8079342} 177394 : { SELL 19684.72@0.8079342} 
Tue Nov 25 03:11:48 EST 2014 , 4 , 2 , 2 , 177397 : { BUY 5223.61@0.80470892} 177396 : { BUY 5223.61@0.80470892} 177395 : { SELL 19684.72@0.8079342} 177394 : { SELL 19684.72@0.8079342} 
Tue Nov 25 03:14:49 EST 2014 , 4 , 2 , 2 , 177397 : { BUY 5223.61@0.80470892} 177396 : { BUY 5223.61@0.80470892} 177395 : { SELL 19684.72@0.8079342} 177394 : { SELL 19684.72@0.8079342} 
Tue Nov 25 03:17:50 EST 2014 , 4 , 2 , 2 , 177397 : { BUY 5223.61@0.80470892} 177396 : { BUY 5223.61@0.80470892} 177395 : { SELL 19684.72@0.8079342} 177394 : { SELL 19684.72@0.8079342} 
Tue Nov 25 03:20:51 EST 2014 , 4 , 2 , 2 , 177397 : { BUY 5223.61@0.80470892} 177396 : { BUY 5223.61@0.80470892} 177395 : { SELL 19684.72@0.8079342} 177394 : { SELL 19684.72@0.8079342} 
Tue Nov 25 03:23:52 EST 2014 , 4 , 2 , 2 , 177397 : { BUY 5223.61@0.80470892} 177396 : { BUY 5223.61@0.80470892} 177395 : { SELL 19684.72@0.8079342} 177394 : { SELL 19684.72@0.8079342} 
Tue Nov 25 03:26:53 EST 2014 , 4 , 2 , 2 , 177397 : { BUY 5223.61@0.80470892} 177396 : { BUY 5223.61@0.80470892} 177395 : { SELL 19684.72@0.8079342} 177394 : { SELL 19684.72@0.8079342} 
Tue Nov 25 03:29:54 EST 2014 , 4 , 2 , 2 , 177397 : { BUY 5223.61@0.80470892} 177396 : { BUY 5223.61@0.80470892} 177395 : { SELL 19684.72@0.8079342} 177394 : { SELL 19684.72@0.8079342} 
Tue Nov 25 03:32:55 EST 2014 , 4 , 2 , 2 , 177397 : { BUY 5223.61@0.80470892} 177396 : { BUY 5223.61@0.80470892} 177395 : { SELL 19684.72@0.8079342} 177394 : { SELL 19684.72@0.8079342} 
Tue Nov 25 03:35:56 EST 2014 , 4 , 2 , 2 , 177397 : { BUY 5223.61@0.80470892} 177396 : { BUY 5223.61@0.80470892} 177395 : { SELL 19684.72@0.8079342} 177394 : { SELL 19684.72@0.8079342} 
Tue Nov 25 03:38:57 EST 2014 , 4 , 2 , 2 , 177397 : { BUY 5223.61@0.80470892} 177396 : { BUY 5223.61@0.80470892} 177395 : { SELL 19684.72@0.8079342} 177394 : { SELL 19684.72@0.8079342} 
Tue Nov 25 03:41:58 EST 2014 , 4 , 2 , 2 , 177397 : { BUY 5223.61@0.80470892} 177396 : { BUY 5223.61@0.80470892} 177395 : { SELL 19684.72@0.8079342} 177394 : { SELL 19684.72@0.8079342} 
Tue Nov 25 03:45:00 EST 2014 , 4 , 2 , 2 , 177397 : { BUY 5223.61@0.80470892} 177396 : { BUY 5223.61@0.80470892} 177395 : { SELL 19684.72@0.8079342} 177394 : { SELL 19684.72@0.8079342} 
Tue Nov 25 03:48:00 EST 2014 , 4 , 2 , 2 , 177397 : { BUY 5223.61@0.80470892} 177396 : { BUY 5223.61@0.80470892} 177395 : { SELL 19684.72@0.8079342} 177394 : { SELL 19684.72@0.8079342} 
Tue Nov 25 03:51:01 EST 2014 , 4 , 2 , 2 , 177397 : { BUY 5223.61@0.80470892} 177396 : { BUY 5223.61@0.80470892} 177395 : { SELL 19684.72@0.8079342} 177394 : { SELL 19684.72@0.8079342} 
Tue Nov 25 03:54:02 EST 2014 , 4 , 2 , 2 , 177397 : { BUY 5223.61@0.80470892} 177396 : { BUY 5223.61@0.80470892} 177395 : { SELL 19684.72@0.8079342} 177394 : { SELL 19684.72@0.8079342} 
Tue Nov 25 03:57:03 EST 2014 , 4 , 2 , 2 , 177397 : { BUY 5223.61@0.80470892} 177396 : { BUY 5223.61@0.80470892} 177395 : { SELL 19684.72@0.8079342} 177394 : { SELL 19684.72@0.8079342} 
Tue Nov 25 04:00:04 EST 2014 , 4 , 2 , 2 , 177397 : { BUY 5223.61@0.80470892} 177396 : { BUY 5223.61@0.80470892} 177395 : { SELL 19684.72@0.8079342} 177394 : { SELL 19684.72@0.8079342} 
Tue Nov 25 04:03:05 EST 2014 , 4 , 2 , 2 , 177397 : { BUY 5223.61@0.80470892} 177396 : { BUY 5223.61@0.80470892} 177395 : { SELL 19684.72@0.8079342} 177394 : { SELL 19684.72@0.8079342} 
Tue Nov 25 04:06:06 EST 2014 , 4 , 2 , 2 , 177397 : { BUY 5223.61@0.80470892} 177396 : { BUY 5223.61@0.80470892} 177395 : { SELL 19684.72@0.8079342} 177394 : { SELL 19684.72@0.8079342} 
Tue Nov 25 04:09:07 EST 2014 , 4 , 2 , 2 , 177397 : { BUY 5223.61@0.80470892} 177396 : { BUY 5223.61@0.80470892} 177395 : { SELL 19684.72@0.8079342} 177394 : { SELL 19684.72@0.8079342} 
Tue Nov 25 04:12:08 EST 2014 , 4 , 2 , 2 , 177397 : { BUY 5223.61@0.80470892} 177396 : { BUY 5223.61@0.80470892} 177395 : { SELL 19684.72@0.8079342} 177394 : { SELL 19684.72@0.8079342} 
Tue Nov 25 04:15:09 EST 2014 , 4 , 2 , 2 , 177397 : { BUY 5223.61@0.80470892} 177396 : { BUY 5223.61@0.80470892} 177395 : { SELL 19684.72@0.8079342} 177394 : { SELL 19684.72@0.8079342} 
Tue Nov 25 04:18:10 EST 2014 , 4 , 2 , 2 , 177397 : { BUY 5223.61@0.80470892} 177396 : { BUY 5223.61@0.80470892} 177395 : { SELL 19684.72@0.8079342} 177394 : { SELL 19684.72@0.8079342} 
Tue Nov 25 04:21:11 EST 2014 , 4 , 2 , 2 , 177397 : { BUY 5223.61@0.80470892} 177396 : { BUY 5223.61@0.80470892} 177395 : { SELL 19684.72@0.8079342} 177394 : { SELL 19684.72@0.8079342} 
Tue Nov 25 04:24:12 EST 2014 , 4 , 2 , 2 , 177397 : { BUY 5223.61@0.80470892} 177396 : { BUY 5223.61@0.80470892} 177395 : { SELL 19684.72@0.8079342} 177394 : { SELL 19684.72@0.8079342} 
Tue Nov 25 04:27:13 EST 2014 , 4 , 2 , 2 , 177397 : { BUY 5223.61@0.80470892} 177396 : { BUY 5223.61@0.80470892} 177395 : { SELL 19684.72@0.8079342} 177394 : { SELL 19684.72@0.8079342} 
Tue Nov 25 04:30:14 EST 2014 , 4 , 2 , 2 , 177397 : { BUY 5223.61@0.80470892} 177396 : { BUY 5223.61@0.80470892} 177395 : { SELL 19684.72@0.8079342} 177394 : { SELL 19684.72@0.8079342} 
Tue Nov 25 04:33:15 EST 2014 , 4 , 2 , 2 , 177397 : { BUY 5223.61@0.80470892} 177396 : { BUY 5223.61@0.80470892} 177395 : { SELL 19684.72@0.8079342} 177394 : { SELL 19684.72@0.8079342} 
Tue Nov 25 04:36:16 EST 2014 , 4 , 2 , 2 , 177397 : { BUY 5223.61@0.80470892} 177396 : { BUY 5223.61@0.80470892} 177395 : { SELL 19684.72@0.8079342} 177394 : { SELL 19684.72@0.8079342} 
Tue Nov 25 04:39:17 EST 2014 , 4 , 2 , 2 , 177397 : { BUY 5223.61@0.80470892} 177396 : { BUY 5223.61@0.80470892} 177395 : { SELL 19684.72@0.8079342} 177394 : { SELL 19684.72@0.8079342} 
Tue Nov 25 04:42:18 EST 2014 , 4 , 2 , 2 , 177397 : { BUY 5223.61@0.80470892} 177396 : { BUY 5223.61@0.80470892} 177395 : { SELL 19684.72@0.8079342} 177394 : { SELL 19684.72@0.8079342} 
Tue Nov 25 04:45:19 EST 2014 , 4 , 2 , 2 , 177397 : { BUY 5223.61@0.80470892} 177396 : { BUY 5223.61@0.80470892} 177395 : { SELL 19684.72@0.8079342} 177394 : { SELL 19684.72@0.8079342} 
Tue Nov 25 04:48:20 EST 2014 , 4 , 2 , 2 , 177397 : { BUY 5223.61@0.80470892} 177396 : { BUY 5223.61@0.80470892} 177395 : { SELL 19684.72@0.8079342} 177394 : { SELL 19684.72@0.8079342} 
Tue Nov 25 04:51:21 EST 2014 , 4 , 2 , 2 , 177397 : { BUY 5223.61@0.80470892} 177396 : { BUY 5223.61@0.80470892} 177395 : { SELL 19684.72@0.8079342} 177394 : { SELL 19684.72@0.8079342} 
Tue Nov 25 04:54:22 EST 2014 , 4 , 2 , 2 , 177397 : { BUY 5223.61@0.80470892} 177396 : { BUY 5223.61@0.80470892} 177395 : { SELL 19684.72@0.8079342} 177394 : { SELL 19684.72@0.8079342} 
Tue Nov 25 04:57:23 EST 2014 , 4 , 2 , 2 , 177397 : { BUY 5223.61@0.80470892} 177396 : { BUY 5223.61@0.80470892} 177395 : { SELL 19684.72@0.8079342} 177394 : { SELL 19684.72@0.8079342} 
Tue Nov 25 05:00:24 EST 2014 , 4 , 2 , 2 , 177397 : { BUY 5223.61@0.80470892} 177396 : { BUY 5223.61@0.80470892} 177395 : { SELL 19684.72@0.8079342} 177394 : { SELL 19684.72@0.8079342} 
Tue Nov 25 05:03:25 EST 2014 , 4 , 2 , 2 , 177397 : { BUY 5223.61@0.80470892} 177396 : { BUY 5223.61@0.80470892} 177395 : { SELL 19684.72@0.8079342} 177394 : { SELL 19684.72@0.8079342} 
Tue Nov 25 05:06:26 EST 2014 , 4 , 2 , 2 , 177397 : { BUY 5223.61@0.80470892} 177396 : { BUY 5223.61@0.80470892} 177395 : { SELL 19684.72@0.8079342} 177394 : { SELL 19684.72@0.8079342} 
Tue Nov 25 05:09:27 EST 2014 , 4 , 2 , 2 , 177397 : { BUY 5223.61@0.80470892} 177396 : { BUY 5223.61@0.80470892} 177395 : { SELL 19684.72@0.8079342} 177394 : { SELL 19684.72@0.8079342} 
Tue Nov 25 05:12:28 EST 2014 , 4 , 2 , 2 , 177397 : { BUY 5223.61@0.80470892} 177396 : { BUY 5223.61@0.80470892} 177395 : { SELL 19684.72@0.8079342} 177394 : { SELL 19684.72@0.8079342} 
Tue Nov 25 05:15:29 EST 2014 , 4 , 2 , 2 , 177397 : { BUY 5223.61@0.80470892} 177396 : { BUY 5223.61@0.80470892} 177395 : { SELL 19684.72@0.8079342} 177394 : { SELL 19684.72@0.8079342} 
Tue Nov 25 05:18:30 EST 2014 , 4 , 2 , 2 , 177397 : { BUY 5223.61@0.80470892} 177396 : { BUY 5223.61@0.80470892} 177395 : { SELL 19684.72@0.8079342} 177394 : { SELL 19684.72@0.8079342} 
Tue Nov 25 05:21:31 EST 2014 , 4 , 2 , 2 , 177397 : { BUY 5223.61@0.80470892} 177396 : { BUY 5223.61@0.80470892} 177395 : { SELL 19684.72@0.8079342} 177394 : { SELL 19684.72@0.8079342} 
Tue Nov 25 05:24:32 EST 2014 , 4 , 2 , 2 , 177397 : { BUY 5223.61@0.80470892} 177396 : { BUY 5223.61@0.80470892} 177395 : { SELL 19684.72@0.8079342} 177394 : { SELL 19684.72@0.8079342} 
Tue Nov 25 05:27:33 EST 2014 , 4 , 2 , 2 , 177397 : { BUY 5223.61@0.80470892} 177396 : { BUY 5223.61@0.80470892} 177395 : { SELL 19684.72@0.8079342} 177394 : { SELL 19684.72@0.8079342} 
Tue Nov 25 05:30:34 EST 2014 , 4 , 2 , 2 , 177397 : { BUY 5223.61@0.80470892} 177396 : { BUY 5223.61@0.80470892} 177395 : { SELL 19684.72@0.8079342} 177394 : { SELL 19684.72@0.8079342} 
Tue Nov 25 05:33:35 EST 2014 , 4 , 2 , 2 , 177397 : { BUY 5223.61@0.80470892} 177396 : { BUY 5223.61@0.80470892} 177395 : { SELL 19684.72@0.8079342} 177394 : { SELL 19684.72@0.8079342} 
Tue Nov 25 05:36:36 EST 2014 , 4 , 2 , 2 , 177397 : { BUY 5223.61@0.80470892} 177396 : { BUY 5223.61@0.80470892} 177395 : { SELL 19684.72@0.8079342} 177394 : { SELL 19684.72@0.8079342} 
Tue Nov 25 05:39:37 EST 2014 , 4 , 2 , 2 , 177397 : { BUY 5223.61@0.80470892} 177396 : { BUY 5223.61@0.80470892} 177395 : { SELL 19684.72@0.8079342} 177394 : { SELL 19684.72@0.8079342} 
Tue Nov 25 05:42:38 EST 2014 , 4 , 2 , 2 , 177397 : { BUY 5223.61@0.80470892} 177396 : { BUY 5223.61@0.80470892} 177395 : { SELL 19684.72@0.8079342} 177394 : { SELL 19684.72@0.8079342} 
Tue Nov 25 05:45:39 EST 2014 , 4 , 2 , 2 , 177397 : { BUY 5223.61@0.80470892} 177396 : { BUY 5223.61@0.80470892} 177395 : { SELL 19684.72@0.8079342} 177394 : { SELL 19684.72@0.8079342} 
Tue Nov 25 05:48:40 EST 2014 , 4 , 2 , 2 , 177397 : { BUY 5223.61@0.80470892} 177396 : { BUY 5223.61@0.80470892} 177395 : { SELL 19684.72@0.8079342} 177394 : { SELL 19684.72@0.8079342} 
Tue Nov 25 05:51:41 EST 2014 , 4 , 2 , 2 , 177397 : { BUY 5223.61@0.80470892} 177396 : { BUY 5223.61@0.80470892} 177395 : { SELL 19684.72@0.8079342} 177394 : { SELL 19684.72@0.8079342} 
Tue Nov 25 05:54:42 EST 2014 , 4 , 2 , 2 , 177397 : { BUY 5223.61@0.80470892} 177396 : { BUY 5223.61@0.80470892} 177395 : { SELL 19684.72@0.8079342} 177394 : { SELL 19684.72@0.8079342} 
Tue Nov 25 05:57:43 EST 2014 , 4 , 2 , 2 , 177397 : { BUY 5223.61@0.80470892} 177396 : { BUY 5223.61@0.80470892} 177395 : { SELL 19684.72@0.8079342} 177394 : { SELL 19684.72@0.8079342} 
Tue Nov 25 06:00:44 EST 2014 , 4 , 2 , 2 , 177397 : { BUY 5223.61@0.80470892} 177396 : { BUY 5223.61@0.80470892} 177395 : { SELL 19684.72@0.8079342} 177394 : { SELL 19684.72@0.8079342} 
Tue Nov 25 06:03:45 EST 2014 , 4 , 2 , 2 , 177397 : { BUY 5223.61@0.80470892} 177396 : { BUY 5223.61@0.80470892} 177395 : { SELL 19684.72@0.8079342} 177394 : { SELL 19684.72@0.8079342} 
Tue Nov 25 06:06:46 EST 2014 , 4 , 2 , 2 , 177397 : { BUY 5223.61@0.80470892} 177396 : { BUY 5223.61@0.80470892} 177395 : { SELL 19684.72@0.8079342} 177394 : { SELL 19684.72@0.8079342} 
Tue Nov 25 06:09:47 EST 2014 , 4 , 2 , 2 , 177397 : { BUY 5223.61@0.80470892} 177396 : { BUY 5223.61@0.80470892} 177395 : { SELL 19684.72@0.8079342} 177394 : { SELL 19684.72@0.8079342} 
Tue Nov 25 06:12:48 EST 2014 , 4 , 2 , 2 , 177397 : { BUY 5223.61@0.80470892} 177396 : { BUY 5223.61@0.80470892} 177395 : { SELL 19684.72@0.8079342} 177394 : { SELL 19684.72@0.8079342} 
Tue Nov 25 06:15:49 EST 2014 , 4 , 2 , 2 , 177397 : { BUY 5223.61@0.80470892} 177396 : { BUY 5223.61@0.80470892} 177395 : { SELL 19684.72@0.8079342} 177394 : { SELL 19684.72@0.8079342} 
Tue Nov 25 06:18:50 EST 2014 , 4 , 2 , 2 , 177397 : { BUY 5223.61@0.80470892} 177396 : { BUY 5223.61@0.80470892} 177395 : { SELL 19684.72@0.8079342} 177394 : { SELL 19684.72@0.8079342} 
Tue Nov 25 06:21:51 EST 2014 , 4 , 2 , 2 , 177397 : { BUY 5223.61@0.80470892} 177396 : { BUY 5223.61@0.80470892} 177395 : { SELL 19684.72@0.8079342} 177394 : { SELL 19684.72@0.8079342} 
Tue Nov 25 06:24:52 EST 2014 , 4 , 2 , 2 , 177397 : { BUY 5223.61@0.80470892} 177396 : { BUY 5223.61@0.80470892} 177395 : { SELL 19684.72@0.8079342} 177394 : { SELL 19684.72@0.8079342} 
Tue Nov 25 06:27:53 EST 2014 , 4 , 2 , 2 , 177397 : { BUY 5223.61@0.80470892} 177396 : { BUY 5223.61@0.80470892} 177395 : { SELL 19684.72@0.8079342} 177394 : { SELL 19684.72@0.8079342} 
Tue Nov 25 06:30:54 EST 2014 , 4 , 2 , 2 , 177397 : { BUY 5223.61@0.80470892} 177396 : { BUY 5223.61@0.80470892} 177395 : { SELL 19684.72@0.8079342} 177394 : { SELL 19684.72@0.8079342} 
Tue Nov 25 06:33:55 EST 2014 , 4 , 2 , 2 , 177397 : { BUY 5223.61@0.80470892} 177396 : { BUY 5223.61@0.80470892} 177395 : { SELL 19684.72@0.8079342} 177394 : { SELL 19684.72@0.8079342} 
Tue Nov 25 06:36:56 EST 2014 , 4 , 2 , 2 , 177397 : { BUY 5223.61@0.80470892} 177396 : { BUY 5223.61@0.80470892} 177395 : { SELL 19684.72@0.8079342} 177394 : { SELL 19684.72@0.8079342} 
Tue Nov 25 06:39:57 EST 2014 , 4 , 2 , 2 , 177397 : { BUY 5223.61@0.80470892} 177396 : { BUY 5223.61@0.80470892} 177395 : { SELL 19684.72@0.8079342} 177394 : { SELL 19684.72@0.8079342} 
Tue Nov 25 06:42:58 EST 2014 , 4 , 2 , 2 , 177397 : { BUY 5223.61@0.80470892} 177396 : { BUY 5223.61@0.80470892} 177395 : { SELL 19684.72@0.8079342} 177394 : { SELL 19684.72@0.8079342} 
Tue Nov 25 06:45:59 EST 2014 , 4 , 2 , 2 , 177397 : { BUY 5223.61@0.80470892} 177396 : { BUY 5223.61@0.80470892} 177395 : { SELL 19684.72@0.8079342} 177394 : { SELL 19684.72@0.8079342} 
Tue Nov 25 06:49:00 EST 2014 , 4 , 2 , 2 , 177397 : { BUY 5223.61@0.80470892} 177396 : { BUY 5223.61@0.80470892} 177395 : { SELL 19684.72@0.8079342} 177394 : { SELL 19684.72@0.8079342} 
Tue Nov 25 06:52:01 EST 2014 , 4 , 2 , 2 , 177397 : { BUY 5223.61@0.80470892} 177396 : { BUY 5223.61@0.80470892} 177395 : { SELL 19684.72@0.8079342} 177394 : { SELL 19684.72@0.8079342} 
Tue Nov 25 06:55:02 EST 2014 , 4 , 2 , 2 , 177397 : { BUY 5223.61@0.80470892} 177396 : { BUY 5223.61@0.80470892} 177395 : { SELL 19684.72@0.8079342} 177394 : { SELL 19684.72@0.8079342} 
Tue Nov 25 06:58:03 EST 2014 , 4 , 2 , 2 , 177397 : { BUY 5223.61@0.80470892} 177396 : { BUY 5223.61@0.80470892} 177395 : { SELL 19684.72@0.8079342} 177394 : { SELL 19684.72@0.8079342} 
Tue Nov 25 07:01:04 EST 2014 , 4 , 2 , 2 , 177397 : { BUY 5223.61@0.80470892} 177396 : { BUY 5223.61@0.80470892} 177395 : { SELL 19684.72@0.8079342} 177394 : { SELL 19684.72@0.8079342} 
Tue Nov 25 07:04:05 EST 2014 , 4 , 2 , 2 , 177397 : { BUY 5223.61@0.80470892} 177396 : { BUY 5223.61@0.80470892} 177395 : { SELL 19684.72@0.8079342} 177394 : { SELL 19684.72@0.8079342} 
Tue Nov 25 07:07:06 EST 2014 , 4 , 2 , 2 , 177397 : { BUY 5223.61@0.80470892} 177396 : { BUY 5223.61@0.80470892} 177395 : { SELL 19684.72@0.8079342} 177394 : { SELL 19684.72@0.8079342} 
Tue Nov 25 07:10:07 EST 2014 , 4 , 2 , 2 , 177397 : { BUY 5223.61@0.80470892} 177396 : { BUY 5223.61@0.80470892} 177395 : { SELL 19684.72@0.8079342} 177394 : { SELL 19684.72@0.8079342} 
Tue Nov 25 07:13:08 EST 2014 , 4 , 2 , 2 , 177397 : { BUY 5223.61@0.80470892} 177396 : { BUY 5223.61@0.80470892} 177395 : { SELL 19684.72@0.8079342} 177394 : { SELL 19684.72@0.8079342} 
Tue Nov 25 07:16:09 EST 2014 , 4 , 2 , 2 , 177397 : { BUY 5223.61@0.80470892} 177396 : { BUY 5223.61@0.80470892} 177395 : { SELL 19684.72@0.8079342} 177394 : { SELL 19684.72@0.8079342} 
Tue Nov 25 07:19:10 EST 2014 , 4 , 2 , 2 , 177397 : { BUY 5223.61@0.80470892} 177396 : { BUY 5223.61@0.80470892} 177395 : { SELL 19684.72@0.8079342} 177394 : { SELL 19684.72@0.8079342} 
Tue Nov 25 07:22:11 EST 2014 , 4 , 2 , 2 , 177397 : { BUY 5223.61@0.80470892} 177396 : { BUY 5223.61@0.80470892} 177395 : { SELL 19684.72@0.8079342} 177394 : { SELL 19684.72@0.8079342} 
Tue Nov 25 07:25:12 EST 2014 , 4 , 2 , 2 , 177397 : { BUY 5223.61@0.80470892} 177396 : { BUY 5223.61@0.80470892} 177395 : { SELL 19684.72@0.8079342} 177394 : { SELL 19684.72@0.8079342} 
Tue Nov 25 07:28:13 EST 2014 , 4 , 2 , 2 , 177397 : { BUY 5223.61@0.80470892} 177396 : { BUY 5223.61@0.80470892} 177395 : { SELL 19684.72@0.8079342} 177394 : { SELL 19684.72@0.8079342} 
Tue Nov 25 07:31:14 EST 2014 , 4 , 2 , 2 , 177397 : { BUY 5223.61@0.80470892} 177396 : { BUY 5223.61@0.80470892} 177395 : { SELL 19684.72@0.8079342} 177394 : { SELL 19684.72@0.8079342} 
Tue Nov 25 07:34:15 EST 2014 , 4 , 2 , 2 , 177397 : { BUY 5223.61@0.80470892} 177396 : { BUY 5223.61@0.80470892} 177395 : { SELL 19684.72@0.8079342} 177394 : { SELL 19684.72@0.8079342} 
Tue Nov 25 07:37:16 EST 2014 , 4 , 2 , 2 , 177397 : { BUY 5223.61@0.80470892} 177396 : { BUY 5223.61@0.80470892} 177395 : { SELL 19684.72@0.8079342} 177394 : { SELL 19684.72@0.8079342} 
Tue Nov 25 07:40:17 EST 2014 , 4 , 2 , 2 , 177397 : { BUY 5223.61@0.80470892} 177396 : { BUY 5223.61@0.80470892} 177395 : { SELL 19684.72@0.8079342} 177394 : { SELL 19684.72@0.8079342} 
Tue Nov 25 07:43:18 EST 2014 , 4 , 2 , 2 , 177397 : { BUY 5223.61@0.80470892} 177396 : { BUY 5223.61@0.80470892} 177395 : { SELL 19684.72@0.8079342} 177394 : { SELL 19684.72@0.8079342} 
Tue Nov 25 07:46:19 EST 2014 , 4 , 2 , 2 , 177397 : { BUY 5223.61@0.80470892} 177396 : { BUY 5223.61@0.80470892} 177395 : { SELL 19684.72@0.8079342} 177394 : { SELL 19684.72@0.8079342} 
Tue Nov 25 07:49:20 EST 2014 , 4 , 2 , 2 , 177397 : { BUY 5223.61@0.80470892} 177396 : { BUY 5223.61@0.80470892} 177395 : { SELL 19684.72@0.8079342} 177394 : { SELL 19684.72@0.8079342} 
Tue Nov 25 07:52:21 EST 2014 , 4 , 2 , 2 , 177397 : { BUY 5223.61@0.80470892} 177396 : { BUY 5223.61@0.80470892} 177395 : { SELL 19684.72@0.8079342} 177394 : { SELL 19684.72@0.8079342} 
Tue Nov 25 07:55:22 EST 2014 , 4 , 2 , 2 , 177397 : { BUY 5223.61@0.80470892} 177396 : { BUY 5223.61@0.80470892} 177395 : { SELL 19684.72@0.8079342} 177394 : { SELL 19684.72@0.8079342} 
Tue Nov 25 07:58:23 EST 2014 , 4 , 2 , 2 , 177397 : { BUY 5223.61@0.80470892} 177396 : { BUY 5223.61@0.80470892} 177395 : { SELL 19684.72@0.8079342} 177394 : { SELL 19684.72@0.8079342} 
Tue Nov 25 08:01:24 EST 2014 , 4 , 2 , 2 , 177397 : { BUY 5223.61@0.80470892} 177396 : { BUY 5223.61@0.80470892} 177395 : { SELL 19684.72@0.8079342} 177394 : { SELL 19684.72@0.8079342} 
Tue Nov 25 08:04:25 EST 2014 , 4 , 2 , 2 , 177397 : { BUY 5223.61@0.80470892} 177396 : { BUY 5223.61@0.80470892} 177395 : { SELL 19684.72@0.8079342} 177394 : { SELL 19684.72@0.8079342} 
Tue Nov 25 08:07:26 EST 2014 , 4 , 2 , 2 , 177397 : { BUY 5223.61@0.80470892} 177396 : { BUY 5223.61@0.80470892} 177395 : { SELL 19684.72@0.8079342} 177394 : { SELL 19684.72@0.8079342} 
Tue Nov 25 08:10:27 EST 2014 , 4 , 2 , 2 , 177397 : { BUY 5223.61@0.80470892} 177396 : { BUY 5223.61@0.80470892} 177395 : { SELL 19684.72@0.8079342} 177394 : { SELL 19684.72@0.8079342} 
Tue Nov 25 08:13:28 EST 2014 , 4 , 2 , 2 , 177397 : { BUY 5223.61@0.80470892} 177396 : { BUY 5223.61@0.80470892} 177395 : { SELL 19684.72@0.8079342} 177394 : { SELL 19684.72@0.8079342} 
Tue Nov 25 08:16:29 EST 2014 , 4 , 2 , 2 , 177397 : { BUY 5223.61@0.80470892} 177396 : { BUY 5223.61@0.80470892} 177395 : { SELL 19684.72@0.8079342} 177394 : { SELL 19684.72@0.8079342} 
Tue Nov 25 08:19:30 EST 2014 , 4 , 2 , 2 , 177397 : { BUY 5223.61@0.80470892} 177396 : { BUY 5223.61@0.80470892} 177395 : { SELL 19684.72@0.8079342} 177394 : { SELL 19684.72@0.8079342} 
Tue Nov 25 08:22:31 EST 2014 , 4 , 2 , 2 , 177397 : { BUY 5223.61@0.80470892} 177396 : { BUY 5223.61@0.80470892} 177395 : { SELL 19684.72@0.8079342} 177394 : { SELL 19684.72@0.8079342} 
Tue Nov 25 08:25:32 EST 2014 , 4 , 2 , 2 , 177397 : { BUY 5223.61@0.80470892} 177396 : { BUY 5223.61@0.80470892} 177395 : { SELL 19684.72@0.8079342} 177394 : { SELL 19684.72@0.8079342} 
Tue Nov 25 08:28:33 EST 2014 , 4 , 2 , 2 , 177397 : { BUY 5223.61@0.80470892} 177396 : { BUY 5223.61@0.80470892} 177395 : { SELL 19684.72@0.8079342} 177394 : { SELL 19684.72@0.8079342} 
Tue Nov 25 08:31:34 EST 2014 , 4 , 2 , 2 , 177397 : { BUY 5223.61@0.80470892} 177396 : { BUY 5223.61@0.80470892} 177395 : { SELL 19684.72@0.8079342} 177394 : { SELL 19684.72@0.8079342} 
Tue Nov 25 08:34:35 EST 2014 , 4 , 2 , 2 , 177397 : { BUY 5223.61@0.80470892} 177396 : { BUY 5223.61@0.80470892} 177395 : { SELL 19684.72@0.8079342} 177394 : { SELL 19684.72@0.8079342} 
Tue Nov 25 08:37:36 EST 2014 , 4 , 2 , 2 , 177397 : { BUY 5223.61@0.80470892} 177396 : { BUY 5223.61@0.80470892} 177395 : { SELL 19684.72@0.8079342} 177394 : { SELL 19684.72@0.8079342} 
Tue Nov 25 08:40:37 EST 2014 , 4 , 2 , 2 , 177397 : { BUY 5223.61@0.80470892} 177396 : { BUY 5223.61@0.80470892} 177395 : { SELL 19684.72@0.8079342} 177394 : { SELL 19684.72@0.8079342} 
Tue Nov 25 08:43:38 EST 2014 , 4 , 2 , 2 , 177397 : { BUY 5223.61@0.80470892} 177396 : { BUY 5223.61@0.80470892} 177395 : { SELL 19684.72@0.8079342} 177394 : { SELL 19684.72@0.8079342} 
Tue Nov 25 08:46:40 EST 2014 , 4 , 2 , 2 , 177397 : { BUY 5223.61@0.80470892} 177396 : { BUY 5223.61@0.80470892} 177395 : { SELL 19684.72@0.8079342} 177394 : { SELL 19684.72@0.8079342} 
Tue Nov 25 08:49:40 EST 2014 , 4 , 2 , 2 , 177397 : { BUY 5223.61@0.80470892} 177396 : { BUY 5223.61@0.80470892} 177395 : { SELL 19684.72@0.8079342} 177394 : { SELL 19684.72@0.8079342} 
Tue Nov 25 08:52:41 EST 2014 , 4 , 2 , 2 , 177397 : { BUY 5223.61@0.80470892} 177396 : { BUY 5223.61@0.80470892} 177395 : { SELL 19684.72@0.8079342} 177394 : { SELL 19684.72@0.8079342} 
Tue Nov 25 08:55:42 EST 2014 , 4 , 2 , 2 , 177397 : { BUY 5223.61@0.80470892} 177396 : { BUY 5223.61@0.80470892} 177395 : { SELL 19684.72@0.8079342} 177394 : { SELL 19684.72@0.8079342} 
Tue Nov 25 08:58:43 EST 2014 , 4 , 2 , 2 , 177397 : { BUY 5223.61@0.80470892} 177396 : { BUY 5223.61@0.80470892} 177395 : { SELL 19684.72@0.8079342} 177394 : { SELL 19684.72@0.8079342} 
Tue Nov 25 09:01:44 EST 2014 , 4 , 2 , 2 , 177397 : { BUY 5223.61@0.80470892} 177396 : { BUY 5223.61@0.80470892} 177395 : { SELL 19684.72@0.8079342} 177394 : { SELL 19684.72@0.8079342} 
Tue Nov 25 09:04:45 EST 2014 , 4 , 2 , 2 , 177397 : { BUY 5223.61@0.80470892} 177396 : { BUY 5223.61@0.80470892} 177395 : { SELL 19684.72@0.8079342} 177394 : { SELL 19684.72@0.8079342} 
Tue Nov 25 09:07:46 EST 2014 , 4 , 2 , 2 , 177397 : { BUY 5223.61@0.80470892} 177396 : { BUY 5223.61@0.80470892} 177395 : { SELL 19684.72@0.8079342} 177394 : { SELL 19684.72@0.8079342} 
Tue Nov 25 09:10:47 EST 2014 , 4 , 2 , 2 , 177397 : { BUY 5223.61@0.80470892} 177396 : { BUY 5223.61@0.80470892} 177395 : { SELL 19684.72@0.8079342} 177394 : { SELL 19684.72@0.8079342} 
Tue Nov 25 09:13:48 EST 2014 , 4 , 2 , 2 , 177397 : { BUY 5223.61@0.80470892} 177396 : { BUY 5223.61@0.80470892} 177395 : { SELL 19684.72@0.8079342} 177394 : { SELL 19684.72@0.8079342} 
Tue Nov 25 09:16:49 EST 2014 , 4 , 2 , 2 , 177397 : { BUY 5223.61@0.80470892} 177396 : { BUY 5223.61@0.80470892} 177395 : { SELL 19684.72@0.8079342} 177394 : { SELL 19684.72@0.8079342} 
Tue Nov 25 09:19:50 EST 2014 , 4 , 2 , 2 , 177397 : { BUY 5223.61@0.80470892} 177396 : { BUY 5223.61@0.80470892} 177395 : { SELL 19684.72@0.8079342} 177394 : { SELL 19684.72@0.8079342} 
Tue Nov 25 09:22:51 EST 2014 , 4 , 2 , 2 , 177397 : { BUY 5223.61@0.80470892} 177396 : { BUY 5223.61@0.80470892} 177395 : { SELL 19684.72@0.8079342} 177394 : { SELL 19684.72@0.8079342} 
Tue Nov 25 09:25:52 EST 2014 , 4 , 2 , 2 , 177397 : { BUY 5223.61@0.80470892} 177396 : { BUY 5223.61@0.80470892} 177395 : { SELL 19684.72@0.8079342} 177394 : { SELL 19684.72@0.8079342} 
Tue Nov 25 09:28:53 EST 2014 , 4 , 2 , 2 , 177397 : { BUY 5223.61@0.80470892} 177396 : { BUY 5223.61@0.80470892} 177395 : { SELL 19684.72@0.8079342} 177394 : { SELL 19684.72@0.8079342} 
Tue Nov 25 09:31:54 EST 2014 , 4 , 2 , 2 , 177397 : { BUY 5223.61@0.80470892} 177396 : { BUY 5223.61@0.80470892} 177395 : { SELL 19684.72@0.8079342} 177394 : { SELL 19684.72@0.8079342} 
Tue Nov 25 09:34:55 EST 2014 , 4 , 2 , 2 , 177397 : { BUY 5223.61@0.80470892} 177396 : { BUY 5223.61@0.80470892} 177395 : { SELL 19684.72@0.8079342} 177394 : { SELL 19684.72@0.8079342} 
Tue Nov 25 09:37:56 EST 2014 , 4 , 2 , 2 , 177397 : { BUY 5223.61@0.80470892} 177396 : { BUY 5223.61@0.80470892} 177395 : { SELL 19684.72@0.8079342} 177394 : { SELL 19684.72@0.8079342} 
Tue Nov 25 09:40:57 EST 2014 , 4 , 2 , 2 , 177397 : { BUY 5223.61@0.80470892} 177396 : { BUY 5223.61@0.80470892} 177395 : { SELL 19684.72@0.8079342} 177394 : { SELL 19684.72@0.8079342} 
Tue Nov 25 09:43:58 EST 2014 , 4 , 2 , 2 , 177397 : { BUY 5223.61@0.80470892} 177396 : { BUY 5223.61@0.80470892} 177395 : { SELL 19684.72@0.8079342} 177394 : { SELL 19684.72@0.8079342} 
Tue Nov 25 09:46:59 EST 2014 , 4 , 2 , 2 , 177397 : { BUY 5223.61@0.80470892} 177396 : { BUY 5223.61@0.80470892} 177395 : { SELL 19684.72@0.8079342} 177394 : { SELL 19684.72@0.8079342} 
Tue Nov 25 09:50:00 EST 2014 , 4 , 2 , 2 , 177397 : { BUY 5223.61@0.80470892} 177396 : { BUY 5223.61@0.80470892} 177395 : { SELL 19684.72@0.8079342} 177394 : { SELL 19684.72@0.8079342} 
Tue Nov 25 09:53:01 EST 2014 , 4 , 2 , 2 , 177397 : { BUY 5223.61@0.80470892} 177396 : { BUY 5223.61@0.80470892} 177395 : { SELL 19684.72@0.8079342} 177394 : { SELL 19684.72@0.8079342} 
Tue Nov 25 09:56:02 EST 2014 , 4 , 2 , 2 , 177397 : { BUY 5223.61@0.80470892} 177396 : { BUY 5223.61@0.80470892} 177395 : { SELL 19684.72@0.8079342} 177394 : { SELL 19684.72@0.8079342} 
Tue Nov 25 09:59:03 EST 2014 , 4 , 2 , 2 , 177397 : { BUY 5223.61@0.80470892} 177396 : { BUY 5223.61@0.80470892} 177395 : { SELL 19684.72@0.8079342} 177394 : { SELL 19684.72@0.8079342} 
Tue Nov 25 10:02:04 EST 2014 , 4 , 2 , 2 , 177397 : { BUY 5223.61@0.80470892} 177396 : { BUY 5223.61@0.80470892} 177395 : { SELL 19684.72@0.8079342} 177394 : { SELL 19684.72@0.8079342} 
Tue Nov 25 10:05:05 EST 2014 , 4 , 2 , 2 , 177397 : { BUY 5223.61@0.80470892} 177396 : { BUY 5223.61@0.80470892} 177395 : { SELL 19684.72@0.8079342} 177394 : { SELL 19684.72@0.8079342} 
Tue Nov 25 10:08:06 EST 2014 , 4 , 2 , 2 , 177397 : { BUY 5223.61@0.80470892} 177396 : { BUY 5223.61@0.80470892} 177395 : { SELL 19684.72@0.8079342} 177394 : { SELL 19684.72@0.8079342} 
Tue Nov 25 10:11:07 EST 2014 , 4 , 2 , 2 , 177397 : { BUY 5223.61@0.80470892} 177396 : { BUY 5223.61@0.80470892} 177395 : { SELL 19684.72@0.8079342} 177394 : { SELL 19684.72@0.8079342} 
Tue Nov 25 10:14:08 EST 2014 , 4 , 2 , 2 , 177397 : { BUY 5223.61@0.80470892} 177396 : { BUY 5223.61@0.80470892} 177395 : { SELL 19684.72@0.8079342} 177394 : { SELL 19684.72@0.8079342} 
Tue Nov 25 10:17:09 EST 2014 , 4 , 2 , 2 , 177397 : { BUY 5223.61@0.80470892} 177396 : { BUY 5223.61@0.80470892} 177395 : { SELL 19684.72@0.8079342} 177394 : { SELL 19684.72@0.8079342} 
Tue Nov 25 10:20:10 EST 2014 , 4 , 2 , 2 , 177397 : { BUY 5223.61@0.80470892} 177396 : { BUY 5223.61@0.80470892} 177395 : { SELL 19684.72@0.8079342} 177394 : { SELL 19684.72@0.8079342} 
Tue Nov 25 10:23:11 EST 2014 , 4 , 2 , 2 , 177397 : { BUY 5223.61@0.80470892} 177396 : { BUY 5223.61@0.80470892} 177395 : { SELL 19684.72@0.8079342} 177394 : { SELL 19684.72@0.8079342} 
Tue Nov 25 10:26:12 EST 2014 , 4 , 2 , 2 , 177397 : { BUY 5223.61@0.80470892} 177396 : { BUY 5223.61@0.80470892} 177395 : { SELL 19684.72@0.8079342} 177394 : { SELL 19684.72@0.8079342} 
Tue Nov 25 10:29:13 EST 2014 , 4 , 2 , 2 , 177397 : { BUY 5223.61@0.80470892} 177396 : { BUY 5223.61@0.80470892} 177395 : { SELL 19684.72@0.8079342} 177394 : { SELL 19684.72@0.8079342} 
Tue Nov 25 10:32:14 EST 2014 , 4 , 2 , 2 , 177397 : { BUY 5223.61@0.80470892} 177396 : { BUY 5223.61@0.80470892} 177395 : { SELL 19684.72@0.8079342} 177394 : { SELL 19684.72@0.8079342} 
Tue Nov 25 10:35:15 EST 2014 , 4 , 2 , 2 , 177397 : { BUY 5223.61@0.80470892} 177396 : { BUY 5223.61@0.80470892} 177395 : { SELL 19684.72@0.8079342} 177394 : { SELL 19684.72@0.8079342} 
Tue Nov 25 10:38:16 EST 2014 , 4 , 2 , 2 , 177397 : { BUY 5223.61@0.80470892} 177396 : { BUY 5223.61@0.80470892} 177395 : { SELL 19684.72@0.8079342} 177394 : { SELL 19684.72@0.8079342} 
Tue Nov 25 10:41:17 EST 2014 , 4 , 2 , 2 , 177397 : { BUY 5223.61@0.80470892} 177396 : { BUY 5223.61@0.80470892} 177395 : { SELL 19684.72@0.8079342} 177394 : { SELL 19684.72@0.8079342} 
Tue Nov 25 10:44:18 EST 2014 , 4 , 2 , 2 , 177397 : { BUY 5223.61@0.80470892} 177396 : { BUY 5223.61@0.80470892} 177395 : { SELL 19684.72@0.8079342} 177394 : { SELL 19684.72@0.8079342} 
Tue Nov 25 10:47:19 EST 2014 , 4 , 2 , 2 , 177397 : { BUY 5223.61@0.80470892} 177396 : { BUY 5223.61@0.80470892} 177395 : { SELL 19684.72@0.8079342} 177394 : { SELL 19684.72@0.8079342} 
Tue Nov 25 10:50:20 EST 2014 , 4 , 2 , 2 , 177397 : { BUY 5223.61@0.80470892} 177396 : { BUY 5223.61@0.80470892} 177395 : { SELL 19684.72@0.8079342} 177394 : { SELL 19684.72@0.8079342} 
Tue Nov 25 10:53:21 EST 2014 , 4 , 2 , 2 , 177397 : { BUY 5223.61@0.80470892} 177396 : { BUY 5223.61@0.80470892} 177395 : { SELL 19684.72@0.8079342} 177394 : { SELL 19684.72@0.8079342} 
Tue Nov 25 10:56:22 EST 2014 , 4 , 2 , 2 , 177397 : { BUY 5223.61@0.80470892} 177396 : { BUY 5223.61@0.80470892} 177395 : { SELL 19684.72@0.8079342} 177394 : { SELL 19684.72@0.8079342} 
Tue Nov 25 10:59:23 EST 2014 , 4 , 2 , 2 , 177397 : { BUY 5223.61@0.80470892} 177396 : { BUY 5223.61@0.80470892} 177395 : { SELL 19684.72@0.8079342} 177394 : { SELL 19684.72@0.8079342} 
Tue Nov 25 11:02:24 EST 2014 , 4 , 2 , 2 , 177397 : { BUY 5223.61@0.80470892} 177396 : { BUY 5223.61@0.80470892} 177395 : { SELL 19684.72@0.8079342} 177394 : { SELL 19684.72@0.8079342} 
Tue Nov 25 11:05:25 EST 2014 , 4 , 2 , 2 , 177397 : { BUY 5223.61@0.80470892} 177396 : { BUY 5223.61@0.80470892} 177395 : { SELL 19684.72@0.8079342} 177394 : { SELL 19684.72@0.8079342} 
Tue Nov 25 11:08:26 EST 2014 , 4 , 2 , 2 , 177397 : { BUY 5223.61@0.80470892} 177396 : { BUY 5223.61@0.80470892} 177395 : { SELL 19684.72@0.8079342} 177394 : { SELL 19684.72@0.8079342} 
Tue Nov 25 11:11:27 EST 2014 , 4 , 2 , 2 , 177397 : { BUY 5223.61@0.80470892} 177396 : { BUY 5223.61@0.80470892} 177395 : { SELL 19684.72@0.8079342} 177394 : { SELL 19684.72@0.8079342} 
Tue Nov 25 11:14:28 EST 2014 , 4 , 2 , 2 , 177397 : { BUY 5223.61@0.80470892} 177396 : { BUY 5223.61@0.80470892} 177395 : { SELL 19684.72@0.8079342} 177394 : { SELL 19684.72@0.8079342} 
Tue Nov 25 11:17:29 EST 2014 , 4 , 2 , 2 , 177397 : { BUY 5223.61@0.80470892} 177396 : { BUY 5223.61@0.80470892} 177395 : { SELL 19684.72@0.8079342} 177394 : { SELL 19684.72@0.8079342} 
Tue Nov 25 11:20:30 EST 2014 , 4 , 2 , 2 , 177397 : { BUY 5223.61@0.80470892} 177396 : { BUY 5223.61@0.80470892} 177395 : { SELL 19684.72@0.8079342} 177394 : { SELL 19684.72@0.8079342} 
Tue Nov 25 11:23:31 EST 2014 , 4 , 2 , 2 , 177397 : { BUY 5223.61@0.80470892} 177396 : { BUY 5223.61@0.80470892} 177395 : { SELL 19684.72@0.8079342} 177394 : { SELL 19684.72@0.8079342} 
Tue Nov 25 11:26:32 EST 2014 , 4 , 2 , 2 , 177397 : { BUY 5223.61@0.80470892} 177396 : { BUY 5223.61@0.80470892} 177395 : { SELL 19684.72@0.8079342} 177394 : { SELL 19684.72@0.8079342} 
Tue Nov 25 11:29:33 EST 2014 , 4 , 2 , 2 , 177397 : { BUY 5223.61@0.80470892} 177396 : { BUY 5223.61@0.80470892} 177395 : { SELL 19684.72@0.8079342} 177394 : { SELL 19684.72@0.8079342} 
Tue Nov 25 11:32:34 EST 2014 , 4 , 2 , 2 , 177397 : { BUY 5223.61@0.80470892} 177396 : { BUY 5223.61@0.80470892} 177395 : { SELL 19684.72@0.8079342} 177394 : { SELL 19684.72@0.8079342} 
Tue Nov 25 11:35:35 EST 2014 , 4 , 2 , 2 , 177397 : { BUY 5223.61@0.80470892} 177396 : { BUY 5223.61@0.80470892} 177395 : { SELL 19684.72@0.8079342} 177394 : { SELL 19684.72@0.8079342} 
Tue Nov 25 11:38:36 EST 2014 , 4 , 2 , 2 , 177397 : { BUY 5223.61@0.80470892} 177396 : { BUY 5223.61@0.80470892} 177395 : { SELL 19684.72@0.8079342} 177394 : { SELL 19684.72@0.8079342} 
Tue Nov 25 11:41:37 EST 2014 , 4 , 2 , 2 , 177397 : { BUY 5223.61@0.80470892} 177396 : { BUY 5223.61@0.80470892} 177395 : { SELL 19684.72@0.8079342} 177394 : { SELL 19684.72@0.8079342} 
Tue Nov 25 11:44:38 EST 2014 , 4 , 2 , 2 , 177397 : { BUY 5223.61@0.80470892} 177396 : { BUY 5223.61@0.80470892} 177395 : { SELL 19684.72@0.8079342} 177394 : { SELL 19684.72@0.8079342} 
Tue Nov 25 11:47:39 EST 2014 , 4 , 2 , 2 , 177397 : { BUY 5223.61@0.80470892} 177396 : { BUY 5223.61@0.80470892} 177395 : { SELL 19684.72@0.8079342} 177394 : { SELL 19684.72@0.8079342} 
Tue Nov 25 11:50:40 EST 2014 , 4 , 2 , 2 , 177397 : { BUY 5223.61@0.80470892} 177396 : { BUY 5223.61@0.80470892} 177395 : { SELL 19684.72@0.8079342} 177394 : { SELL 19684.72@0.8079342} 
Tue Nov 25 11:53:41 EST 2014 , 4 , 2 , 2 , 177397 : { BUY 5223.61@0.80470892} 177396 : { BUY 5223.61@0.80470892} 177395 : { SELL 19684.72@0.8079342} 177394 : { SELL 19684.72@0.8079342} 
Tue Nov 25 11:56:42 EST 2014 , 4 , 2 , 2 , 177397 : { BUY 5223.61@0.80470892} 177396 : { BUY 5223.61@0.80470892} 177395 : { SELL 19684.72@0.8079342} 177394 : { SELL 19684.72@0.8079342} 
Tue Nov 25 11:59:43 EST 2014 , 4 , 2 , 2 , 177397 : { BUY 5223.61@0.80470892} 177396 : { BUY 5223.61@0.80470892} 177395 : { SELL 19684.72@0.8079342} 177394 : { SELL 19684.72@0.8079342} 
Tue Nov 25 12:02:44 EST 2014 , 4 , 2 , 2 , 177397 : { BUY 5223.61@0.80470892} 177396 : { BUY 5223.61@0.80470892} 177395 : { SELL 19684.72@0.8079342} 177394 : { SELL 19684.72@0.8079342} 
Tue Nov 25 12:05:45 EST 2014 , 4 , 2 , 2 , 177397 : { BUY 5223.61@0.80470892} 177396 : { BUY 5223.61@0.80470892} 177395 : { SELL 19684.72@0.8079342} 177394 : { SELL 19684.72@0.8079342} 
Tue Nov 25 12:08:46 EST 2014 , 4 , 2 , 2 , 177397 : { BUY 5223.61@0.80470892} 177396 : { BUY 5223.61@0.80470892} 177395 : { SELL 19684.72@0.8079342} 177394 : { SELL 19684.72@0.8079342} 
Tue Nov 25 12:11:47 EST 2014 , 4 , 2 , 2 , 177397 : { BUY 5223.61@0.80470892} 177396 : { BUY 5223.61@0.80470892} 177395 : { SELL 19684.72@0.8079342} 177394 : { SELL 19684.72@0.8079342} 
Tue Nov 25 12:14:48 EST 2014 , 4 , 2 , 2 , 177397 : { BUY 5223.61@0.80470892} 177396 : { BUY 5223.61@0.80470892} 177395 : { SELL 19684.72@0.8079342} 177394 : { SELL 19684.72@0.8079342} 
Tue Nov 25 12:17:49 EST 2014 , 4 , 2 , 2 , 177397 : { BUY 5223.61@0.80470892} 177396 : { BUY 5223.61@0.80470892} 177395 : { SELL 19684.72@0.8079342} 177394 : { SELL 19684.72@0.8079342} 
Tue Nov 25 12:20:50 EST 2014 , 4 , 2 , 2 , 177397 : { BUY 5223.61@0.80470892} 177396 : { BUY 5223.61@0.80470892} 177395 : { SELL 19684.72@0.8079342} 177394 : { SELL 19684.72@0.8079342} 
Tue Nov 25 12:23:51 EST 2014 , 4 , 2 , 2 , 177397 : { BUY 5223.61@0.80470892} 177396 : { BUY 5223.61@0.80470892} 177395 : { SELL 19684.72@0.8079342} 177394 : { SELL 19684.72@0.8079342} 
Tue Nov 25 12:26:52 EST 2014 , 4 , 2 , 2 , 177397 : { BUY 5223.61@0.80470892} 177396 : { BUY 5223.61@0.80470892} 177395 : { SELL 19684.72@0.8079342} 177394 : { SELL 19684.72@0.8079342} 
Tue Nov 25 12:29:53 EST 2014 , 4 , 2 , 2 , 177397 : { BUY 5223.61@0.80470892} 177396 : { BUY 5223.61@0.80470892} 177395 : { SELL 19684.72@0.8079342} 177394 : { SELL 19684.72@0.8079342} 
Tue Nov 25 12:32:54 EST 2014 , 4 , 2 , 2 , 177397 : { BUY 5223.61@0.80470892} 177396 : { BUY 5223.61@0.80470892} 177395 : { SELL 19684.72@0.8079342} 177394 : { SELL 19684.72@0.8079342} 
Tue Nov 25 12:35:55 EST 2014 , 4 , 2 , 2 , 177397 : { BUY 5223.61@0.80470892} 177396 : { BUY 5223.61@0.80470892} 177395 : { SELL 19684.72@0.8079342} 177394 : { SELL 19684.72@0.8079342} 
Tue Nov 25 12:38:56 EST 2014 , 4 , 2 , 2 , 177397 : { BUY 5223.61@0.80470892} 177396 : { BUY 5223.61@0.80470892} 177395 : { SELL 19684.72@0.8079342} 177394 : { SELL 19684.72@0.8079342} 
Tue Nov 25 12:41:57 EST 2014 , 4 , 2 , 2 , 177397 : { BUY 5223.61@0.80470892} 177396 : { BUY 5223.61@0.80470892} 177395 : { SELL 19684.72@0.8079342} 177394 : { SELL 19684.72@0.8079342} 
Tue Nov 25 12:44:58 EST 2014 , 4 , 2 , 2 , 177397 : { BUY 5223.61@0.80470892} 177396 : { BUY 5223.61@0.80470892} 177395 : { SELL 19684.72@0.8079342} 177394 : { SELL 19684.72@0.8079342} 
Tue Nov 25 12:47:59 EST 2014 , 4 , 2 , 2 , 177397 : { BUY 5223.61@0.80470892} 177396 : { BUY 5223.61@0.80470892} 177395 : { SELL 19684.72@0.8079342} 177394 : { SELL 19684.72@0.8079342} 
Tue Nov 25 12:51:00 EST 2014 , 4 , 2 , 2 , 177397 : { BUY 5223.61@0.80470892} 177396 : { BUY 5223.61@0.80470892} 177395 : { SELL 19684.72@0.8079342} 177394 : { SELL 19684.72@0.8079342} 
Tue Nov 25 12:54:01 EST 2014 , 4 , 2 , 2 , 177397 : { BUY 5223.61@0.80470892} 177396 : { BUY 5223.61@0.80470892} 177395 : { SELL 19684.72@0.8079342} 177394 : { SELL 19684.72@0.8079342} 
Tue Nov 25 12:57:02 EST 2014 , 4 , 2 , 2 , 177397 : { BUY 5223.61@0.80470892} 177396 : { BUY 5223.61@0.80470892} 177395 : { SELL 19684.72@0.8079342} 177394 : { SELL 19684.72@0.8079342} 
Tue Nov 25 13:00:03 EST 2014 , 4 , 2 , 2 , 177397 : { BUY 5223.61@0.80470892} 177396 : { BUY 5223.61@0.80470892} 177395 : { SELL 19684.72@0.8079342} 177394 : { SELL 19684.72@0.8079342} 
Tue Nov 25 13:03:04 EST 2014 , 4 , 2 , 2 , 177397 : { BUY 5223.61@0.80470892} 177396 : { BUY 5223.61@0.80470892} 177395 : { SELL 19684.72@0.8079342} 177394 : { SELL 19684.72@0.8079342} 
Tue Nov 25 13:06:05 EST 2014 , 4 , 2 , 2 , 177397 : { BUY 5223.61@0.80470892} 177396 : { BUY 5223.61@0.80470892} 177395 : { SELL 19684.72@0.8079342} 177394 : { SELL 19684.72@0.8079342} 
Tue Nov 25 13:09:06 EST 2014 , 4 , 2 , 2 , 177397 : { BUY 5223.61@0.80470892} 177396 : { BUY 5223.61@0.80470892} 177395 : { SELL 19684.72@0.8079342} 177394 : { SELL 19684.72@0.8079342} 
Tue Nov 25 13:12:07 EST 2014 , 4 , 2 , 2 , 177397 : { BUY 5223.61@0.80470892} 177396 : { BUY 5223.61@0.80470892} 177395 : { SELL 19684.72@0.8079342} 177394 : { SELL 19684.72@0.8079342} 
Tue Nov 25 13:15:08 EST 2014 , 4 , 2 , 2 , 177397 : { BUY 5223.61@0.80470892} 177396 : { BUY 5223.61@0.80470892} 177395 : { SELL 19684.72@0.8079342} 177394 : { SELL 19684.72@0.8079342} 
Tue Nov 25 13:18:09 EST 2014 , 4 , 2 , 2 , 177397 : { BUY 5223.61@0.80470892} 177396 : { BUY 5223.61@0.80470892} 177395 : { SELL 19684.72@0.8079342} 177394 : { SELL 19684.72@0.8079342} 
Tue Nov 25 13:21:10 EST 2014 , 4 , 2 , 2 , 177397 : { BUY 5223.61@0.80470892} 177396 : { BUY 5223.61@0.80470892} 177395 : { SELL 19684.72@0.8079342} 177394 : { SELL 19684.72@0.8079342} 
Tue Nov 25 13:24:11 EST 2014 , 4 , 2 , 2 , 177397 : { BUY 5223.61@0.80470892} 177396 : { BUY 5223.61@0.80470892} 177395 : { SELL 19684.72@0.8079342} 177394 : { SELL 19684.72@0.8079342} 
Tue Nov 25 13:27:12 EST 2014 , 4 , 2 , 2 , 177397 : { BUY 5223.61@0.80470892} 177396 : { BUY 5223.61@0.80470892} 177395 : { SELL 19684.72@0.8079342} 177394 : { SELL 19684.72@0.8079342} 
Tue Nov 25 13:30:13 EST 2014 , 4 , 2 , 2 , 177397 : { BUY 5223.61@0.80470892} 177396 : { BUY 5223.61@0.80470892} 177395 : { SELL 19684.72@0.8079342} 177394 : { SELL 19684.72@0.8079342} 
Tue Nov 25 13:33:14 EST 2014 , 4 , 2 , 2 , 177397 : { BUY 5223.61@0.80470892} 177396 : { BUY 5223.61@0.80470892} 177395 : { SELL 19684.72@0.8079342} 177394 : { SELL 19684.72@0.8079342} 
Tue Nov 25 13:36:15 EST 2014 , 4 , 2 , 2 , 177397 : { BUY 5223.61@0.80470892} 177396 : { BUY 5223.61@0.80470892} 177395 : { SELL 19684.72@0.8079342} 177394 : { SELL 19684.72@0.8079342} 
Tue Nov 25 13:39:16 EST 2014 , 4 , 2 , 2 , 177397 : { BUY 5223.61@0.80470892} 177396 : { BUY 5223.61@0.80470892} 177395 : { SELL 19684.72@0.8079342} 177394 : { SELL 19684.72@0.8079342} 
Tue Nov 25 13:42:17 EST 2014 , 4 , 2 , 2 , 177397 : { BUY 5223.61@0.80470892} 177396 : { BUY 5223.61@0.80470892} 177395 : { SELL 19684.72@0.8079342} 177394 : { SELL 19684.72@0.8079342} 
Tue Nov 25 13:45:18 EST 2014 , 4 , 2 , 2 , 177397 : { BUY 5223.61@0.80470892} 177396 : { BUY 5223.61@0.80470892} 177395 : { SELL 19684.72@0.8079342} 177394 : { SELL 19684.72@0.8079342} 
Tue Nov 25 13:48:20 EST 2014 , 4 , 2 , 2 , 177397 : { BUY 5223.61@0.80470892} 177396 : { BUY 5223.61@0.80470892} 177395 : { SELL 19684.72@0.8079342} 177394 : { SELL 19684.72@0.8079342} 
Tue Nov 25 13:51:20 EST 2014 , 4 , 2 , 2 , 177397 : { BUY 5223.61@0.80470892} 177396 : { BUY 5223.61@0.80470892} 177395 : { SELL 19684.72@0.8079342} 177394 : { SELL 19684.72@0.8079342} 
Tue Nov 25 13:54:21 EST 2014 , 4 , 2 , 2 , 177397 : { BUY 5223.61@0.80470892} 177396 : { BUY 5223.61@0.80470892} 177395 : { SELL 19684.72@0.8079342} 177394 : { SELL 19684.72@0.8079342} 
Tue Nov 25 13:57:22 EST 2014 , 4 , 2 , 2 , 177397 : { BUY 5223.61@0.80470892} 177396 : { BUY 5223.61@0.80470892} 177395 : { SELL 19684.72@0.8079342} 177394 : { SELL 19684.72@0.8079342} 
Tue Nov 25 14:00:23 EST 2014 , 4 , 2 , 2 , 177397 : { BUY 5223.61@0.80470892} 177396 : { BUY 5223.61@0.80470892} 177395 : { SELL 19684.72@0.8079342} 177394 : { SELL 19684.72@0.8079342} 
Tue Nov 25 14:03:24 EST 2014 , 4 , 2 , 2 , 177397 : { BUY 5223.61@0.80470892} 177396 : { BUY 5223.61@0.80470892} 177395 : { SELL 19684.72@0.8079342} 177394 : { SELL 19684.72@0.8079342} 
Tue Nov 25 14:06:25 EST 2014 , 4 , 2 , 2 , 177397 : { BUY 5223.61@0.80470892} 177396 : { BUY 5223.61@0.80470892} 177395 : { SELL 19684.72@0.8079342} 177394 : { SELL 19684.72@0.8079342} 
Tue Nov 25 14:09:26 EST 2014 , 4 , 2 , 2 , 177397 : { BUY 5223.61@0.80470892} 177396 : { BUY 5223.61@0.80470892} 177395 : { SELL 19684.72@0.8079342} 177394 : { SELL 19684.72@0.8079342} 
Tue Nov 25 14:12:27 EST 2014 , 4 , 2 , 2 , 177397 : { BUY 5223.61@0.80470892} 177396 : { BUY 5223.61@0.80470892} 177395 : { SELL 19684.72@0.8079342} 177394 : { SELL 19684.72@0.8079342} 
Tue Nov 25 14:15:28 EST 2014 , 4 , 2 , 2 , 177397 : { BUY 5223.61@0.80470892} 177396 : { BUY 5223.61@0.80470892} 177395 : { SELL 19684.72@0.8079342} 177394 : { SELL 19684.72@0.8079342} 
Tue Nov 25 14:18:29 EST 2014 , 4 , 2 , 2 , 177397 : { BUY 5223.61@0.80470892} 177396 : { BUY 5223.61@0.80470892} 177395 : { SELL 19684.72@0.8079342} 177394 : { SELL 19684.72@0.8079342} 
Tue Nov 25 14:21:30 EST 2014 , 4 , 2 , 2 , 177397 : { BUY 5223.61@0.80470892} 177396 : { BUY 5223.61@0.80470892} 177395 : { SELL 19684.72@0.8079342} 177394 : { SELL 19684.72@0.8079342} 
Tue Nov 25 14:24:31 EST 2014 , 4 , 2 , 2 , 177397 : { BUY 5223.61@0.80470892} 177396 : { BUY 5223.61@0.80470892} 177395 : { SELL 19684.72@0.8079342} 177394 : { SELL 19684.72@0.8079342} 
Tue Nov 25 14:27:32 EST 2014 , 4 , 2 , 2 , 177397 : { BUY 5223.61@0.80470892} 177396 : { BUY 5223.61@0.80470892} 177395 : { SELL 19684.72@0.8079342} 177394 : { SELL 19684.72@0.8079342} 
Tue Nov 25 14:30:33 EST 2014 , 4 , 2 , 2 , 177397 : { BUY 5223.61@0.80470892} 177396 : { BUY 5223.61@0.80470892} 177395 : { SELL 19684.72@0.8079342} 177394 : { SELL 19684.72@0.8079342} 
Tue Nov 25 14:33:34 EST 2014 , 4 , 2 , 2 , 177397 : { BUY 5223.61@0.80470892} 177396 : { BUY 5223.61@0.80470892} 177395 : { SELL 19684.72@0.8079342} 177394 : { SELL 19684.72@0.8079342} 
Tue Nov 25 14:36:35 EST 2014 , 4 , 2 , 2 , 177397 : { BUY 5223.61@0.80470892} 177396 : { BUY 5223.61@0.80470892} 177395 : { SELL 19684.72@0.8079342} 177394 : { SELL 19684.72@0.8079342} 
Tue Nov 25 14:39:36 EST 2014 , 4 , 2 , 2 , 177397 : { BUY 5223.61@0.80470892} 177396 : { BUY 5223.61@0.80470892} 177395 : { SELL 19684.72@0.8079342} 177394 : { SELL 19684.72@0.8079342} 
Tue Nov 25 14:42:37 EST 2014 , 4 , 2 , 2 , 177397 : { BUY 5223.61@0.80470892} 177396 : { BUY 5223.61@0.80470892} 177395 : { SELL 19684.72@0.8079342} 177394 : { SELL 19684.72@0.8079342} 
Tue Nov 25 14:45:38 EST 2014 , 4 , 2 , 2 , 177397 : { BUY 5223.61@0.80470892} 177396 : { BUY 5223.61@0.80470892} 177395 : { SELL 19684.72@0.8079342} 177394 : { SELL 19684.72@0.8079342} 
Tue Nov 25 14:48:39 EST 2014 , 4 , 2 , 2 , 177397 : { BUY 5223.61@0.80470892} 177396 : { BUY 5223.61@0.80470892} 177395 : { SELL 19684.72@0.8079342} 177394 : { SELL 19684.72@0.8079342} 
Tue Nov 25 14:51:40 EST 2014 , 4 , 2 , 2 , 177397 : { BUY 5223.61@0.80470892} 177396 : { BUY 5223.61@0.80470892} 177395 : { SELL 19684.72@0.8079342} 177394 : { SELL 19684.72@0.8079342} 
Tue Nov 25 14:54:41 EST 2014 , 4 , 2 , 2 , 177397 : { BUY 5223.61@0.80470892} 177396 : { BUY 5223.61@0.80470892} 177395 : { SELL 19684.72@0.8079342} 177394 : { SELL 19684.72@0.8079342} 
Tue Nov 25 14:57:42 EST 2014 , 4 , 2 , 2 , 177397 : { BUY 5223.61@0.80470892} 177396 : { BUY 5223.61@0.80470892} 177395 : { SELL 19684.72@0.8079342} 177394 : { SELL 19684.72@0.8079342} 
Tue Nov 25 15:00:43 EST 2014 , 4 , 2 , 2 , 177397 : { BUY 5223.61@0.80470892} 177396 : { BUY 5223.61@0.80470892} 177395 : { SELL 19684.72@0.8079342} 177394 : { SELL 19684.72@0.8079342} 
Tue Nov 25 15:03:44 EST 2014 , 4 , 2 , 2 , 177397 : { BUY 5223.61@0.80470892} 177396 : { BUY 5223.61@0.80470892} 177395 : { SELL 19684.72@0.8079342} 177394 : { SELL 19684.72@0.8079342} 
Tue Nov 25 15:06:45 EST 2014 , 4 , 2 , 2 , 177397 : { BUY 5223.61@0.80470892} 177396 : { BUY 5223.61@0.80470892} 177395 : { SELL 19684.72@0.8079342} 177394 : { SELL 19684.72@0.8079342} 
Tue Nov 25 15:09:47 EST 2014 , 4 , 2 , 2 , 177397 : { BUY 5223.61@0.80470892} 177396 : { BUY 5223.61@0.80470892} 177395 : { SELL 19684.72@0.8079342} 177394 : { SELL 19684.72@0.8079342} 
Tue Nov 25 15:12:47 EST 2014 , 4 , 2 , 2 , 177397 : { BUY 5223.61@0.80470892} 177396 : { BUY 5223.61@0.80470892} 177395 : { SELL 19684.72@0.8079342} 177394 : { SELL 19684.72@0.8079342} 
Tue Nov 25 15:15:48 EST 2014 , 4 , 2 , 2 , 177397 : { BUY 5223.61@0.80470892} 177396 : { BUY 5223.61@0.80470892} 177395 : { SELL 19684.72@0.8079342} 177394 : { SELL 19684.72@0.8079342} 
Tue Nov 25 15:18:49 EST 2014 , 4 , 2 , 2 , 177397 : { BUY 5223.61@0.80470892} 177396 : { BUY 5223.61@0.80470892} 177395 : { SELL 19684.72@0.8079342} 177394 : { SELL 19684.72@0.8079342} 
Tue Nov 25 15:21:50 EST 2014 , 4 , 2 , 2 , 177397 : { BUY 5223.61@0.80470892} 177396 : { BUY 5223.61@0.80470892} 177395 : { SELL 19684.72@0.8079342} 177394 : { SELL 19684.72@0.8079342} 
Tue Nov 25 15:24:51 EST 2014 , 4 , 2 , 2 , 177397 : { BUY 5223.61@0.80470892} 177396 : { BUY 5223.61@0.80470892} 177395 : { SELL 19684.72@0.8079342} 177394 : { SELL 19684.72@0.8079342} 
Tue Nov 25 15:27:52 EST 2014 , 4 , 2 , 2 , 177397 : { BUY 5223.61@0.80470892} 177396 : { BUY 5223.61@0.80470892} 177395 : { SELL 19684.72@0.8079342} 177394 : { SELL 19684.72@0.8079342} 
Tue Nov 25 15:30:53 EST 2014 , 4 , 2 , 2 , 177397 : { BUY 5223.61@0.80470892} 177396 : { BUY 5223.61@0.80470892} 177395 : { SELL 19684.72@0.8079342} 177394 : { SELL 19684.72@0.8079342} 
Tue Nov 25 15:33:54 EST 2014 , 4 , 2 , 2 , 177397 : { BUY 5223.61@0.80470892} 177396 : { BUY 5223.61@0.80470892} 177395 : { SELL 19684.72@0.8079342} 177394 : { SELL 19684.72@0.8079342} 
Tue Nov 25 15:36:55 EST 2014 , 4 , 2 , 2 , 177397 : { BUY 5223.61@0.80470892} 177396 : { BUY 5223.61@0.80470892} 177395 : { SELL 19684.72@0.8079342} 177394 : { SELL 19684.72@0.8079342} 
Tue Nov 25 15:39:56 EST 2014 , 4 , 2 , 2 , 177397 : { BUY 5223.61@0.80470892} 177396 : { BUY 5223.61@0.80470892} 177395 : { SELL 19684.72@0.8079342} 177394 : { SELL 19684.72@0.8079342} 
Tue Nov 25 15:42:57 EST 2014 , 4 , 2 , 2 , 177397 : { BUY 5223.61@0.80470892} 177396 : { BUY 5223.61@0.80470892} 177395 : { SELL 19684.72@0.8079342} 177394 : { SELL 19684.72@0.8079342} 
Tue Nov 25 15:45:58 EST 2014 , 4 , 2 , 2 , 177397 : { BUY 5223.61@0.80470892} 177396 : { BUY 5223.61@0.80470892} 177395 : { SELL 19684.72@0.8079342} 177394 : { SELL 19684.72@0.8079342} 
Tue Nov 25 15:48:59 EST 2014 , 4 , 2 , 2 , 177397 : { BUY 5223.61@0.80470892} 177396 : { BUY 5223.61@0.80470892} 177395 : { SELL 19684.72@0.8079342} 177394 : { SELL 19684.72@0.8079342} 
Tue Nov 25 15:52:00 EST 2014 , 4 , 2 , 2 , 177397 : { BUY 5223.61@0.80470892} 177396 : { BUY 5223.61@0.80470892} 177395 : { SELL 19684.72@0.8079342} 177394 : { SELL 19684.72@0.8079342} 
Tue Nov 25 15:55:01 EST 2014 , 4 , 2 , 2 , 177397 : { BUY 5223.61@0.80470892} 177396 : { BUY 5223.61@0.80470892} 177395 : { SELL 19684.72@0.8079342} 177394 : { SELL 19684.72@0.8079342} 
Tue Nov 25 15:58:02 EST 2014 , 4 , 2 , 2 , 177397 : { BUY 5223.61@0.80470892} 177396 : { BUY 5223.61@0.80470892} 177395 : { SELL 19684.72@0.8079342} 177394 : { SELL 19684.72@0.8079342} 
Tue Nov 25 16:01:03 EST 2014 , 4 , 2 , 2 , 177397 : { BUY 5223.61@0.80470892} 177396 : { BUY 5223.61@0.80470892} 177395 : { SELL 19684.72@0.8079342} 177394 : { SELL 19684.72@0.8079342} 
Tue Nov 25 16:04:04 EST 2014 , 4 , 2 , 2 , 177397 : { BUY 5223.61@0.80470892} 177396 : { BUY 5223.61@0.80470892} 177395 : { SELL 19684.72@0.8079342} 177394 : { SELL 19684.72@0.8079342} 
Tue Nov 25 16:07:05 EST 2014 , 4 , 2 , 2 , 177397 : { BUY 5223.61@0.80470892} 177396 : { BUY 5223.61@0.80470892} 177395 : { SELL 19684.72@0.8079342} 177394 : { SELL 19684.72@0.8079342} 
Tue Nov 25 16:10:06 EST 2014 , 4 , 2 , 2 , 177397 : { BUY 5223.61@0.80470892} 177396 : { BUY 5223.61@0.80470892} 177395 : { SELL 19684.72@0.8079342} 177394 : { SELL 19684.72@0.8079342} 
Tue Nov 25 16:13:07 EST 2014 , 4 , 2 , 2 , 177397 : { BUY 5223.61@0.80470892} 177396 : { BUY 5223.61@0.80470892} 177395 : { SELL 19684.72@0.8079342} 177394 : { SELL 19684.72@0.8079342} 
Tue Nov 25 16:16:08 EST 2014 , 4 , 2 , 2 , 177397 : { BUY 5223.61@0.80470892} 177396 : { BUY 5223.61@0.80470892} 177395 : { SELL 19684.72@0.8079342} 177394 : { SELL 19684.72@0.8079342} 
Tue Nov 25 16:19:09 EST 2014 , 4 , 2 , 2 , 177397 : { BUY 5223.61@0.80470892} 177396 : { BUY 5223.61@0.80470892} 177395 : { SELL 19684.72@0.8079342} 177394 : { SELL 19684.72@0.8079342} 
Tue Nov 25 16:22:10 EST 2014 , 4 , 2 , 2 , 177397 : { BUY 5223.61@0.80470892} 177396 : { BUY 5223.61@0.80470892} 177395 : { SELL 19684.72@0.8079342} 177394 : { SELL 19684.72@0.8079342} 
Tue Nov 25 16:25:11 EST 2014 , 4 , 2 , 2 , 177397 : { BUY 5223.61@0.80470892} 177396 : { BUY 5223.61@0.80470892} 177395 : { SELL 19684.72@0.8079342} 177394 : { SELL 19684.72@0.8079342} 
Tue Nov 25 16:28:12 EST 2014 , 4 , 2 , 2 , 177397 : { BUY 5223.61@0.80470892} 177396 : { BUY 5223.61@0.80470892} 177395 : { SELL 19684.72@0.8079342} 177394 : { SELL 19684.72@0.8079342} 
Tue Nov 25 16:31:13 EST 2014 , 4 , 2 , 2 , 177397 : { BUY 5223.61@0.80470892} 177396 : { BUY 5223.61@0.80470892} 177395 : { SELL 19684.72@0.8079342} 177394 : { SELL 19684.72@0.8079342} 
Tue Nov 25 16:34:14 EST 2014 , 4 , 2 , 2 , 177397 : { BUY 5223.61@0.80470892} 177396 : { BUY 5223.61@0.80470892} 177395 : { SELL 19684.72@0.8079342} 177394 : { SELL 19684.72@0.8079342} 
Tue Nov 25 16:37:15 EST 2014 , 4 , 2 , 2 , 177397 : { BUY 5223.61@0.80470892} 177396 : { BUY 5223.61@0.80470892} 177395 : { SELL 19684.72@0.8079342} 177394 : { SELL 19684.72@0.8079342} 
Tue Nov 25 16:40:16 EST 2014 , 4 , 2 , 2 , 177397 : { BUY 5223.61@0.80470892} 177396 : { BUY 5223.61@0.80470892} 177395 : { SELL 19684.72@0.8079342} 177394 : { SELL 19684.72@0.8079342} 
Tue Nov 25 16:43:17 EST 2014 , 4 , 2 , 2 , 177397 : { BUY 5223.61@0.80470892} 177396 : { BUY 5223.61@0.80470892} 177395 : { SELL 19684.72@0.8079342} 177394 : { SELL 19684.72@0.8079342} 
Tue Nov 25 16:46:18 EST 2014 , 4 , 2 , 2 , 177397 : { BUY 5223.61@0.80470892} 177396 : { BUY 5223.61@0.80470892} 177395 : { SELL 19684.72@0.8079342} 177394 : { SELL 19684.72@0.8079342} 
Tue Nov 25 16:49:19 EST 2014 , 4 , 2 , 2 , 177397 : { BUY 5223.61@0.80470892} 177396 : { BUY 5223.61@0.80470892} 177395 : { SELL 19684.72@0.8079342} 177394 : { SELL 19684.72@0.8079342} 
Tue Nov 25 16:52:20 EST 2014 , 4 , 2 , 2 , 177397 : { BUY 5223.61@0.80470892} 177396 : { BUY 5223.61@0.80470892} 177395 : { SELL 19684.72@0.8079342} 177394 : { SELL 19684.72@0.8079342} 
Tue Nov 25 16:55:21 EST 2014 , 4 , 2 , 2 , 177397 : { BUY 5223.61@0.80470892} 177396 : { BUY 5223.61@0.80470892} 177395 : { SELL 19684.72@0.8079342} 177394 : { SELL 19684.72@0.8079342} 
Tue Nov 25 16:58:22 EST 2014 , 4 , 2 , 2 , 177397 : { BUY 5223.61@0.80470892} 177396 : { BUY 5223.61@0.80470892} 177395 : { SELL 19684.72@0.8079342} 177394 : { SELL 19684.72@0.8079342} 
Tue Nov 25 17:01:23 EST 2014 , 4 , 2 , 2 , 177397 : { BUY 5223.61@0.80470892} 177396 : { BUY 5223.61@0.80470892} 177395 : { SELL 19684.72@0.8079342} 177394 : { SELL 19684.72@0.8079342} 
Tue Nov 25 17:04:24 EST 2014 , 4 , 2 , 2 , 177397 : { BUY 5223.61@0.80470892} 177396 : { BUY 5223.61@0.80470892} 177395 : { SELL 19684.72@0.8079342} 177394 : { SELL 19684.72@0.8079342} 
Tue Nov 25 17:07:25 EST 2014 , 4 , 2 , 2 , 177397 : { BUY 5223.61@0.80470892} 177396 : { BUY 5223.61@0.80470892} 177395 : { SELL 19684.72@0.8079342} 177394 : { SELL 19684.72@0.8079342} 
Tue Nov 25 17:10:26 EST 2014 , 4 , 2 , 2 , 177397 : { BUY 5223.61@0.80470892} 177396 : { BUY 5223.61@0.80470892} 177395 : { SELL 19684.72@0.8079342} 177394 : { SELL 19684.72@0.8079342} 
Tue Nov 25 17:13:27 EST 2014 , 4 , 2 , 2 , 177397 : { BUY 5223.61@0.80470892} 177396 : { BUY 5223.61@0.80470892} 177395 : { SELL 19684.72@0.8079342} 177394 : { SELL 19684.72@0.8079342} 
Tue Nov 25 17:16:28 EST 2014 , 4 , 2 , 2 , 177397 : { BUY 5223.61@0.80470892} 177396 : { BUY 5223.61@0.80470892} 177395 : { SELL 19684.72@0.8079342} 177394 : { SELL 19684.72@0.8079342} 
Tue Nov 25 17:19:29 EST 2014 , 4 , 2 , 2 , 177397 : { BUY 5223.61@0.80470892} 177396 : { BUY 5223.61@0.80470892} 177395 : { SELL 19684.72@0.8079342} 177394 : { SELL 19684.72@0.8079342} 
Tue Nov 25 17:22:30 EST 2014 , 4 , 2 , 2 , 177397 : { BUY 5223.61@0.80470892} 177396 : { BUY 5223.61@0.80470892} 177395 : { SELL 19684.72@0.8079342} 177394 : { SELL 19684.72@0.8079342} 
Tue Nov 25 17:25:31 EST 2014 , 4 , 2 , 2 , 177397 : { BUY 5223.61@0.80470892} 177396 : { BUY 5223.61@0.80470892} 177395 : { SELL 19684.72@0.8079342} 177394 : { SELL 19684.72@0.8079342} 
Tue Nov 25 17:28:32 EST 2014 , 4 , 2 , 2 , 177397 : { BUY 5223.61@0.80470892} 177396 : { BUY 5223.61@0.80470892} 177395 : { SELL 19684.72@0.8079342} 177394 : { SELL 19684.72@0.8079342} 
Tue Nov 25 17:31:33 EST 2014 , 4 , 2 , 2 , 177397 : { BUY 5223.61@0.80470892} 177396 : { BUY 5223.61@0.80470892} 177395 : { SELL 19684.72@0.8079342} 177394 : { SELL 19684.72@0.8079342} 
Tue Nov 25 17:34:34 EST 2014 , 4 , 2 , 2 , 177397 : { BUY 5223.61@0.80470892} 177396 : { BUY 5223.61@0.80470892} 177395 : { SELL 19684.72@0.8079342} 177394 : { SELL 19684.72@0.8079342} 
Tue Nov 25 17:37:35 EST 2014 , 4 , 2 , 2 , 177397 : { BUY 5223.61@0.80470892} 177396 : { BUY 5223.61@0.80470892} 177395 : { SELL 19684.72@0.8079342} 177394 : { SELL 19684.72@0.8079342} 
Tue Nov 25 17:40:36 EST 2014 , 4 , 2 , 2 , 177397 : { BUY 5223.61@0.80470892} 177396 : { BUY 5223.61@0.80470892} 177395 : { SELL 19684.72@0.8079342} 177394 : { SELL 19684.72@0.8079342} 
Tue Nov 25 17:43:37 EST 2014 , 4 , 2 , 2 , 177397 : { BUY 5223.61@0.80470892} 177396 : { BUY 5223.61@0.80470892} 177395 : { SELL 19684.72@0.8079342} 177394 : { SELL 19684.72@0.8079342} 
Tue Nov 25 17:46:38 EST 2014 , 4 , 2 , 2 , 177397 : { BUY 5223.61@0.80470892} 177396 : { BUY 5223.61@0.80470892} 177395 : { SELL 19684.72@0.8079342} 177394 : { SELL 19684.72@0.8079342} 
Tue Nov 25 17:49:39 EST 2014 , 4 , 2 , 2 , 177397 : { BUY 5223.61@0.80470892} 177396 : { BUY 5223.61@0.80470892} 177395 : { SELL 19684.72@0.8079342} 177394 : { SELL 19684.72@0.8079342} 
Tue Nov 25 17:52:40 EST 2014 , 4 , 2 , 2 , 177397 : { BUY 5223.61@0.80470892} 177396 : { BUY 5223.61@0.80470892} 177395 : { SELL 19684.72@0.8079342} 177394 : { SELL 19684.72@0.8079342} 
Tue Nov 25 17:55:41 EST 2014 , 4 , 2 , 2 , 177397 : { BUY 5223.61@0.80470892} 177396 : { BUY 5223.61@0.80470892} 177395 : { SELL 19684.72@0.8079342} 177394 : { SELL 19684.72@0.8079342} 
Tue Nov 25 17:58:42 EST 2014 , 4 , 2 , 2 , 177397 : { BUY 5223.61@0.80470892} 177396 : { BUY 5223.61@0.80470892} 177395 : { SELL 19684.72@0.8079342} 177394 : { SELL 19684.72@0.8079342} 
Tue Nov 25 18:01:43 EST 2014 , 4 , 2 , 2 , 177397 : { BUY 5223.61@0.80470892} 177396 : { BUY 5223.61@0.80470892} 177395 : { SELL 19684.72@0.8079342} 177394 : { SELL 19684.72@0.8079342} 
Tue Nov 25 18:04:44 EST 2014 , 4 , 2 , 2 , 177397 : { BUY 5223.61@0.80470892} 177396 : { BUY 5223.61@0.80470892} 177395 : { SELL 19684.72@0.8079342} 177394 : { SELL 19684.72@0.8079342} 
Tue Nov 25 18:07:45 EST 2014 , 4 , 2 , 2 , 177397 : { BUY 5223.61@0.80470892} 177396 : { BUY 5223.61@0.80470892} 177395 : { SELL 19684.72@0.8079342} 177394 : { SELL 19684.72@0.8079342} 
Tue Nov 25 18:10:46 EST 2014 , 4 , 2 , 2 , 177397 : { BUY 5223.61@0.80470892} 177396 : { BUY 5223.61@0.80470892} 177395 : { SELL 19684.72@0.8079342} 177394 : { SELL 19684.72@0.8079342} 
Tue Nov 25 18:13:47 EST 2014 , 4 , 2 , 2 , 177397 : { BUY 5223.61@0.80470892} 177396 : { BUY 5223.61@0.80470892} 177395 : { SELL 19684.72@0.8079342} 177394 : { SELL 19684.72@0.8079342} 
Tue Nov 25 18:16:48 EST 2014 , 4 , 2 , 2 , 177397 : { BUY 5223.61@0.80470892} 177396 : { BUY 5223.61@0.80470892} 177395 : { SELL 19684.72@0.8079342} 177394 : { SELL 19684.72@0.8079342} 
Tue Nov 25 18:19:49 EST 2014 , 4 , 2 , 2 , 177397 : { BUY 5223.61@0.80470892} 177396 : { BUY 5223.61@0.80470892} 177395 : { SELL 19684.72@0.8079342} 177394 : { SELL 19684.72@0.8079342} 
Tue Nov 25 18:22:50 EST 2014 , 4 , 2 , 2 , 177397 : { BUY 5223.61@0.80470892} 177396 : { BUY 5223.61@0.80470892} 177395 : { SELL 19684.72@0.8079342} 177394 : { SELL 19684.72@0.8079342} 
Tue Nov 25 18:25:51 EST 2014 , 4 , 2 , 2 , 177397 : { BUY 5223.61@0.80470892} 177396 : { BUY 5223.61@0.80470892} 177395 : { SELL 19684.72@0.8079342} 177394 : { SELL 19684.72@0.8079342} 
Tue Nov 25 18:28:52 EST 2014 , 4 , 2 , 2 , 177397 : { BUY 5223.61@0.80470892} 177396 : { BUY 5223.61@0.80470892} 177395 : { SELL 19684.72@0.8079342} 177394 : { SELL 19684.72@0.8079342} 
Tue Nov 25 18:31:53 EST 2014 , 4 , 2 , 2 , 177397 : { BUY 5223.61@0.80470892} 177396 : { BUY 5223.61@0.80470892} 177395 : { SELL 19684.72@0.8079342} 177394 : { SELL 19684.72@0.8079342} 
Tue Nov 25 18:34:54 EST 2014 , 4 , 2 , 2 , 177397 : { BUY 5223.61@0.80470892} 177396 : { BUY 5223.61@0.80470892} 177395 : { SELL 19684.72@0.8079342} 177394 : { SELL 19684.72@0.8079342} 
Tue Nov 25 18:37:55 EST 2014 , 4 , 2 , 2 , 177397 : { BUY 5223.61@0.80470892} 177396 : { BUY 5223.61@0.80470892} 177395 : { SELL 19684.72@0.8079342} 177394 : { SELL 19684.72@0.8079342} 
Tue Nov 25 18:40:56 EST 2014 , 4 , 2 , 2 , 177397 : { BUY 5223.61@0.80470892} 177396 : { BUY 5223.61@0.80470892} 177395 : { SELL 19684.72@0.8079342} 177394 : { SELL 19684.72@0.8079342} 
Tue Nov 25 18:43:57 EST 2014 , 4 , 2 , 2 , 177397 : { BUY 5223.61@0.80470892} 177396 : { BUY 5223.61@0.80470892} 177395 : { SELL 19684.72@0.8079342} 177394 : { SELL 19684.72@0.8079342} 
Tue Nov 25 18:46:58 EST 2014 , 4 , 2 , 2 , 177397 : { BUY 5223.61@0.80470892} 177396 : { BUY 5223.61@0.80470892} 177395 : { SELL 19684.72@0.8079342} 177394 : { SELL 19684.72@0.8079342} 
Tue Nov 25 18:50:00 EST 2014 , 4 , 2 , 2 , 177397 : { BUY 5223.61@0.80470892} 177396 : { BUY 5223.61@0.80470892} 177395 : { SELL 19684.72@0.8079342} 177394 : { SELL 19684.72@0.8079342} 
Tue Nov 25 18:53:00 EST 2014 , 4 , 2 , 2 , 177397 : { BUY 5223.61@0.80470892} 177396 : { BUY 5223.61@0.80470892} 177395 : { SELL 19684.72@0.8079342} 177394 : { SELL 19684.72@0.8079342} 
Tue Nov 25 18:56:01 EST 2014 , 4 , 2 , 2 , 177397 : { BUY 5223.61@0.80470892} 177396 : { BUY 5223.61@0.80470892} 177395 : { SELL 19684.72@0.8079342} 177394 : { SELL 19684.72@0.8079342} 
Tue Nov 25 18:59:02 EST 2014 , 4 , 2 , 2 , 177397 : { BUY 5223.61@0.80470892} 177396 : { BUY 5223.61@0.80470892} 177395 : { SELL 19684.72@0.8079342} 177394 : { SELL 19684.72@0.8079342} 
Tue Nov 25 19:02:03 EST 2014 , 4 , 2 , 2 , 177397 : { BUY 5223.61@0.80470892} 177396 : { BUY 5223.61@0.80470892} 177395 : { SELL 19684.72@0.8079342} 177394 : { SELL 19684.72@0.8079342} 
Tue Nov 25 19:05:04 EST 2014 , 4 , 2 , 2 , 177397 : { BUY 5223.61@0.80470892} 177396 : { BUY 5223.61@0.80470892} 177395 : { SELL 19684.72@0.8079342} 177394 : { SELL 19684.72@0.8079342} 
Tue Nov 25 19:08:05 EST 2014 , 4 , 2 , 2 , 177397 : { BUY 5223.61@0.80470892} 177396 : { BUY 5223.61@0.80470892} 177395 : { SELL 19684.72@0.8079342} 177394 : { SELL 19684.72@0.8079342} 
Tue Nov 25 19:11:06 EST 2014 , 4 , 2 , 2 , 177397 : { BUY 5223.61@0.80470892} 177396 : { BUY 5223.61@0.80470892} 177395 : { SELL 19684.72@0.8079342} 177394 : { SELL 19684.72@0.8079342} 
Tue Nov 25 19:14:07 EST 2014 , 4 , 2 , 2 , 177397 : { BUY 5223.61@0.80470892} 177396 : { BUY 5223.61@0.80470892} 177395 : { SELL 19684.72@0.8079342} 177394 : { SELL 19684.72@0.8079342} 
Tue Nov 25 19:17:08 EST 2014 , 4 , 2 , 2 , 177397 : { BUY 5223.61@0.80470892} 177396 : { BUY 5223.61@0.80470892} 177395 : { SELL 19684.72@0.8079342} 177394 : { SELL 19684.72@0.8079342} 
Tue Nov 25 19:20:09 EST 2014 , 4 , 2 , 2 , 177397 : { BUY 5223.61@0.80470892} 177396 : { BUY 5223.61@0.80470892} 177395 : { SELL 19684.72@0.8079342} 177394 : { SELL 19684.72@0.8079342} 
Tue Nov 25 19:23:10 EST 2014 , 4 , 2 , 2 , 177397 : { BUY 5223.61@0.80470892} 177396 : { BUY 5223.61@0.80470892} 177395 : { SELL 19684.72@0.8079342} 177394 : { SELL 19684.72@0.8079342} 
Tue Nov 25 19:26:11 EST 2014 , 4 , 2 , 2 , 177397 : { BUY 5223.61@0.80470892} 177396 : { BUY 5223.61@0.80470892} 177395 : { SELL 19684.72@0.8079342} 177394 : { SELL 19684.72@0.8079342} 
Tue Nov 25 19:29:12 EST 2014 , 4 , 2 , 2 , 177397 : { BUY 5223.61@0.80470892} 177396 : { BUY 5223.61@0.80470892} 177395 : { SELL 19684.72@0.8079342} 177394 : { SELL 19684.72@0.8079342} 
Tue Nov 25 19:32:13 EST 2014 , 4 , 2 , 2 , 177397 : { BUY 5223.61@0.80470892} 177396 : { BUY 5223.61@0.80470892} 177395 : { SELL 19684.72@0.8079342} 177394 : { SELL 19684.72@0.8079342} 
Tue Nov 25 19:35:14 EST 2014 , 4 , 2 , 2 , 177397 : { BUY 5223.61@0.80470892} 177396 : { BUY 5223.61@0.80470892} 177395 : { SELL 19684.72@0.8079342} 177394 : { SELL 19684.72@0.8079342} 
Tue Nov 25 19:38:15 EST 2014 , 4 , 2 , 2 , 177397 : { BUY 5223.61@0.80470892} 177396 : { BUY 5223.61@0.80470892} 177395 : { SELL 19684.72@0.8079342} 177394 : { SELL 19684.72@0.8079342} 
Tue Nov 25 19:41:16 EST 2014 , 4 , 2 , 2 , 177397 : { BUY 5223.61@0.80470892} 177396 : { BUY 5223.61@0.80470892} 177395 : { SELL 19684.72@0.8079342} 177394 : { SELL 19684.72@0.8079342} 
Tue Nov 25 19:44:17 EST 2014 , 4 , 2 , 2 , 177397 : { BUY 5223.61@0.80470892} 177396 : { BUY 5223.61@0.80470892} 177395 : { SELL 19684.72@0.8079342} 177394 : { SELL 19684.72@0.8079342} 
Tue Nov 25 19:47:18 EST 2014 , 4 , 2 , 2 , 177397 : { BUY 5223.61@0.80470892} 177396 : { BUY 5223.61@0.80470892} 177395 : { SELL 19684.72@0.8079342} 177394 : { SELL 19684.72@0.8079342} 
Tue Nov 25 19:50:19 EST 2014 , 4 , 2 , 2 , 177397 : { BUY 5223.61@0.80470892} 177396 : { BUY 5223.61@0.80470892} 177395 : { SELL 19684.72@0.8079342} 177394 : { SELL 19684.72@0.8079342} 
Tue Nov 25 19:53:20 EST 2014 , 4 , 2 , 2 , 177397 : { BUY 5223.61@0.80470892} 177396 : { BUY 5223.61@0.80470892} 177395 : { SELL 19684.72@0.8079342} 177394 : { SELL 19684.72@0.8079342} 
Tue Nov 25 19:56:21 EST 2014 , 4 , 2 , 2 , 177397 : { BUY 5223.61@0.80470892} 177396 : { BUY 5223.61@0.80470892} 177395 : { SELL 19684.72@0.8079342} 177394 : { SELL 19684.72@0.8079342} 
Tue Nov 25 19:59:22 EST 2014 , 4 , 2 , 2 , 177397 : { BUY 5223.61@0.80470892} 177396 : { BUY 5223.61@0.80470892} 177395 : { SELL 19684.72@0.8079342} 177394 : { SELL 19684.72@0.8079342} 
Tue Nov 25 20:02:23 EST 2014 , 4 , 2 , 2 , 177397 : { BUY 5223.61@0.80470892} 177396 : { BUY 5223.61@0.80470892} 177395 : { SELL 19684.72@0.8079342} 177394 : { SELL 19684.72@0.8079342} 
Tue Nov 25 20:05:24 EST 2014 , 4 , 2 , 2 , 177397 : { BUY 5223.61@0.80470892} 177396 : { BUY 5223.61@0.80470892} 177395 : { SELL 19684.72@0.8079342} 177394 : { SELL 19684.72@0.8079342} 
Tue Nov 25 20:08:25 EST 2014 , 4 , 2 , 2 , 177397 : { BUY 5223.61@0.80470892} 177396 : { BUY 5223.61@0.80470892} 177395 : { SELL 19684.72@0.8079342} 177394 : { SELL 19684.72@0.8079342} 
Tue Nov 25 20:11:26 EST 2014 , 4 , 2 , 2 , 177397 : { BUY 5223.61@0.80470892} 177396 : { BUY 5223.61@0.80470892} 177395 : { SELL 19684.72@0.8079342} 177394 : { SELL 19684.72@0.8079342} 
Tue Nov 25 20:14:27 EST 2014 , 4 , 2 , 2 , 177397 : { BUY 5223.61@0.80470892} 177396 : { BUY 5223.61@0.80470892} 177395 : { SELL 19684.72@0.8079342} 177394 : { SELL 19684.72@0.8079342} 
Tue Nov 25 20:17:28 EST 2014 , 4 , 2 , 2 , 177397 : { BUY 5223.61@0.80470892} 177396 : { BUY 5223.61@0.80470892} 177395 : { SELL 19684.72@0.8079342} 177394 : { SELL 19684.72@0.8079342} 
Tue Nov 25 20:20:29 EST 2014 , 4 , 2 , 2 , 177397 : { BUY 5223.61@0.80470892} 177396 : { BUY 5223.61@0.80470892} 177395 : { SELL 19684.72@0.8079342} 177394 : { SELL 19684.72@0.8079342} 
Tue Nov 25 20:23:30 EST 2014 , 4 , 2 , 2 , 177397 : { BUY 5223.61@0.80470892} 177396 : { BUY 5223.61@0.80470892} 177395 : { SELL 19684.72@0.8079342} 177394 : { SELL 19684.72@0.8079342} 
Tue Nov 25 20:26:31 EST 2014 , 4 , 2 , 2 , 177397 : { BUY 5223.61@0.80470892} 177396 : { BUY 5223.61@0.80470892} 177395 : { SELL 19684.72@0.8079342} 177394 : { SELL 19684.72@0.8079342} 
Tue Nov 25 20:29:32 EST 2014 , 4 , 2 , 2 , 177397 : { BUY 5223.61@0.80470892} 177396 : { BUY 5223.61@0.80470892} 177395 : { SELL 19684.72@0.8079342} 177394 : { SELL 19684.72@0.8079342} 
Tue Nov 25 20:32:33 EST 2014 , 4 , 2 , 2 , 177397 : { BUY 5223.61@0.80470892} 177396 : { BUY 5223.61@0.80470892} 177395 : { SELL 19684.72@0.8079342} 177394 : { SELL 19684.72@0.8079342} 
Tue Nov 25 20:35:34 EST 2014 , 4 , 2 , 2 , 177397 : { BUY 5223.61@0.80470892} 177396 : { BUY 5223.61@0.80470892} 177395 : { SELL 19684.72@0.8079342} 177394 : { SELL 19684.72@0.8079342} 
Tue Nov 25 20:38:35 EST 2014 , 4 , 2 , 2 , 177397 : { BUY 5223.61@0.80470892} 177396 : { BUY 5223.61@0.80470892} 177395 : { SELL 19684.72@0.8079342} 177394 : { SELL 19684.72@0.8079342} 
Tue Nov 25 20:41:36 EST 2014 , 4 , 2 , 2 , 177397 : { BUY 5223.61@0.80470892} 177396 : { BUY 5223.61@0.80470892} 177395 : { SELL 19684.72@0.8079342} 177394 : { SELL 19684.72@0.8079342} 
Tue Nov 25 20:44:37 EST 2014 , 4 , 2 , 2 , 177397 : { BUY 5223.61@0.80470892} 177396 : { BUY 5223.61@0.80470892} 177395 : { SELL 19684.72@0.8079342} 177394 : { SELL 19684.72@0.8079342} 
Tue Nov 25 20:47:38 EST 2014 , 4 , 2 , 2 , 177397 : { BUY 5223.61@0.80470892} 177396 : { BUY 5223.61@0.80470892} 177395 : { SELL 19684.72@0.8079342} 177394 : { SELL 19684.72@0.8079342} 
Tue Nov 25 20:50:39 EST 2014 , 4 , 2 , 2 , 177397 : { BUY 5223.61@0.80470892} 177396 : { BUY 5223.61@0.80470892} 177395 : { SELL 19684.72@0.8079342} 177394 : { SELL 19684.72@0.8079342} 
Tue Nov 25 20:53:40 EST 2014 , 4 , 2 , 2 , 177397 : { BUY 5223.61@0.80470892} 177396 : { BUY 5223.61@0.80470892} 177395 : { SELL 19684.72@0.8079342} 177394 : { SELL 19684.72@0.8079342} 
Tue Nov 25 20:56:41 EST 2014 , 4 , 2 , 2 , 177397 : { BUY 5223.61@0.80470892} 177396 : { BUY 5223.61@0.80470892} 177395 : { SELL 19684.72@0.8079342} 177394 : { SELL 19684.72@0.8079342} 
Tue Nov 25 20:59:42 EST 2014 , 4 , 2 , 2 , 177397 : { BUY 5223.61@0.80470892} 177396 : { BUY 5223.61@0.80470892} 177395 : { SELL 19684.72@0.8079342} 177394 : { SELL 19684.72@0.8079342} 
Tue Nov 25 21:02:43 EST 2014 , 4 , 2 , 2 , 177397 : { BUY 5223.61@0.80470892} 177396 : { BUY 5223.61@0.80470892} 177395 : { SELL 19684.72@0.8079342} 177394 : { SELL 19684.72@0.8079342} 
Tue Nov 25 21:05:44 EST 2014 , 4 , 2 , 2 , 177397 : { BUY 5223.61@0.80470892} 177396 : { BUY 5223.61@0.80470892} 177395 : { SELL 19684.72@0.8079342} 177394 : { SELL 19684.72@0.8079342} 
Tue Nov 25 21:08:45 EST 2014 , 4 , 2 , 2 , 177397 : { BUY 5223.61@0.80470892} 177396 : { BUY 5223.61@0.80470892} 177395 : { SELL 19684.72@0.8079342} 177394 : { SELL 19684.72@0.8079342} 
Tue Nov 25 21:11:46 EST 2014 , 4 , 2 , 2 , 177397 : { BUY 5223.61@0.80470892} 177396 : { BUY 5223.61@0.80470892} 177395 : { SELL 19684.72@0.8079342} 177394 : { SELL 19684.72@0.8079342} 
Tue Nov 25 21:14:47 EST 2014 , 4 , 2 , 2 , 177397 : { BUY 5223.61@0.80470892} 177396 : { BUY 5223.61@0.80470892} 177395 : { SELL 19684.72@0.8079342} 177394 : { SELL 19684.72@0.8079342} 
Tue Nov 25 21:17:48 EST 2014 , 4 , 2 , 2 , 177397 : { BUY 5223.61@0.80470892} 177396 : { BUY 5223.61@0.80470892} 177395 : { SELL 19684.72@0.8079342} 177394 : { SELL 19684.72@0.8079342} 
Tue Nov 25 21:20:49 EST 2014 , 4 , 2 , 2 , 177397 : { BUY 5223.61@0.80470892} 177396 : { BUY 5223.61@0.80470892} 177395 : { SELL 19684.72@0.8079342} 177394 : { SELL 19684.72@0.8079342} 
Tue Nov 25 21:23:50 EST 2014 , 4 , 2 , 2 , 177397 : { BUY 5223.61@0.80470892} 177396 : { BUY 5223.61@0.80470892} 177395 : { SELL 19684.72@0.8079342} 177394 : { SELL 19684.72@0.8079342} 
Tue Nov 25 21:26:51 EST 2014 , 4 , 2 , 2 , 177397 : { BUY 5223.61@0.80470892} 177396 : { BUY 5223.61@0.80470892} 177395 : { SELL 19684.72@0.8079342} 177394 : { SELL 19684.72@0.8079342} 
Tue Nov 25 21:29:52 EST 2014 , 4 , 2 , 2 , 177397 : { BUY 5223.61@0.80470892} 177396 : { BUY 5223.61@0.80470892} 177395 : { SELL 19684.72@0.8079342} 177394 : { SELL 19684.72@0.8079342} 
Tue Nov 25 21:32:53 EST 2014 , 4 , 2 , 2 , 177397 : { BUY 5223.61@0.80470892} 177396 : { BUY 5223.61@0.80470892} 177395 : { SELL 19684.72@0.8079342} 177394 : { SELL 19684.72@0.8079342} 
Tue Nov 25 21:35:54 EST 2014 , 4 , 2 , 2 , 177397 : { BUY 5223.61@0.80470892} 177396 : { BUY 5223.61@0.80470892} 177395 : { SELL 19684.72@0.8079342} 177394 : { SELL 19684.72@0.8079342} 
Tue Nov 25 21:38:55 EST 2014 , 4 , 2 , 2 , 177397 : { BUY 5223.61@0.80470892} 177396 : { BUY 5223.61@0.80470892} 177395 : { SELL 19684.72@0.8079342} 177394 : { SELL 19684.72@0.8079342} 
Tue Nov 25 21:41:56 EST 2014 , 4 , 2 , 2 , 177397 : { BUY 5223.61@0.80470892} 177396 : { BUY 5223.61@0.80470892} 177395 : { SELL 19684.72@0.8079342} 177394 : { SELL 19684.72@0.8079342} 
Tue Nov 25 21:44:57 EST 2014 , 4 , 2 , 2 , 177397 : { BUY 5223.61@0.80470892} 177396 : { BUY 5223.61@0.80470892} 177395 : { SELL 19684.72@0.8079342} 177394 : { SELL 19684.72@0.8079342} 
Tue Nov 25 21:47:58 EST 2014 , 4 , 2 , 2 , 177397 : { BUY 5223.61@0.80470892} 177396 : { BUY 5223.61@0.80470892} 177395 : { SELL 19684.72@0.8079342} 177394 : { SELL 19684.72@0.8079342} 
Tue Nov 25 21:50:59 EST 2014 , 4 , 2 , 2 , 177397 : { BUY 5223.61@0.80470892} 177396 : { BUY 5223.61@0.80470892} 177395 : { SELL 19684.72@0.8079342} 177394 : { SELL 19684.72@0.8079342} 
Tue Nov 25 21:54:00 EST 2014 , 4 , 2 , 2 , 177397 : { BUY 5223.61@0.80470892} 177396 : { BUY 5223.61@0.80470892} 177395 : { SELL 19684.72@0.8079342} 177394 : { SELL 19684.72@0.8079342} 
Tue Nov 25 21:57:01 EST 2014 , 4 , 2 , 2 , 177397 : { BUY 5223.61@0.80470892} 177396 : { BUY 5223.61@0.80470892} 177395 : { SELL 19684.72@0.8079342} 177394 : { SELL 19684.72@0.8079342} 
Tue Nov 25 22:00:02 EST 2014 , 4 , 2 , 2 , 177397 : { BUY 5223.61@0.80470892} 177396 : { BUY 5223.61@0.80470892} 177395 : { SELL 19684.72@0.8079342} 177394 : { SELL 19684.72@0.8079342} 
Tue Nov 25 22:03:03 EST 2014 , 4 , 2 , 2 , 177397 : { BUY 5223.61@0.80470892} 177396 : { BUY 5223.61@0.80470892} 177395 : { SELL 19684.72@0.8079342} 177394 : { SELL 19684.72@0.8079342} 
Tue Nov 25 22:06:04 EST 2014 , 4 , 2 , 2 , 177397 : { BUY 5223.61@0.80470892} 177396 : { BUY 5223.61@0.80470892} 177395 : { SELL 19684.72@0.8079342} 177394 : { SELL 19684.72@0.8079342} 
Tue Nov 25 22:09:05 EST 2014 , 4 , 2 , 2 , 177397 : { BUY 5223.61@0.80470892} 177396 : { BUY 5223.61@0.80470892} 177395 : { SELL 19684.72@0.8079342} 177394 : { SELL 19684.72@0.8079342} 
Tue Nov 25 22:12:06 EST 2014 , 4 , 2 , 2 , 177397 : { BUY 5223.61@0.80470892} 177396 : { BUY 5223.61@0.80470892} 177395 : { SELL 19684.72@0.8079342} 177394 : { SELL 19684.72@0.8079342} 
Tue Nov 25 22:15:07 EST 2014 , 4 , 2 , 2 , 177397 : { BUY 5223.61@0.80470892} 177396 : { BUY 5223.61@0.80470892} 177395 : { SELL 19684.72@0.8079342} 177394 : { SELL 19684.72@0.8079342} 
Tue Nov 25 22:18:08 EST 2014 , 4 , 2 , 2 , 177397 : { BUY 5223.61@0.80470892} 177396 : { BUY 5223.61@0.80470892} 177395 : { SELL 19684.72@0.8079342} 177394 : { SELL 19684.72@0.8079342} 
Tue Nov 25 22:21:10 EST 2014 , 4 , 2 , 2 , 177397 : { BUY 5223.61@0.80470892} 177396 : { BUY 5223.61@0.80470892} 177395 : { SELL 19684.72@0.8079342} 177394 : { SELL 19684.72@0.8079342} 
Tue Nov 25 22:24:10 EST 2014 , 4 , 2 , 2 , 177397 : { BUY 5223.61@0.80470892} 177396 : { BUY 5223.61@0.80470892} 177395 : { SELL 19684.72@0.8079342} 177394 : { SELL 19684.72@0.8079342} 
Tue Nov 25 22:27:11 EST 2014 , 4 , 2 , 2 , 177397 : { BUY 5223.61@0.80470892} 177396 : { BUY 5223.61@0.80470892} 177395 : { SELL 19684.72@0.8079342} 177394 : { SELL 19684.72@0.8079342} 
Tue Nov 25 22:30:12 EST 2014 , 4 , 2 , 2 , 177397 : { BUY 5223.61@0.80470892} 177396 : { BUY 5223.61@0.80470892} 177395 : { SELL 19684.72@0.8079342} 177394 : { SELL 19684.72@0.8079342} 
Tue Nov 25 22:33:13 EST 2014 , 4 , 2 , 2 , 177397 : { BUY 5223.61@0.80470892} 177396 : { BUY 5223.61@0.80470892} 177395 : { SELL 19684.72@0.8079342} 177394 : { SELL 19684.72@0.8079342} 
Tue Nov 25 22:36:14 EST 2014 , 4 , 2 , 2 , 177397 : { BUY 5223.61@0.80470892} 177396 : { BUY 5223.61@0.80470892} 177395 : { SELL 19684.72@0.8079342} 177394 : { SELL 19684.72@0.8079342} 
Tue Nov 25 22:39:15 EST 2014 , 4 , 2 , 2 , 177397 : { BUY 5223.61@0.80470892} 177396 : { BUY 5223.61@0.80470892} 177395 : { SELL 19684.72@0.8079342} 177394 : { SELL 19684.72@0.8079342} 
Tue Nov 25 22:42:16 EST 2014 , 4 , 2 , 2 , 177397 : { BUY 5223.61@0.80470892} 177396 : { BUY 5223.61@0.80470892} 177395 : { SELL 19684.72@0.8079342} 177394 : { SELL 19684.72@0.8079342} 
Tue Nov 25 22:45:17 EST 2014 , 4 , 2 , 2 , 177397 : { BUY 5223.61@0.80470892} 177396 : { BUY 5223.61@0.80470892} 177395 : { SELL 19684.72@0.8079342} 177394 : { SELL 19684.72@0.8079342} 
Tue Nov 25 22:48:18 EST 2014 , 4 , 2 , 2 , 177397 : { BUY 5223.61@0.80470892} 177396 : { BUY 5223.61@0.80470892} 177395 : { SELL 19684.72@0.8079342} 177394 : { SELL 19684.72@0.8079342} 
Tue Nov 25 22:51:19 EST 2014 , 4 , 2 , 2 , 177397 : { BUY 5223.61@0.80470892} 177396 : { BUY 5223.61@0.80470892} 177395 : { SELL 19684.72@0.8079342} 177394 : { SELL 19684.72@0.8079342} 
Tue Nov 25 22:54:20 EST 2014 , 4 , 2 , 2 , 177397 : { BUY 5223.61@0.80470892} 177396 : { BUY 5223.61@0.80470892} 177395 : { SELL 19684.72@0.8079342} 177394 : { SELL 19684.72@0.8079342} 
Tue Nov 25 22:57:21 EST 2014 , 4 , 2 , 2 , 177397 : { BUY 5223.61@0.80470892} 177396 : { BUY 5223.61@0.80470892} 177395 : { SELL 19684.72@0.8079342} 177394 : { SELL 19684.72@0.8079342} 
Tue Nov 25 23:00:22 EST 2014 , 4 , 2 , 2 , 177397 : { BUY 5223.61@0.80470892} 177396 : { BUY 5223.61@0.80470892} 177395 : { SELL 19684.72@0.8079342} 177394 : { SELL 19684.72@0.8079342} 
Tue Nov 25 23:03:23 EST 2014 , 4 , 2 , 2 , 177397 : { BUY 5223.61@0.80470892} 177396 : { BUY 5223.61@0.80470892} 177395 : { SELL 19684.72@0.8079342} 177394 : { SELL 19684.72@0.8079342} 
Tue Nov 25 23:06:24 EST 2014 , 4 , 2 , 2 , 177397 : { BUY 5223.61@0.80470892} 177396 : { BUY 5223.61@0.80470892} 177395 : { SELL 19684.72@0.8079342} 177394 : { SELL 19684.72@0.8079342} 
Tue Nov 25 23:09:25 EST 2014 , 4 , 2 , 2 , 177397 : { BUY 5223.61@0.80470892} 177396 : { BUY 5223.61@0.80470892} 177395 : { SELL 19684.72@0.8079342} 177394 : { SELL 19684.72@0.8079342} 
Tue Nov 25 23:12:26 EST 2014 , 4 , 2 , 2 , 177397 : { BUY 5223.61@0.80470892} 177396 : { BUY 5223.61@0.80470892} 177395 : { SELL 19684.72@0.8079342} 177394 : { SELL 19684.72@0.8079342} 
Tue Nov 25 23:15:27 EST 2014 , 4 , 2 , 2 , 177397 : { BUY 5223.61@0.80470892} 177396 : { BUY 5223.61@0.80470892} 177395 : { SELL 19684.72@0.8079342} 177394 : { SELL 19684.72@0.8079342} 
Tue Nov 25 23:18:28 EST 2014 , 4 , 2 , 2 , 177397 : { BUY 5223.61@0.80470892} 177396 : { BUY 5223.61@0.80470892} 177395 : { SELL 19684.72@0.8079342} 177394 : { SELL 19684.72@0.8079342} 
Tue Nov 25 23:21:29 EST 2014 , 4 , 2 , 2 , 177397 : { BUY 5223.61@0.80470892} 177396 : { BUY 5223.61@0.80470892} 177395 : { SELL 19684.72@0.8079342} 177394 : { SELL 19684.72@0.8079342} 
Tue Nov 25 23:24:30 EST 2014 , 4 , 2 , 2 , 177397 : { BUY 5223.61@0.80470892} 177396 : { BUY 5223.61@0.80470892} 177395 : { SELL 19684.72@0.8079342} 177394 : { SELL 19684.72@0.8079342} 
Tue Nov 25 23:27:31 EST 2014 , 4 , 2 , 2 , 177397 : { BUY 5223.61@0.80470892} 177396 : { BUY 5223.61@0.80470892} 177395 : { SELL 19684.72@0.8079342} 177394 : { SELL 19684.72@0.8079342} 
Tue Nov 25 23:30:32 EST 2014 , 4 , 2 , 2 , 177397 : { BUY 5223.61@0.80470892} 177396 : { BUY 5223.61@0.80470892} 177395 : { SELL 19684.72@0.8079342} 177394 : { SELL 19684.72@0.8079342} 
Tue Nov 25 23:33:33 EST 2014 , 4 , 2 , 2 , 177397 : { BUY 5223.61@0.80470892} 177396 : { BUY 5223.61@0.80470892} 177395 : { SELL 19684.72@0.8079342} 177394 : { SELL 19684.72@0.8079342} 
Tue Nov 25 23:36:34 EST 2014 , 4 , 2 , 2 , 177397 : { BUY 5223.61@0.80470892} 177396 : { BUY 5223.61@0.80470892} 177395 : { SELL 19684.72@0.8079342} 177394 : { SELL 19684.72@0.8079342} 
Tue Nov 25 23:39:35 EST 2014 , 4 , 2 , 2 , 177397 : { BUY 5223.61@0.80470892} 177396 : { BUY 5223.61@0.80470892} 177395 : { SELL 19684.72@0.8079342} 177394 : { SELL 19684.72@0.8079342} 
Tue Nov 25 23:42:36 EST 2014 , 4 , 2 , 2 , 177397 : { BUY 5223.61@0.80470892} 177396 : { BUY 5223.61@0.80470892} 177395 : { SELL 19684.72@0.8079342} 177394 : { SELL 19684.72@0.8079342} 
Tue Nov 25 23:45:37 EST 2014 , 4 , 2 , 2 , 177397 : { BUY 5223.61@0.80470892} 177396 : { BUY 5223.61@0.80470892} 177395 : { SELL 19684.72@0.8079342} 177394 : { SELL 19684.72@0.8079342} 
Tue Nov 25 23:48:38 EST 2014 , 4 , 2 , 2 , 177397 : { BUY 5223.61@0.80470892} 177396 : { BUY 5223.61@0.80470892} 177395 : { SELL 19684.72@0.8079342} 177394 : { SELL 19684.72@0.8079342} 
Tue Nov 25 23:51:40 EST 2014 , 4 , 2 , 2 , 177397 : { BUY 5223.61@0.80470892} 177396 : { BUY 5223.61@0.80470892} 177395 : { SELL 19684.72@0.8079342} 177394 : { SELL 19684.72@0.8079342} 
Tue Nov 25 23:54:40 EST 2014 , 4 , 2 , 2 , 177397 : { BUY 5223.61@0.80470892} 177396 : { BUY 5223.61@0.80470892} 177395 : { SELL 19684.72@0.8079342} 177394 : { SELL 19684.72@0.8079342} 
Tue Nov 25 23:57:41 EST 2014 , 4 , 2 , 2 , 177397 : { BUY 5223.61@0.80470892} 177396 : { BUY 5223.61@0.80470892} 177395 : { SELL 19684.72@0.8079342} 177394 : { SELL 19684.72@0.8079342} 
Wed Nov 26 00:00:42 EST 2014 , 4 , 2 , 2 , 177397 : { BUY 5223.61@0.80470892} 177396 : { BUY 5223.61@0.80470892} 177395 : { SELL 19684.72@0.8079342} 177394 : { SELL 19684.72@0.8079342} 
Wed Nov 26 00:03:43 EST 2014 , 4 , 2 , 2 , 177397 : { BUY 5223.61@0.80470892} 177396 : { BUY 5223.61@0.80470892} 177395 : { SELL 19684.72@0.8079342} 177394 : { SELL 19684.72@0.8079342} 
Wed Nov 26 00:06:44 EST 2014 , 4 , 2 , 2 , 177397 : { BUY 5223.61@0.80470892} 177396 : { BUY 5223.61@0.80470892} 177395 : { SELL 19684.72@0.8079342} 177394 : { SELL 19684.72@0.8079342} 
Wed Nov 26 00:09:45 EST 2014 , 4 , 2 , 2 , 177397 : { BUY 5223.61@0.80470892} 177396 : { BUY 5223.61@0.80470892} 177395 : { SELL 19684.72@0.8079342} 177394 : { SELL 19684.72@0.8079342} 
Wed Nov 26 00:12:46 EST 2014 , 4 , 2 , 2 , 177397 : { BUY 5223.61@0.80470892} 177396 : { BUY 5223.61@0.80470892} 177395 : { SELL 19684.72@0.8079342} 177394 : { SELL 19684.72@0.8079342} 
Wed Nov 26 00:15:47 EST 2014 , 4 , 2 , 2 , 177397 : { BUY 5223.61@0.80470892} 177396 : { BUY 5223.61@0.80470892} 177395 : { SELL 19684.72@0.8079342} 177394 : { SELL 19684.72@0.8079342} 
Wed Nov 26 00:18:48 EST 2014 , 4 , 2 , 2 , 177397 : { BUY 5223.61@0.80470892} 177396 : { BUY 5223.61@0.80470892} 177395 : { SELL 19684.72@0.8079342} 177394 : { SELL 19684.72@0.8079342} 
Wed Nov 26 00:21:49 EST 2014 , 4 , 2 , 2 , 177397 : { BUY 5223.61@0.80470892} 177396 : { BUY 5223.61@0.80470892} 177395 : { SELL 19684.72@0.8079342} 177394 : { SELL 19684.72@0.8079342} 
Wed Nov 26 00:24:50 EST 2014 , 4 , 2 , 2 , 177397 : { BUY 5223.61@0.80470892} 177396 : { BUY 5223.61@0.80470892} 177395 : { SELL 19684.72@0.8079342} 177394 : { SELL 19684.72@0.8079342} 
Wed Nov 26 00:27:51 EST 2014 , 4 , 2 , 2 , 177397 : { BUY 5223.61@0.80470892} 177396 : { BUY 5223.61@0.80470892} 177395 : { SELL 19684.72@0.8079342} 177394 : { SELL 19684.72@0.8079342} 
Wed Nov 26 00:30:52 EST 2014 , 4 , 2 , 2 , 177397 : { BUY 5223.61@0.80470892} 177396 : { BUY 5223.61@0.80470892} 177395 : { SELL 19684.72@0.8079342} 177394 : { SELL 19684.72@0.8079342} 
Wed Nov 26 00:33:53 EST 2014 , 4 , 2 , 2 , 177397 : { BUY 5223.61@0.80470892} 177396 : { BUY 5223.61@0.80470892} 177395 : { SELL 19684.72@0.8079342} 177394 : { SELL 19684.72@0.8079342} 
Wed Nov 26 00:36:54 EST 2014 , 4 , 2 , 2 , 177397 : { BUY 5223.61@0.80470892} 177396 : { BUY 5223.61@0.80470892} 177395 : { SELL 19684.72@0.8079342} 177394 : { SELL 19684.72@0.8079342} 
Wed Nov 26 00:39:55 EST 2014 , 4 , 2 , 2 , 177397 : { BUY 5223.61@0.80470892} 177396 : { BUY 5223.61@0.80470892} 177395 : { SELL 19684.72@0.8079342} 177394 : { SELL 19684.72@0.8079342} 
Wed Nov 26 00:42:56 EST 2014 , 4 , 2 , 2 , 177397 : { BUY 5223.61@0.80470892} 177396 : { BUY 5223.61@0.80470892} 177395 : { SELL 19684.72@0.8079342} 177394 : { SELL 19684.72@0.8079342} 
Wed Nov 26 00:45:57 EST 2014 , 4 , 2 , 2 , 177397 : { BUY 5223.61@0.80470892} 177396 : { BUY 5223.61@0.80470892} 177395 : { SELL 19684.72@0.8079342} 177394 : { SELL 19684.72@0.8079342} 
Wed Nov 26 00:48:58 EST 2014 , 4 , 2 , 2 , 177397 : { BUY 5223.61@0.80470892} 177396 : { BUY 5223.61@0.80470892} 177395 : { SELL 19684.72@0.8079342} 177394 : { SELL 19684.72@0.8079342} 
Wed Nov 26 00:51:59 EST 2014 , 4 , 2 , 2 , 177397 : { BUY 5223.61@0.80470892} 177396 : { BUY 5223.61@0.80470892} 177395 : { SELL 19684.72@0.8079342} 177394 : { SELL 19684.72@0.8079342} 
Wed Nov 26 00:55:00 EST 2014 , 4 , 2 , 2 , 177397 : { BUY 5223.61@0.80470892} 177396 : { BUY 5223.61@0.80470892} 177395 : { SELL 19684.72@0.8079342} 177394 : { SELL 19684.72@0.8079342} 
Wed Nov 26 00:58:01 EST 2014 , 4 , 2 , 2 , 177397 : { BUY 5223.61@0.80470892} 177396 : { BUY 5223.61@0.80470892} 177395 : { SELL 19684.72@0.8079342} 177394 : { SELL 19684.72@0.8079342} 
Wed Nov 26 01:01:02 EST 2014 , 4 , 2 , 2 , 177397 : { BUY 5223.61@0.80470892} 177396 : { BUY 5223.61@0.80470892} 177395 : { SELL 19684.72@0.8079342} 177394 : { SELL 19684.72@0.8079342} 
Wed Nov 26 01:04:03 EST 2014 , 4 , 2 , 2 , 177397 : { BUY 5223.61@0.80470892} 177396 : { BUY 5223.61@0.80470892} 177395 : { SELL 19684.72@0.8079342} 177394 : { SELL 19684.72@0.8079342} 
Wed Nov 26 01:07:04 EST 2014 , 4 , 2 , 2 , 177397 : { BUY 5223.61@0.80470892} 177396 : { BUY 5223.61@0.80470892} 177395 : { SELL 19684.72@0.8079342} 177394 : { SELL 19684.72@0.8079342} 
Wed Nov 26 01:10:05 EST 2014 , 4 , 2 , 2 , 177397 : { BUY 5223.61@0.80470892} 177396 : { BUY 5223.61@0.80470892} 177395 : { SELL 19684.72@0.8079342} 177394 : { SELL 19684.72@0.8079342} 
Wed Nov 26 01:13:06 EST 2014 , 4 , 2 , 2 , 177397 : { BUY 5223.61@0.80470892} 177396 : { BUY 5223.61@0.80470892} 177395 : { SELL 19684.72@0.8079342} 177394 : { SELL 19684.72@0.8079342} 
Wed Nov 26 01:16:07 EST 2014 , 4 , 2 , 2 , 177397 : { BUY 5223.61@0.80470892} 177396 : { BUY 5223.61@0.80470892} 177395 : { SELL 19684.72@0.8079342} 177394 : { SELL 19684.72@0.8079342} 
Wed Nov 26 01:19:08 EST 2014 , 4 , 2 , 2 , 177397 : { BUY 5223.61@0.80470892} 177396 : { BUY 5223.61@0.80470892} 177395 : { SELL 19684.72@0.8079342} 177394 : { SELL 19684.72@0.8079342} 
Wed Nov 26 01:22:09 EST 2014 , 4 , 2 , 2 , 177397 : { BUY 5223.61@0.80470892} 177396 : { BUY 5223.61@0.80470892} 177395 : { SELL 19684.72@0.8079342} 177394 : { SELL 19684.72@0.8079342} 
Wed Nov 26 01:25:10 EST 2014 , 4 , 2 , 2 , 177397 : { BUY 5223.61@0.80470892} 177396 : { BUY 5223.61@0.80470892} 177395 : { SELL 19684.72@0.8079342} 177394 : { SELL 19684.72@0.8079342} 
Wed Nov 26 01:28:11 EST 2014 , 4 , 2 , 2 , 177397 : { BUY 5223.61@0.80470892} 177396 : { BUY 5223.61@0.80470892} 177395 : { SELL 19684.72@0.8079342} 177394 : { SELL 19684.72@0.8079342} 
Wed Nov 26 01:31:12 EST 2014 , 4 , 2 , 2 , 177397 : { BUY 5223.61@0.80470892} 177396 : { BUY 5223.61@0.80470892} 177395 : { SELL 19684.72@0.8079342} 177394 : { SELL 19684.72@0.8079342} 
Wed Nov 26 01:34:13 EST 2014 , 4 , 2 , 2 , 177397 : { BUY 5223.61@0.80470892} 177396 : { BUY 5223.61@0.80470892} 177395 : { SELL 19684.72@0.8079342} 177394 : { SELL 19684.72@0.8079342} 
Wed Nov 26 01:37:14 EST 2014 , 4 , 2 , 2 , 177397 : { BUY 5223.61@0.80470892} 177396 : { BUY 5223.61@0.80470892} 177395 : { SELL 19684.72@0.8079342} 177394 : { SELL 19684.72@0.8079342} 
Wed Nov 26 01:40:15 EST 2014 , 4 , 2 , 2 , 177397 : { BUY 5223.61@0.80470892} 177396 : { BUY 5223.61@0.80470892} 177395 : { SELL 19684.72@0.8079342} 177394 : { SELL 19684.72@0.8079342} 
Wed Nov 26 01:43:16 EST 2014 , 4 , 2 , 2 , 177397 : { BUY 5223.61@0.80470892} 177396 : { BUY 5223.61@0.80470892} 177395 : { SELL 19684.72@0.8079342} 177394 : { SELL 19684.72@0.8079342} 
Wed Nov 26 01:46:17 EST 2014 , 4 , 2 , 2 , 177397 : { BUY 5223.61@0.80470892} 177396 : { BUY 5223.61@0.80470892} 177395 : { SELL 19684.72@0.8079342} 177394 : { SELL 19684.72@0.8079342} 
Wed Nov 26 01:49:18 EST 2014 , 4 , 2 , 2 , 177397 : { BUY 5223.61@0.80470892} 177396 : { BUY 5223.61@0.80470892} 177395 : { SELL 19684.72@0.8079342} 177394 : { SELL 19684.72@0.8079342} 
Wed Nov 26 01:52:19 EST 2014 , 4 , 2 , 2 , 177397 : { BUY 5223.61@0.80470892} 177396 : { BUY 5223.61@0.80470892} 177395 : { SELL 19684.72@0.8079342} 177394 : { SELL 19684.72@0.8079342} 
Wed Nov 26 01:55:20 EST 2014 , 4 , 2 , 2 , 177397 : { BUY 5223.61@0.80470892} 177396 : { BUY 5223.61@0.80470892} 177395 : { SELL 19684.72@0.8079342} 177394 : { SELL 19684.72@0.8079342} 
Wed Nov 26 01:58:21 EST 2014 , 4 , 2 , 2 , 177397 : { BUY 5223.61@0.80470892} 177396 : { BUY 5223.61@0.80470892} 177395 : { SELL 19684.72@0.8079342} 177394 : { SELL 19684.72@0.8079342} 
Wed Nov 26 02:01:22 EST 2014 , 4 , 2 , 2 , 177397 : { BUY 5223.61@0.80470892} 177396 : { BUY 5223.61@0.80470892} 177395 : { SELL 19684.72@0.8079342} 177394 : { SELL 19684.72@0.8079342} 
Wed Nov 26 02:04:23 EST 2014 , 4 , 2 , 2 , 177397 : { BUY 5223.61@0.80470892} 177396 : { BUY 5223.61@0.80470892} 177395 : { SELL 19684.72@0.8079342} 177394 : { SELL 19684.72@0.8079342} 
Wed Nov 26 02:07:24 EST 2014 , 4 , 2 , 2 , 177397 : { BUY 5223.61@0.80470892} 177396 : { BUY 5223.61@0.80470892} 177395 : { SELL 19684.72@0.8079342} 177394 : { SELL 19684.72@0.8079342} 
Wed Nov 26 02:10:25 EST 2014 , 4 , 2 , 2 , 177397 : { BUY 5223.61@0.80470892} 177396 : { BUY 5223.61@0.80470892} 177395 : { SELL 19684.72@0.8079342} 177394 : { SELL 19684.72@0.8079342} 
Wed Nov 26 02:13:26 EST 2014 , 4 , 2 , 2 , 177397 : { BUY 5223.61@0.80470892} 177396 : { BUY 5223.61@0.80470892} 177395 : { SELL 19684.72@0.8079342} 177394 : { SELL 19684.72@0.8079342} 
Wed Nov 26 02:16:27 EST 2014 , 4 , 2 , 2 , 177397 : { BUY 5223.61@0.80470892} 177396 : { BUY 5223.61@0.80470892} 177395 : { SELL 19684.72@0.8079342} 177394 : { SELL 19684.72@0.8079342} 
Wed Nov 26 02:19:28 EST 2014 , 4 , 2 , 2 , 177397 : { BUY 5223.61@0.80470892} 177396 : { BUY 5223.61@0.80470892} 177395 : { SELL 19684.72@0.8079342} 177394 : { SELL 19684.72@0.8079342} 
Wed Nov 26 02:22:29 EST 2014 , 4 , 2 , 2 , 177397 : { BUY 5223.61@0.80470892} 177396 : { BUY 5223.61@0.80470892} 177395 : { SELL 19684.72@0.8079342} 177394 : { SELL 19684.72@0.8079342} 
Wed Nov 26 02:25:30 EST 2014 , 4 , 2 , 2 , 177397 : { BUY 5223.61@0.80470892} 177396 : { BUY 5223.61@0.80470892} 177395 : { SELL 19684.72@0.8079342} 177394 : { SELL 19684.72@0.8079342} 
Wed Nov 26 02:28:31 EST 2014 , 4 , 2 , 2 , 177397 : { BUY 5223.61@0.80470892} 177396 : { BUY 5223.61@0.80470892} 177395 : { SELL 19684.72@0.8079342} 177394 : { SELL 19684.72@0.8079342} 
Wed Nov 26 02:31:32 EST 2014 , 4 , 2 , 2 , 177397 : { BUY 5223.61@0.80470892} 177396 : { BUY 5223.61@0.80470892} 177395 : { SELL 19684.72@0.8079342} 177394 : { SELL 19684.72@0.8079342} 
Wed Nov 26 02:34:33 EST 2014 , 4 , 2 , 2 , 177397 : { BUY 5223.61@0.80470892} 177396 : { BUY 5223.61@0.80470892} 177395 : { SELL 19684.72@0.8079342} 177394 : { SELL 19684.72@0.8079342} 
Wed Nov 26 02:37:34 EST 2014 , 4 , 2 , 2 , 177397 : { BUY 5223.61@0.80470892} 177396 : { BUY 5223.61@0.80470892} 177395 : { SELL 19684.72@0.8079342} 177394 : { SELL 19684.72@0.8079342} 
Wed Nov 26 02:40:35 EST 2014 , 4 , 2 , 2 , 177397 : { BUY 5223.61@0.80470892} 177396 : { BUY 5223.61@0.80470892} 177395 : { SELL 19684.72@0.8079342} 177394 : { SELL 19684.72@0.8079342} 
Wed Nov 26 02:43:36 EST 2014 , 4 , 2 , 2 , 177397 : { BUY 5223.61@0.80470892} 177396 : { BUY 5223.61@0.80470892} 177395 : { SELL 19684.72@0.8079342} 177394 : { SELL 19684.72@0.8079342} 
Wed Nov 26 02:46:37 EST 2014 , 4 , 2 , 2 , 177397 : { BUY 5223.61@0.80470892} 177396 : { BUY 5223.61@0.80470892} 177395 : { SELL 19684.72@0.8079342} 177394 : { SELL 19684.72@0.8079342} 
Wed Nov 26 02:49:38 EST 2014 , 4 , 2 , 2 , 177397 : { BUY 5223.61@0.80470892} 177396 : { BUY 5223.61@0.80470892} 177395 : { SELL 19684.72@0.8079342} 177394 : { SELL 19684.72@0.8079342} 
Wed Nov 26 02:52:39 EST 2014 , 4 , 2 , 2 , 177397 : { BUY 5223.61@0.80470892} 177396 : { BUY 5223.61@0.80470892} 177395 : { SELL 19684.72@0.8079342} 177394 : { SELL 19684.72@0.8079342} 
Wed Nov 26 02:55:40 EST 2014 , 4 , 2 , 2 , 177397 : { BUY 5223.61@0.80470892} 177396 : { BUY 5223.61@0.80470892} 177395 : { SELL 19684.72@0.8079342} 177394 : { SELL 19684.72@0.8079342} 
Wed Nov 26 02:58:41 EST 2014 , 4 , 2 , 2 , 177397 : { BUY 5223.61@0.80470892} 177396 : { BUY 5223.61@0.80470892} 177395 : { SELL 19684.72@0.8079342} 177394 : { SELL 19684.72@0.8079342} 
Wed Nov 26 03:01:42 EST 2014 , 4 , 2 , 2 , 177397 : { BUY 5223.61@0.80470892} 177396 : { BUY 5223.61@0.80470892} 177395 : { SELL 19684.72@0.8079342} 177394 : { SELL 19684.72@0.8079342} 
Wed Nov 26 03:04:43 EST 2014 , 4 , 2 , 2 , 177397 : { BUY 5223.61@0.80470892} 177396 : { BUY 5223.61@0.80470892} 177395 : { SELL 19684.72@0.8079342} 177394 : { SELL 19684.72@0.8079342} 
Wed Nov 26 03:07:44 EST 2014 , 4 , 2 , 2 , 177397 : { BUY 5223.61@0.80470892} 177396 : { BUY 5223.61@0.80470892} 177395 : { SELL 19684.72@0.8079342} 177394 : { SELL 19684.72@0.8079342} 
Wed Nov 26 03:10:45 EST 2014 , 4 , 2 , 2 , 177397 : { BUY 5223.61@0.80470892} 177396 : { BUY 5223.61@0.80470892} 177395 : { SELL 19684.72@0.8079342} 177394 : { SELL 19684.72@0.8079342} 
Wed Nov 26 03:13:46 EST 2014 , 4 , 2 , 2 , 177397 : { BUY 5223.61@0.80470892} 177396 : { BUY 5223.61@0.80470892} 177395 : { SELL 19684.72@0.8079342} 177394 : { SELL 19684.72@0.8079342} 
Wed Nov 26 03:16:47 EST 2014 , 4 , 2 , 2 , 177397 : { BUY 5223.61@0.80470892} 177396 : { BUY 5223.61@0.80470892} 177395 : { SELL 19684.72@0.8079342} 177394 : { SELL 19684.72@0.8079342} 
Wed Nov 26 03:19:48 EST 2014 , 4 , 2 , 2 , 177397 : { BUY 5223.61@0.80470892} 177396 : { BUY 5223.61@0.80470892} 177395 : { SELL 19684.72@0.8079342} 177394 : { SELL 19684.72@0.8079342} 
Wed Nov 26 03:22:49 EST 2014 , 4 , 2 , 2 , 177397 : { BUY 5223.61@0.80470892} 177396 : { BUY 5223.61@0.80470892} 177395 : { SELL 19684.72@0.8079342} 177394 : { SELL 19684.72@0.8079342} 
Wed Nov 26 03:25:50 EST 2014 , 4 , 2 , 2 , 177397 : { BUY 5223.61@0.80470892} 177396 : { BUY 5223.61@0.80470892} 177395 : { SELL 19684.72@0.8079342} 177394 : { SELL 19684.72@0.8079342} 
Wed Nov 26 03:28:51 EST 2014 , 4 , 2 , 2 , 177397 : { BUY 5223.61@0.80470892} 177396 : { BUY 5223.61@0.80470892} 177395 : { SELL 19684.72@0.8079342} 177394 : { SELL 19684.72@0.8079342} 
Wed Nov 26 03:31:52 EST 2014 , 4 , 2 , 2 , 177397 : { BUY 5223.61@0.80470892} 177396 : { BUY 5223.61@0.80470892} 177395 : { SELL 19684.72@0.8079342} 177394 : { SELL 19684.72@0.8079342} 
Wed Nov 26 03:34:53 EST 2014 , 4 , 2 , 2 , 177397 : { BUY 5223.61@0.80470892} 177396 : { BUY 5223.61@0.80470892} 177395 : { SELL 19684.72@0.8079342} 177394 : { SELL 19684.72@0.8079342} 
Wed Nov 26 03:37:54 EST 2014 , 4 , 2 , 2 , 177397 : { BUY 5223.61@0.80470892} 177396 : { BUY 5223.61@0.80470892} 177395 : { SELL 19684.72@0.8079342} 177394 : { SELL 19684.72@0.8079342} 
Wed Nov 26 03:40:55 EST 2014 , 4 , 2 , 2 , 177397 : { BUY 5223.61@0.80470892} 177396 : { BUY 5223.61@0.80470892} 177395 : { SELL 19684.72@0.8079342} 177394 : { SELL 19684.72@0.8079342} 
Wed Nov 26 03:43:56 EST 2014 , 4 , 2 , 2 , 177397 : { BUY 5223.61@0.80470892} 177396 : { BUY 5223.61@0.80470892} 177395 : { SELL 19684.72@0.8079342} 177394 : { SELL 19684.72@0.8079342} 
Wed Nov 26 03:46:57 EST 2014 , 4 , 2 , 2 , 177397 : { BUY 5223.61@0.80470892} 177396 : { BUY 5223.61@0.80470892} 177395 : { SELL 19684.72@0.8079342} 177394 : { SELL 19684.72@0.8079342} 
Wed Nov 26 03:49:58 EST 2014 , 4 , 2 , 2 , 177397 : { BUY 5223.61@0.80470892} 177396 : { BUY 5223.61@0.80470892} 177395 : { SELL 19684.72@0.8079342} 177394 : { SELL 19684.72@0.8079342} 
Wed Nov 26 03:52:59 EST 2014 , 4 , 2 , 2 , 177397 : { BUY 5223.61@0.80470892} 177396 : { BUY 5223.61@0.80470892} 177395 : { SELL 19684.72@0.8079342} 177394 : { SELL 19684.72@0.8079342} 
Wed Nov 26 03:56:00 EST 2014 , 4 , 2 , 2 , 177397 : { BUY 5223.61@0.80470892} 177396 : { BUY 5223.61@0.80470892} 177395 : { SELL 19684.72@0.8079342} 177394 : { SELL 19684.72@0.8079342} 
Wed Nov 26 03:59:01 EST 2014 , 4 , 2 , 2 , 177397 : { BUY 5223.61@0.80470892} 177396 : { BUY 5223.61@0.80470892} 177395 : { SELL 19684.72@0.8079342} 177394 : { SELL 19684.72@0.8079342} 
Wed Nov 26 04:02:02 EST 2014 , 4 , 2 , 2 , 177397 : { BUY 5223.61@0.80470892} 177396 : { BUY 5223.61@0.80470892} 177395 : { SELL 19684.72@0.8079342} 177394 : { SELL 19684.72@0.8079342} 
Wed Nov 26 04:05:03 EST 2014 , 4 , 2 , 2 , 177397 : { BUY 5223.61@0.80470892} 177396 : { BUY 5223.61@0.80470892} 177395 : { SELL 19684.72@0.8079342} 177394 : { SELL 19684.72@0.8079342} 
Wed Nov 26 04:08:04 EST 2014 , 4 , 2 , 2 , 177397 : { BUY 5223.61@0.80470892} 177396 : { BUY 5223.61@0.80470892} 177395 : { SELL 19684.72@0.8079342} 177394 : { SELL 19684.72@0.8079342} 
Wed Nov 26 04:11:05 EST 2014 , 4 , 2 , 2 , 177397 : { BUY 5223.61@0.80470892} 177396 : { BUY 5223.61@0.80470892} 177395 : { SELL 19684.72@0.8079342} 177394 : { SELL 19684.72@0.8079342} 
Wed Nov 26 04:14:06 EST 2014 , 4 , 2 , 2 , 177397 : { BUY 5223.61@0.80470892} 177396 : { BUY 5223.61@0.80470892} 177395 : { SELL 19684.72@0.8079342} 177394 : { SELL 19684.72@0.8079342} 
Wed Nov 26 04:17:07 EST 2014 , 4 , 2 , 2 , 177397 : { BUY 5223.61@0.80470892} 177396 : { BUY 5223.61@0.80470892} 177395 : { SELL 19684.72@0.8079342} 177394 : { SELL 19684.72@0.8079342} 
Wed Nov 26 04:20:08 EST 2014 , 4 , 2 , 2 , 177397 : { BUY 5223.61@0.80470892} 177396 : { BUY 5223.61@0.80470892} 177395 : { SELL 19684.72@0.8079342} 177394 : { SELL 19684.72@0.8079342} 
Wed Nov 26 04:23:09 EST 2014 , 4 , 2 , 2 , 177397 : { BUY 5223.61@0.80470892} 177396 : { BUY 5223.61@0.80470892} 177395 : { SELL 19684.72@0.8079342} 177394 : { SELL 19684.72@0.8079342} 
Wed Nov 26 04:26:10 EST 2014 , 4 , 2 , 2 , 177397 : { BUY 5223.61@0.80470892} 177396 : { BUY 5223.61@0.80470892} 177395 : { SELL 19684.72@0.8079342} 177394 : { SELL 19684.72@0.8079342} 
Wed Nov 26 04:29:11 EST 2014 , 4 , 2 , 2 , 177397 : { BUY 5223.61@0.80470892} 177396 : { BUY 5223.61@0.80470892} 177395 : { SELL 19684.72@0.8079342} 177394 : { SELL 19684.72@0.8079342} 
Wed Nov 26 04:32:12 EST 2014 , 4 , 2 , 2 , 177397 : { BUY 5223.61@0.80470892} 177396 : { BUY 5223.61@0.80470892} 177395 : { SELL 19684.72@0.8079342} 177394 : { SELL 19684.72@0.8079342} 
Wed Nov 26 04:35:13 EST 2014 , 4 , 2 , 2 , 177397 : { BUY 5223.61@0.80470892} 177396 : { BUY 5223.61@0.80470892} 177395 : { SELL 19684.72@0.8079342} 177394 : { SELL 19684.72@0.8079342} 
Wed Nov 26 04:38:14 EST 2014 , 4 , 2 , 2 , 177397 : { BUY 5223.61@0.80470892} 177396 : { BUY 5223.61@0.80470892} 177395 : { SELL 19684.72@0.8079342} 177394 : { SELL 19684.72@0.8079342} 
Wed Nov 26 04:41:15 EST 2014 , 4 , 2 , 2 , 177397 : { BUY 5223.61@0.80470892} 177396 : { BUY 5223.61@0.80470892} 177395 : { SELL 19684.72@0.8079342} 177394 : { SELL 19684.72@0.8079342} 
Wed Nov 26 04:44:16 EST 2014 , 4 , 2 , 2 , 177397 : { BUY 5223.61@0.80470892} 177396 : { BUY 5223.61@0.80470892} 177395 : { SELL 19684.72@0.8079342} 177394 : { SELL 19684.72@0.8079342} 
Wed Nov 26 04:47:17 EST 2014 , 4 , 2 , 2 , 177397 : { BUY 5223.61@0.80470892} 177396 : { BUY 5223.61@0.80470892} 177395 : { SELL 19684.72@0.8079342} 177394 : { SELL 19684.72@0.8079342} 
Wed Nov 26 04:50:18 EST 2014 , 4 , 2 , 2 , 177397 : { BUY 5223.61@0.80470892} 177396 : { BUY 5223.61@0.80470892} 177395 : { SELL 19684.72@0.8079342} 177394 : { SELL 19684.72@0.8079342} 
Wed Nov 26 04:53:20 EST 2014 , 4 , 2 , 2 , 177397 : { BUY 5223.61@0.80470892} 177396 : { BUY 5223.61@0.80470892} 177395 : { SELL 19684.72@0.8079342} 177394 : { SELL 19684.72@0.8079342} 
Wed Nov 26 04:56:20 EST 2014 , 4 , 2 , 2 , 177397 : { BUY 5223.61@0.80470892} 177396 : { BUY 5223.61@0.80470892} 177395 : { SELL 19684.72@0.8079342} 177394 : { SELL 19684.72@0.8079342} 
Wed Nov 26 04:59:21 EST 2014 , 4 , 2 , 2 , 177397 : { BUY 5223.61@0.80470892} 177396 : { BUY 5223.61@0.80470892} 177395 : { SELL 19684.72@0.8079342} 177394 : { SELL 19684.72@0.8079342} 
Wed Nov 26 05:02:22 EST 2014 , 4 , 2 , 2 , 177397 : { BUY 5223.61@0.80470892} 177396 : { BUY 5223.61@0.80470892} 177395 : { SELL 19684.72@0.8079342} 177394 : { SELL 19684.72@0.8079342} 
Wed Nov 26 05:05:23 EST 2014 , 4 , 2 , 2 , 177397 : { BUY 5223.61@0.80470892} 177396 : { BUY 5223.61@0.80470892} 177395 : { SELL 19684.72@0.8079342} 177394 : { SELL 19684.72@0.8079342} 
Wed Nov 26 05:08:24 EST 2014 , 4 , 2 , 2 , 177397 : { BUY 5223.61@0.80470892} 177396 : { BUY 5223.61@0.80470892} 177395 : { SELL 19684.72@0.8079342} 177394 : { SELL 19684.72@0.8079342} 
Wed Nov 26 05:11:25 EST 2014 , 4 , 2 , 2 , 177397 : { BUY 5223.61@0.80470892} 177396 : { BUY 5223.61@0.80470892} 177395 : { SELL 19684.72@0.8079342} 177394 : { SELL 19684.72@0.8079342} 
Wed Nov 26 05:14:26 EST 2014 , 4 , 2 , 2 , 177397 : { BUY 5223.61@0.80470892} 177396 : { BUY 5223.61@0.80470892} 177395 : { SELL 19684.72@0.8079342} 177394 : { SELL 19684.72@0.8079342} 
Wed Nov 26 05:17:27 EST 2014 , 4 , 2 , 2 , 177397 : { BUY 5223.61@0.80470892} 177396 : { BUY 5223.61@0.80470892} 177395 : { SELL 19684.72@0.8079342} 177394 : { SELL 19684.72@0.8079342} 
Wed Nov 26 05:20:28 EST 2014 , 4 , 2 , 2 , 177397 : { BUY 5223.61@0.80470892} 177396 : { BUY 5223.61@0.80470892} 177395 : { SELL 19684.72@0.8079342} 177394 : { SELL 19684.72@0.8079342} 
Wed Nov 26 05:23:29 EST 2014 , 4 , 2 , 2 , 177397 : { BUY 5223.61@0.80470892} 177396 : { BUY 5223.61@0.80470892} 177395 : { SELL 19684.72@0.8079342} 177394 : { SELL 19684.72@0.8079342} 
Wed Nov 26 05:26:30 EST 2014 , 4 , 2 , 2 , 177397 : { BUY 5223.61@0.80470892} 177396 : { BUY 5223.61@0.80470892} 177395 : { SELL 19684.72@0.8079342} 177394 : { SELL 19684.72@0.8079342} 
Wed Nov 26 05:29:31 EST 2014 , 4 , 2 , 2 , 177397 : { BUY 5223.61@0.80470892} 177396 : { BUY 5223.61@0.80470892} 177395 : { SELL 19684.72@0.8079342} 177394 : { SELL 19684.72@0.8079342} 
Wed Nov 26 05:32:32 EST 2014 , 4 , 2 , 2 , 177397 : { BUY 5223.61@0.80470892} 177396 : { BUY 5223.61@0.80470892} 177395 : { SELL 19684.72@0.8079342} 177394 : { SELL 19684.72@0.8079342} 
Wed Nov 26 05:35:33 EST 2014 , 4 , 2 , 2 , 177397 : { BUY 5223.61@0.80470892} 177396 : { BUY 5223.61@0.80470892} 177395 : { SELL 19684.72@0.8079342} 177394 : { SELL 19684.72@0.8079342} 
Wed Nov 26 05:38:34 EST 2014 , 4 , 2 , 2 , 177397 : { BUY 5223.61@0.80470892} 177396 : { BUY 5223.61@0.80470892} 177395 : { SELL 19684.72@0.8079342} 177394 : { SELL 19684.72@0.8079342} 
Wed Nov 26 05:41:35 EST 2014 , 4 , 2 , 2 , 177397 : { BUY 5223.61@0.80470892} 177396 : { BUY 5223.61@0.80470892} 177395 : { SELL 19684.72@0.8079342} 177394 : { SELL 19684.72@0.8079342} 
Wed Nov 26 05:44:36 EST 2014 , 4 , 2 , 2 , 177397 : { BUY 5223.61@0.80470892} 177396 : { BUY 5223.61@0.80470892} 177395 : { SELL 19684.72@0.8079342} 177394 : { SELL 19684.72@0.8079342} 
Wed Nov 26 05:47:37 EST 2014 , 4 , 2 , 2 , 177397 : { BUY 5223.61@0.80470892} 177396 : { BUY 5223.61@0.80470892} 177395 : { SELL 19684.72@0.8079342} 177394 : { SELL 19684.72@0.8079342} 
Wed Nov 26 05:50:38 EST 2014 , 4 , 2 , 2 , 177397 : { BUY 5223.61@0.80470892} 177396 : { BUY 5223.61@0.80470892} 177395 : { SELL 19684.72@0.8079342} 177394 : { SELL 19684.72@0.8079342} 
Wed Nov 26 05:53:39 EST 2014 , 4 , 2 , 2 , 177397 : { BUY 5223.61@0.80470892} 177396 : { BUY 5223.61@0.80470892} 177395 : { SELL 19684.72@0.8079342} 177394 : { SELL 19684.72@0.8079342} 
Wed Nov 26 05:56:40 EST 2014 , 4 , 2 , 2 , 177397 : { BUY 5223.61@0.80470892} 177396 : { BUY 5223.61@0.80470892} 177395 : { SELL 19684.72@0.8079342} 177394 : { SELL 19684.72@0.8079342} 
Wed Nov 26 05:59:41 EST 2014 , 4 , 2 , 2 , 177397 : { BUY 5223.61@0.80470892} 177396 : { BUY 5223.61@0.80470892} 177395 : { SELL 19684.72@0.8079342} 177394 : { SELL 19684.72@0.8079342} 
Wed Nov 26 06:02:42 EST 2014 , 4 , 2 , 2 , 177397 : { BUY 5223.61@0.80470892} 177396 : { BUY 5223.61@0.80470892} 177395 : { SELL 19684.72@0.8079342} 177394 : { SELL 19684.72@0.8079342} 
Wed Nov 26 06:05:43 EST 2014 , 4 , 2 , 2 , 177397 : { BUY 5223.61@0.80470892} 177396 : { BUY 5223.61@0.80470892} 177395 : { SELL 19684.72@0.8079342} 177394 : { SELL 19684.72@0.8079342} 
Wed Nov 26 06:08:44 EST 2014 , 4 , 2 , 2 , 177397 : { BUY 5223.61@0.80470892} 177396 : { BUY 5223.61@0.80470892} 177395 : { SELL 19684.72@0.8079342} 177394 : { SELL 19684.72@0.8079342} 
Wed Nov 26 06:11:45 EST 2014 , 4 , 2 , 2 , 177397 : { BUY 5223.61@0.80470892} 177396 : { BUY 5223.61@0.80470892} 177395 : { SELL 19684.72@0.8079342} 177394 : { SELL 19684.72@0.8079342} 
Wed Nov 26 06:14:46 EST 2014 , 4 , 2 , 2 , 181817 : { BUY 5405.46@0.80470892} 181816 : { BUY 5405.46@0.80470892} 181815 : { SELL 19503.24@0.8079342} 181814 : { SELL 19503.24@0.8079342} 
Wed Nov 26 06:17:47 EST 2014 , 4 , 2 , 2 , 181817 : { BUY 5405.46@0.80470892} 181816 : { BUY 5405.46@0.80470892} 181815 : { SELL 19503.24@0.8079342} 181814 : { SELL 19503.24@0.8079342} 
Wed Nov 26 06:20:48 EST 2014 , 4 , 2 , 2 , 181817 : { BUY 5405.46@0.80470892} 181816 : { BUY 5405.46@0.80470892} 181815 : { SELL 19503.24@0.8079342} 181814 : { SELL 19503.24@0.8079342} 
Wed Nov 26 06:23:49 EST 2014 , 4 , 2 , 2 , 181817 : { BUY 5405.46@0.80470892} 181816 : { BUY 5405.46@0.80470892} 181815 : { SELL 19503.24@0.8079342} 181814 : { SELL 19503.24@0.8079342} 
Wed Nov 26 06:26:50 EST 2014 , 4 , 2 , 2 , 181817 : { BUY 5405.46@0.80470892} 181816 : { BUY 5405.46@0.80470892} 181815 : { SELL 19503.24@0.8079342} 181814 : { SELL 19503.24@0.8079342} 
Wed Nov 26 06:29:51 EST 2014 , 4 , 2 , 2 , 181817 : { BUY 5405.46@0.80470892} 181816 : { BUY 5405.46@0.80470892} 181815 : { SELL 19503.24@0.8079342} 181814 : { SELL 19503.24@0.8079342} 
Wed Nov 26 06:32:52 EST 2014 , 4 , 2 , 2 , 181817 : { BUY 5405.46@0.80470892} 181816 : { BUY 5405.46@0.80470892} 181815 : { SELL 19503.24@0.8079342} 181814 : { SELL 19503.24@0.8079342} 
Wed Nov 26 06:35:53 EST 2014 , 4 , 2 , 2 , 181817 : { BUY 5405.46@0.80470892} 181816 : { BUY 5405.46@0.80470892} 181815 : { SELL 19503.24@0.8079342} 181814 : { SELL 19503.24@0.8079342} 
Wed Nov 26 06:38:54 EST 2014 , 4 , 2 , 2 , 181817 : { BUY 5405.46@0.80470892} 181816 : { BUY 5405.46@0.80470892} 181815 : { SELL 19503.24@0.8079342} 181814 : { SELL 19503.24@0.8079342} 
Wed Nov 26 06:41:55 EST 2014 , 4 , 2 , 2 , 181817 : { BUY 5405.46@0.80470892} 181816 : { BUY 5405.46@0.80470892} 181815 : { SELL 19503.24@0.8079342} 181814 : { SELL 19503.24@0.8079342} 
Wed Nov 26 06:44:56 EST 2014 , 4 , 2 , 2 , 181817 : { BUY 5405.46@0.80470892} 181816 : { BUY 5405.46@0.80470892} 181815 : { SELL 19503.24@0.8079342} 181814 : { SELL 19503.24@0.8079342} 
Wed Nov 26 06:47:57 EST 2014 , 4 , 2 , 2 , 181817 : { BUY 5405.46@0.80470892} 181816 : { BUY 5405.46@0.80470892} 181815 : { SELL 19503.24@0.8079342} 181814 : { SELL 19503.24@0.8079342} 
Wed Nov 26 06:50:58 EST 2014 , 4 , 2 , 2 , 181817 : { BUY 5405.46@0.80470892} 181816 : { BUY 5405.46@0.80470892} 181815 : { SELL 19503.24@0.8079342} 181814 : { SELL 19503.24@0.8079342} 
Wed Nov 26 06:53:59 EST 2014 , 4 , 2 , 2 , 181817 : { BUY 5405.46@0.80470892} 181816 : { BUY 5405.46@0.80470892} 181815 : { SELL 19503.24@0.8079342} 181814 : { SELL 19503.24@0.8079342} 
Wed Nov 26 06:57:00 EST 2014 , 4 , 2 , 2 , 181817 : { BUY 5405.46@0.80470892} 181816 : { BUY 5405.46@0.80470892} 181815 : { SELL 19503.24@0.8079342} 181814 : { SELL 19503.24@0.8079342} 
Wed Nov 26 07:00:01 EST 2014 , 4 , 2 , 2 , 181817 : { BUY 5405.46@0.80470892} 181816 : { BUY 5405.46@0.80470892} 181815 : { SELL 19503.24@0.8079342} 181814 : { SELL 19503.24@0.8079342} 
Wed Nov 26 07:03:02 EST 2014 , 4 , 2 , 2 , 181817 : { BUY 5405.46@0.80470892} 181816 : { BUY 5405.46@0.80470892} 181815 : { SELL 19503.24@0.8079342} 181814 : { SELL 19503.24@0.8079342} 
Wed Nov 26 07:06:03 EST 2014 , 4 , 2 , 2 , 181817 : { BUY 5405.46@0.80470892} 181816 : { BUY 5405.46@0.80470892} 181815 : { SELL 19503.24@0.8079342} 181814 : { SELL 19503.24@0.8079342} 
Wed Nov 26 07:09:04 EST 2014 , 4 , 2 , 2 , 181817 : { BUY 5405.46@0.80470892} 181816 : { BUY 5405.46@0.80470892} 181815 : { SELL 19503.24@0.8079342} 181814 : { SELL 19503.24@0.8079342} 
Wed Nov 26 07:12:05 EST 2014 , 4 , 2 , 2 , 181817 : { BUY 5405.46@0.80470892} 181816 : { BUY 5405.46@0.80470892} 181815 : { SELL 19503.24@0.8079342} 181814 : { SELL 19503.24@0.8079342} 
Wed Nov 26 07:15:06 EST 2014 , 4 , 2 , 2 , 181817 : { BUY 5405.46@0.80470892} 181816 : { BUY 5405.46@0.80470892} 181815 : { SELL 19503.24@0.8079342} 181814 : { SELL 19503.24@0.8079342} 
Wed Nov 26 07:18:07 EST 2014 , 4 , 2 , 2 , 181817 : { BUY 5405.46@0.80470892} 181816 : { BUY 5405.46@0.80470892} 181815 : { SELL 19503.24@0.8079342} 181814 : { SELL 19503.24@0.8079342} 
Wed Nov 26 07:21:08 EST 2014 , 4 , 2 , 2 , 181817 : { BUY 5405.46@0.80470892} 181816 : { BUY 5405.46@0.80470892} 181815 : { SELL 19503.24@0.8079342} 181814 : { SELL 19503.24@0.8079342} 
Wed Nov 26 07:24:09 EST 2014 , 4 , 2 , 2 , 181817 : { BUY 5405.46@0.80470892} 181816 : { BUY 5405.46@0.80470892} 181815 : { SELL 19503.24@0.8079342} 181814 : { SELL 19503.24@0.8079342} 
Wed Nov 26 07:27:10 EST 2014 , 4 , 2 , 2 , 181817 : { BUY 5405.46@0.80470892} 181816 : { BUY 5405.46@0.80470892} 181815 : { SELL 19503.24@0.8079342} 181814 : { SELL 19503.24@0.8079342} 
Wed Nov 26 07:30:11 EST 2014 , 4 , 2 , 2 , 181817 : { BUY 5405.46@0.80470892} 181816 : { BUY 5405.46@0.80470892} 181815 : { SELL 19503.24@0.8079342} 181814 : { SELL 19503.24@0.8079342} 
Wed Nov 26 07:33:12 EST 2014 , 4 , 2 , 2 , 181817 : { BUY 5405.46@0.80470892} 181816 : { BUY 5405.46@0.80470892} 181815 : { SELL 19503.24@0.8079342} 181814 : { SELL 19503.24@0.8079342} 
Wed Nov 26 07:36:13 EST 2014 , 4 , 2 , 2 , 181817 : { BUY 5405.46@0.80470892} 181816 : { BUY 5405.46@0.80470892} 181815 : { SELL 19503.24@0.8079342} 181814 : { SELL 19503.24@0.8079342} 
Wed Nov 26 07:39:14 EST 2014 , 4 , 2 , 2 , 181817 : { BUY 5405.46@0.80470892} 181816 : { BUY 5405.46@0.80470892} 181815 : { SELL 19503.24@0.8079342} 181814 : { SELL 19503.24@0.8079342} 
Wed Nov 26 07:42:15 EST 2014 , 4 , 2 , 2 , 181817 : { BUY 5405.46@0.80470892} 181816 : { BUY 5405.46@0.80470892} 181815 : { SELL 19503.24@0.8079342} 181814 : { SELL 19503.24@0.8079342} 
Wed Nov 26 07:45:16 EST 2014 , 4 , 2 , 2 , 181817 : { BUY 5405.46@0.80470892} 181816 : { BUY 5405.46@0.80470892} 181815 : { SELL 19503.24@0.8079342} 181814 : { SELL 19503.24@0.8079342} 
Wed Nov 26 07:48:17 EST 2014 , 4 , 2 , 2 , 181817 : { BUY 5405.46@0.80470892} 181816 : { BUY 5405.46@0.80470892} 181815 : { SELL 19503.24@0.8079342} 181814 : { SELL 19503.24@0.8079342} 
Wed Nov 26 07:51:18 EST 2014 , 4 , 2 , 2 , 181817 : { BUY 5405.46@0.80470892} 181816 : { BUY 5405.46@0.80470892} 181815 : { SELL 19503.24@0.8079342} 181814 : { SELL 19503.24@0.8079342} 
Wed Nov 26 07:54:19 EST 2014 , 4 , 2 , 2 , 181817 : { BUY 5405.46@0.80470892} 181816 : { BUY 5405.46@0.80470892} 181815 : { SELL 19503.24@0.8079342} 181814 : { SELL 19503.24@0.8079342} 
Wed Nov 26 07:57:20 EST 2014 , 4 , 2 , 2 , 181817 : { BUY 5405.46@0.80470892} 181816 : { BUY 5405.46@0.80470892} 181815 : { SELL 19503.24@0.8079342} 181814 : { SELL 19503.24@0.8079342} 
Wed Nov 26 08:00:21 EST 2014 , 4 , 2 , 2 , 181817 : { BUY 5405.46@0.80470892} 181816 : { BUY 5405.46@0.80470892} 181815 : { SELL 19503.24@0.8079342} 181814 : { SELL 19503.24@0.8079342} 
Wed Nov 26 08:03:22 EST 2014 , 4 , 2 , 2 , 181817 : { BUY 5405.46@0.80470892} 181816 : { BUY 5405.46@0.80470892} 181815 : { SELL 19503.24@0.8079342} 181814 : { SELL 19503.24@0.8079342} 
Wed Nov 26 08:06:23 EST 2014 , 4 , 2 , 2 , 181817 : { BUY 5405.46@0.80470892} 181816 : { BUY 5405.46@0.80470892} 181815 : { SELL 19503.24@0.8079342} 181814 : { SELL 19503.24@0.8079342} 
Wed Nov 26 08:09:24 EST 2014 , 4 , 2 , 2 , 181817 : { BUY 5405.46@0.80470892} 181816 : { BUY 5405.46@0.80470892} 181815 : { SELL 19503.24@0.8079342} 181814 : { SELL 19503.24@0.8079342} 
Wed Nov 26 08:12:25 EST 2014 , 4 , 2 , 2 , 181817 : { BUY 5405.46@0.80470892} 181816 : { BUY 5405.46@0.80470892} 181815 : { SELL 19503.24@0.8079342} 181814 : { SELL 19503.24@0.8079342} 
Wed Nov 26 08:15:26 EST 2014 , 4 , 2 , 2 , 181817 : { BUY 5405.46@0.80470892} 181816 : { BUY 5405.46@0.80470892} 181815 : { SELL 19503.24@0.8079342} 181814 : { SELL 19503.24@0.8079342} 
Wed Nov 26 08:18:27 EST 2014 , 4 , 2 , 2 , 181817 : { BUY 5405.46@0.80470892} 181816 : { BUY 5405.46@0.80470892} 181815 : { SELL 19503.24@0.8079342} 181814 : { SELL 19503.24@0.8079342} 
Wed Nov 26 08:21:28 EST 2014 , 4 , 2 , 2 , 181817 : { BUY 5405.46@0.80470892} 181816 : { BUY 5405.46@0.80470892} 181815 : { SELL 19503.24@0.8079342} 181814 : { SELL 19503.24@0.8079342} 
Wed Nov 26 08:24:29 EST 2014 , 4 , 2 , 2 , 181817 : { BUY 5405.46@0.80470892} 181816 : { BUY 5405.46@0.80470892} 181815 : { SELL 19503.24@0.8079342} 181814 : { SELL 19503.24@0.8079342} 
Wed Nov 26 08:27:30 EST 2014 , 4 , 2 , 2 , 181817 : { BUY 5405.46@0.80470892} 181816 : { BUY 5405.46@0.80470892} 181815 : { SELL 19503.24@0.8079342} 181814 : { SELL 19503.24@0.8079342} 
Wed Nov 26 08:30:31 EST 2014 , 4 , 2 , 2 , 181817 : { BUY 5405.46@0.80470892} 181816 : { BUY 5405.46@0.80470892} 181815 : { SELL 19503.24@0.8079342} 181814 : { SELL 19503.24@0.8079342} 
Wed Nov 26 08:33:32 EST 2014 , 4 , 2 , 2 , 181817 : { BUY 5405.46@0.80470892} 181816 : { BUY 5405.46@0.80470892} 181815 : { SELL 19503.24@0.8079342} 181814 : { SELL 19503.24@0.8079342} 
Wed Nov 26 08:36:33 EST 2014 , 4 , 2 , 2 , 181817 : { BUY 5405.46@0.80470892} 181816 : { BUY 5405.46@0.80470892} 181815 : { SELL 19503.24@0.8079342} 181814 : { SELL 19503.24@0.8079342} 
Wed Nov 26 08:39:34 EST 2014 , 4 , 2 , 2 , 181817 : { BUY 5405.46@0.80470892} 181816 : { BUY 5405.46@0.80470892} 181815 : { SELL 19503.24@0.8079342} 181814 : { SELL 19503.24@0.8079342} 
Wed Nov 26 08:42:35 EST 2014 , 4 , 2 , 2 , 181817 : { BUY 5405.46@0.80470892} 181816 : { BUY 5405.46@0.80470892} 181815 : { SELL 19503.24@0.8079342} 181814 : { SELL 19503.24@0.8079342} 
Wed Nov 26 08:45:36 EST 2014 , 4 , 2 , 2 , 181817 : { BUY 5405.46@0.80470892} 181816 : { BUY 5405.46@0.80470892} 181815 : { SELL 19503.24@0.8079342} 181814 : { SELL 19503.24@0.8079342} 
Wed Nov 26 08:48:37 EST 2014 , 4 , 2 , 2 , 181817 : { BUY 5405.46@0.80470892} 181816 : { BUY 5405.46@0.80470892} 181815 : { SELL 19503.24@0.8079342} 181814 : { SELL 19503.24@0.8079342} 
Wed Nov 26 08:51:38 EST 2014 , 4 , 2 , 2 , 181817 : { BUY 5405.46@0.80470892} 181816 : { BUY 5405.46@0.80470892} 181815 : { SELL 19503.24@0.8079342} 181814 : { SELL 19503.24@0.8079342} 
Wed Nov 26 08:54:39 EST 2014 , 4 , 2 , 2 , 181817 : { BUY 5405.46@0.80470892} 181816 : { BUY 5405.46@0.80470892} 181815 : { SELL 19503.24@0.8079342} 181814 : { SELL 19503.24@0.8079342} 
Wed Nov 26 08:57:40 EST 2014 , 4 , 2 , 2 , 181817 : { BUY 5405.46@0.80470892} 181816 : { BUY 5405.46@0.80470892} 181815 : { SELL 19503.24@0.8079342} 181814 : { SELL 19503.24@0.8079342} 
Wed Nov 26 09:00:41 EST 2014 , 4 , 2 , 2 , 181817 : { BUY 5405.46@0.80470892} 181816 : { BUY 5405.46@0.80470892} 181815 : { SELL 19503.24@0.8079342} 181814 : { SELL 19503.24@0.8079342} 
Wed Nov 26 09:03:42 EST 2014 , 4 , 2 , 2 , 181817 : { BUY 5405.46@0.80470892} 181816 : { BUY 5405.46@0.80470892} 181815 : { SELL 19503.24@0.8079342} 181814 : { SELL 19503.24@0.8079342} 
Wed Nov 26 09:06:43 EST 2014 , 4 , 2 , 2 , 181817 : { BUY 5405.46@0.80470892} 181816 : { BUY 5405.46@0.80470892} 181815 : { SELL 19503.24@0.8079342} 181814 : { SELL 19503.24@0.8079342} 
Wed Nov 26 09:09:44 EST 2014 , 4 , 2 , 2 , 181817 : { BUY 5405.46@0.80470892} 181816 : { BUY 5405.46@0.80470892} 181815 : { SELL 19503.24@0.8079342} 181814 : { SELL 19503.24@0.8079342} 
Wed Nov 26 09:12:45 EST 2014 , 4 , 2 , 2 , 181817 : { BUY 5405.46@0.80470892} 181816 : { BUY 5405.46@0.80470892} 181815 : { SELL 19503.24@0.8079342} 181814 : { SELL 19503.24@0.8079342} 
Wed Nov 26 09:15:46 EST 2014 , 4 , 2 , 2 , 181817 : { BUY 5405.46@0.80470892} 181816 : { BUY 5405.46@0.80470892} 181815 : { SELL 19503.24@0.8079342} 181814 : { SELL 19503.24@0.8079342} 
Wed Nov 26 09:18:47 EST 2014 , 4 , 2 , 2 , 181817 : { BUY 5405.46@0.80470892} 181816 : { BUY 5405.46@0.80470892} 181815 : { SELL 19503.24@0.8079342} 181814 : { SELL 19503.24@0.8079342} 
Wed Nov 26 09:21:48 EST 2014 , 4 , 2 , 2 , 181817 : { BUY 5405.46@0.80470892} 181816 : { BUY 5405.46@0.80470892} 181815 : { SELL 19503.24@0.8079342} 181814 : { SELL 19503.24@0.8079342} 
Wed Nov 26 09:24:49 EST 2014 , 4 , 2 , 2 , 181817 : { BUY 5405.46@0.80470892} 181816 : { BUY 5405.46@0.80470892} 181815 : { SELL 19503.24@0.8079342} 181814 : { SELL 19503.24@0.8079342} 
Wed Nov 26 09:27:50 EST 2014 , 4 , 2 , 2 , 181817 : { BUY 5405.46@0.80470892} 181816 : { BUY 5405.46@0.80470892} 181815 : { SELL 19503.24@0.8079342} 181814 : { SELL 19503.24@0.8079342} 
Wed Nov 26 09:30:51 EST 2014 , 4 , 2 , 2 , 181817 : { BUY 5405.46@0.80470892} 181816 : { BUY 5405.46@0.80470892} 181815 : { SELL 19503.24@0.8079342} 181814 : { SELL 19503.24@0.8079342} 
Wed Nov 26 09:33:52 EST 2014 , 4 , 2 , 2 , 181817 : { BUY 5405.46@0.80470892} 181816 : { BUY 5405.46@0.80470892} 181815 : { SELL 19503.24@0.8079342} 181814 : { SELL 19503.24@0.8079342} 
Wed Nov 26 09:36:53 EST 2014 , 4 , 2 , 2 , 181817 : { BUY 5405.46@0.80470892} 181816 : { BUY 5405.46@0.80470892} 181815 : { SELL 19503.24@0.8079342} 181814 : { SELL 19503.24@0.8079342} 
Wed Nov 26 09:39:54 EST 2014 , 4 , 2 , 2 , 181817 : { BUY 5405.46@0.80470892} 181816 : { BUY 5405.46@0.80470892} 181815 : { SELL 19503.24@0.8079342} 181814 : { SELL 19503.24@0.8079342} 
Wed Nov 26 09:42:55 EST 2014 , 4 , 2 , 2 , 181817 : { BUY 5405.46@0.80470892} 181816 : { BUY 5405.46@0.80470892} 181815 : { SELL 19503.24@0.8079342} 181814 : { SELL 19503.24@0.8079342} 
Wed Nov 26 09:45:56 EST 2014 , 4 , 2 , 2 , 181817 : { BUY 5405.46@0.80470892} 181816 : { BUY 5405.46@0.80470892} 181815 : { SELL 19503.24@0.8079342} 181814 : { SELL 19503.24@0.8079342} 
Wed Nov 26 09:48:57 EST 2014 , 4 , 2 , 2 , 181817 : { BUY 5405.46@0.80470892} 181816 : { BUY 5405.46@0.80470892} 181815 : { SELL 19503.24@0.8079342} 181814 : { SELL 19503.24@0.8079342} 
Wed Nov 26 09:51:59 EST 2014 , 4 , 2 , 2 , 181817 : { BUY 5405.46@0.80470892} 181816 : { BUY 5405.46@0.80470892} 181815 : { SELL 19503.24@0.8079342} 181814 : { SELL 19503.24@0.8079342} 
Wed Nov 26 09:55:00 EST 2014 , 4 , 2 , 2 , 181817 : { BUY 5405.46@0.80470892} 181816 : { BUY 5405.46@0.80470892} 181815 : { SELL 19503.24@0.8079342} 181814 : { SELL 19503.24@0.8079342} 
Wed Nov 26 09:58:00 EST 2014 , 4 , 2 , 2 , 181817 : { BUY 5405.46@0.80470892} 181816 : { BUY 5405.46@0.80470892} 181815 : { SELL 19503.24@0.8079342} 181814 : { SELL 19503.24@0.8079342} 
Wed Nov 26 10:01:01 EST 2014 , 4 , 2 , 2 , 181817 : { BUY 5405.46@0.80470892} 181816 : { BUY 5405.46@0.80470892} 181815 : { SELL 19503.24@0.8079342} 181814 : { SELL 19503.24@0.8079342} 
Wed Nov 26 10:04:02 EST 2014 , 4 , 2 , 2 , 181817 : { BUY 5405.46@0.80470892} 181816 : { BUY 5405.46@0.80470892} 181815 : { SELL 19503.24@0.8079342} 181814 : { SELL 19503.24@0.8079342} 
Wed Nov 26 10:07:03 EST 2014 , 4 , 2 , 2 , 181817 : { BUY 5405.46@0.80470892} 181816 : { BUY 5405.46@0.80470892} 181815 : { SELL 19503.24@0.8079342} 181814 : { SELL 19503.24@0.8079342} 
Wed Nov 26 10:10:04 EST 2014 , 4 , 2 , 2 , 181817 : { BUY 5405.46@0.80470892} 181816 : { BUY 5405.46@0.80470892} 181815 : { SELL 19503.24@0.8079342} 181814 : { SELL 19503.24@0.8079342} 
Wed Nov 26 10:13:05 EST 2014 , 4 , 2 , 2 , 181817 : { BUY 5405.46@0.80470892} 181816 : { BUY 5405.46@0.80470892} 181815 : { SELL 19503.24@0.8079342} 181814 : { SELL 19503.24@0.8079342} 
Wed Nov 26 10:16:06 EST 2014 , 4 , 2 , 2 , 181817 : { BUY 5405.46@0.80470892} 181816 : { BUY 5405.46@0.80470892} 181815 : { SELL 19503.24@0.8079342} 181814 : { SELL 19503.24@0.8079342} 
Wed Nov 26 10:19:07 EST 2014 , 4 , 2 , 2 , 181817 : { BUY 5405.46@0.80470892} 181816 : { BUY 5405.46@0.80470892} 181815 : { SELL 19503.24@0.8079342} 181814 : { SELL 19503.24@0.8079342} 
Wed Nov 26 10:22:08 EST 2014 , 4 , 2 , 2 , 181817 : { BUY 5405.46@0.80470892} 181816 : { BUY 5405.46@0.80470892} 181815 : { SELL 19503.24@0.8079342} 181814 : { SELL 19503.24@0.8079342} 
Wed Nov 26 10:25:09 EST 2014 , 4 , 2 , 2 , 181817 : { BUY 5405.46@0.80470892} 181816 : { BUY 5405.46@0.80470892} 181815 : { SELL 19503.24@0.8079342} 181814 : { SELL 19503.24@0.8079342} 
Wed Nov 26 10:28:10 EST 2014 , 4 , 2 , 2 , 181817 : { BUY 5405.46@0.80470892} 181816 : { BUY 5405.46@0.80470892} 181815 : { SELL 19503.24@0.8079342} 181814 : { SELL 19503.24@0.8079342} 
Wed Nov 26 10:31:11 EST 2014 , 4 , 2 , 2 , 181817 : { BUY 5405.46@0.80470892} 181816 : { BUY 5405.46@0.80470892} 181815 : { SELL 19503.24@0.8079342} 181814 : { SELL 19503.24@0.8079342} 
Wed Nov 26 10:34:12 EST 2014 , 4 , 2 , 2 , 181817 : { BUY 5405.46@0.80470892} 181816 : { BUY 5405.46@0.80470892} 181815 : { SELL 19503.24@0.8079342} 181814 : { SELL 19503.24@0.8079342} 
Wed Nov 26 10:37:13 EST 2014 , 4 , 2 , 2 , 181817 : { BUY 5405.46@0.80470892} 181816 : { BUY 5405.46@0.80470892} 181815 : { SELL 19503.24@0.8079342} 181814 : { SELL 19503.24@0.8079342} 
Wed Nov 26 10:40:14 EST 2014 , 4 , 2 , 2 , 181817 : { BUY 5405.46@0.80470892} 181816 : { BUY 5405.46@0.80470892} 181815 : { SELL 19503.24@0.8079342} 181814 : { SELL 19503.24@0.8079342} 
Wed Nov 26 10:43:15 EST 2014 , 4 , 2 , 2 , 181817 : { BUY 5405.46@0.80470892} 181816 : { BUY 5405.46@0.80470892} 181815 : { SELL 19503.24@0.8079342} 181814 : { SELL 19503.24@0.8079342} 
Wed Nov 26 10:46:16 EST 2014 , 4 , 2 , 2 , 181817 : { BUY 5405.46@0.80470892} 181816 : { BUY 5405.46@0.80470892} 181815 : { SELL 19503.24@0.8079342} 181814 : { SELL 19503.24@0.8079342} 
Wed Nov 26 10:49:17 EST 2014 , 4 , 2 , 2 , 181817 : { BUY 5405.46@0.80470892} 181816 : { BUY 5405.46@0.80470892} 181815 : { SELL 19503.24@0.8079342} 181814 : { SELL 19503.24@0.8079342} 
Wed Nov 26 10:52:18 EST 2014 , 4 , 2 , 2 , 181817 : { BUY 5405.46@0.80470892} 181816 : { BUY 5405.46@0.80470892} 181815 : { SELL 19503.24@0.8079342} 181814 : { SELL 19503.24@0.8079342} 
Wed Nov 26 10:55:19 EST 2014 , 4 , 2 , 2 , 181817 : { BUY 5405.46@0.80470892} 181816 : { BUY 5405.46@0.80470892} 181815 : { SELL 19503.24@0.8079342} 181814 : { SELL 19503.24@0.8079342} 
Wed Nov 26 10:58:20 EST 2014 , 4 , 2 , 2 , 181817 : { BUY 5405.46@0.80470892} 181816 : { BUY 5405.46@0.80470892} 181815 : { SELL 19503.24@0.8079342} 181814 : { SELL 19503.24@0.8079342} 
Wed Nov 26 11:01:21 EST 2014 , 4 , 2 , 2 , 181817 : { BUY 5405.46@0.80470892} 181816 : { BUY 5405.46@0.80470892} 181815 : { SELL 19503.24@0.8079342} 181814 : { SELL 19503.24@0.8079342} 
Wed Nov 26 11:04:22 EST 2014 , 4 , 2 , 2 , 181817 : { BUY 5405.46@0.80470892} 181816 : { BUY 5405.46@0.80470892} 181815 : { SELL 19503.24@0.8079342} 181814 : { SELL 19503.24@0.8079342} 
Wed Nov 26 11:07:23 EST 2014 , 4 , 2 , 2 , 181817 : { BUY 5405.46@0.80470892} 181816 : { BUY 5405.46@0.80470892} 181815 : { SELL 19503.24@0.8079342} 181814 : { SELL 19503.24@0.8079342} 
Wed Nov 26 11:10:24 EST 2014 , 4 , 2 , 2 , 181817 : { BUY 5405.46@0.80470892} 181816 : { BUY 5405.46@0.80470892} 181815 : { SELL 19503.24@0.8079342} 181814 : { SELL 19503.24@0.8079342} 
Wed Nov 26 11:13:25 EST 2014 , 4 , 2 , 2 , 181817 : { BUY 5405.46@0.80470892} 181816 : { BUY 5405.46@0.80470892} 181815 : { SELL 19503.24@0.8079342} 181814 : { SELL 19503.24@0.8079342} 
Wed Nov 26 11:16:26 EST 2014 , 4 , 2 , 2 , 181817 : { BUY 5405.46@0.80470892} 181816 : { BUY 5405.46@0.80470892} 181815 : { SELL 19503.24@0.8079342} 181814 : { SELL 19503.24@0.8079342} 
Wed Nov 26 11:19:27 EST 2014 , 4 , 2 , 2 , 181817 : { BUY 5405.46@0.80470892} 181816 : { BUY 5405.46@0.80470892} 181815 : { SELL 19503.24@0.8079342} 181814 : { SELL 19503.24@0.8079342} 
Wed Nov 26 11:22:28 EST 2014 , 4 , 2 , 2 , 181817 : { BUY 5405.46@0.80470892} 181816 : { BUY 5405.46@0.80470892} 181815 : { SELL 19503.24@0.8079342} 181814 : { SELL 19503.24@0.8079342} 
Wed Nov 26 11:25:29 EST 2014 , 4 , 2 , 2 , 181817 : { BUY 5405.46@0.80470892} 181816 : { BUY 5405.46@0.80470892} 181815 : { SELL 19503.24@0.8079342} 181814 : { SELL 19503.24@0.8079342} 
Wed Nov 26 11:28:30 EST 2014 , 4 , 2 , 2 , 181817 : { BUY 5405.46@0.80470892} 181816 : { BUY 5405.46@0.80470892} 181815 : { SELL 19503.24@0.8079342} 181814 : { SELL 19503.24@0.8079342} 
Wed Nov 26 11:31:31 EST 2014 , 4 , 2 , 2 , 181817 : { BUY 5405.46@0.80470892} 181816 : { BUY 5405.46@0.80470892} 181815 : { SELL 19503.24@0.8079342} 181814 : { SELL 19503.24@0.8079342} 
Wed Nov 26 11:34:32 EST 2014 , 4 , 2 , 2 , 181817 : { BUY 5405.46@0.80470892} 181816 : { BUY 5405.46@0.80470892} 181815 : { SELL 19503.24@0.8079342} 181814 : { SELL 19503.24@0.8079342} 
Wed Nov 26 11:37:33 EST 2014 , 4 , 2 , 2 , 181817 : { BUY 5405.46@0.80470892} 181816 : { BUY 5405.46@0.80470892} 181815 : { SELL 19503.24@0.8079342} 181814 : { SELL 19503.24@0.8079342} 
Wed Nov 26 11:40:34 EST 2014 , 4 , 2 , 2 , 181817 : { BUY 5405.46@0.80470892} 181816 : { BUY 5405.46@0.80470892} 181815 : { SELL 19503.24@0.8079342} 181814 : { SELL 19503.24@0.8079342} 
Wed Nov 26 11:43:35 EST 2014 , 4 , 2 , 2 , 181817 : { BUY 5405.46@0.80470892} 181816 : { BUY 5405.46@0.80470892} 181815 : { SELL 19503.24@0.8079342} 181814 : { SELL 19503.24@0.8079342} 
Wed Nov 26 11:46:36 EST 2014 , 4 , 2 , 2 , 181817 : { BUY 5405.46@0.80470892} 181816 : { BUY 5405.46@0.80470892} 181815 : { SELL 19503.24@0.8079342} 181814 : { SELL 19503.24@0.8079342} 
Wed Nov 26 11:49:37 EST 2014 , 4 , 2 , 2 , 181817 : { BUY 5405.46@0.80470892} 181816 : { BUY 5405.46@0.80470892} 181815 : { SELL 19503.24@0.8079342} 181814 : { SELL 19503.24@0.8079342} 
Wed Nov 26 11:52:38 EST 2014 , 4 , 2 , 2 , 181817 : { BUY 5405.46@0.80470892} 181816 : { BUY 5405.46@0.80470892} 181815 : { SELL 19503.24@0.8079342} 181814 : { SELL 19503.24@0.8079342} 
Wed Nov 26 11:55:39 EST 2014 , 4 , 2 , 2 , 181817 : { BUY 5405.46@0.80470892} 181816 : { BUY 5405.46@0.80470892} 181815 : { SELL 19503.24@0.8079342} 181814 : { SELL 19503.24@0.8079342} 
Wed Nov 26 11:58:40 EST 2014 , 4 , 2 , 2 , 181817 : { BUY 5405.46@0.80470892} 181816 : { BUY 5405.46@0.80470892} 181815 : { SELL 19503.24@0.8079342} 181814 : { SELL 19503.24@0.8079342} 
Wed Nov 26 12:01:41 EST 2014 , 4 , 2 , 2 , 181817 : { BUY 5405.46@0.80470892} 181816 : { BUY 5405.46@0.80470892} 181815 : { SELL 19503.24@0.8079342} 181814 : { SELL 19503.24@0.8079342} 
Wed Nov 26 12:05:15 EST 2014 , 4 , 2 , 2 , 181817 : { BUY 5405.46@0.80470892} 181816 : { BUY 5405.46@0.80470892} 181815 : { SELL 19503.24@0.8079342} 181814 : { SELL 19503.24@0.8079342} 
Wed Nov 26 12:08:16 EST 2014 , 4 , 2 , 2 , 181817 : { BUY 5405.46@0.80470892} 181816 : { BUY 5405.46@0.80470892} 181815 : { SELL 19503.24@0.8079342} 181814 : { SELL 19503.24@0.8079342} 
Wed Nov 26 12:11:17 EST 2014 , 4 , 2 , 2 , 181817 : { BUY 5405.46@0.80470892} 181816 : { BUY 5405.46@0.80470892} 181815 : { SELL 19503.24@0.8079342} 181814 : { SELL 19503.24@0.8079342} 
Wed Nov 26 12:14:18 EST 2014 , 4 , 2 , 2 , 181817 : { BUY 5405.46@0.80470892} 181816 : { BUY 5405.46@0.80470892} 181815 : { SELL 19503.24@0.8079342} 181814 : { SELL 19503.24@0.8079342} 
Wed Nov 26 12:17:19 EST 2014 , 4 , 2 , 2 , 181817 : { BUY 5405.46@0.80470892} 181816 : { BUY 5405.46@0.80470892} 181815 : { SELL 19503.24@0.8079342} 181814 : { SELL 19503.24@0.8079342} 
Wed Nov 26 12:20:20 EST 2014 , 4 , 2 , 2 , 181817 : { BUY 5405.46@0.80470892} 181816 : { BUY 5405.46@0.80470892} 181815 : { SELL 19503.24@0.8079342} 181814 : { SELL 19503.24@0.8079342} 
Wed Nov 26 12:23:21 EST 2014 , 4 , 2 , 2 , 181817 : { BUY 5405.46@0.80470892} 181816 : { BUY 5405.46@0.80470892} 181815 : { SELL 19503.24@0.8079342} 181814 : { SELL 19503.24@0.8079342} 
Wed Nov 26 12:26:22 EST 2014 , 4 , 2 , 2 , 181817 : { BUY 5405.46@0.80470892} 181816 : { BUY 5405.46@0.80470892} 181815 : { SELL 19503.24@0.8079342} 181814 : { SELL 19503.24@0.8079342} 
Wed Nov 26 12:29:23 EST 2014 , 4 , 2 , 2 , 181817 : { BUY 5405.46@0.80470892} 181816 : { BUY 5405.46@0.80470892} 181815 : { SELL 19503.24@0.8079342} 181814 : { SELL 19503.24@0.8079342} 
Wed Nov 26 12:32:24 EST 2014 , 4 , 2 , 2 , 181817 : { BUY 5405.46@0.80470892} 181816 : { BUY 5405.46@0.80470892} 181815 : { SELL 19503.24@0.8079342} 181814 : { SELL 19503.24@0.8079342} 
Wed Nov 26 12:35:25 EST 2014 , 4 , 2 , 2 , 181817 : { BUY 5405.46@0.80470892} 181816 : { BUY 5405.46@0.80470892} 181815 : { SELL 19503.24@0.8079342} 181814 : { SELL 19503.24@0.8079342} 
Wed Nov 26 12:38:26 EST 2014 , 4 , 2 , 2 , 181817 : { BUY 5405.46@0.80470892} 181816 : { BUY 5405.46@0.80470892} 181815 : { SELL 19503.24@0.8079342} 181814 : { SELL 19503.24@0.8079342} 
Wed Nov 26 12:41:27 EST 2014 , 4 , 2 , 2 , 181817 : { BUY 5405.46@0.80470892} 181816 : { BUY 5405.46@0.80470892} 181815 : { SELL 19503.24@0.8079342} 181814 : { SELL 19503.24@0.8079342} 
Wed Nov 26 12:44:28 EST 2014 , 4 , 2 , 2 , 181817 : { BUY 5405.46@0.80470892} 181816 : { BUY 5405.46@0.80470892} 181815 : { SELL 19503.24@0.8079342} 181814 : { SELL 19503.24@0.8079342} 
Wed Nov 26 12:47:29 EST 2014 , 4 , 2 , 2 , 181817 : { BUY 5405.46@0.80470892} 181816 : { BUY 5405.46@0.80470892} 181815 : { SELL 19503.24@0.8079342} 181814 : { SELL 19503.24@0.8079342} 
Wed Nov 26 12:50:30 EST 2014 , 4 , 2 , 2 , 181817 : { BUY 5405.46@0.80470892} 181816 : { BUY 5405.46@0.80470892} 181815 : { SELL 19503.24@0.8079342} 181814 : { SELL 19503.24@0.8079342} 
Wed Nov 26 12:53:31 EST 2014 , 4 , 2 , 2 , 181817 : { BUY 5405.46@0.80470892} 181816 : { BUY 5405.46@0.80470892} 181815 : { SELL 19503.24@0.8079342} 181814 : { SELL 19503.24@0.8079342} 
Wed Nov 26 12:56:32 EST 2014 , 4 , 2 , 2 , 181817 : { BUY 5405.46@0.80470892} 181816 : { BUY 5405.46@0.80470892} 181815 : { SELL 19503.24@0.8079342} 181814 : { SELL 19503.24@0.8079342} 
Wed Nov 26 12:59:33 EST 2014 , 4 , 2 , 2 , 181817 : { BUY 5405.46@0.80470892} 181816 : { BUY 5405.46@0.80470892} 181815 : { SELL 19503.24@0.8079342} 181814 : { SELL 19503.24@0.8079342} 
Wed Nov 26 13:02:34 EST 2014 , 4 , 2 , 2 , 181817 : { BUY 5405.46@0.80470892} 181816 : { BUY 5405.46@0.80470892} 181815 : { SELL 19503.24@0.8079342} 181814 : { SELL 19503.24@0.8079342} 
Wed Nov 26 13:05:35 EST 2014 , 4 , 2 , 2 , 181817 : { BUY 5405.46@0.80470892} 181816 : { BUY 5405.46@0.80470892} 181815 : { SELL 19503.24@0.8079342} 181814 : { SELL 19503.24@0.8079342} 
Wed Nov 26 13:08:36 EST 2014 , 4 , 2 , 2 , 181817 : { BUY 5405.46@0.80470892} 181816 : { BUY 5405.46@0.80470892} 181815 : { SELL 19503.24@0.8079342} 181814 : { SELL 19503.24@0.8079342} 
Wed Nov 26 13:11:37 EST 2014 , 4 , 2 , 2 , 181817 : { BUY 5405.46@0.80470892} 181816 : { BUY 5405.46@0.80470892} 181815 : { SELL 19503.24@0.8079342} 181814 : { SELL 19503.24@0.8079342} 
Wed Nov 26 13:14:38 EST 2014 , 4 , 2 , 2 , 181817 : { BUY 5405.46@0.80470892} 181816 : { BUY 5405.46@0.80470892} 181815 : { SELL 19503.24@0.8079342} 181814 : { SELL 19503.24@0.8079342} 
Wed Nov 26 13:17:39 EST 2014 , 4 , 2 , 2 , 181817 : { BUY 5405.46@0.80470892} 181816 : { BUY 5405.46@0.80470892} 181815 : { SELL 19503.24@0.8079342} 181814 : { SELL 19503.24@0.8079342} 
Wed Nov 26 13:20:40 EST 2014 , 4 , 2 , 2 , 181817 : { BUY 5405.46@0.80470892} 181816 : { BUY 5405.46@0.80470892} 181815 : { SELL 19503.24@0.8079342} 181814 : { SELL 19503.24@0.8079342} 
Wed Nov 26 13:23:41 EST 2014 , 4 , 2 , 2 , 181817 : { BUY 5405.46@0.80470892} 181816 : { BUY 5405.46@0.80470892} 181815 : { SELL 19503.24@0.8079342} 181814 : { SELL 19503.24@0.8079342} 
Wed Nov 26 13:26:42 EST 2014 , 4 , 2 , 2 , 181817 : { BUY 5405.46@0.80470892} 181816 : { BUY 5405.46@0.80470892} 181815 : { SELL 19503.24@0.8079342} 181814 : { SELL 19503.24@0.8079342} 
Wed Nov 26 13:29:43 EST 2014 , 4 , 2 , 2 , 181817 : { BUY 5405.46@0.80470892} 181816 : { BUY 5405.46@0.80470892} 181815 : { SELL 19503.24@0.8079342} 181814 : { SELL 19503.24@0.8079342} 
Wed Nov 26 13:32:44 EST 2014 , 4 , 2 , 2 , 181817 : { BUY 5405.46@0.80470892} 181816 : { BUY 5405.46@0.80470892} 181815 : { SELL 19503.24@0.8079342} 181814 : { SELL 19503.24@0.8079342} 
Wed Nov 26 13:35:45 EST 2014 , 4 , 2 , 2 , 181817 : { BUY 5405.46@0.80470892} 181816 : { BUY 5405.46@0.80470892} 181815 : { SELL 19503.24@0.8079342} 181814 : { SELL 19503.24@0.8079342} 
Wed Nov 26 13:38:46 EST 2014 , 4 , 2 , 2 , 181817 : { BUY 5405.46@0.80470892} 181816 : { BUY 5405.46@0.80470892} 181815 : { SELL 19503.24@0.8079342} 181814 : { SELL 19503.24@0.8079342} 
Wed Nov 26 13:41:47 EST 2014 , 4 , 2 , 2 , 181817 : { BUY 5405.46@0.80470892} 181816 : { BUY 5405.46@0.80470892} 181815 : { SELL 19503.24@0.8079342} 181814 : { SELL 19503.24@0.8079342} 
Wed Nov 26 13:44:48 EST 2014 , 4 , 2 , 2 , 181817 : { BUY 5405.46@0.80470892} 181816 : { BUY 5405.46@0.80470892} 181815 : { SELL 19503.24@0.8079342} 181814 : { SELL 19503.24@0.8079342} 
Wed Nov 26 13:47:49 EST 2014 , 4 , 2 , 2 , 181817 : { BUY 5405.46@0.80470892} 181816 : { BUY 5405.46@0.80470892} 181815 : { SELL 19503.24@0.8079342} 181814 : { SELL 19503.24@0.8079342} 
Wed Nov 26 13:50:50 EST 2014 , 4 , 2 , 2 , 181817 : { BUY 5405.46@0.80470892} 181816 : { BUY 5405.46@0.80470892} 181815 : { SELL 19503.24@0.8079342} 181814 : { SELL 19503.24@0.8079342} 
Wed Nov 26 13:53:51 EST 2014 , 4 , 2 , 2 , 181817 : { BUY 5405.46@0.80470892} 181816 : { BUY 5405.46@0.80470892} 181815 : { SELL 19503.24@0.8079342} 181814 : { SELL 19503.24@0.8079342} 
Wed Nov 26 13:56:52 EST 2014 , 4 , 2 , 2 , 181817 : { BUY 5405.46@0.80470892} 181816 : { BUY 5405.46@0.80470892} 181815 : { SELL 19503.24@0.8079342} 181814 : { SELL 19503.24@0.8079342} 
Wed Nov 26 13:59:53 EST 2014 , 4 , 2 , 2 , 181817 : { BUY 5405.46@0.80470892} 181816 : { BUY 5405.46@0.80470892} 181815 : { SELL 19503.24@0.8079342} 181814 : { SELL 19503.24@0.8079342} 
Wed Nov 26 14:02:54 EST 2014 , 4 , 2 , 2 , 181817 : { BUY 5405.46@0.80470892} 181816 : { BUY 5405.46@0.80470892} 181815 : { SELL 19503.24@0.8079342} 181814 : { SELL 19503.24@0.8079342} 
Wed Nov 26 14:05:55 EST 2014 , 4 , 2 , 2 , 181817 : { BUY 5405.46@0.80470892} 181816 : { BUY 5405.46@0.80470892} 181815 : { SELL 19503.24@0.8079342} 181814 : { SELL 19503.24@0.8079342} 
Wed Nov 26 14:08:56 EST 2014 , 4 , 2 , 2 , 181817 : { BUY 5405.46@0.80470892} 181816 : { BUY 5405.46@0.80470892} 181815 : { SELL 19503.24@0.8079342} 181814 : { SELL 19503.24@0.8079342} 
Wed Nov 26 14:11:57 EST 2014 , 4 , 2 , 2 , 181817 : { BUY 5405.46@0.80470892} 181816 : { BUY 5405.46@0.80470892} 181815 : { SELL 19503.24@0.8079342} 181814 : { SELL 19503.24@0.8079342} 
Wed Nov 26 14:14:58 EST 2014 , 4 , 2 , 2 , 181817 : { BUY 5405.46@0.80470892} 181816 : { BUY 5405.46@0.80470892} 181815 : { SELL 19503.24@0.8079342} 181814 : { SELL 19503.24@0.8079342} 
Wed Nov 26 14:17:59 EST 2014 , 4 , 2 , 2 , 181817 : { BUY 5405.46@0.80470892} 181816 : { BUY 5405.46@0.80470892} 181815 : { SELL 19503.24@0.8079342} 181814 : { SELL 19503.24@0.8079342} 
Wed Nov 26 14:21:00 EST 2014 , 4 , 2 , 2 , 181817 : { BUY 5405.46@0.80470892} 181816 : { BUY 5405.46@0.80470892} 181815 : { SELL 19503.24@0.8079342} 181814 : { SELL 19503.24@0.8079342} 
Wed Nov 26 14:24:01 EST 2014 , 4 , 2 , 2 , 181817 : { BUY 5405.46@0.80470892} 181816 : { BUY 5405.46@0.80470892} 181815 : { SELL 19503.24@0.8079342} 181814 : { SELL 19503.24@0.8079342} 
Wed Nov 26 14:27:02 EST 2014 , 4 , 2 , 2 , 181817 : { BUY 5405.46@0.80470892} 181816 : { BUY 5405.46@0.80470892} 181815 : { SELL 19503.24@0.8079342} 181814 : { SELL 19503.24@0.8079342} 
Wed Nov 26 14:30:03 EST 2014 , 4 , 2 , 2 , 181817 : { BUY 5405.46@0.80470892} 181816 : { BUY 5405.46@0.80470892} 181815 : { SELL 19503.24@0.8079342} 181814 : { SELL 19503.24@0.8079342} 
Wed Nov 26 14:33:04 EST 2014 , 4 , 2 , 2 , 181817 : { BUY 5405.46@0.80470892} 181816 : { BUY 5405.46@0.80470892} 181815 : { SELL 19503.24@0.8079342} 181814 : { SELL 19503.24@0.8079342} 
Wed Nov 26 14:36:05 EST 2014 , 4 , 2 , 2 , 181817 : { BUY 5405.46@0.80470892} 181816 : { BUY 5405.46@0.80470892} 181815 : { SELL 19503.24@0.8079342} 181814 : { SELL 19503.24@0.8079342} 
Wed Nov 26 14:39:06 EST 2014 , 4 , 2 , 2 , 181817 : { BUY 5405.46@0.80470892} 181816 : { BUY 5405.46@0.80470892} 181815 : { SELL 19503.24@0.8079342} 181814 : { SELL 19503.24@0.8079342} 
Wed Nov 26 14:42:07 EST 2014 , 4 , 2 , 2 , 181817 : { BUY 5405.46@0.80470892} 181816 : { BUY 5405.46@0.80470892} 181815 : { SELL 19503.24@0.8079342} 181814 : { SELL 19503.24@0.8079342} 
Wed Nov 26 14:45:08 EST 2014 , 4 , 2 , 2 , 181817 : { BUY 5405.46@0.80470892} 181816 : { BUY 5405.46@0.80470892} 181815 : { SELL 19503.24@0.8079342} 181814 : { SELL 19503.24@0.8079342} 
Wed Nov 26 14:48:09 EST 2014 , 4 , 2 , 2 , 181817 : { BUY 5405.46@0.80470892} 181816 : { BUY 5405.46@0.80470892} 181815 : { SELL 19503.24@0.8079342} 181814 : { SELL 19503.24@0.8079342} 
Wed Nov 26 14:51:10 EST 2014 , 4 , 2 , 2 , 181817 : { BUY 5405.46@0.80470892} 181816 : { BUY 5405.46@0.80470892} 181815 : { SELL 19503.24@0.8079342} 181814 : { SELL 19503.24@0.8079342} 
Wed Nov 26 14:54:11 EST 2014 , 4 , 2 , 2 , 181817 : { BUY 5405.46@0.80470892} 181816 : { BUY 5405.46@0.80470892} 181815 : { SELL 19503.24@0.8079342} 181814 : { SELL 19503.24@0.8079342} 
Wed Nov 26 14:57:12 EST 2014 , 4 , 2 , 2 , 181817 : { BUY 5405.46@0.80470892} 181816 : { BUY 5405.46@0.80470892} 181815 : { SELL 19503.24@0.8079342} 181814 : { SELL 19503.24@0.8079342} 
Wed Nov 26 15:00:13 EST 2014 , 4 , 2 , 2 , 181817 : { BUY 5405.46@0.80470892} 181816 : { BUY 5405.46@0.80470892} 181815 : { SELL 19503.24@0.8079342} 181814 : { SELL 19503.24@0.8079342} 
Wed Nov 26 15:03:14 EST 2014 , 4 , 2 , 2 , 181817 : { BUY 5405.46@0.80470892} 181816 : { BUY 5405.46@0.80470892} 181815 : { SELL 19503.24@0.8079342} 181814 : { SELL 19503.24@0.8079342} 
Wed Nov 26 15:06:15 EST 2014 , 4 , 2 , 2 , 181817 : { BUY 5405.46@0.80470892} 181816 : { BUY 5405.46@0.80470892} 181815 : { SELL 19503.24@0.8079342} 181814 : { SELL 19503.24@0.8079342} 
Wed Nov 26 15:09:16 EST 2014 , 4 , 2 , 2 , 181817 : { BUY 5405.46@0.80470892} 181816 : { BUY 5405.46@0.80470892} 181815 : { SELL 19503.24@0.8079342} 181814 : { SELL 19503.24@0.8079342} 
Wed Nov 26 15:12:17 EST 2014 , 4 , 2 , 2 , 181817 : { BUY 5405.46@0.80470892} 181816 : { BUY 5405.46@0.80470892} 181815 : { SELL 19503.24@0.8079342} 181814 : { SELL 19503.24@0.8079342} 
Wed Nov 26 15:15:18 EST 2014 , 4 , 2 , 2 , 181817 : { BUY 5405.46@0.80470892} 181816 : { BUY 5405.46@0.80470892} 181815 : { SELL 19503.24@0.8079342} 181814 : { SELL 19503.24@0.8079342} 
Wed Nov 26 15:18:20 EST 2014 , 4 , 2 , 2 , 181817 : { BUY 5405.46@0.80470892} 181816 : { BUY 5405.46@0.80470892} 181815 : { SELL 19503.24@0.8079342} 181814 : { SELL 19503.24@0.8079342} 
Wed Nov 26 15:21:20 EST 2014 , 4 , 2 , 2 , 181817 : { BUY 5405.46@0.80470892} 181816 : { BUY 5405.46@0.80470892} 181815 : { SELL 19503.24@0.8079342} 181814 : { SELL 19503.24@0.8079342} 
Wed Nov 26 15:24:21 EST 2014 , 4 , 2 , 2 , 181817 : { BUY 5405.46@0.80470892} 181816 : { BUY 5405.46@0.80470892} 181815 : { SELL 19503.24@0.8079342} 181814 : { SELL 19503.24@0.8079342} 
Wed Nov 26 15:27:22 EST 2014 , 4 , 2 , 2 , 181817 : { BUY 5405.46@0.80470892} 181816 : { BUY 5405.46@0.80470892} 181815 : { SELL 19503.24@0.8079342} 181814 : { SELL 19503.24@0.8079342} 
Wed Nov 26 15:30:23 EST 2014 , 4 , 2 , 2 , 181817 : { BUY 5405.46@0.80470892} 181816 : { BUY 5405.46@0.80470892} 181815 : { SELL 19503.24@0.8079342} 181814 : { SELL 19503.24@0.8079342} 
Wed Nov 26 15:33:24 EST 2014 , 4 , 2 , 2 , 181817 : { BUY 5405.46@0.80470892} 181816 : { BUY 5405.46@0.80470892} 181815 : { SELL 19503.24@0.8079342} 181814 : { SELL 19503.24@0.8079342} 
Wed Nov 26 15:36:25 EST 2014 , 4 , 2 , 2 , 181817 : { BUY 5405.46@0.80470892} 181816 : { BUY 5405.46@0.80470892} 181815 : { SELL 19503.24@0.8079342} 181814 : { SELL 19503.24@0.8079342} 
Wed Nov 26 15:39:26 EST 2014 , 4 , 2 , 2 , 181817 : { BUY 5405.46@0.80470892} 181816 : { BUY 5405.46@0.80470892} 181815 : { SELL 19503.24@0.8079342} 181814 : { SELL 19503.24@0.8079342} 
Wed Nov 26 15:42:27 EST 2014 , 4 , 2 , 2 , 181817 : { BUY 5405.46@0.80470892} 181816 : { BUY 5405.46@0.80470892} 181815 : { SELL 19503.24@0.8079342} 181814 : { SELL 19503.24@0.8079342} 
Wed Nov 26 15:45:28 EST 2014 , 4 , 2 , 2 , 181817 : { BUY 5405.46@0.80470892} 181816 : { BUY 5405.46@0.80470892} 181815 : { SELL 19503.24@0.8079342} 181814 : { SELL 19503.24@0.8079342} 
Wed Nov 26 15:48:29 EST 2014 , 4 , 2 , 2 , 181817 : { BUY 5405.46@0.80470892} 181816 : { BUY 5405.46@0.80470892} 181815 : { SELL 19503.24@0.8079342} 181814 : { SELL 19503.24@0.8079342} 
Wed Nov 26 15:51:30 EST 2014 , 4 , 2 , 2 , 181817 : { BUY 5405.46@0.80470892} 181816 : { BUY 5405.46@0.80470892} 181815 : { SELL 19503.24@0.8079342} 181814 : { SELL 19503.24@0.8079342} 
Wed Nov 26 15:54:31 EST 2014 , 4 , 2 , 2 , 181817 : { BUY 5405.46@0.80470892} 181816 : { BUY 5405.46@0.80470892} 181815 : { SELL 19503.24@0.8079342} 181814 : { SELL 19503.24@0.8079342} 
Wed Nov 26 15:57:32 EST 2014 , 4 , 2 , 2 , 181817 : { BUY 5405.46@0.80470892} 181816 : { BUY 5405.46@0.80470892} 181815 : { SELL 19503.24@0.8079342} 181814 : { SELL 19503.24@0.8079342} 
Wed Nov 26 16:00:33 EST 2014 , 4 , 2 , 2 , 181817 : { BUY 5405.46@0.80470892} 181816 : { BUY 5405.46@0.80470892} 181815 : { SELL 19503.24@0.8079342} 181814 : { SELL 19503.24@0.8079342} 
Wed Nov 26 16:03:34 EST 2014 , 4 , 2 , 2 , 181817 : { BUY 5405.46@0.80470892} 181816 : { BUY 5405.46@0.80470892} 181815 : { SELL 19503.24@0.8079342} 181814 : { SELL 19503.24@0.8079342} 
Wed Nov 26 16:06:35 EST 2014 , 4 , 2 , 2 , 181817 : { BUY 5405.46@0.80470892} 181816 : { BUY 5405.46@0.80470892} 181815 : { SELL 19503.24@0.8079342} 181814 : { SELL 19503.24@0.8079342} 
Wed Nov 26 16:09:36 EST 2014 , 4 , 2 , 2 , 181817 : { BUY 5405.46@0.80470892} 181816 : { BUY 5405.46@0.80470892} 181815 : { SELL 19503.24@0.8079342} 181814 : { SELL 19503.24@0.8079342} 
Wed Nov 26 16:12:37 EST 2014 , 4 , 2 , 2 , 181817 : { BUY 5405.46@0.80470892} 181816 : { BUY 5405.46@0.80470892} 181815 : { SELL 19503.24@0.8079342} 181814 : { SELL 19503.24@0.8079342} 
Wed Nov 26 16:15:38 EST 2014 , 4 , 2 , 2 , 181817 : { BUY 5405.46@0.80470892} 181816 : { BUY 5405.46@0.80470892} 181815 : { SELL 19503.24@0.8079342} 181814 : { SELL 19503.24@0.8079342} 
Wed Nov 26 16:18:39 EST 2014 , 4 , 2 , 2 , 181817 : { BUY 5405.46@0.80470892} 181816 : { BUY 5405.46@0.80470892} 181815 : { SELL 19503.24@0.8079342} 181814 : { SELL 19503.24@0.8079342} 
Wed Nov 26 16:21:40 EST 2014 , 4 , 2 , 2 , 181817 : { BUY 5405.46@0.80470892} 181816 : { BUY 5405.46@0.80470892} 181815 : { SELL 19503.24@0.8079342} 181814 : { SELL 19503.24@0.8079342} 
Wed Nov 26 16:24:41 EST 2014 , 4 , 2 , 2 , 181817 : { BUY 5405.46@0.80470892} 181816 : { BUY 5405.46@0.80470892} 181815 : { SELL 19503.24@0.8079342} 181814 : { SELL 19503.24@0.8079342} 
Wed Nov 26 16:27:42 EST 2014 , 4 , 2 , 2 , 181817 : { BUY 5405.46@0.80470892} 181816 : { BUY 5405.46@0.80470892} 181815 : { SELL 19503.24@0.8079342} 181814 : { SELL 19503.24@0.8079342} 
Wed Nov 26 16:30:43 EST 2014 , 4 , 2 , 2 , 181817 : { BUY 5405.46@0.80470892} 181816 : { BUY 5405.46@0.80470892} 181815 : { SELL 19503.24@0.8079342} 181814 : { SELL 19503.24@0.8079342} 
Wed Nov 26 16:33:44 EST 2014 , 4 , 2 , 2 , 181817 : { BUY 5405.46@0.80470892} 181816 : { BUY 5405.46@0.80470892} 181815 : { SELL 19503.24@0.8079342} 181814 : { SELL 19503.24@0.8079342} 
Wed Nov 26 16:36:45 EST 2014 , 4 , 2 , 2 , 181817 : { BUY 5405.46@0.80470892} 181816 : { BUY 5405.46@0.80470892} 181815 : { SELL 19503.24@0.8079342} 181814 : { SELL 19503.24@0.8079342} 
Wed Nov 26 16:39:46 EST 2014 , 4 , 2 , 2 , 181817 : { BUY 5405.46@0.80470892} 181816 : { BUY 5405.46@0.80470892} 181815 : { SELL 19503.24@0.8079342} 181814 : { SELL 19503.24@0.8079342} 
Wed Nov 26 16:42:47 EST 2014 , 4 , 2 , 2 , 181817 : { BUY 5405.46@0.80470892} 181816 : { BUY 5405.46@0.80470892} 181815 : { SELL 19503.24@0.8079342} 181814 : { SELL 19503.24@0.8079342} 
Wed Nov 26 16:45:48 EST 2014 , 4 , 2 , 2 , 181817 : { BUY 5405.46@0.80470892} 181816 : { BUY 5405.46@0.80470892} 181815 : { SELL 19503.24@0.8079342} 181814 : { SELL 19503.24@0.8079342} 
Wed Nov 26 16:48:49 EST 2014 , 4 , 2 , 2 , 181817 : { BUY 5405.46@0.80470892} 181816 : { BUY 5405.46@0.80470892} 181815 : { SELL 19503.24@0.8079342} 181814 : { SELL 19503.24@0.8079342} 
Wed Nov 26 16:51:50 EST 2014 , 4 , 2 , 2 , 181817 : { BUY 5405.46@0.80470892} 181816 : { BUY 5405.46@0.80470892} 181815 : { SELL 19503.24@0.8079342} 181814 : { SELL 19503.24@0.8079342} 
Wed Nov 26 16:54:51 EST 2014 , 4 , 2 , 2 , 181817 : { BUY 5405.46@0.80470892} 181816 : { BUY 5405.46@0.80470892} 181815 : { SELL 19503.24@0.8079342} 181814 : { SELL 19503.24@0.8079342} 
Wed Nov 26 16:57:52 EST 2014 , 4 , 2 , 2 , 181817 : { BUY 5405.46@0.80470892} 181816 : { BUY 5405.46@0.80470892} 181815 : { SELL 19503.24@0.8079342} 181814 : { SELL 19503.24@0.8079342} 
Wed Nov 26 17:00:53 EST 2014 , 4 , 2 , 2 , 181817 : { BUY 5405.46@0.80470892} 181816 : { BUY 5405.46@0.80470892} 181815 : { SELL 19503.24@0.8079342} 181814 : { SELL 19503.24@0.8079342} 
Wed Nov 26 17:03:54 EST 2014 , 4 , 2 , 2 , 181817 : { BUY 5405.46@0.80470892} 181816 : { BUY 5405.46@0.80470892} 181815 : { SELL 19503.24@0.8079342} 181814 : { SELL 19503.24@0.8079342} 
Wed Nov 26 17:06:55 EST 2014 , 4 , 2 , 2 , 181817 : { BUY 5405.46@0.80470892} 181816 : { BUY 5405.46@0.80470892} 181815 : { SELL 19503.24@0.8079342} 181814 : { SELL 19503.24@0.8079342} 
Wed Nov 26 17:09:56 EST 2014 , 4 , 2 , 2 , 181817 : { BUY 5405.46@0.80470892} 181816 : { BUY 5405.46@0.80470892} 181815 : { SELL 19503.24@0.8079342} 181814 : { SELL 19503.24@0.8079342} 
Wed Nov 26 17:12:57 EST 2014 , 4 , 2 , 2 , 181817 : { BUY 5405.46@0.80470892} 181816 : { BUY 5405.46@0.80470892} 181815 : { SELL 19503.24@0.8079342} 181814 : { SELL 19503.24@0.8079342} 
Wed Nov 26 17:15:58 EST 2014 , 4 , 2 , 2 , 181817 : { BUY 5405.46@0.80470892} 181816 : { BUY 5405.46@0.80470892} 181815 : { SELL 19503.24@0.8079342} 181814 : { SELL 19503.24@0.8079342} 
Wed Nov 26 17:18:59 EST 2014 , 4 , 2 , 2 , 181817 : { BUY 5405.46@0.80470892} 181816 : { BUY 5405.46@0.80470892} 181815 : { SELL 19503.24@0.8079342} 181814 : { SELL 19503.24@0.8079342} 
Wed Nov 26 17:22:00 EST 2014 , 4 , 2 , 2 , 181817 : { BUY 5405.46@0.80470892} 181816 : { BUY 5405.46@0.80470892} 181815 : { SELL 19503.24@0.8079342} 181814 : { SELL 19503.24@0.8079342} 
Wed Nov 26 17:25:01 EST 2014 , 4 , 2 , 2 , 181817 : { BUY 5405.46@0.80470892} 181816 : { BUY 5405.46@0.80470892} 181815 : { SELL 19503.24@0.8079342} 181814 : { SELL 19503.24@0.8079342} 
Wed Nov 26 17:28:02 EST 2014 , 4 , 2 , 2 , 181817 : { BUY 5405.46@0.80470892} 181816 : { BUY 5405.46@0.80470892} 181815 : { SELL 19503.24@0.8079342} 181814 : { SELL 19503.24@0.8079342} 
Wed Nov 26 17:31:03 EST 2014 , 4 , 2 , 2 , 181817 : { BUY 5405.46@0.80470892} 181816 : { BUY 5405.46@0.80470892} 181815 : { SELL 19503.24@0.8079342} 181814 : { SELL 19503.24@0.8079342} 
Wed Nov 26 17:34:04 EST 2014 , 4 , 2 , 2 , 181817 : { BUY 5405.46@0.80470892} 181816 : { BUY 5405.46@0.80470892} 181815 : { SELL 19503.24@0.8079342} 181814 : { SELL 19503.24@0.8079342} 
Wed Nov 26 17:37:05 EST 2014 , 4 , 2 , 2 , 181817 : { BUY 5405.46@0.80470892} 181816 : { BUY 5405.46@0.80470892} 181815 : { SELL 19503.24@0.8079342} 181814 : { SELL 19503.24@0.8079342} 
Wed Nov 26 17:40:06 EST 2014 , 4 , 2 , 2 , 181817 : { BUY 5405.46@0.80470892} 181816 : { BUY 5405.46@0.80470892} 181815 : { SELL 19503.24@0.8079342} 181814 : { SELL 19503.24@0.8079342} 
Wed Nov 26 17:43:07 EST 2014 , 4 , 2 , 2 , 181817 : { BUY 5405.46@0.80470892} 181816 : { BUY 5405.46@0.80470892} 181815 : { SELL 19503.24@0.8079342} 181814 : { SELL 19503.24@0.8079342} 
Wed Nov 26 17:46:08 EST 2014 , 4 , 2 , 2 , 181817 : { BUY 5405.46@0.80470892} 181816 : { BUY 5405.46@0.80470892} 181815 : { SELL 19503.24@0.8079342} 181814 : { SELL 19503.24@0.8079342} 
Wed Nov 26 17:49:09 EST 2014 , 4 , 2 , 2 , 181817 : { BUY 5405.46@0.80470892} 181816 : { BUY 5405.46@0.80470892} 181815 : { SELL 19503.24@0.8079342} 181814 : { SELL 19503.24@0.8079342} 
Wed Nov 26 17:52:10 EST 2014 , 4 , 2 , 2 , 181817 : { BUY 5405.46@0.80470892} 181816 : { BUY 5405.46@0.80470892} 181815 : { SELL 19503.24@0.8079342} 181814 : { SELL 19503.24@0.8079342} 
Wed Nov 26 17:55:11 EST 2014 , 4 , 2 , 2 , 181817 : { BUY 5405.46@0.80470892} 181816 : { BUY 5405.46@0.80470892} 181815 : { SELL 19503.24@0.8079342} 181814 : { SELL 19503.24@0.8079342} 
Wed Nov 26 17:58:12 EST 2014 , 4 , 2 , 2 , 181817 : { BUY 5405.46@0.80470892} 181816 : { BUY 5405.46@0.80470892} 181815 : { SELL 19503.24@0.8079342} 181814 : { SELL 19503.24@0.8079342} 
Wed Nov 26 18:01:13 EST 2014 , 4 , 2 , 2 , 181817 : { BUY 5405.46@0.80470892} 181816 : { BUY 5405.46@0.80470892} 181815 : { SELL 19503.24@0.8079342} 181814 : { SELL 19503.24@0.8079342} 
Wed Nov 26 18:04:14 EST 2014 , 4 , 2 , 2 , 181817 : { BUY 5405.46@0.80470892} 181816 : { BUY 5405.46@0.80470892} 181815 : { SELL 19503.24@0.8079342} 181814 : { SELL 19503.24@0.8079342} 
Wed Nov 26 18:07:15 EST 2014 , 4 , 2 , 2 , 181817 : { BUY 5405.46@0.80470892} 181816 : { BUY 5405.46@0.80470892} 181815 : { SELL 19503.24@0.8079342} 181814 : { SELL 19503.24@0.8079342} 
Wed Nov 26 18:10:16 EST 2014 , 4 , 2 , 2 , 181817 : { BUY 5405.46@0.80470892} 181816 : { BUY 5405.46@0.80470892} 181815 : { SELL 19503.24@0.8079342} 181814 : { SELL 19503.24@0.8079342} 
Wed Nov 26 18:13:17 EST 2014 , 4 , 2 , 2 , 181817 : { BUY 5405.46@0.80470892} 181816 : { BUY 5405.46@0.80470892} 181815 : { SELL 19503.24@0.8079342} 181814 : { SELL 19503.24@0.8079342} 
Wed Nov 26 18:16:18 EST 2014 , 4 , 2 , 2 , 181817 : { BUY 5405.46@0.80470892} 181816 : { BUY 5405.46@0.80470892} 181815 : { SELL 19503.24@0.8079342} 181814 : { SELL 19503.24@0.8079342} 
Wed Nov 26 18:19:19 EST 2014 , 4 , 2 , 2 , 181817 : { BUY 5405.46@0.80470892} 181816 : { BUY 5405.46@0.80470892} 181815 : { SELL 19503.24@0.8079342} 181814 : { SELL 19503.24@0.8079342} 
Wed Nov 26 18:22:20 EST 2014 , 4 , 2 , 2 , 181817 : { BUY 5405.46@0.80470892} 181816 : { BUY 5405.46@0.80470892} 181815 : { SELL 19503.24@0.8079342} 181814 : { SELL 19503.24@0.8079342} 
Wed Nov 26 18:25:21 EST 2014 , 4 , 2 , 2 , 181817 : { BUY 5405.46@0.80470892} 181816 : { BUY 5405.46@0.80470892} 181815 : { SELL 19503.24@0.8079342} 181814 : { SELL 19503.24@0.8079342} 
Wed Nov 26 18:28:22 EST 2014 , 4 , 2 , 2 , 181817 : { BUY 5405.46@0.80470892} 181816 : { BUY 5405.46@0.80470892} 181815 : { SELL 19503.24@0.8079342} 181814 : { SELL 19503.24@0.8079342} 
Wed Nov 26 18:31:23 EST 2014 , 4 , 2 , 2 , 181817 : { BUY 5405.46@0.80470892} 181816 : { BUY 5405.46@0.80470892} 181815 : { SELL 19503.24@0.8079342} 181814 : { SELL 19503.24@0.8079342} 
Wed Nov 26 18:34:24 EST 2014 , 4 , 2 , 2 , 181817 : { BUY 5405.46@0.80470892} 181816 : { BUY 5405.46@0.80470892} 181815 : { SELL 19503.24@0.8079342} 181814 : { SELL 19503.24@0.8079342} 
Wed Nov 26 18:37:25 EST 2014 , 4 , 2 , 2 , 181817 : { BUY 5405.46@0.80470892} 181816 : { BUY 5405.46@0.80470892} 181815 : { SELL 19503.24@0.8079342} 181814 : { SELL 19503.24@0.8079342} 
Wed Nov 26 18:40:26 EST 2014 , 4 , 2 , 2 , 181817 : { BUY 5405.46@0.80470892} 181816 : { BUY 5405.46@0.80470892} 181815 : { SELL 19503.24@0.8079342} 181814 : { SELL 19503.24@0.8079342} 
Wed Nov 26 18:43:27 EST 2014 , 4 , 2 , 2 , 181817 : { BUY 5405.46@0.80470892} 181816 : { BUY 5405.46@0.80470892} 181815 : { SELL 19503.24@0.8079342} 181814 : { SELL 19503.24@0.8079342} 
Wed Nov 26 18:46:28 EST 2014 , 4 , 2 , 2 , 181817 : { BUY 5405.46@0.80470892} 181816 : { BUY 5405.46@0.80470892} 181815 : { SELL 19503.24@0.8079342} 181814 : { SELL 19503.24@0.8079342} 
Wed Nov 26 18:49:29 EST 2014 , 4 , 2 , 2 , 181817 : { BUY 5405.46@0.80470892} 181816 : { BUY 5405.46@0.80470892} 181815 : { SELL 19503.24@0.8079342} 181814 : { SELL 19503.24@0.8079342} 
Wed Nov 26 18:52:30 EST 2014 , 4 , 2 , 2 , 181817 : { BUY 5405.46@0.80470892} 181816 : { BUY 5405.46@0.80470892} 181815 : { SELL 19503.24@0.8079342} 181814 : { SELL 19503.24@0.8079342} 
Wed Nov 26 18:55:31 EST 2014 , 4 , 2 , 2 , 181817 : { BUY 5405.46@0.80470892} 181816 : { BUY 5405.46@0.80470892} 181815 : { SELL 19503.24@0.8079342} 181814 : { SELL 19503.24@0.8079342} 
Wed Nov 26 18:58:32 EST 2014 , 4 , 2 , 2 , 181817 : { BUY 5405.46@0.80470892} 181816 : { BUY 5405.46@0.80470892} 181815 : { SELL 19503.24@0.8079342} 181814 : { SELL 19503.24@0.8079342} 
Wed Nov 26 19:01:33 EST 2014 , 4 , 2 , 2 , 181817 : { BUY 5405.46@0.80470892} 181816 : { BUY 5405.46@0.80470892} 181815 : { SELL 19503.24@0.8079342} 181814 : { SELL 19503.24@0.8079342} 
Wed Nov 26 19:04:34 EST 2014 , 4 , 2 , 2 , 181817 : { BUY 5405.46@0.80470892} 181816 : { BUY 5405.46@0.80470892} 181815 : { SELL 19503.24@0.8079342} 181814 : { SELL 19503.24@0.8079342} 
Wed Nov 26 19:07:35 EST 2014 , 4 , 2 , 2 , 181817 : { BUY 5405.46@0.80470892} 181816 : { BUY 5405.46@0.80470892} 181815 : { SELL 19503.24@0.8079342} 181814 : { SELL 19503.24@0.8079342} 
Wed Nov 26 19:10:36 EST 2014 , 4 , 2 , 2 , 181817 : { BUY 5405.46@0.80470892} 181816 : { BUY 5405.46@0.80470892} 181815 : { SELL 19503.24@0.8079342} 181814 : { SELL 19503.24@0.8079342} 
Wed Nov 26 19:13:37 EST 2014 , 4 , 2 , 2 , 181817 : { BUY 5405.46@0.80470892} 181816 : { BUY 5405.46@0.80470892} 181815 : { SELL 19503.24@0.8079342} 181814 : { SELL 19503.24@0.8079342} 
Wed Nov 26 19:16:38 EST 2014 , 4 , 2 , 2 , 181817 : { BUY 5405.46@0.80470892} 181816 : { BUY 5405.46@0.80470892} 181815 : { SELL 19503.24@0.8079342} 181814 : { SELL 19503.24@0.8079342} 
Wed Nov 26 19:19:39 EST 2014 , 4 , 2 , 2 , 181817 : { BUY 5405.46@0.80470892} 181816 : { BUY 5405.46@0.80470892} 181815 : { SELL 19503.24@0.8079342} 181814 : { SELL 19503.24@0.8079342} 
Wed Nov 26 19:22:40 EST 2014 , 4 , 2 , 2 , 181817 : { BUY 5405.46@0.80470892} 181816 : { BUY 5405.46@0.80470892} 181815 : { SELL 19503.24@0.8079342} 181814 : { SELL 19503.24@0.8079342} 
Wed Nov 26 19:25:41 EST 2014 , 4 , 2 , 2 , 181817 : { BUY 5405.46@0.80470892} 181816 : { BUY 5405.46@0.80470892} 181815 : { SELL 19503.24@0.8079342} 181814 : { SELL 19503.24@0.8079342} 
Wed Nov 26 19:28:42 EST 2014 , 4 , 2 , 2 , 181817 : { BUY 5405.46@0.80470892} 181816 : { BUY 5405.46@0.80470892} 181815 : { SELL 19503.24@0.8079342} 181814 : { SELL 19503.24@0.8079342} 
Wed Nov 26 19:31:43 EST 2014 , 4 , 2 , 2 , 181817 : { BUY 5405.46@0.80470892} 181816 : { BUY 5405.46@0.80470892} 181815 : { SELL 19503.24@0.8079342} 181814 : { SELL 19503.24@0.8079342} 
Wed Nov 26 19:34:44 EST 2014 , 4 , 2 , 2 , 181817 : { BUY 5405.46@0.80470892} 181816 : { BUY 5405.46@0.80470892} 181815 : { SELL 19503.24@0.8079342} 181814 : { SELL 19503.24@0.8079342} 
Wed Nov 26 19:37:45 EST 2014 , 4 , 2 , 2 , 181817 : { BUY 5405.46@0.80470892} 181816 : { BUY 5405.46@0.80470892} 181815 : { SELL 19503.24@0.8079342} 181814 : { SELL 19503.24@0.8079342} 
Wed Nov 26 19:40:46 EST 2014 , 4 , 2 , 2 , 181817 : { BUY 5405.46@0.80470892} 181816 : { BUY 5405.46@0.80470892} 181815 : { SELL 19503.24@0.8079342} 181814 : { SELL 19503.24@0.8079342} 
Wed Nov 26 19:43:47 EST 2014 , 4 , 2 , 2 , 181817 : { BUY 5405.46@0.80470892} 181816 : { BUY 5405.46@0.80470892} 181815 : { SELL 19503.24@0.8079342} 181814 : { SELL 19503.24@0.8079342} 
Wed Nov 26 19:46:48 EST 2014 , 4 , 2 , 2 , 181817 : { BUY 5405.46@0.80470892} 181816 : { BUY 5405.46@0.80470892} 181815 : { SELL 19503.24@0.8079342} 181814 : { SELL 19503.24@0.8079342} 
Wed Nov 26 19:49:49 EST 2014 , 4 , 2 , 2 , 181817 : { BUY 5405.46@0.80470892} 181816 : { BUY 5405.46@0.80470892} 181815 : { SELL 19503.24@0.8079342} 181814 : { SELL 19503.24@0.8079342} 
Wed Nov 26 19:52:50 EST 2014 , 4 , 2 , 2 , 181817 : { BUY 5405.46@0.80470892} 181816 : { BUY 5405.46@0.80470892} 181815 : { SELL 19503.24@0.8079342} 181814 : { SELL 19503.24@0.8079342} 
Wed Nov 26 19:55:51 EST 2014 , 4 , 2 , 2 , 181817 : { BUY 5405.46@0.80470892} 181816 : { BUY 5405.46@0.80470892} 181815 : { SELL 19503.24@0.8079342} 181814 : { SELL 19503.24@0.8079342} 
Wed Nov 26 19:58:52 EST 2014 , 4 , 2 , 2 , 181817 : { BUY 5405.46@0.80470892} 181816 : { BUY 5405.46@0.80470892} 181815 : { SELL 19503.24@0.8079342} 181814 : { SELL 19503.24@0.8079342} 
Wed Nov 26 20:01:53 EST 2014 , 4 , 2 , 2 , 181817 : { BUY 5405.46@0.80470892} 181816 : { BUY 5405.46@0.80470892} 181815 : { SELL 19503.24@0.8079342} 181814 : { SELL 19503.24@0.8079342} 
Wed Nov 26 20:04:54 EST 2014 , 4 , 2 , 2 , 181817 : { BUY 5405.46@0.80470892} 181816 : { BUY 5405.46@0.80470892} 181815 : { SELL 19503.24@0.8079342} 181814 : { SELL 19503.24@0.8079342} 
Wed Nov 26 20:07:55 EST 2014 , 4 , 2 , 2 , 181817 : { BUY 5405.46@0.80470892} 181816 : { BUY 5405.46@0.80470892} 181815 : { SELL 19503.24@0.8079342} 181814 : { SELL 19503.24@0.8079342} 
Wed Nov 26 20:10:56 EST 2014 , 4 , 2 , 2 , 181817 : { BUY 5405.46@0.80470892} 181816 : { BUY 5405.46@0.80470892} 181815 : { SELL 19503.24@0.8079342} 181814 : { SELL 19503.24@0.8079342} 
Wed Nov 26 20:13:57 EST 2014 , 4 , 2 , 2 , 181817 : { BUY 5405.46@0.80470892} 181816 : { BUY 5405.46@0.80470892} 181815 : { SELL 19503.24@0.8079342} 181814 : { SELL 19503.24@0.8079342} 
Wed Nov 26 20:16:58 EST 2014 , 4 , 2 , 2 , 181817 : { BUY 5405.46@0.80470892} 181816 : { BUY 5405.46@0.80470892} 181815 : { SELL 19503.24@0.8079342} 181814 : { SELL 19503.24@0.8079342} 
Wed Nov 26 20:20:00 EST 2014 , 4 , 2 , 2 , 181817 : { BUY 5405.46@0.80470892} 181816 : { BUY 5405.46@0.80470892} 181815 : { SELL 19503.24@0.8079342} 181814 : { SELL 19503.24@0.8079342} 
Wed Nov 26 20:23:00 EST 2014 , 4 , 2 , 2 , 181817 : { BUY 5405.46@0.80470892} 181816 : { BUY 5405.46@0.80470892} 181815 : { SELL 19503.24@0.8079342} 181814 : { SELL 19503.24@0.8079342} 
Wed Nov 26 20:26:01 EST 2014 , 4 , 2 , 2 , 181817 : { BUY 5405.46@0.80470892} 181816 : { BUY 5405.46@0.80470892} 181815 : { SELL 19503.24@0.8079342} 181814 : { SELL 19503.24@0.8079342} 
Wed Nov 26 20:29:02 EST 2014 , 4 , 2 , 2 , 181817 : { BUY 5405.46@0.80470892} 181816 : { BUY 5405.46@0.80470892} 181815 : { SELL 19503.24@0.8079342} 181814 : { SELL 19503.24@0.8079342} 
Wed Nov 26 20:32:03 EST 2014 , 4 , 2 , 2 , 181817 : { BUY 5405.46@0.80470892} 181816 : { BUY 5405.46@0.80470892} 181815 : { SELL 19503.24@0.8079342} 181814 : { SELL 19503.24@0.8079342} 
Wed Nov 26 20:35:04 EST 2014 , 4 , 2 , 2 , 181817 : { BUY 5405.46@0.80470892} 181816 : { BUY 5405.46@0.80470892} 181815 : { SELL 19503.24@0.8079342} 181814 : { SELL 19503.24@0.8079342} 
Wed Nov 26 20:38:05 EST 2014 , 4 , 2 , 2 , 181817 : { BUY 5405.46@0.80470892} 181816 : { BUY 5405.46@0.80470892} 181815 : { SELL 19503.24@0.8079342} 181814 : { SELL 19503.24@0.8079342} 
Wed Nov 26 20:41:06 EST 2014 , 4 , 2 , 2 , 181817 : { BUY 5405.46@0.80470892} 181816 : { BUY 5405.46@0.80470892} 181815 : { SELL 19503.24@0.8079342} 181814 : { SELL 19503.24@0.8079342} 
Wed Nov 26 20:44:07 EST 2014 , 4 , 2 , 2 , 181817 : { BUY 5405.46@0.80470892} 181816 : { BUY 5405.46@0.80470892} 181815 : { SELL 19503.24@0.8079342} 181814 : { SELL 19503.24@0.8079342} 
Wed Nov 26 20:47:08 EST 2014 , 4 , 2 , 2 , 181817 : { BUY 5405.46@0.80470892} 181816 : { BUY 5405.46@0.80470892} 181815 : { SELL 19503.24@0.8079342} 181814 : { SELL 19503.24@0.8079342} 
Wed Nov 26 20:50:09 EST 2014 , 4 , 2 , 2 , 181817 : { BUY 5405.46@0.80470892} 181816 : { BUY 5405.46@0.80470892} 181815 : { SELL 19503.24@0.8079342} 181814 : { SELL 19503.24@0.8079342} 
Wed Nov 26 20:53:10 EST 2014 , 4 , 2 , 2 , 181817 : { BUY 5405.46@0.80470892} 181816 : { BUY 5405.46@0.80470892} 181815 : { SELL 19503.24@0.8079342} 181814 : { SELL 19503.24@0.8079342} 
Wed Nov 26 20:56:11 EST 2014 , 4 , 2 , 2 , 181817 : { BUY 5405.46@0.80470892} 181816 : { BUY 5405.46@0.80470892} 181815 : { SELL 19503.24@0.8079342} 181814 : { SELL 19503.24@0.8079342} 
Wed Nov 26 20:59:12 EST 2014 , 4 , 2 , 2 , 181817 : { BUY 5405.46@0.80470892} 181816 : { BUY 5405.46@0.80470892} 181815 : { SELL 19503.24@0.8079342} 181814 : { SELL 19503.24@0.8079342} 
Wed Nov 26 21:02:13 EST 2014 , 4 , 2 , 2 , 181817 : { BUY 5405.46@0.80470892} 181816 : { BUY 5405.46@0.80470892} 181815 : { SELL 19503.24@0.8079342} 181814 : { SELL 19503.24@0.8079342} 
Wed Nov 26 21:05:14 EST 2014 , 4 , 2 , 2 , 181817 : { BUY 5405.46@0.80470892} 181816 : { BUY 5405.46@0.80470892} 181815 : { SELL 19503.24@0.8079342} 181814 : { SELL 19503.24@0.8079342} 
Wed Nov 26 21:08:15 EST 2014 , 4 , 2 , 2 , 181817 : { BUY 5405.46@0.80470892} 181816 : { BUY 5405.46@0.80470892} 181815 : { SELL 19503.24@0.8079342} 181814 : { SELL 19503.24@0.8079342} 
Wed Nov 26 21:11:16 EST 2014 , 4 , 2 , 2 , 181817 : { BUY 5405.46@0.80470892} 181816 : { BUY 5405.46@0.80470892} 181815 : { SELL 19503.24@0.8079342} 181814 : { SELL 19503.24@0.8079342} 
Wed Nov 26 21:14:17 EST 2014 , 4 , 2 , 2 , 181817 : { BUY 5405.46@0.80470892} 181816 : { BUY 5405.46@0.80470892} 181815 : { SELL 19503.24@0.8079342} 181814 : { SELL 19503.24@0.8079342} 
Wed Nov 26 21:17:18 EST 2014 , 4 , 2 , 2 , 181817 : { BUY 5405.46@0.80470892} 181816 : { BUY 5405.46@0.80470892} 181815 : { SELL 19503.24@0.8079342} 181814 : { SELL 19503.24@0.8079342} 
Wed Nov 26 21:20:19 EST 2014 , 4 , 2 , 2 , 181817 : { BUY 5405.46@0.80470892} 181816 : { BUY 5405.46@0.80470892} 181815 : { SELL 19503.24@0.8079342} 181814 : { SELL 19503.24@0.8079342} 
Wed Nov 26 21:23:20 EST 2014 , 4 , 2 , 2 , 181817 : { BUY 5405.46@0.80470892} 181816 : { BUY 5405.46@0.80470892} 181815 : { SELL 19503.24@0.8079342} 181814 : { SELL 19503.24@0.8079342} 
Wed Nov 26 21:26:21 EST 2014 , 4 , 2 , 2 , 181817 : { BUY 5405.46@0.80470892} 181816 : { BUY 5405.46@0.80470892} 181815 : { SELL 19503.24@0.8079342} 181814 : { SELL 19503.24@0.8079342} 
Wed Nov 26 21:29:22 EST 2014 , 4 , 2 , 2 , 181817 : { BUY 5405.46@0.80470892} 181816 : { BUY 5405.46@0.80470892} 181815 : { SELL 19503.24@0.8079342} 181814 : { SELL 19503.24@0.8079342} 
Wed Nov 26 21:32:23 EST 2014 , 4 , 2 , 2 , 181817 : { BUY 5405.46@0.80470892} 181816 : { BUY 5405.46@0.80470892} 181815 : { SELL 19503.24@0.8079342} 181814 : { SELL 19503.24@0.8079342} 
Wed Nov 26 21:35:24 EST 2014 , 4 , 2 , 2 , 181817 : { BUY 5405.46@0.80470892} 181816 : { BUY 5405.46@0.80470892} 181815 : { SELL 19503.24@0.8079342} 181814 : { SELL 19503.24@0.8079342} 
Wed Nov 26 21:38:25 EST 2014 , 4 , 2 , 2 , 181817 : { BUY 5405.46@0.80470892} 181816 : { BUY 5405.46@0.80470892} 181815 : { SELL 19503.24@0.8079342} 181814 : { SELL 19503.24@0.8079342} 
Wed Nov 26 21:41:26 EST 2014 , 4 , 2 , 2 , 181817 : { BUY 5405.46@0.80470892} 181816 : { BUY 5405.46@0.80470892} 181815 : { SELL 19503.24@0.8079342} 181814 : { SELL 19503.24@0.8079342} 
Wed Nov 26 21:44:27 EST 2014 , 4 , 2 , 2 , 181817 : { BUY 5405.46@0.80470892} 181816 : { BUY 5405.46@0.80470892} 181815 : { SELL 19503.24@0.8079342} 181814 : { SELL 19503.24@0.8079342} 
Wed Nov 26 21:47:28 EST 2014 , 4 , 2 , 2 , 181817 : { BUY 5405.46@0.80470892} 181816 : { BUY 5405.46@0.80470892} 181815 : { SELL 19503.24@0.8079342} 181814 : { SELL 19503.24@0.8079342} 
Wed Nov 26 21:50:29 EST 2014 , 4 , 2 , 2 , 181817 : { BUY 5405.46@0.80470892} 181816 : { BUY 5405.46@0.80470892} 181815 : { SELL 19503.24@0.8079342} 181814 : { SELL 19503.24@0.8079342} 
Wed Nov 26 21:53:30 EST 2014 , 4 , 2 , 2 , 181817 : { BUY 5405.46@0.80470892} 181816 : { BUY 5405.46@0.80470892} 181815 : { SELL 19503.24@0.8079342} 181814 : { SELL 19503.24@0.8079342} 
Wed Nov 26 21:56:31 EST 2014 , 4 , 2 , 2 , 181817 : { BUY 5405.46@0.80470892} 181816 : { BUY 5405.46@0.80470892} 181815 : { SELL 19503.24@0.8079342} 181814 : { SELL 19503.24@0.8079342} 
Wed Nov 26 21:59:32 EST 2014 , 4 , 2 , 2 , 181817 : { BUY 5405.46@0.80470892} 181816 : { BUY 5405.46@0.80470892} 181815 : { SELL 19503.24@0.8079342} 181814 : { SELL 19503.24@0.8079342} 
Wed Nov 26 22:02:33 EST 2014 , 4 , 2 , 2 , 181817 : { BUY 5405.46@0.80470892} 181816 : { BUY 5405.46@0.80470892} 181815 : { SELL 19503.24@0.8079342} 181814 : { SELL 19503.24@0.8079342} 
Wed Nov 26 22:05:34 EST 2014 , 4 , 2 , 2 , 181817 : { BUY 5405.46@0.80470892} 181816 : { BUY 5405.46@0.80470892} 181815 : { SELL 19503.24@0.8079342} 181814 : { SELL 19503.24@0.8079342} 
Wed Nov 26 22:08:35 EST 2014 , 4 , 2 , 2 , 181817 : { BUY 5405.46@0.80470892} 181816 : { BUY 5405.46@0.80470892} 181815 : { SELL 19503.24@0.8079342} 181814 : { SELL 19503.24@0.8079342} 
Wed Nov 26 22:11:36 EST 2014 , 4 , 2 , 2 , 181817 : { BUY 5405.46@0.80470892} 181816 : { BUY 5405.46@0.80470892} 181815 : { SELL 19503.24@0.8079342} 181814 : { SELL 19503.24@0.8079342} 
Wed Nov 26 22:14:37 EST 2014 , 4 , 2 , 2 , 181817 : { BUY 5405.46@0.80470892} 181816 : { BUY 5405.46@0.80470892} 181815 : { SELL 19503.24@0.8079342} 181814 : { SELL 19503.24@0.8079342} 
Wed Nov 26 22:17:38 EST 2014 , 4 , 2 , 2 , 181817 : { BUY 5405.46@0.80470892} 181816 : { BUY 5405.46@0.80470892} 181815 : { SELL 19503.24@0.8079342} 181814 : { SELL 19503.24@0.8079342} 
Wed Nov 26 22:20:39 EST 2014 , 4 , 2 , 2 , 181817 : { BUY 5405.46@0.80470892} 181816 : { BUY 5405.46@0.80470892} 181815 : { SELL 19503.24@0.8079342} 181814 : { SELL 19503.24@0.8079342} 
Wed Nov 26 22:23:40 EST 2014 , 4 , 2 , 2 , 181817 : { BUY 5405.46@0.80470892} 181816 : { BUY 5405.46@0.80470892} 181815 : { SELL 19503.24@0.8079342} 181814 : { SELL 19503.24@0.8079342} 
Wed Nov 26 22:26:41 EST 2014 , 4 , 2 , 2 , 181817 : { BUY 5405.46@0.80470892} 181816 : { BUY 5405.46@0.80470892} 181815 : { SELL 19503.24@0.8079342} 181814 : { SELL 19503.24@0.8079342} 
Wed Nov 26 22:29:42 EST 2014 , 4 , 2 , 2 , 181817 : { BUY 5405.46@0.80470892} 181816 : { BUY 5405.46@0.80470892} 181815 : { SELL 19503.24@0.8079342} 181814 : { SELL 19503.24@0.8079342} 
Wed Nov 26 22:32:43 EST 2014 , 4 , 2 , 2 , 181817 : { BUY 5405.46@0.80470892} 181816 : { BUY 5405.46@0.80470892} 181815 : { SELL 19503.24@0.8079342} 181814 : { SELL 19503.24@0.8079342} 
Wed Nov 26 22:35:44 EST 2014 , 4 , 2 , 2 , 181817 : { BUY 5405.46@0.80470892} 181816 : { BUY 5405.46@0.80470892} 181815 : { SELL 19503.24@0.8079342} 181814 : { SELL 19503.24@0.8079342} 
Wed Nov 26 22:38:45 EST 2014 , 4 , 2 , 2 , 181817 : { BUY 5405.46@0.80470892} 181816 : { BUY 5405.46@0.80470892} 181815 : { SELL 19503.24@0.8079342} 181814 : { SELL 19503.24@0.8079342} 
Wed Nov 26 22:41:46 EST 2014 , 4 , 2 , 2 , 181817 : { BUY 5405.46@0.80470892} 181816 : { BUY 5405.46@0.80470892} 181815 : { SELL 19503.24@0.8079342} 181814 : { SELL 19503.24@0.8079342} 
Wed Nov 26 22:44:47 EST 2014 , 4 , 2 , 2 , 181817 : { BUY 5405.46@0.80470892} 181816 : { BUY 5405.46@0.80470892} 181815 : { SELL 19503.24@0.8079342} 181814 : { SELL 19503.24@0.8079342} 
Wed Nov 26 22:47:48 EST 2014 , 4 , 2 , 2 , 181817 : { BUY 5405.46@0.80470892} 181816 : { BUY 5405.46@0.80470892} 181815 : { SELL 19503.24@0.8079342} 181814 : { SELL 19503.24@0.8079342} 
Wed Nov 26 22:50:49 EST 2014 , 4 , 2 , 2 , 181817 : { BUY 5405.46@0.80470892} 181816 : { BUY 5405.46@0.80470892} 181815 : { SELL 19503.24@0.8079342} 181814 : { SELL 19503.24@0.8079342} 
Wed Nov 26 22:53:50 EST 2014 , 4 , 2 , 2 , 181817 : { BUY 5405.46@0.80470892} 181816 : { BUY 5405.46@0.80470892} 181815 : { SELL 19503.24@0.8079342} 181814 : { SELL 19503.24@0.8079342} 
Wed Nov 26 22:56:51 EST 2014 , 4 , 2 , 2 , 181817 : { BUY 5405.46@0.80470892} 181816 : { BUY 5405.46@0.80470892} 181815 : { SELL 19503.24@0.8079342} 181814 : { SELL 19503.24@0.8079342} 
Wed Nov 26 22:59:52 EST 2014 , 4 , 2 , 2 , 181817 : { BUY 5405.46@0.80470892} 181816 : { BUY 5405.46@0.80470892} 181815 : { SELL 19503.24@0.8079342} 181814 : { SELL 19503.24@0.8079342} 
Wed Nov 26 23:02:53 EST 2014 , 4 , 2 , 2 , 181817 : { BUY 5405.46@0.80470892} 181816 : { BUY 5405.46@0.80470892} 181815 : { SELL 19503.24@0.8079342} 181814 : { SELL 19503.24@0.8079342} 
Wed Nov 26 23:05:54 EST 2014 , 4 , 2 , 2 , 181817 : { BUY 5405.46@0.80470892} 181816 : { BUY 5405.46@0.80470892} 181815 : { SELL 19503.24@0.8079342} 181814 : { SELL 19503.24@0.8079342} 
Wed Nov 26 23:08:55 EST 2014 , 4 , 2 , 2 , 181817 : { BUY 5405.46@0.80470892} 181816 : { BUY 5405.46@0.80470892} 181815 : { SELL 19503.24@0.8079342} 181814 : { SELL 19503.24@0.8079342} 
Wed Nov 26 23:11:56 EST 2014 , 4 , 2 , 2 , 181817 : { BUY 5405.46@0.80470892} 181816 : { BUY 5405.46@0.80470892} 181815 : { SELL 19503.24@0.8079342} 181814 : { SELL 19503.24@0.8079342} 
Wed Nov 26 23:14:57 EST 2014 , 4 , 2 , 2 , 181817 : { BUY 5405.46@0.80470892} 181816 : { BUY 5405.46@0.80470892} 181815 : { SELL 19503.24@0.8079342} 181814 : { SELL 19503.24@0.8079342} 
Wed Nov 26 23:17:58 EST 2014 , 4 , 2 , 2 , 181817 : { BUY 5405.46@0.80470892} 181816 : { BUY 5405.46@0.80470892} 181815 : { SELL 19503.24@0.8079342} 181814 : { SELL 19503.24@0.8079342} 
Wed Nov 26 23:20:59 EST 2014 , 4 , 2 , 2 , 181817 : { BUY 5405.46@0.80470892} 181816 : { BUY 5405.46@0.80470892} 181815 : { SELL 19503.24@0.8079342} 181814 : { SELL 19503.24@0.8079342} 
Wed Nov 26 23:24:00 EST 2014 , 4 , 2 , 2 , 181817 : { BUY 5405.46@0.80470892} 181816 : { BUY 5405.46@0.80470892} 181815 : { SELL 19503.24@0.8079342} 181814 : { SELL 19503.24@0.8079342} 
Wed Nov 26 23:27:01 EST 2014 , 4 , 2 , 2 , 181817 : { BUY 5405.46@0.80470892} 181816 : { BUY 5405.46@0.80470892} 181815 : { SELL 19503.24@0.8079342} 181814 : { SELL 19503.24@0.8079342} 
Wed Nov 26 23:30:02 EST 2014 , 4 , 2 , 2 , 181817 : { BUY 5405.46@0.80470892} 181816 : { BUY 5405.46@0.80470892} 181815 : { SELL 19503.24@0.8079342} 181814 : { SELL 19503.24@0.8079342} 
Wed Nov 26 23:33:03 EST 2014 , 4 , 2 , 2 , 181817 : { BUY 5405.46@0.80470892} 181816 : { BUY 5405.46@0.80470892} 181815 : { SELL 19503.24@0.8079342} 181814 : { SELL 19503.24@0.8079342} 
Wed Nov 26 23:36:04 EST 2014 , 4 , 2 , 2 , 181817 : { BUY 5405.46@0.80470892} 181816 : { BUY 5405.46@0.80470892} 181815 : { SELL 19503.24@0.8079342} 181814 : { SELL 19503.24@0.8079342} 
Wed Nov 26 23:39:05 EST 2014 , 4 , 2 , 2 , 181817 : { BUY 5405.46@0.80470892} 181816 : { BUY 5405.46@0.80470892} 181815 : { SELL 19503.24@0.8079342} 181814 : { SELL 19503.24@0.8079342} 
Wed Nov 26 23:42:06 EST 2014 , 4 , 2 , 2 , 181817 : { BUY 5405.46@0.80470892} 181816 : { BUY 5405.46@0.80470892} 181815 : { SELL 19503.24@0.8079342} 181814 : { SELL 19503.24@0.8079342} 
Wed Nov 26 23:45:07 EST 2014 , 4 , 2 , 2 , 181817 : { BUY 5405.46@0.80470892} 181816 : { BUY 5405.46@0.80470892} 181815 : { SELL 19503.24@0.8079342} 181814 : { SELL 19503.24@0.8079342} 
Wed Nov 26 23:48:08 EST 2014 , 4 , 2 , 2 , 181817 : { BUY 5405.46@0.80470892} 181816 : { BUY 5405.46@0.80470892} 181815 : { SELL 19503.24@0.8079342} 181814 : { SELL 19503.24@0.8079342} 
Wed Nov 26 23:51:09 EST 2014 , 4 , 2 , 2 , 181817 : { BUY 5405.46@0.80470892} 181816 : { BUY 5405.46@0.80470892} 181815 : { SELL 19503.24@0.8079342} 181814 : { SELL 19503.24@0.8079342} 
Wed Nov 26 23:54:10 EST 2014 , 4 , 2 , 2 , 181817 : { BUY 5405.46@0.80470892} 181816 : { BUY 5405.46@0.80470892} 181815 : { SELL 19503.24@0.8079342} 181814 : { SELL 19503.24@0.8079342} 
Wed Nov 26 23:57:11 EST 2014 , 4 , 2 , 2 , 181817 : { BUY 5405.46@0.80470892} 181816 : { BUY 5405.46@0.80470892} 181815 : { SELL 19503.24@0.8079342} 181814 : { SELL 19503.24@0.8079342} 
Thu Nov 27 00:00:12 EST 2014 , 4 , 2 , 2 , 181817 : { BUY 5405.46@0.80470892} 181816 : { BUY 5405.46@0.80470892} 181815 : { SELL 19503.24@0.8079342} 181814 : { SELL 19503.24@0.8079342} 
Thu Nov 27 00:03:13 EST 2014 , 4 , 2 , 2 , 181817 : { BUY 5405.46@0.80470892} 181816 : { BUY 5405.46@0.80470892} 181815 : { SELL 19503.24@0.8079342} 181814 : { SELL 19503.24@0.8079342} 
Thu Nov 27 00:06:14 EST 2014 , 4 , 2 , 2 , 181817 : { BUY 5405.46@0.80470892} 181816 : { BUY 5405.46@0.80470892} 181815 : { SELL 19503.24@0.8079342} 181814 : { SELL 19503.24@0.8079342} 
Thu Nov 27 00:09:15 EST 2014 , 4 , 2 , 2 , 181817 : { BUY 5405.46@0.80470892} 181816 : { BUY 5405.46@0.80470892} 181815 : { SELL 19503.24@0.8079342} 181814 : { SELL 19503.24@0.8079342} 
Thu Nov 27 00:12:16 EST 2014 , 4 , 2 , 2 , 181817 : { BUY 5405.46@0.80470892} 181816 : { BUY 5405.46@0.80470892} 181815 : { SELL 19503.24@0.8079342} 181814 : { SELL 19503.24@0.8079342} 
Thu Nov 27 00:15:17 EST 2014 , 4 , 2 , 2 , 181817 : { BUY 5405.46@0.80470892} 181816 : { BUY 5405.46@0.80470892} 181815 : { SELL 19503.24@0.8079342} 181814 : { SELL 19503.24@0.8079342} 
Thu Nov 27 00:18:18 EST 2014 , 4 , 2 , 2 , 181817 : { BUY 5405.46@0.80470892} 181816 : { BUY 5405.46@0.80470892} 181815 : { SELL 19503.24@0.8079342} 181814 : { SELL 19503.24@0.8079342} 
Thu Nov 27 00:21:19 EST 2014 , 4 , 2 , 2 , 181817 : { BUY 5405.46@0.80470892} 181816 : { BUY 5405.46@0.80470892} 181815 : { SELL 19503.24@0.8079342} 181814 : { SELL 19503.24@0.8079342} 
Thu Nov 27 00:24:20 EST 2014 , 4 , 2 , 2 , 181817 : { BUY 5405.46@0.80470892} 181816 : { BUY 5405.46@0.80470892} 181815 : { SELL 19503.24@0.8079342} 181814 : { SELL 19503.24@0.8079342} 
Thu Nov 27 00:27:21 EST 2014 , 4 , 2 , 2 , 181817 : { BUY 5405.46@0.80470892} 181816 : { BUY 5405.46@0.80470892} 181815 : { SELL 19503.24@0.8079342} 181814 : { SELL 19503.24@0.8079342} 
Thu Nov 27 00:30:22 EST 2014 , 4 , 2 , 2 , 181817 : { BUY 5405.46@0.80470892} 181816 : { BUY 5405.46@0.80470892} 181815 : { SELL 19503.24@0.8079342} 181814 : { SELL 19503.24@0.8079342} 
Thu Nov 27 00:33:23 EST 2014 , 4 , 2 , 2 , 181817 : { BUY 5405.46@0.80470892} 181816 : { BUY 5405.46@0.80470892} 181815 : { SELL 19503.24@0.8079342} 181814 : { SELL 19503.24@0.8079342} 
Thu Nov 27 00:36:24 EST 2014 , 4 , 2 , 2 , 181817 : { BUY 5405.46@0.80470892} 181816 : { BUY 5405.46@0.80470892} 181815 : { SELL 19503.24@0.8079342} 181814 : { SELL 19503.24@0.8079342} 
Thu Nov 27 00:39:25 EST 2014 , 4 , 2 , 2 , 181817 : { BUY 5405.46@0.80470892} 181816 : { BUY 5405.46@0.80470892} 181815 : { SELL 19503.24@0.8079342} 181814 : { SELL 19503.24@0.8079342} 
Thu Nov 27 00:42:26 EST 2014 , 4 , 2 , 2 , 181817 : { BUY 5405.46@0.80470892} 181816 : { BUY 5405.46@0.80470892} 181815 : { SELL 19503.24@0.8079342} 181814 : { SELL 19503.24@0.8079342} 
Thu Nov 27 00:45:27 EST 2014 , 4 , 2 , 2 , 181817 : { BUY 5405.46@0.80470892} 181816 : { BUY 5405.46@0.80470892} 181815 : { SELL 19503.24@0.8079342} 181814 : { SELL 19503.24@0.8079342} 
Thu Nov 27 00:48:28 EST 2014 , 4 , 2 , 2 , 181817 : { BUY 5405.46@0.80470892} 181816 : { BUY 5405.46@0.80470892} 181815 : { SELL 19503.24@0.8079342} 181814 : { SELL 19503.24@0.8079342} 
Thu Nov 27 00:51:29 EST 2014 , 4 , 2 , 2 , 181817 : { BUY 5405.46@0.80470892} 181816 : { BUY 5405.46@0.80470892} 181815 : { SELL 19503.24@0.8079342} 181814 : { SELL 19503.24@0.8079342} 
Thu Nov 27 00:54:30 EST 2014 , 4 , 2 , 2 , 181817 : { BUY 5405.46@0.80470892} 181816 : { BUY 5405.46@0.80470892} 181815 : { SELL 19503.24@0.8079342} 181814 : { SELL 19503.24@0.8079342} 
Thu Nov 27 00:57:31 EST 2014 , 4 , 2 , 2 , 181817 : { BUY 5405.46@0.80470892} 181816 : { BUY 5405.46@0.80470892} 181815 : { SELL 19503.24@0.8079342} 181814 : { SELL 19503.24@0.8079342} 
Thu Nov 27 01:00:32 EST 2014 , 4 , 2 , 2 , 181817 : { BUY 5405.46@0.80470892} 181816 : { BUY 5405.46@0.80470892} 181815 : { SELL 19503.24@0.8079342} 181814 : { SELL 19503.24@0.8079342} 
Thu Nov 27 01:03:33 EST 2014 , 4 , 2 , 2 , 181817 : { BUY 5405.46@0.80470892} 181816 : { BUY 5405.46@0.80470892} 181815 : { SELL 19503.24@0.8079342} 181814 : { SELL 19503.24@0.8079342} 
Thu Nov 27 01:06:34 EST 2014 , 4 , 2 , 2 , 181817 : { BUY 5405.46@0.80470892} 181816 : { BUY 5405.46@0.80470892} 181815 : { SELL 19503.24@0.8079342} 181814 : { SELL 19503.24@0.8079342} 
Thu Nov 27 01:09:35 EST 2014 , 4 , 2 , 2 , 181817 : { BUY 5405.46@0.80470892} 181816 : { BUY 5405.46@0.80470892} 181815 : { SELL 19503.24@0.8079342} 181814 : { SELL 19503.24@0.8079342} 
Thu Nov 27 01:12:36 EST 2014 , 4 , 2 , 2 , 181817 : { BUY 5405.46@0.80470892} 181816 : { BUY 5405.46@0.80470892} 181815 : { SELL 19503.24@0.8079342} 181814 : { SELL 19503.24@0.8079342} 
Thu Nov 27 01:15:37 EST 2014 , 4 , 2 , 2 , 181817 : { BUY 5405.46@0.80470892} 181816 : { BUY 5405.46@0.80470892} 181815 : { SELL 19503.24@0.8079342} 181814 : { SELL 19503.24@0.8079342} 
Thu Nov 27 01:18:38 EST 2014 , 4 , 2 , 2 , 181817 : { BUY 5405.46@0.80470892} 181816 : { BUY 5405.46@0.80470892} 181815 : { SELL 19503.24@0.8079342} 181814 : { SELL 19503.24@0.8079342} 
Thu Nov 27 01:21:40 EST 2014 , 4 , 2 , 2 , 181817 : { BUY 5405.46@0.80470892} 181816 : { BUY 5405.46@0.80470892} 181815 : { SELL 19503.24@0.8079342} 181814 : { SELL 19503.24@0.8079342} 
Thu Nov 27 01:24:40 EST 2014 , 4 , 2 , 2 , 181817 : { BUY 5405.46@0.80470892} 181816 : { BUY 5405.46@0.80470892} 181815 : { SELL 19503.24@0.8079342} 181814 : { SELL 19503.24@0.8079342} 
Thu Nov 27 01:27:41 EST 2014 , 4 , 2 , 2 , 181817 : { BUY 5405.46@0.80470892} 181816 : { BUY 5405.46@0.80470892} 181815 : { SELL 19503.24@0.8079342} 181814 : { SELL 19503.24@0.8079342} 
Thu Nov 27 01:30:42 EST 2014 , 4 , 2 , 2 , 181817 : { BUY 5405.46@0.80470892} 181816 : { BUY 5405.46@0.80470892} 181815 : { SELL 19503.24@0.8079342} 181814 : { SELL 19503.24@0.8079342} 
Thu Nov 27 01:33:43 EST 2014 , 4 , 2 , 2 , 181817 : { BUY 5405.46@0.80470892} 181816 : { BUY 5405.46@0.80470892} 181815 : { SELL 19503.24@0.8079342} 181814 : { SELL 19503.24@0.8079342} 
Thu Nov 27 01:36:44 EST 2014 , 4 , 2 , 2 , 181817 : { BUY 5405.46@0.80470892} 181816 : { BUY 5405.46@0.80470892} 181815 : { SELL 19503.24@0.8079342} 181814 : { SELL 19503.24@0.8079342} 
Thu Nov 27 01:39:45 EST 2014 , 4 , 2 , 2 , 181817 : { BUY 5405.46@0.80470892} 181816 : { BUY 5405.46@0.80470892} 181815 : { SELL 19503.24@0.8079342} 181814 : { SELL 19503.24@0.8079342} 
Thu Nov 27 01:42:46 EST 2014 , 4 , 2 , 2 , 181817 : { BUY 5405.46@0.80470892} 181816 : { BUY 5405.46@0.80470892} 181815 : { SELL 19503.24@0.8079342} 181814 : { SELL 19503.24@0.8079342} 
Thu Nov 27 01:45:47 EST 2014 , 4 , 2 , 2 , 181817 : { BUY 5405.46@0.80470892} 181816 : { BUY 5405.46@0.80470892} 181815 : { SELL 19503.24@0.8079342} 181814 : { SELL 19503.24@0.8079342} 
Thu Nov 27 01:48:48 EST 2014 , 4 , 2 , 2 , 181817 : { BUY 5405.46@0.80470892} 181816 : { BUY 5405.46@0.80470892} 181815 : { SELL 19503.24@0.8079342} 181814 : { SELL 19503.24@0.8079342} 
Thu Nov 27 01:51:49 EST 2014 , 4 , 2 , 2 , 181817 : { BUY 5405.46@0.80470892} 181816 : { BUY 5405.46@0.80470892} 181815 : { SELL 19503.24@0.8079342} 181814 : { SELL 19503.24@0.8079342} 
Thu Nov 27 01:54:50 EST 2014 , 4 , 2 , 2 , 181817 : { BUY 5405.46@0.80470892} 181816 : { BUY 5405.46@0.80470892} 181815 : { SELL 19503.24@0.8079342} 181814 : { SELL 19503.24@0.8079342} 
Thu Nov 27 01:57:51 EST 2014 , 4 , 2 , 2 , 181817 : { BUY 5405.46@0.80470892} 181816 : { BUY 5405.46@0.80470892} 181815 : { SELL 19503.24@0.8079342} 181814 : { SELL 19503.24@0.8079342} 
Thu Nov 27 02:00:52 EST 2014 , 4 , 2 , 2 , 181817 : { BUY 5405.46@0.80470892} 181816 : { BUY 5405.46@0.80470892} 181815 : { SELL 19503.24@0.8079342} 181814 : { SELL 19503.24@0.8079342} 
Thu Nov 27 02:03:53 EST 2014 , 4 , 2 , 2 , 181817 : { BUY 5405.46@0.80470892} 181816 : { BUY 5405.46@0.80470892} 181815 : { SELL 19503.24@0.8079342} 181814 : { SELL 19503.24@0.8079342} 
Thu Nov 27 02:06:54 EST 2014 , 4 , 2 , 2 , 181817 : { BUY 5405.46@0.80470892} 181816 : { BUY 5405.46@0.80470892} 181815 : { SELL 19503.24@0.8079342} 181814 : { SELL 19503.24@0.8079342} 
Thu Nov 27 02:09:55 EST 2014 , 4 , 2 , 2 , 181817 : { BUY 5405.46@0.80470892} 181816 : { BUY 5405.46@0.80470892} 181815 : { SELL 19503.24@0.8079342} 181814 : { SELL 19503.24@0.8079342} 
Thu Nov 27 02:12:56 EST 2014 , 4 , 2 , 2 , 181817 : { BUY 5405.46@0.80470892} 181816 : { BUY 5405.46@0.80470892} 181815 : { SELL 19503.24@0.8079342} 181814 : { SELL 19503.24@0.8079342} 
Thu Nov 27 02:15:57 EST 2014 , 4 , 2 , 2 , 181817 : { BUY 5405.46@0.80470892} 181816 : { BUY 5405.46@0.80470892} 181815 : { SELL 19503.24@0.8079342} 181814 : { SELL 19503.24@0.8079342} 
Thu Nov 27 02:18:58 EST 2014 , 4 , 2 , 2 , 181817 : { BUY 5405.46@0.80470892} 181816 : { BUY 5405.46@0.80470892} 181815 : { SELL 19503.24@0.8079342} 181814 : { SELL 19503.24@0.8079342} 
Thu Nov 27 02:21:59 EST 2014 , 4 , 2 , 2 , 181817 : { BUY 5405.46@0.80470892} 181816 : { BUY 5405.46@0.80470892} 181815 : { SELL 19503.24@0.8079342} 181814 : { SELL 19503.24@0.8079342} 
Thu Nov 27 02:25:00 EST 2014 , 4 , 2 , 2 , 181817 : { BUY 5405.46@0.80470892} 181816 : { BUY 5405.46@0.80470892} 181815 : { SELL 19503.24@0.8079342} 181814 : { SELL 19503.24@0.8079342} 
Thu Nov 27 02:28:01 EST 2014 , 4 , 2 , 2 , 181817 : { BUY 5405.46@0.80470892} 181816 : { BUY 5405.46@0.80470892} 181815 : { SELL 19503.24@0.8079342} 181814 : { SELL 19503.24@0.8079342} 
Thu Nov 27 02:31:02 EST 2014 , 4 , 2 , 2 , 181817 : { BUY 5405.46@0.80470892} 181816 : { BUY 5405.46@0.80470892} 181815 : { SELL 19503.24@0.8079342} 181814 : { SELL 19503.24@0.8079342} 
Thu Nov 27 02:34:03 EST 2014 , 4 , 2 , 2 , 181817 : { BUY 5405.46@0.80470892} 181816 : { BUY 5405.46@0.80470892} 181815 : { SELL 19503.24@0.8079342} 181814 : { SELL 19503.24@0.8079342} 
Thu Nov 27 02:37:04 EST 2014 , 4 , 2 , 2 , 181817 : { BUY 5405.46@0.80470892} 181816 : { BUY 5405.46@0.80470892} 181815 : { SELL 19503.24@0.8079342} 181814 : { SELL 19503.24@0.8079342} 
Thu Nov 27 02:40:05 EST 2014 , 4 , 2 , 2 , 181817 : { BUY 5405.46@0.80470892} 181816 : { BUY 5405.46@0.80470892} 181815 : { SELL 19503.24@0.8079342} 181814 : { SELL 19503.24@0.8079342} 
Thu Nov 27 02:43:06 EST 2014 , 4 , 2 , 2 , 181817 : { BUY 5405.46@0.80470892} 181816 : { BUY 5405.46@0.80470892} 181815 : { SELL 19503.24@0.8079342} 181814 : { SELL 19503.24@0.8079342} 
Thu Nov 27 02:46:07 EST 2014 , 4 , 2 , 2 , 181817 : { BUY 5405.46@0.80470892} 181816 : { BUY 5405.46@0.80470892} 181815 : { SELL 19503.24@0.8079342} 181814 : { SELL 19503.24@0.8079342} 
Thu Nov 27 02:49:08 EST 2014 , 4 , 2 , 2 , 181817 : { BUY 5405.46@0.80470892} 181816 : { BUY 5405.46@0.80470892} 181815 : { SELL 19503.24@0.8079342} 181814 : { SELL 19503.24@0.8079342} 
Thu Nov 27 02:52:09 EST 2014 , 4 , 2 , 2 , 181817 : { BUY 5405.46@0.80470892} 181816 : { BUY 5405.46@0.80470892} 181815 : { SELL 19503.24@0.8079342} 181814 : { SELL 19503.24@0.8079342} 
Thu Nov 27 02:55:10 EST 2014 , 4 , 2 , 2 , 181817 : { BUY 5405.46@0.80470892} 181816 : { BUY 5405.46@0.80470892} 181815 : { SELL 19503.24@0.8079342} 181814 : { SELL 19503.24@0.8079342} 
Thu Nov 27 02:58:11 EST 2014 , 4 , 2 , 2 , 181817 : { BUY 5405.46@0.80470892} 181816 : { BUY 5405.46@0.80470892} 181815 : { SELL 19503.24@0.8079342} 181814 : { SELL 19503.24@0.8079342} 
Thu Nov 27 03:01:12 EST 2014 , 4 , 2 , 2 , 181817 : { BUY 5405.46@0.80470892} 181816 : { BUY 5405.46@0.80470892} 181815 : { SELL 19503.24@0.8079342} 181814 : { SELL 19503.24@0.8079342} 
Thu Nov 27 03:04:13 EST 2014 , 4 , 2 , 2 , 181817 : { BUY 5405.46@0.80470892} 181816 : { BUY 5405.46@0.80470892} 181815 : { SELL 19503.24@0.8079342} 181814 : { SELL 19503.24@0.8079342} 
Thu Nov 27 03:07:14 EST 2014 , 4 , 2 , 2 , 181817 : { BUY 5405.46@0.80470892} 181816 : { BUY 5405.46@0.80470892} 181815 : { SELL 19503.24@0.8079342} 181814 : { SELL 19503.24@0.8079342} 
Thu Nov 27 03:10:15 EST 2014 , 4 , 2 , 2 , 181817 : { BUY 5405.46@0.80470892} 181816 : { BUY 5405.46@0.80470892} 181815 : { SELL 19503.24@0.8079342} 181814 : { SELL 19503.24@0.8079342} 
Thu Nov 27 03:13:16 EST 2014 , 4 , 2 , 2 , 181817 : { BUY 5405.46@0.80470892} 181816 : { BUY 5405.46@0.80470892} 181815 : { SELL 19503.24@0.8079342} 181814 : { SELL 19503.24@0.8079342} 
Thu Nov 27 03:16:17 EST 2014 , 4 , 2 , 2 , 181817 : { BUY 5405.46@0.80470892} 181816 : { BUY 5405.46@0.80470892} 181815 : { SELL 19503.24@0.8079342} 181814 : { SELL 19503.24@0.8079342} 
Thu Nov 27 03:19:18 EST 2014 , 4 , 2 , 2 , 181817 : { BUY 5405.46@0.80470892} 181816 : { BUY 5405.46@0.80470892} 181815 : { SELL 19503.24@0.8079342} 181814 : { SELL 19503.24@0.8079342} 
Thu Nov 27 03:22:19 EST 2014 , 4 , 2 , 2 , 181817 : { BUY 5405.46@0.80470892} 181816 : { BUY 5405.46@0.80470892} 181815 : { SELL 19503.24@0.8079342} 181814 : { SELL 19503.24@0.8079342} 
Thu Nov 27 03:25:20 EST 2014 , 4 , 2 , 2 , 181817 : { BUY 5405.46@0.80470892} 181816 : { BUY 5405.46@0.80470892} 181815 : { SELL 19503.24@0.8079342} 181814 : { SELL 19503.24@0.8079342} 
Thu Nov 27 03:28:21 EST 2014 , 4 , 2 , 2 , 181817 : { BUY 5405.46@0.80470892} 181816 : { BUY 5405.46@0.80470892} 181815 : { SELL 19503.24@0.8079342} 181814 : { SELL 19503.24@0.8079342} 
Thu Nov 27 03:31:22 EST 2014 , 4 , 2 , 2 , 181817 : { BUY 5405.46@0.80470892} 181816 : { BUY 5405.46@0.80470892} 181815 : { SELL 19503.24@0.8079342} 181814 : { SELL 19503.24@0.8079342} 
Thu Nov 27 03:34:23 EST 2014 , 4 , 2 , 2 , 181817 : { BUY 5405.46@0.80470892} 181816 : { BUY 5405.46@0.80470892} 181815 : { SELL 19503.24@0.8079342} 181814 : { SELL 19503.24@0.8079342} 
Thu Nov 27 03:37:24 EST 2014 , 4 , 2 , 2 , 181817 : { BUY 5405.46@0.80470892} 181816 : { BUY 5405.46@0.80470892} 181815 : { SELL 19503.24@0.8079342} 181814 : { SELL 19503.24@0.8079342} 
Thu Nov 27 03:40:25 EST 2014 , 4 , 2 , 2 , 181817 : { BUY 5405.46@0.80470892} 181816 : { BUY 5405.46@0.80470892} 181815 : { SELL 19503.24@0.8079342} 181814 : { SELL 19503.24@0.8079342} 
Thu Nov 27 03:43:26 EST 2014 , 4 , 2 , 2 , 181817 : { BUY 5405.46@0.80470892} 181816 : { BUY 5405.46@0.80470892} 181815 : { SELL 19503.24@0.8079342} 181814 : { SELL 19503.24@0.8079342} 
Thu Nov 27 03:46:27 EST 2014 , 4 , 2 , 2 , 181817 : { BUY 5405.46@0.80470892} 181816 : { BUY 5405.46@0.80470892} 181815 : { SELL 19503.24@0.8079342} 181814 : { SELL 19503.24@0.8079342} 
Thu Nov 27 03:49:28 EST 2014 , 4 , 2 , 2 , 181817 : { BUY 5405.46@0.80470892} 181816 : { BUY 5405.46@0.80470892} 181815 : { SELL 19503.24@0.8079342} 181814 : { SELL 19503.24@0.8079342} 
Thu Nov 27 03:52:29 EST 2014 , 4 , 2 , 2 , 181817 : { BUY 5405.46@0.80470892} 181816 : { BUY 5405.46@0.80470892} 181815 : { SELL 19503.24@0.8079342} 181814 : { SELL 19503.24@0.8079342} 
Thu Nov 27 03:55:30 EST 2014 , 4 , 2 , 2 , 181817 : { BUY 5405.46@0.80470892} 181816 : { BUY 5405.46@0.80470892} 181815 : { SELL 19503.24@0.8079342} 181814 : { SELL 19503.24@0.8079342} 
Thu Nov 27 03:58:31 EST 2014 , 4 , 2 , 2 , 181817 : { BUY 5405.46@0.80470892} 181816 : { BUY 5405.46@0.80470892} 181815 : { SELL 19503.24@0.8079342} 181814 : { SELL 19503.24@0.8079342} 
Thu Nov 27 04:01:32 EST 2014 , 4 , 2 , 2 , 181817 : { BUY 5405.46@0.80470892} 181816 : { BUY 5405.46@0.80470892} 181815 : { SELL 19503.24@0.8079342} 181814 : { SELL 19503.24@0.8079342} 
Thu Nov 27 04:04:33 EST 2014 , 4 , 2 , 2 , 181817 : { BUY 5405.46@0.80470892} 181816 : { BUY 5405.46@0.80470892} 181815 : { SELL 19503.24@0.8079342} 181814 : { SELL 19503.24@0.8079342} 
Thu Nov 27 04:07:34 EST 2014 , 4 , 2 , 2 , 181817 : { BUY 5405.46@0.80470892} 181816 : { BUY 5405.46@0.80470892} 181815 : { SELL 19503.24@0.8079342} 181814 : { SELL 19503.24@0.8079342} 
Thu Nov 27 04:10:35 EST 2014 , 4 , 2 , 2 , 181817 : { BUY 5405.46@0.80470892} 181816 : { BUY 5405.46@0.80470892} 181815 : { SELL 19503.24@0.8079342} 181814 : { SELL 19503.24@0.8079342} 
Thu Nov 27 04:13:36 EST 2014 , 4 , 2 , 2 , 181817 : { BUY 5405.46@0.80470892} 181816 : { BUY 5405.46@0.80470892} 181815 : { SELL 19503.24@0.8079342} 181814 : { SELL 19503.24@0.8079342} 
Thu Nov 27 04:16:37 EST 2014 , 4 , 2 , 2 , 181817 : { BUY 5405.46@0.80470892} 181816 : { BUY 5405.46@0.80470892} 181815 : { SELL 19503.24@0.8079342} 181814 : { SELL 19503.24@0.8079342} 
Thu Nov 27 04:19:38 EST 2014 , 4 , 2 , 2 , 181817 : { BUY 5405.46@0.80470892} 181816 : { BUY 5405.46@0.80470892} 181815 : { SELL 19503.24@0.8079342} 181814 : { SELL 19503.24@0.8079342} 
Thu Nov 27 04:22:39 EST 2014 , 4 , 2 , 2 , 181817 : { BUY 5405.46@0.80470892} 181816 : { BUY 5405.46@0.80470892} 181815 : { SELL 19503.24@0.8079342} 181814 : { SELL 19503.24@0.8079342} 
Thu Nov 27 04:25:40 EST 2014 , 4 , 2 , 2 , 181817 : { BUY 5405.46@0.80470892} 181816 : { BUY 5405.46@0.80470892} 181815 : { SELL 19503.24@0.8079342} 181814 : { SELL 19503.24@0.8079342} 
Thu Nov 27 04:28:41 EST 2014 , 4 , 2 , 2 , 181817 : { BUY 5405.46@0.80470892} 181816 : { BUY 5405.46@0.80470892} 181815 : { SELL 19503.24@0.8079342} 181814 : { SELL 19503.24@0.8079342} 
Thu Nov 27 04:31:42 EST 2014 , 4 , 2 , 2 , 181817 : { BUY 5405.46@0.80470892} 181816 : { BUY 5405.46@0.80470892} 181815 : { SELL 19503.24@0.8079342} 181814 : { SELL 19503.24@0.8079342} 
Thu Nov 27 04:34:43 EST 2014 , 4 , 2 , 2 , 181817 : { BUY 5405.46@0.80470892} 181816 : { BUY 5405.46@0.80470892} 181815 : { SELL 19503.24@0.8079342} 181814 : { SELL 19503.24@0.8079342} 
Thu Nov 27 04:37:44 EST 2014 , 4 , 2 , 2 , 181817 : { BUY 5405.46@0.80470892} 181816 : { BUY 5405.46@0.80470892} 181815 : { SELL 19503.24@0.8079342} 181814 : { SELL 19503.24@0.8079342} 
Thu Nov 27 04:40:45 EST 2014 , 4 , 2 , 2 , 181817 : { BUY 5405.46@0.80470892} 181816 : { BUY 5405.46@0.80470892} 181815 : { SELL 19503.24@0.8079342} 181814 : { SELL 19503.24@0.8079342} 
Thu Nov 27 04:43:46 EST 2014 , 4 , 2 , 2 , 181817 : { BUY 5405.46@0.80470892} 181816 : { BUY 5405.46@0.80470892} 181815 : { SELL 19503.24@0.8079342} 181814 : { SELL 19503.24@0.8079342} 
Thu Nov 27 04:46:47 EST 2014 , 4 , 2 , 2 , 181817 : { BUY 5405.46@0.80470892} 181816 : { BUY 5405.46@0.80470892} 181815 : { SELL 19503.24@0.8079342} 181814 : { SELL 19503.24@0.8079342} 
Thu Nov 27 04:49:48 EST 2014 , 4 , 2 , 2 , 181817 : { BUY 5405.46@0.80470892} 181816 : { BUY 5405.46@0.80470892} 181815 : { SELL 19503.24@0.8079342} 181814 : { SELL 19503.24@0.8079342} 
Thu Nov 27 04:52:49 EST 2014 , 4 , 2 , 2 , 181817 : { BUY 5405.46@0.80470892} 181816 : { BUY 5405.46@0.80470892} 181815 : { SELL 19503.24@0.8079342} 181814 : { SELL 19503.24@0.8079342} 
Thu Nov 27 04:55:50 EST 2014 , 4 , 2 , 2 , 181817 : { BUY 5405.46@0.80470892} 181816 : { BUY 5405.46@0.80470892} 181815 : { SELL 19503.24@0.8079342} 181814 : { SELL 19503.24@0.8079342} 
Thu Nov 27 04:58:51 EST 2014 , 4 , 2 , 2 , 181817 : { BUY 5405.46@0.80470892} 181816 : { BUY 5405.46@0.80470892} 181815 : { SELL 19503.24@0.8079342} 181814 : { SELL 19503.24@0.8079342} 
Thu Nov 27 05:01:52 EST 2014 , 4 , 2 , 2 , 181817 : { BUY 5405.46@0.80470892} 181816 : { BUY 5405.46@0.80470892} 181815 : { SELL 19503.24@0.8079342} 181814 : { SELL 19503.24@0.8079342} 
Thu Nov 27 05:04:53 EST 2014 , 4 , 2 , 2 , 181817 : { BUY 5405.46@0.80470892} 181816 : { BUY 5405.46@0.80470892} 181815 : { SELL 19503.24@0.8079342} 181814 : { SELL 19503.24@0.8079342} 
Thu Nov 27 05:07:54 EST 2014 , 4 , 2 , 2 , 181817 : { BUY 5405.46@0.80470892} 181816 : { BUY 5405.46@0.80470892} 181815 : { SELL 19503.24@0.8079342} 181814 : { SELL 19503.24@0.8079342} 
Thu Nov 27 05:10:55 EST 2014 , 4 , 2 , 2 , 181817 : { BUY 5405.46@0.80470892} 181816 : { BUY 5405.46@0.80470892} 181815 : { SELL 19503.24@0.8079342} 181814 : { SELL 19503.24@0.8079342} 
Thu Nov 27 05:13:56 EST 2014 , 4 , 2 , 2 , 181817 : { BUY 5405.46@0.80470892} 181816 : { BUY 5405.46@0.80470892} 181815 : { SELL 19503.24@0.8079342} 181814 : { SELL 19503.24@0.8079342} 
Thu Nov 27 05:16:57 EST 2014 , 4 , 2 , 2 , 181817 : { BUY 5405.46@0.80470892} 181816 : { BUY 5405.46@0.80470892} 181815 : { SELL 19503.24@0.8079342} 181814 : { SELL 19503.24@0.8079342} 
Thu Nov 27 05:19:58 EST 2014 , 4 , 2 , 2 , 181817 : { BUY 5405.46@0.80470892} 181816 : { BUY 5405.46@0.80470892} 181815 : { SELL 19503.24@0.8079342} 181814 : { SELL 19503.24@0.8079342} 
Thu Nov 27 05:22:59 EST 2014 , 4 , 2 , 2 , 181817 : { BUY 5405.46@0.80470892} 181816 : { BUY 5405.46@0.80470892} 181815 : { SELL 19503.24@0.8079342} 181814 : { SELL 19503.24@0.8079342} 
Thu Nov 27 05:26:00 EST 2014 , 4 , 2 , 2 , 181817 : { BUY 5405.46@0.80470892} 181816 : { BUY 5405.46@0.80470892} 181815 : { SELL 19503.24@0.8079342} 181814 : { SELL 19503.24@0.8079342} 
Thu Nov 27 05:29:01 EST 2014 , 4 , 2 , 2 , 181817 : { BUY 5405.46@0.80470892} 181816 : { BUY 5405.46@0.80470892} 181815 : { SELL 19503.24@0.8079342} 181814 : { SELL 19503.24@0.8079342} 
Thu Nov 27 05:32:02 EST 2014 , 4 , 2 , 2 , 181817 : { BUY 5405.46@0.80470892} 181816 : { BUY 5405.46@0.80470892} 181815 : { SELL 19503.24@0.8079342} 181814 : { SELL 19503.24@0.8079342} 
Thu Nov 27 05:35:03 EST 2014 , 4 , 2 , 2 , 181817 : { BUY 5405.46@0.80470892} 181816 : { BUY 5405.46@0.80470892} 181815 : { SELL 19503.24@0.8079342} 181814 : { SELL 19503.24@0.8079342} 
Thu Nov 27 05:38:04 EST 2014 , 4 , 2 , 2 , 181817 : { BUY 5405.46@0.80470892} 181816 : { BUY 5405.46@0.80470892} 181815 : { SELL 19503.24@0.8079342} 181814 : { SELL 19503.24@0.8079342} 
Thu Nov 27 05:41:05 EST 2014 , 4 , 2 , 2 , 181817 : { BUY 5405.46@0.80470892} 181816 : { BUY 5405.46@0.80470892} 181815 : { SELL 19503.24@0.8079342} 181814 : { SELL 19503.24@0.8079342} 
Thu Nov 27 05:44:06 EST 2014 , 4 , 2 , 2 , 181817 : { BUY 5405.46@0.80470892} 181816 : { BUY 5405.46@0.80470892} 181815 : { SELL 19503.24@0.8079342} 181814 : { SELL 19503.24@0.8079342} 
Thu Nov 27 05:47:07 EST 2014 , 4 , 2 , 2 , 181817 : { BUY 5405.46@0.80470892} 181816 : { BUY 5405.46@0.80470892} 181815 : { SELL 19503.24@0.8079342} 181814 : { SELL 19503.24@0.8079342} 
Thu Nov 27 05:50:08 EST 2014 , 4 , 2 , 2 , 181817 : { BUY 5405.46@0.80470892} 181816 : { BUY 5405.46@0.80470892} 181815 : { SELL 19503.24@0.8079342} 181814 : { SELL 19503.24@0.8079342} 
Thu Nov 27 05:53:09 EST 2014 , 4 , 2 , 2 , 181817 : { BUY 5405.46@0.80470892} 181816 : { BUY 5405.46@0.80470892} 181815 : { SELL 19503.24@0.8079342} 181814 : { SELL 19503.24@0.8079342} 
Thu Nov 27 05:56:10 EST 2014 , 4 , 2 , 2 , 181817 : { BUY 5405.46@0.80470892} 181816 : { BUY 5405.46@0.80470892} 181815 : { SELL 19503.24@0.8079342} 181814 : { SELL 19503.24@0.8079342} 
Thu Nov 27 05:59:11 EST 2014 , 4 , 2 , 2 , 181817 : { BUY 5405.46@0.80470892} 181816 : { BUY 5405.46@0.80470892} 181815 : { SELL 19503.24@0.8079342} 181814 : { SELL 19503.24@0.8079342} 
Thu Nov 27 06:02:12 EST 2014 , 4 , 2 , 2 , 181817 : { BUY 5405.46@0.80470892} 181816 : { BUY 5405.46@0.80470892} 181815 : { SELL 19503.24@0.8079342} 181814 : { SELL 19503.24@0.8079342} 
Thu Nov 27 06:05:13 EST 2014 , 4 , 2 , 2 , 181817 : { BUY 5405.46@0.80470892} 181816 : { BUY 5405.46@0.80470892} 181815 : { SELL 19503.24@0.8079342} 181814 : { SELL 19503.24@0.8079342} 
Thu Nov 27 06:08:14 EST 2014 , 4 , 2 , 2 , 181817 : { BUY 5405.46@0.80470892} 181816 : { BUY 5405.46@0.80470892} 181815 : { SELL 19503.24@0.8079342} 181814 : { SELL 19503.24@0.8079342} 
Thu Nov 27 06:11:15 EST 2014 , 4 , 2 , 2 , 181817 : { BUY 5405.46@0.80470892} 181816 : { BUY 5405.46@0.80470892} 181815 : { SELL 19503.24@0.8079342} 181814 : { SELL 19503.24@0.8079342} 
Thu Nov 27 06:14:16 EST 2014 , 4 , 2 , 2 , 181817 : { BUY 5405.46@0.80470892} 181816 : { BUY 5405.46@0.80470892} 181815 : { SELL 19503.24@0.8079342} 181814 : { SELL 19503.24@0.8079342} 
Thu Nov 27 06:17:17 EST 2014 , 4 , 2 , 2 , 181817 : { BUY 5405.46@0.80470892} 181816 : { BUY 5405.46@0.80470892} 181815 : { SELL 19503.24@0.8079342} 181814 : { SELL 19503.24@0.8079342} 
Thu Nov 27 06:20:18 EST 2014 , 4 , 2 , 2 , 181817 : { BUY 5405.46@0.80470892} 181816 : { BUY 5405.46@0.80470892} 181815 : { SELL 19503.24@0.8079342} 181814 : { SELL 19503.24@0.8079342} 
Thu Nov 27 06:23:20 EST 2014 , 4 , 2 , 2 , 181817 : { BUY 5405.46@0.80470892} 181816 : { BUY 5405.46@0.80470892} 181815 : { SELL 19503.24@0.8079342} 181814 : { SELL 19503.24@0.8079342} 
Thu Nov 27 06:26:20 EST 2014 , 4 , 2 , 2 , 181817 : { BUY 5405.46@0.80470892} 181816 : { BUY 5405.46@0.80470892} 181815 : { SELL 19503.24@0.8079342} 181814 : { SELL 19503.24@0.8079342} 
Thu Nov 27 06:29:21 EST 2014 , 4 , 2 , 2 , 181817 : { BUY 5405.46@0.80470892} 181816 : { BUY 5405.46@0.80470892} 181815 : { SELL 19503.24@0.8079342} 181814 : { SELL 19503.24@0.8079342} 
Thu Nov 27 06:32:22 EST 2014 , 4 , 2 , 2 , 181817 : { BUY 5405.46@0.80470892} 181816 : { BUY 5405.46@0.80470892} 181815 : { SELL 19503.24@0.8079342} 181814 : { SELL 19503.24@0.8079342} 
Thu Nov 27 06:35:23 EST 2014 , 4 , 2 , 2 , 181817 : { BUY 5405.46@0.80470892} 181816 : { BUY 5405.46@0.80470892} 181815 : { SELL 19503.24@0.8079342} 181814 : { SELL 19503.24@0.8079342} 
Thu Nov 27 06:38:24 EST 2014 , 4 , 2 , 2 , 181817 : { BUY 5405.46@0.80470892} 181816 : { BUY 5405.46@0.80470892} 181815 : { SELL 19503.24@0.8079342} 181814 : { SELL 19503.24@0.8079342} 
Thu Nov 27 06:41:25 EST 2014 , 4 , 2 , 2 , 181817 : { BUY 5405.46@0.80470892} 181816 : { BUY 5405.46@0.80470892} 181815 : { SELL 19503.24@0.8079342} 181814 : { SELL 19503.24@0.8079342} 
Thu Nov 27 06:44:26 EST 2014 , 4 , 2 , 2 , 181817 : { BUY 5405.46@0.80470892} 181816 : { BUY 5405.46@0.80470892} 181815 : { SELL 19503.24@0.8079342} 181814 : { SELL 19503.24@0.8079342} 
Thu Nov 27 06:47:27 EST 2014 , 4 , 2 , 2 , 181817 : { BUY 5405.46@0.80470892} 181816 : { BUY 5405.46@0.80470892} 181815 : { SELL 19503.24@0.8079342} 181814 : { SELL 19503.24@0.8079342} 
Thu Nov 27 06:50:28 EST 2014 , 4 , 2 , 2 , 181817 : { BUY 5405.46@0.80470892} 181816 : { BUY 5405.46@0.80470892} 181815 : { SELL 19503.24@0.8079342} 181814 : { SELL 19503.24@0.8079342} 
Thu Nov 27 06:53:29 EST 2014 , 4 , 2 , 2 , 181817 : { BUY 5405.46@0.80470892} 181816 : { BUY 5405.46@0.80470892} 181815 : { SELL 19503.24@0.8079342} 181814 : { SELL 19503.24@0.8079342} 
Thu Nov 27 06:56:30 EST 2014 , 4 , 2 , 2 , 181817 : { BUY 5405.46@0.80470892} 181816 : { BUY 5405.46@0.80470892} 181815 : { SELL 19503.24@0.8079342} 181814 : { SELL 19503.24@0.8079342} 
Thu Nov 27 06:59:31 EST 2014 , 4 , 2 , 2 , 181817 : { BUY 5405.46@0.80470892} 181816 : { BUY 5405.46@0.80470892} 181815 : { SELL 19503.24@0.8079342} 181814 : { SELL 19503.24@0.8079342} 
Thu Nov 27 07:02:32 EST 2014 , 4 , 2 , 2 , 181817 : { BUY 5405.46@0.80470892} 181816 : { BUY 5405.46@0.80470892} 181815 : { SELL 19503.24@0.8079342} 181814 : { SELL 19503.24@0.8079342} 
Thu Nov 27 07:05:33 EST 2014 , 4 , 2 , 2 , 181817 : { BUY 5405.46@0.80470892} 181816 : { BUY 5405.46@0.80470892} 181815 : { SELL 19503.24@0.8079342} 181814 : { SELL 19503.24@0.8079342} 
Thu Nov 27 07:08:34 EST 2014 , 4 , 2 , 2 , 181817 : { BUY 5405.46@0.80470892} 181816 : { BUY 5405.46@0.80470892} 181815 : { SELL 19503.24@0.8079342} 181814 : { SELL 19503.24@0.8079342} 
Thu Nov 27 07:11:35 EST 2014 , 4 , 2 , 2 , 181817 : { BUY 5405.46@0.80470892} 181816 : { BUY 5405.46@0.80470892} 181815 : { SELL 19503.24@0.8079342} 181814 : { SELL 19503.24@0.8079342} 
Thu Nov 27 07:14:36 EST 2014 , 4 , 2 , 2 , 181817 : { BUY 5405.46@0.80470892} 181816 : { BUY 5405.46@0.80470892} 181815 : { SELL 19503.24@0.8079342} 181814 : { SELL 19503.24@0.8079342} 
Thu Nov 27 07:17:37 EST 2014 , 4 , 2 , 2 , 181817 : { BUY 5405.46@0.80470892} 181816 : { BUY 5405.46@0.80470892} 181815 : { SELL 19503.24@0.8079342} 181814 : { SELL 19503.24@0.8079342} 
Thu Nov 27 07:20:38 EST 2014 , 4 , 2 , 2 , 181817 : { BUY 5405.46@0.80470892} 181816 : { BUY 5405.46@0.80470892} 181815 : { SELL 19503.24@0.8079342} 181814 : { SELL 19503.24@0.8079342} 
Thu Nov 27 07:23:39 EST 2014 , 4 , 2 , 2 , 181817 : { BUY 5405.46@0.80470892} 181816 : { BUY 5405.46@0.80470892} 181815 : { SELL 19503.24@0.8079342} 181814 : { SELL 19503.24@0.8079342} 
Thu Nov 27 07:26:40 EST 2014 , 4 , 2 , 2 , 181817 : { BUY 5405.46@0.80470892} 181816 : { BUY 5405.46@0.80470892} 181815 : { SELL 19503.24@0.8079342} 181814 : { SELL 19503.24@0.8079342} 
Thu Nov 27 07:29:41 EST 2014 , 4 , 2 , 2 , 181817 : { BUY 5405.46@0.80470892} 181816 : { BUY 5405.46@0.80470892} 181815 : { SELL 19503.24@0.8079342} 181814 : { SELL 19503.24@0.8079342} 
Thu Nov 27 07:32:42 EST 2014 , 4 , 2 , 2 , 181817 : { BUY 5405.46@0.80470892} 181816 : { BUY 5405.46@0.80470892} 181815 : { SELL 19503.24@0.8079342} 181814 : { SELL 19503.24@0.8079342} 
Thu Nov 27 07:35:43 EST 2014 , 4 , 2 , 2 , 181817 : { BUY 5405.46@0.80470892} 181816 : { BUY 5405.46@0.80470892} 181815 : { SELL 19503.24@0.8079342} 181814 : { SELL 19503.24@0.8079342} 
Thu Nov 27 07:38:44 EST 2014 , 4 , 2 , 2 , 181817 : { BUY 5405.46@0.80470892} 181816 : { BUY 5405.46@0.80470892} 181815 : { SELL 19503.24@0.8079342} 181814 : { SELL 19503.24@0.8079342} 
Thu Nov 27 07:41:45 EST 2014 , 4 , 2 , 2 , 181817 : { BUY 5405.46@0.80470892} 181816 : { BUY 5405.46@0.80470892} 181815 : { SELL 19503.24@0.8079342} 181814 : { SELL 19503.24@0.8079342} 
Thu Nov 27 07:44:46 EST 2014 , 4 , 2 , 2 , 181817 : { BUY 5405.46@0.80470892} 181816 : { BUY 5405.46@0.80470892} 181815 : { SELL 19503.24@0.8079342} 181814 : { SELL 19503.24@0.8079342} 
Thu Nov 27 07:47:47 EST 2014 , 4 , 2 , 2 , 181817 : { BUY 5405.46@0.80470892} 181816 : { BUY 5405.46@0.80470892} 181815 : { SELL 19503.24@0.8079342} 181814 : { SELL 19503.24@0.8079342} 
Thu Nov 27 07:50:48 EST 2014 , 4 , 2 , 2 , 181817 : { BUY 5405.46@0.80470892} 181816 : { BUY 5405.46@0.80470892} 181815 : { SELL 19503.24@0.8079342} 181814 : { SELL 19503.24@0.8079342} 
Thu Nov 27 07:53:49 EST 2014 , 4 , 2 , 2 , 181817 : { BUY 5405.46@0.80470892} 181816 : { BUY 5405.46@0.80470892} 181815 : { SELL 19503.24@0.8079342} 181814 : { SELL 19503.24@0.8079342} 
Thu Nov 27 07:56:50 EST 2014 , 4 , 2 , 2 , 181817 : { BUY 5405.46@0.80470892} 181816 : { BUY 5405.46@0.80470892} 181815 : { SELL 19503.24@0.8079342} 181814 : { SELL 19503.24@0.8079342} 
Thu Nov 27 07:59:51 EST 2014 , 4 , 2 , 2 , 181817 : { BUY 5405.46@0.80470892} 181816 : { BUY 5405.46@0.80470892} 181815 : { SELL 19503.24@0.8079342} 181814 : { SELL 19503.24@0.8079342} 
Thu Nov 27 08:02:52 EST 2014 , 4 , 2 , 2 , 181817 : { BUY 5405.46@0.80470892} 181816 : { BUY 5405.46@0.80470892} 181815 : { SELL 19503.24@0.8079342} 181814 : { SELL 19503.24@0.8079342} 
Thu Nov 27 08:05:53 EST 2014 , 4 , 2 , 2 , 181817 : { BUY 5405.46@0.80470892} 181816 : { BUY 5405.46@0.80470892} 181815 : { SELL 19503.24@0.8079342} 181814 : { SELL 19503.24@0.8079342} 
Thu Nov 27 08:08:54 EST 2014 , 4 , 2 , 2 , 181817 : { BUY 5405.46@0.80470892} 181816 : { BUY 5405.46@0.80470892} 181815 : { SELL 19503.24@0.8079342} 181814 : { SELL 19503.24@0.8079342} 
Thu Nov 27 08:11:55 EST 2014 , 4 , 2 , 2 , 181817 : { BUY 5405.46@0.80470892} 181816 : { BUY 5405.46@0.80470892} 181815 : { SELL 19503.24@0.8079342} 181814 : { SELL 19503.24@0.8079342} 
Thu Nov 27 08:14:56 EST 2014 , 4 , 2 , 2 , 181817 : { BUY 5405.46@0.80470892} 181816 : { BUY 5405.46@0.80470892} 181815 : { SELL 19503.24@0.8079342} 181814 : { SELL 19503.24@0.8079342} 
Thu Nov 27 08:17:57 EST 2014 , 4 , 2 , 2 , 181817 : { BUY 5405.46@0.80470892} 181816 : { BUY 5405.46@0.80470892} 181815 : { SELL 19503.24@0.8079342} 181814 : { SELL 19503.24@0.8079342} 
Thu Nov 27 08:20:58 EST 2014 , 4 , 2 , 2 , 181817 : { BUY 5405.46@0.80470892} 181816 : { BUY 5405.46@0.80470892} 181815 : { SELL 19503.24@0.8079342} 181814 : { SELL 19503.24@0.8079342} 
Thu Nov 27 08:23:59 EST 2014 , 4 , 2 , 2 , 181817 : { BUY 5405.46@0.80470892} 181816 : { BUY 5405.46@0.80470892} 181815 : { SELL 19503.24@0.8079342} 181814 : { SELL 19503.24@0.8079342} 
Thu Nov 27 08:27:00 EST 2014 , 4 , 2 , 2 , 181817 : { BUY 5405.46@0.80470892} 181816 : { BUY 5405.46@0.80470892} 181815 : { SELL 19503.24@0.8079342} 181814 : { SELL 19503.24@0.8079342} 
Thu Nov 27 08:30:01 EST 2014 , 4 , 2 , 2 , 181817 : { BUY 5405.46@0.80470892} 181816 : { BUY 5405.46@0.80470892} 181815 : { SELL 19503.24@0.8079342} 181814 : { SELL 19503.24@0.8079342} 
Thu Nov 27 08:33:02 EST 2014 , 4 , 2 , 2 , 181817 : { BUY 5405.46@0.80470892} 181816 : { BUY 5405.46@0.80470892} 181815 : { SELL 19503.24@0.8079342} 181814 : { SELL 19503.24@0.8079342} 
Thu Nov 27 08:36:03 EST 2014 , 4 , 2 , 2 , 181817 : { BUY 5405.46@0.80470892} 181816 : { BUY 5405.46@0.80470892} 181815 : { SELL 19503.24@0.8079342} 181814 : { SELL 19503.24@0.8079342} 
Thu Nov 27 08:39:04 EST 2014 , 4 , 2 , 2 , 181817 : { BUY 5405.46@0.80470892} 181816 : { BUY 5405.46@0.80470892} 181815 : { SELL 19503.24@0.8079342} 181814 : { SELL 19503.24@0.8079342} 
Thu Nov 27 08:42:05 EST 2014 , 4 , 2 , 2 , 181817 : { BUY 5405.46@0.80470892} 181816 : { BUY 5405.46@0.80470892} 181815 : { SELL 19503.24@0.8079342} 181814 : { SELL 19503.24@0.8079342} 
Thu Nov 27 08:45:06 EST 2014 , 4 , 2 , 2 , 181817 : { BUY 5405.46@0.80470892} 181816 : { BUY 5405.46@0.80470892} 181815 : { SELL 19503.24@0.8079342} 181814 : { SELL 19503.24@0.8079342} 
Thu Nov 27 08:48:07 EST 2014 , 4 , 2 , 2 , 181817 : { BUY 5405.46@0.80470892} 181816 : { BUY 5405.46@0.80470892} 181815 : { SELL 19503.24@0.8079342} 181814 : { SELL 19503.24@0.8079342} 
Thu Nov 27 08:51:08 EST 2014 , 4 , 2 , 2 , 181817 : { BUY 5405.46@0.80470892} 181816 : { BUY 5405.46@0.80470892} 181815 : { SELL 19503.24@0.8079342} 181814 : { SELL 19503.24@0.8079342} 
Thu Nov 27 08:54:09 EST 2014 , 4 , 2 , 2 , 181817 : { BUY 5405.46@0.80470892} 181816 : { BUY 5405.46@0.80470892} 181815 : { SELL 19503.24@0.8079342} 181814 : { SELL 19503.24@0.8079342} 
Thu Nov 27 08:57:10 EST 2014 , 4 , 2 , 2 , 181817 : { BUY 5405.46@0.80470892} 181816 : { BUY 5405.46@0.80470892} 181815 : { SELL 19503.24@0.8079342} 181814 : { SELL 19503.24@0.8079342} 
Thu Nov 27 09:00:11 EST 2014 , 4 , 2 , 2 , 181817 : { BUY 5405.46@0.80470892} 181816 : { BUY 5405.46@0.80470892} 181815 : { SELL 19503.24@0.8079342} 181814 : { SELL 19503.24@0.8079342} 
Thu Nov 27 09:03:12 EST 2014 , 4 , 2 , 2 , 181817 : { BUY 5405.46@0.80470892} 181816 : { BUY 5405.46@0.80470892} 181815 : { SELL 19503.24@0.8079342} 181814 : { SELL 19503.24@0.8079342} 
Thu Nov 27 09:06:13 EST 2014 , 4 , 2 , 2 , 181817 : { BUY 5405.46@0.80470892} 181816 : { BUY 5405.46@0.80470892} 181815 : { SELL 19503.24@0.8079342} 181814 : { SELL 19503.24@0.8079342} 
Thu Nov 27 09:09:14 EST 2014 , 4 , 2 , 2 , 181817 : { BUY 5405.46@0.80470892} 181816 : { BUY 5405.46@0.80470892} 181815 : { SELL 19503.24@0.8079342} 181814 : { SELL 19503.24@0.8079342} 
Thu Nov 27 09:12:15 EST 2014 , 4 , 2 , 2 , 181817 : { BUY 5405.46@0.80470892} 181816 : { BUY 5405.46@0.80470892} 181815 : { SELL 19503.24@0.8079342} 181814 : { SELL 19503.24@0.8079342} 
Thu Nov 27 09:15:16 EST 2014 , 4 , 2 , 2 , 181817 : { BUY 5405.46@0.80470892} 181816 : { BUY 5405.46@0.80470892} 181815 : { SELL 19503.24@0.8079342} 181814 : { SELL 19503.24@0.8079342} 
Thu Nov 27 09:18:17 EST 2014 , 4 , 2 , 2 , 181817 : { BUY 5405.46@0.80470892} 181816 : { BUY 5405.46@0.80470892} 181815 : { SELL 19503.24@0.8079342} 181814 : { SELL 19503.24@0.8079342} 
Thu Nov 27 09:21:18 EST 2014 , 4 , 2 , 2 , 181817 : { BUY 5405.46@0.80470892} 181816 : { BUY 5405.46@0.80470892} 181815 : { SELL 19503.24@0.8079342} 181814 : { SELL 19503.24@0.8079342} 
Thu Nov 27 09:24:19 EST 2014 , 4 , 2 , 2 , 181817 : { BUY 5405.46@0.80470892} 181816 : { BUY 5405.46@0.80470892} 181815 : { SELL 19503.24@0.8079342} 181814 : { SELL 19503.24@0.8079342} 
Thu Nov 27 09:27:20 EST 2014 , 4 , 2 , 2 , 181817 : { BUY 5405.46@0.80470892} 181816 : { BUY 5405.46@0.80470892} 181815 : { SELL 19503.24@0.8079342} 181814 : { SELL 19503.24@0.8079342} 
Thu Nov 27 09:30:21 EST 2014 , 4 , 2 , 2 , 181817 : { BUY 5405.46@0.80470892} 181816 : { BUY 5405.46@0.80470892} 181815 : { SELL 19503.24@0.8079342} 181814 : { SELL 19503.24@0.8079342} 
Thu Nov 27 09:33:22 EST 2014 , 4 , 2 , 2 , 181817 : { BUY 5405.46@0.80470892} 181816 : { BUY 5405.46@0.80470892} 181815 : { SELL 19503.24@0.8079342} 181814 : { SELL 19503.24@0.8079342} 
Thu Nov 27 09:36:23 EST 2014 , 4 , 2 , 2 , 181817 : { BUY 5405.46@0.80470892} 181816 : { BUY 5405.46@0.80470892} 181815 : { SELL 19503.24@0.8079342} 181814 : { SELL 19503.24@0.8079342} 
Thu Nov 27 09:39:24 EST 2014 , 4 , 2 , 2 , 181817 : { BUY 5405.46@0.80470892} 181816 : { BUY 5405.46@0.80470892} 181815 : { SELL 19503.24@0.8079342} 181814 : { SELL 19503.24@0.8079342} 
Thu Nov 27 09:42:25 EST 2014 , 4 , 2 , 2 , 181817 : { BUY 5405.46@0.80470892} 181816 : { BUY 5405.46@0.80470892} 181815 : { SELL 19503.24@0.8079342} 181814 : { SELL 19503.24@0.8079342} 
Thu Nov 27 09:45:26 EST 2014 , 4 , 2 , 2 , 181817 : { BUY 5405.46@0.80470892} 181816 : { BUY 5405.46@0.80470892} 181815 : { SELL 19503.24@0.8079342} 181814 : { SELL 19503.24@0.8079342} 
Thu Nov 27 09:48:27 EST 2014 , 4 , 2 , 2 , 181817 : { BUY 5405.46@0.80470892} 181816 : { BUY 5405.46@0.80470892} 181815 : { SELL 19503.24@0.8079342} 181814 : { SELL 19503.24@0.8079342} 
Thu Nov 27 09:51:28 EST 2014 , 4 , 2 , 2 , 181817 : { BUY 5405.46@0.80470892} 181816 : { BUY 5405.46@0.80470892} 181815 : { SELL 19503.24@0.8079342} 181814 : { SELL 19503.24@0.8079342} 
Thu Nov 27 09:54:29 EST 2014 , 4 , 2 , 2 , 181817 : { BUY 5405.46@0.80470892} 181816 : { BUY 5405.46@0.80470892} 181815 : { SELL 19503.24@0.8079342} 181814 : { SELL 19503.24@0.8079342} 
Thu Nov 27 09:57:30 EST 2014 , 4 , 2 , 2 , 181817 : { BUY 5405.46@0.80470892} 181816 : { BUY 5405.46@0.80470892} 181815 : { SELL 19503.24@0.8079342} 181814 : { SELL 19503.24@0.8079342} 
Thu Nov 27 10:00:31 EST 2014 , 4 , 2 , 2 , 181817 : { BUY 5405.46@0.80470892} 181816 : { BUY 5405.46@0.80470892} 181815 : { SELL 19503.24@0.8079342} 181814 : { SELL 19503.24@0.8079342} 
Thu Nov 27 10:03:32 EST 2014 , 4 , 2 , 2 , 181817 : { BUY 5405.46@0.80470892} 181816 : { BUY 5405.46@0.80470892} 181815 : { SELL 19503.24@0.8079342} 181814 : { SELL 19503.24@0.8079342} 
Thu Nov 27 10:06:33 EST 2014 , 4 , 2 , 2 , 181817 : { BUY 5405.46@0.80470892} 181816 : { BUY 5405.46@0.80470892} 181815 : { SELL 19503.24@0.8079342} 181814 : { SELL 19503.24@0.8079342} 
Thu Nov 27 10:09:34 EST 2014 , 4 , 2 , 2 , 181817 : { BUY 5405.46@0.80470892} 181816 : { BUY 5405.46@0.80470892} 181815 : { SELL 19503.24@0.8079342} 181814 : { SELL 19503.24@0.8079342} 
Thu Nov 27 10:12:35 EST 2014 , 4 , 2 , 2 , 181817 : { BUY 5405.46@0.80470892} 181816 : { BUY 5405.46@0.80470892} 181815 : { SELL 19503.24@0.8079342} 181814 : { SELL 19503.24@0.8079342} 
Thu Nov 27 10:15:36 EST 2014 , 4 , 2 , 2 , 181817 : { BUY 5405.46@0.80470892} 181816 : { BUY 5405.46@0.80470892} 181815 : { SELL 19503.24@0.8079342} 181814 : { SELL 19503.24@0.8079342} 
Thu Nov 27 10:18:37 EST 2014 , 4 , 2 , 2 , 181817 : { BUY 5405.46@0.80470892} 181816 : { BUY 5405.46@0.80470892} 181815 : { SELL 19503.24@0.8079342} 181814 : { SELL 19503.24@0.8079342} 
Thu Nov 27 10:21:38 EST 2014 , 4 , 2 , 2 , 181817 : { BUY 5405.46@0.80470892} 181816 : { BUY 5405.46@0.80470892} 181815 : { SELL 19503.24@0.8079342} 181814 : { SELL 19503.24@0.8079342} 
Thu Nov 27 10:24:39 EST 2014 , 4 , 2 , 2 , 181817 : { BUY 5405.46@0.80470892} 181816 : { BUY 5405.46@0.80470892} 181815 : { SELL 19503.24@0.8079342} 181814 : { SELL 19503.24@0.8079342} 
Thu Nov 27 10:27:40 EST 2014 , 4 , 2 , 2 , 181817 : { BUY 5405.46@0.80470892} 181816 : { BUY 5405.46@0.80470892} 181815 : { SELL 19503.24@0.8079342} 181814 : { SELL 19503.24@0.8079342} 
Thu Nov 27 10:30:41 EST 2014 , 4 , 2 , 2 , 181817 : { BUY 5405.46@0.80470892} 181816 : { BUY 5405.46@0.80470892} 181815 : { SELL 19503.24@0.8079342} 181814 : { SELL 19503.24@0.8079342} 
Thu Nov 27 10:33:42 EST 2014 , 4 , 2 , 2 , 181817 : { BUY 5405.46@0.80470892} 181816 : { BUY 5405.46@0.80470892} 181815 : { SELL 19503.24@0.8079342} 181814 : { SELL 19503.24@0.8079342} 
Thu Nov 27 10:36:43 EST 2014 , 4 , 2 , 2 , 181817 : { BUY 5405.46@0.80470892} 181816 : { BUY 5405.46@0.80470892} 181815 : { SELL 19503.24@0.8079342} 181814 : { SELL 19503.24@0.8079342} 
Thu Nov 27 10:39:44 EST 2014 , 4 , 2 , 2 , 181817 : { BUY 5405.46@0.80470892} 181816 : { BUY 5405.46@0.80470892} 181815 : { SELL 19503.24@0.8079342} 181814 : { SELL 19503.24@0.8079342} 
Thu Nov 27 10:42:45 EST 2014 , 4 , 2 , 2 , 181817 : { BUY 5405.46@0.80470892} 181816 : { BUY 5405.46@0.80470892} 181815 : { SELL 19503.24@0.8079342} 181814 : { SELL 19503.24@0.8079342} 
Thu Nov 27 10:45:46 EST 2014 , 4 , 2 , 2 , 181817 : { BUY 5405.46@0.80470892} 181816 : { BUY 5405.46@0.80470892} 181815 : { SELL 19503.24@0.8079342} 181814 : { SELL 19503.24@0.8079342} 
Thu Nov 27 10:48:47 EST 2014 , 4 , 2 , 2 , 181817 : { BUY 5405.46@0.80470892} 181816 : { BUY 5405.46@0.80470892} 181815 : { SELL 19503.24@0.8079342} 181814 : { SELL 19503.24@0.8079342} 
Thu Nov 27 10:51:48 EST 2014 , 4 , 2 , 2 , 181817 : { BUY 5405.46@0.80470892} 181816 : { BUY 5405.46@0.80470892} 181815 : { SELL 19503.24@0.8079342} 181814 : { SELL 19503.24@0.8079342} 
Thu Nov 27 10:54:49 EST 2014 , 4 , 2 , 2 , 181817 : { BUY 5405.46@0.80470892} 181816 : { BUY 5405.46@0.80470892} 181815 : { SELL 19503.24@0.8079342} 181814 : { SELL 19503.24@0.8079342} 
Thu Nov 27 10:57:50 EST 2014 , 4 , 2 , 2 , 181817 : { BUY 5405.46@0.80470892} 181816 : { BUY 5405.46@0.80470892} 181815 : { SELL 19503.24@0.8079342} 181814 : { SELL 19503.24@0.8079342} 
Thu Nov 27 11:00:51 EST 2014 , 4 , 2 , 2 , 181817 : { BUY 5405.46@0.80470892} 181816 : { BUY 5405.46@0.80470892} 181815 : { SELL 19503.24@0.8079342} 181814 : { SELL 19503.24@0.8079342} 
Thu Nov 27 11:03:52 EST 2014 , 4 , 2 , 2 , 181817 : { BUY 5405.46@0.80470892} 181816 : { BUY 5405.46@0.80470892} 181815 : { SELL 19503.24@0.8079342} 181814 : { SELL 19503.24@0.8079342} 
Thu Nov 27 11:06:53 EST 2014 , 4 , 2 , 2 , 181817 : { BUY 5405.46@0.80470892} 181816 : { BUY 5405.46@0.80470892} 181815 : { SELL 19503.24@0.8079342} 181814 : { SELL 19503.24@0.8079342} 
Thu Nov 27 11:09:54 EST 2014 , 4 , 2 , 2 , 181817 : { BUY 5405.46@0.80470892} 181816 : { BUY 5405.46@0.80470892} 181815 : { SELL 19503.24@0.8079342} 181814 : { SELL 19503.24@0.8079342} 
Thu Nov 27 11:12:55 EST 2014 , 4 , 2 , 2 , 181817 : { BUY 5405.46@0.80470892} 181816 : { BUY 5405.46@0.80470892} 181815 : { SELL 19503.24@0.8079342} 181814 : { SELL 19503.24@0.8079342} 
Thu Nov 27 11:15:56 EST 2014 , 4 , 2 , 2 , 181817 : { BUY 5405.46@0.80470892} 181816 : { BUY 5405.46@0.80470892} 181815 : { SELL 19503.24@0.8079342} 181814 : { SELL 19503.24@0.8079342} 
Thu Nov 27 11:18:57 EST 2014 , 4 , 2 , 2 , 181817 : { BUY 5405.46@0.80470892} 181816 : { BUY 5405.46@0.80470892} 181815 : { SELL 19503.24@0.8079342} 181814 : { SELL 19503.24@0.8079342} 
Thu Nov 27 11:21:58 EST 2014 , 4 , 2 , 2 , 181817 : { BUY 5405.46@0.80470892} 181816 : { BUY 5405.46@0.80470892} 181815 : { SELL 19503.24@0.8079342} 181814 : { SELL 19503.24@0.8079342} 
Thu Nov 27 11:25:00 EST 2014 , 4 , 2 , 2 , 181817 : { BUY 5405.46@0.80470892} 181816 : { BUY 5405.46@0.80470892} 181815 : { SELL 19503.24@0.8079342} 181814 : { SELL 19503.24@0.8079342} 
Thu Nov 27 11:28:00 EST 2014 , 4 , 2 , 2 , 181817 : { BUY 5405.46@0.80470892} 181816 : { BUY 5405.46@0.80470892} 181815 : { SELL 19503.24@0.8079342} 181814 : { SELL 19503.24@0.8079342} 
Thu Nov 27 11:31:01 EST 2014 , 4 , 2 , 2 , 181817 : { BUY 5405.46@0.80470892} 181816 : { BUY 5405.46@0.80470892} 181815 : { SELL 19503.24@0.8079342} 181814 : { SELL 19503.24@0.8079342} 
Thu Nov 27 11:34:02 EST 2014 , 4 , 2 , 2 , 181817 : { BUY 5405.46@0.80470892} 181816 : { BUY 5405.46@0.80470892} 181815 : { SELL 19503.24@0.8079342} 181814 : { SELL 19503.24@0.8079342} 
Thu Nov 27 11:37:03 EST 2014 , 4 , 2 , 2 , 181817 : { BUY 5405.46@0.80470892} 181816 : { BUY 5405.46@0.80470892} 181815 : { SELL 19503.24@0.8079342} 181814 : { SELL 19503.24@0.8079342} 
Thu Nov 27 11:40:04 EST 2014 , 4 , 2 , 2 , 181817 : { BUY 5405.46@0.80470892} 181816 : { BUY 5405.46@0.80470892} 181815 : { SELL 19503.24@0.8079342} 181814 : { SELL 19503.24@0.8079342} 
Thu Nov 27 11:43:05 EST 2014 , 4 , 2 , 2 , 181817 : { BUY 5405.46@0.80470892} 181816 : { BUY 5405.46@0.80470892} 181815 : { SELL 19503.24@0.8079342} 181814 : { SELL 19503.24@0.8079342} 
Thu Nov 27 11:46:06 EST 2014 , 4 , 2 , 2 , 181817 : { BUY 5405.46@0.80470892} 181816 : { BUY 5405.46@0.80470892} 181815 : { SELL 19503.24@0.8079342} 181814 : { SELL 19503.24@0.8079342} 
Thu Nov 27 11:49:07 EST 2014 , 4 , 2 , 2 , 181817 : { BUY 5405.46@0.80470892} 181816 : { BUY 5405.46@0.80470892} 181815 : { SELL 19503.24@0.8079342} 181814 : { SELL 19503.24@0.8079342} 
Thu Nov 27 11:52:08 EST 2014 , 4 , 2 , 2 , 181817 : { BUY 5405.46@0.80470892} 181816 : { BUY 5405.46@0.80470892} 181815 : { SELL 19503.24@0.8079342} 181814 : { SELL 19503.24@0.8079342} 
Thu Nov 27 11:55:09 EST 2014 , 4 , 2 , 2 , 181817 : { BUY 5405.46@0.80470892} 181816 : { BUY 5405.46@0.80470892} 181815 : { SELL 19503.24@0.8079342} 181814 : { SELL 19503.24@0.8079342} 
Thu Nov 27 11:58:10 EST 2014 , 4 , 2 , 2 , 181817 : { BUY 5405.46@0.80470892} 181816 : { BUY 5405.46@0.80470892} 181815 : { SELL 19503.24@0.8079342} 181814 : { SELL 19503.24@0.8079342} 
Thu Nov 27 12:01:11 EST 2014 , 4 , 2 , 2 , 181817 : { BUY 5405.46@0.80470892} 181816 : { BUY 5405.46@0.80470892} 181815 : { SELL 19503.24@0.8079342} 181814 : { SELL 19503.24@0.8079342} 
Thu Nov 27 12:04:12 EST 2014 , 4 , 2 , 2 , 181817 : { BUY 5405.46@0.80470892} 181816 : { BUY 5405.46@0.80470892} 181815 : { SELL 19503.24@0.8079342} 181814 : { SELL 19503.24@0.8079342} 
Thu Nov 27 12:07:13 EST 2014 , 4 , 2 , 2 , 181817 : { BUY 5405.46@0.80470892} 181816 : { BUY 5405.46@0.80470892} 181815 : { SELL 19503.24@0.8079342} 181814 : { SELL 19503.24@0.8079342} 
Thu Nov 27 12:10:14 EST 2014 , 4 , 2 , 2 , 181817 : { BUY 5405.46@0.80470892} 181816 : { BUY 5405.46@0.80470892} 181815 : { SELL 19503.24@0.8079342} 181814 : { SELL 19503.24@0.8079342} 
Thu Nov 27 12:13:15 EST 2014 , 4 , 2 , 2 , 181817 : { BUY 5405.46@0.80470892} 181816 : { BUY 5405.46@0.80470892} 181815 : { SELL 19503.24@0.8079342} 181814 : { SELL 19503.24@0.8079342} 
Thu Nov 27 12:16:16 EST 2014 , 4 , 2 , 2 , 181817 : { BUY 5405.46@0.80470892} 181816 : { BUY 5405.46@0.80470892} 181815 : { SELL 19503.24@0.8079342} 181814 : { SELL 19503.24@0.8079342} 
Thu Nov 27 12:19:17 EST 2014 , 4 , 2 , 2 , 181817 : { BUY 5405.46@0.80470892} 181816 : { BUY 5405.46@0.80470892} 181815 : { SELL 19503.24@0.8079342} 181814 : { SELL 19503.24@0.8079342} 
Thu Nov 27 12:22:18 EST 2014 , 4 , 2 , 2 , 181817 : { BUY 5405.46@0.80470892} 181816 : { BUY 5405.46@0.80470892} 181815 : { SELL 19503.24@0.8079342} 181814 : { SELL 19503.24@0.8079342} 
Thu Nov 27 12:25:19 EST 2014 , 4 , 2 , 2 , 181817 : { BUY 5405.46@0.80470892} 181816 : { BUY 5405.46@0.80470892} 181815 : { SELL 19503.24@0.8079342} 181814 : { SELL 19503.24@0.8079342} 
Thu Nov 27 12:28:20 EST 2014 , 4 , 2 , 2 , 181817 : { BUY 5405.46@0.80470892} 181816 : { BUY 5405.46@0.80470892} 181815 : { SELL 19503.24@0.8079342} 181814 : { SELL 19503.24@0.8079342} 
Thu Nov 27 12:31:21 EST 2014 , 4 , 2 , 2 , 181817 : { BUY 5405.46@0.80470892} 181816 : { BUY 5405.46@0.80470892} 181815 : { SELL 19503.24@0.8079342} 181814 : { SELL 19503.24@0.8079342} 
Thu Nov 27 12:34:22 EST 2014 , 4 , 2 , 2 , 181817 : { BUY 5405.46@0.80470892} 181816 : { BUY 5405.46@0.80470892} 181815 : { SELL 19503.24@0.8079342} 181814 : { SELL 19503.24@0.8079342} 
Thu Nov 27 12:37:23 EST 2014 , 4 , 2 , 2 , 181817 : { BUY 5405.46@0.80470892} 181816 : { BUY 5405.46@0.80470892} 181815 : { SELL 19503.24@0.8079342} 181814 : { SELL 19503.24@0.8079342} 
Thu Nov 27 12:40:24 EST 2014 , 4 , 2 , 2 , 181817 : { BUY 5405.46@0.80470892} 181816 : { BUY 5405.46@0.80470892} 181815 : { SELL 19503.24@0.8079342} 181814 : { SELL 19503.24@0.8079342} 
Thu Nov 27 12:43:25 EST 2014 , 4 , 2 , 2 , 181817 : { BUY 5405.46@0.80470892} 181816 : { BUY 5405.46@0.80470892} 181815 : { SELL 19503.24@0.8079342} 181814 : { SELL 19503.24@0.8079342} 
Thu Nov 27 12:46:26 EST 2014 , 4 , 2 , 2 , 181817 : { BUY 5405.46@0.80470892} 181816 : { BUY 5405.46@0.80470892} 181815 : { SELL 19503.24@0.8079342} 181814 : { SELL 19503.24@0.8079342} 
Thu Nov 27 12:49:27 EST 2014 , 4 , 2 , 2 , 181817 : { BUY 5405.46@0.80470892} 181816 : { BUY 5405.46@0.80470892} 181815 : { SELL 19503.24@0.8079342} 181814 : { SELL 19503.24@0.8079342} 
Thu Nov 27 12:52:28 EST 2014 , 4 , 2 , 2 , 181817 : { BUY 5405.46@0.80470892} 181816 : { BUY 5405.46@0.80470892} 181815 : { SELL 19503.24@0.8079342} 181814 : { SELL 19503.24@0.8079342} 
Thu Nov 27 12:55:29 EST 2014 , 4 , 2 , 2 , 181817 : { BUY 5405.46@0.80470892} 181816 : { BUY 5405.46@0.80470892} 181815 : { SELL 19503.24@0.8079342} 181814 : { SELL 19503.24@0.8079342} 
Thu Nov 27 12:58:30 EST 2014 , 4 , 2 , 2 , 181817 : { BUY 5405.46@0.80470892} 181816 : { BUY 5405.46@0.80470892} 181815 : { SELL 19503.24@0.8079342} 181814 : { SELL 19503.24@0.8079342} 
Thu Nov 27 13:01:31 EST 2014 , 4 , 2 , 2 , 181817 : { BUY 5405.46@0.80470892} 181816 : { BUY 5405.46@0.80470892} 181815 : { SELL 19503.24@0.8079342} 181814 : { SELL 19503.24@0.8079342} 
Thu Nov 27 13:04:32 EST 2014 , 4 , 2 , 2 , 181817 : { BUY 5405.46@0.80470892} 181816 : { BUY 5405.46@0.80470892} 181815 : { SELL 19503.24@0.8079342} 181814 : { SELL 19503.24@0.8079342} 
Thu Nov 27 13:07:33 EST 2014 , 4 , 2 , 2 , 181817 : { BUY 5405.46@0.80470892} 181816 : { BUY 5405.46@0.80470892} 181815 : { SELL 19503.24@0.8079342} 181814 : { SELL 19503.24@0.8079342} 
Thu Nov 27 13:10:34 EST 2014 , 4 , 2 , 2 , 181817 : { BUY 5405.46@0.80470892} 181816 : { BUY 5405.46@0.80470892} 181815 : { SELL 19503.24@0.8079342} 181814 : { SELL 19503.24@0.8079342} 
Thu Nov 27 13:13:35 EST 2014 , 4 , 2 , 2 , 181817 : { BUY 5405.46@0.80470892} 181816 : { BUY 5405.46@0.80470892} 181815 : { SELL 19503.24@0.8079342} 181814 : { SELL 19503.24@0.8079342} 
Thu Nov 27 13:16:36 EST 2014 , 4 , 2 , 2 , 181817 : { BUY 5405.46@0.80470892} 181816 : { BUY 5405.46@0.80470892} 181815 : { SELL 19503.24@0.8079342} 181814 : { SELL 19503.24@0.8079342} 
Thu Nov 27 13:19:37 EST 2014 , 4 , 2 , 2 , 181817 : { BUY 5405.46@0.80470892} 181816 : { BUY 5405.46@0.80470892} 181815 : { SELL 19503.24@0.8079342} 181814 : { SELL 19503.24@0.8079342} 
Thu Nov 27 13:22:38 EST 2014 , 4 , 2 , 2 , 181817 : { BUY 5405.46@0.80470892} 181816 : { BUY 5405.46@0.80470892} 181815 : { SELL 19503.24@0.8079342} 181814 : { SELL 19503.24@0.8079342} 
Thu Nov 27 13:25:39 EST 2014 , 4 , 2 , 2 , 181817 : { BUY 5405.46@0.80470892} 181816 : { BUY 5405.46@0.80470892} 181815 : { SELL 19503.24@0.8079342} 181814 : { SELL 19503.24@0.8079342} 
Thu Nov 27 13:28:40 EST 2014 , 4 , 2 , 2 , 181817 : { BUY 5405.46@0.80470892} 181816 : { BUY 5405.46@0.80470892} 181815 : { SELL 19503.24@0.8079342} 181814 : { SELL 19503.24@0.8079342} 
Thu Nov 27 13:31:41 EST 2014 , 4 , 2 , 2 , 181817 : { BUY 5405.46@0.80470892} 181816 : { BUY 5405.46@0.80470892} 181815 : { SELL 19503.24@0.8079342} 181814 : { SELL 19503.24@0.8079342} 
Thu Nov 27 13:34:42 EST 2014 , 4 , 2 , 2 , 181817 : { BUY 5405.46@0.80470892} 181816 : { BUY 5405.46@0.80470892} 181815 : { SELL 19503.24@0.8079342} 181814 : { SELL 19503.24@0.8079342} 
Thu Nov 27 13:37:43 EST 2014 , 4 , 2 , 2 , 181817 : { BUY 5405.46@0.80470892} 181816 : { BUY 5405.46@0.80470892} 181815 : { SELL 19503.24@0.8079342} 181814 : { SELL 19503.24@0.8079342} 
Thu Nov 27 13:40:44 EST 2014 , 4 , 2 , 2 , 181817 : { BUY 5405.46@0.80470892} 181816 : { BUY 5405.46@0.80470892} 181815 : { SELL 19503.24@0.8079342} 181814 : { SELL 19503.24@0.8079342} 
Thu Nov 27 13:43:45 EST 2014 , 4 , 2 , 2 , 181817 : { BUY 5405.46@0.80470892} 181816 : { BUY 5405.46@0.80470892} 181815 : { SELL 19503.24@0.8079342} 181814 : { SELL 19503.24@0.8079342} 
Thu Nov 27 13:46:46 EST 2014 , 4 , 2 , 2 , 181817 : { BUY 5405.46@0.80470892} 181816 : { BUY 5405.46@0.80470892} 181815 : { SELL 19503.24@0.8079342} 181814 : { SELL 19503.24@0.8079342} 
Thu Nov 27 13:49:47 EST 2014 , 4 , 2 , 2 , 181817 : { BUY 5405.46@0.80470892} 181816 : { BUY 5405.46@0.80470892} 181815 : { SELL 19503.24@0.8079342} 181814 : { SELL 19503.24@0.8079342} 
Thu Nov 27 13:52:48 EST 2014 , 4 , 2 , 2 , 181817 : { BUY 5405.46@0.80470892} 181816 : { BUY 5405.46@0.80470892} 181815 : { SELL 19503.24@0.8079342} 181814 : { SELL 19503.24@0.8079342} 
Thu Nov 27 13:55:49 EST 2014 , 4 , 2 , 2 , 181817 : { BUY 5405.46@0.80470892} 181816 : { BUY 5405.46@0.80470892} 181815 : { SELL 19503.24@0.8079342} 181814 : { SELL 19503.24@0.8079342} 
Thu Nov 27 13:58:50 EST 2014 , 4 , 2 , 2 , 181817 : { BUY 5405.46@0.80470892} 181816 : { BUY 5405.46@0.80470892} 181815 : { SELL 19503.24@0.8079342} 181814 : { SELL 19503.24@0.8079342} 
Thu Nov 27 14:01:52 EST 2014 , 4 , 2 , 2 , 181817 : { BUY 5405.46@0.80470892} 181816 : { BUY 5405.46@0.80470892} 181815 : { SELL 19503.24@0.8079342} 181814 : { SELL 19503.24@0.8079342} 
Thu Nov 27 14:04:52 EST 2014 , 4 , 2 , 2 , 181817 : { BUY 5405.46@0.80470892} 181816 : { BUY 5405.46@0.80470892} 181815 : { SELL 19503.24@0.8079342} 181814 : { SELL 19503.24@0.8079342} 
Thu Nov 27 14:07:53 EST 2014 , 4 , 2 , 2 , 181817 : { BUY 5405.46@0.80470892} 181816 : { BUY 5405.46@0.80470892} 181815 : { SELL 19503.24@0.8079342} 181814 : { SELL 19503.24@0.8079342} 
Thu Nov 27 14:10:54 EST 2014 , 4 , 2 , 2 , 181817 : { BUY 5405.46@0.80470892} 181816 : { BUY 5405.46@0.80470892} 181815 : { SELL 19503.24@0.8079342} 181814 : { SELL 19503.24@0.8079342} 
Thu Nov 27 14:13:55 EST 2014 , 4 , 2 , 2 , 181817 : { BUY 5405.46@0.80470892} 181816 : { BUY 5405.46@0.80470892} 181815 : { SELL 19503.24@0.8079342} 181814 : { SELL 19503.24@0.8079342} 
Thu Nov 27 14:16:56 EST 2014 , 4 , 2 , 2 , 181817 : { BUY 5405.46@0.80470892} 181816 : { BUY 5405.46@0.80470892} 181815 : { SELL 19503.24@0.8079342} 181814 : { SELL 19503.24@0.8079342} 
Thu Nov 27 14:19:57 EST 2014 , 4 , 2 , 2 , 181817 : { BUY 5405.46@0.80470892} 181816 : { BUY 5405.46@0.80470892} 181815 : { SELL 19503.24@0.8079342} 181814 : { SELL 19503.24@0.8079342} 
Thu Nov 27 14:22:58 EST 2014 , 4 , 2 , 2 , 181817 : { BUY 5405.46@0.80470892} 181816 : { BUY 5405.46@0.80470892} 181815 : { SELL 19503.24@0.8079342} 181814 : { SELL 19503.24@0.8079342} 
Thu Nov 27 14:25:59 EST 2014 , 4 , 2 , 2 , 181817 : { BUY 5405.46@0.80470892} 181816 : { BUY 5405.46@0.80470892} 181815 : { SELL 19503.24@0.8079342} 181814 : { SELL 19503.24@0.8079342} 
Thu Nov 27 14:29:00 EST 2014 , 4 , 2 , 2 , 181817 : { BUY 5405.46@0.80470892} 181816 : { BUY 5405.46@0.80470892} 181815 : { SELL 19503.24@0.8079342} 181814 : { SELL 19503.24@0.8079342} 
Thu Nov 27 14:32:01 EST 2014 , 4 , 2 , 2 , 181817 : { BUY 5405.46@0.80470892} 181816 : { BUY 5405.46@0.80470892} 181815 : { SELL 19503.24@0.8079342} 181814 : { SELL 19503.24@0.8079342} 
Thu Nov 27 14:35:02 EST 2014 , 4 , 2 , 2 , 181817 : { BUY 5405.46@0.80470892} 181816 : { BUY 5405.46@0.80470892} 181815 : { SELL 19503.24@0.8079342} 181814 : { SELL 19503.24@0.8079342} 
Thu Nov 27 14:38:03 EST 2014 , 4 , 2 , 2 , 181817 : { BUY 5405.46@0.80470892} 181816 : { BUY 5405.46@0.80470892} 181815 : { SELL 19503.24@0.8079342} 181814 : { SELL 19503.24@0.8079342} 
Thu Nov 27 14:41:04 EST 2014 , 4 , 2 , 2 , 181817 : { BUY 5405.46@0.80470892} 181816 : { BUY 5405.46@0.80470892} 181815 : { SELL 19503.24@0.8079342} 181814 : { SELL 19503.24@0.8079342} 
Thu Nov 27 14:44:05 EST 2014 , 4 , 2 , 2 , 181817 : { BUY 5405.46@0.80470892} 181816 : { BUY 5405.46@0.80470892} 181815 : { SELL 19503.24@0.8079342} 181814 : { SELL 19503.24@0.8079342} 
Thu Nov 27 14:47:06 EST 2014 , 4 , 2 , 2 , 181817 : { BUY 5405.46@0.80470892} 181816 : { BUY 5405.46@0.80470892} 181815 : { SELL 19503.24@0.8079342} 181814 : { SELL 19503.24@0.8079342} 
Thu Nov 27 14:50:07 EST 2014 , 4 , 2 , 2 , 181817 : { BUY 5405.46@0.80470892} 181816 : { BUY 5405.46@0.80470892} 181815 : { SELL 19503.24@0.8079342} 181814 : { SELL 19503.24@0.8079342} 
Thu Nov 27 14:53:08 EST 2014 , 4 , 2 , 2 , 181817 : { BUY 5405.46@0.80470892} 181816 : { BUY 5405.46@0.80470892} 181815 : { SELL 19503.24@0.8079342} 181814 : { SELL 19503.24@0.8079342} 
Thu Nov 27 14:56:09 EST 2014 , 4 , 2 , 2 , 181817 : { BUY 5405.46@0.80470892} 181816 : { BUY 5405.46@0.80470892} 181815 : { SELL 19503.24@0.8079342} 181814 : { SELL 19503.24@0.8079342} 
Thu Nov 27 14:59:10 EST 2014 , 4 , 2 , 2 , 181817 : { BUY 5405.46@0.80470892} 181816 : { BUY 5405.46@0.80470892} 181815 : { SELL 19503.24@0.8079342} 181814 : { SELL 19503.24@0.8079342} 
Thu Nov 27 15:02:11 EST 2014 , 4 , 2 , 2 , 181817 : { BUY 5405.46@0.80470892} 181816 : { BUY 5405.46@0.80470892} 181815 : { SELL 19503.24@0.8079342} 181814 : { SELL 19503.24@0.8079342} 
Thu Nov 27 15:05:12 EST 2014 , 4 , 2 , 2 , 181817 : { BUY 5405.46@0.80470892} 181816 : { BUY 5405.46@0.80470892} 181815 : { SELL 19503.24@0.8079342} 181814 : { SELL 19503.24@0.8079342} 
Thu Nov 27 15:08:13 EST 2014 , 4 , 2 , 2 , 181817 : { BUY 5405.46@0.80470892} 181816 : { BUY 5405.46@0.80470892} 181815 : { SELL 19503.24@0.8079342} 181814 : { SELL 19503.24@0.8079342} 
Thu Nov 27 15:11:14 EST 2014 , 4 , 2 , 2 , 181817 : { BUY 5405.46@0.80470892} 181816 : { BUY 5405.46@0.80470892} 181815 : { SELL 19503.24@0.8079342} 181814 : { SELL 19503.24@0.8079342} 
Thu Nov 27 15:14:15 EST 2014 , 4 , 2 , 2 , 181817 : { BUY 5405.46@0.80470892} 181816 : { BUY 5405.46@0.80470892} 181815 : { SELL 19503.24@0.8079342} 181814 : { SELL 19503.24@0.8079342} 
Thu Nov 27 15:17:16 EST 2014 , 4 , 2 , 2 , 181817 : { BUY 5405.46@0.80470892} 181816 : { BUY 5405.46@0.80470892} 181815 : { SELL 19503.24@0.8079342} 181814 : { SELL 19503.24@0.8079342} 
Thu Nov 27 15:20:17 EST 2014 , 4 , 2 , 2 , 181817 : { BUY 5405.46@0.80470892} 181816 : { BUY 5405.46@0.80470892} 181815 : { SELL 19503.24@0.8079342} 181814 : { SELL 19503.24@0.8079342} 
Thu Nov 27 15:23:18 EST 2014 , 4 , 2 , 2 , 181817 : { BUY 5405.46@0.80470892} 181816 : { BUY 5405.46@0.80470892} 181815 : { SELL 19503.24@0.8079342} 181814 : { SELL 19503.24@0.8079342} 
Thu Nov 27 15:26:19 EST 2014 , 4 , 2 , 2 , 181817 : { BUY 5405.46@0.80470892} 181816 : { BUY 5405.46@0.80470892} 181815 : { SELL 19503.24@0.8079342} 181814 : { SELL 19503.24@0.8079342} 
Thu Nov 27 15:29:20 EST 2014 , 4 , 2 , 2 , 181817 : { BUY 5405.46@0.80470892} 181816 : { BUY 5405.46@0.80470892} 181815 : { SELL 19503.24@0.8079342} 181814 : { SELL 19503.24@0.8079342} 
Thu Nov 27 15:32:21 EST 2014 , 4 , 2 , 2 , 181817 : { BUY 5405.46@0.80470892} 181816 : { BUY 5405.46@0.80470892} 181815 : { SELL 19503.24@0.8079342} 181814 : { SELL 19503.24@0.8079342} 
Thu Nov 27 15:35:22 EST 2014 , 4 , 2 , 2 , 181817 : { BUY 5405.46@0.80470892} 181816 : { BUY 5405.46@0.80470892} 181815 : { SELL 19503.24@0.8079342} 181814 : { SELL 19503.24@0.8079342} 
Thu Nov 27 15:38:23 EST 2014 , 4 , 2 , 2 , 181817 : { BUY 5405.46@0.80470892} 181816 : { BUY 5405.46@0.80470892} 181815 : { SELL 19503.24@0.8079342} 181814 : { SELL 19503.24@0.8079342} 
Thu Nov 27 15:41:24 EST 2014 , 4 , 2 , 2 , 181817 : { BUY 5405.46@0.80470892} 181816 : { BUY 5405.46@0.80470892} 181815 : { SELL 19503.24@0.8079342} 181814 : { SELL 19503.24@0.8079342} 
Thu Nov 27 15:44:25 EST 2014 , 4 , 2 , 2 , 181817 : { BUY 5405.46@0.80470892} 181816 : { BUY 5405.46@0.80470892} 181815 : { SELL 19503.24@0.8079342} 181814 : { SELL 19503.24@0.8079342} 
Thu Nov 27 15:47:26 EST 2014 , 4 , 2 , 2 , 181817 : { BUY 5405.46@0.80470892} 181816 : { BUY 5405.46@0.80470892} 181815 : { SELL 19503.24@0.8079342} 181814 : { SELL 19503.24@0.8079342} 
Thu Nov 27 15:50:27 EST 2014 , 4 , 2 , 2 , 181817 : { BUY 5405.46@0.80470892} 181816 : { BUY 5405.46@0.80470892} 181815 : { SELL 19503.24@0.8079342} 181814 : { SELL 19503.24@0.8079342} 
Thu Nov 27 15:53:28 EST 2014 , 4 , 2 , 2 , 181817 : { BUY 5405.46@0.80470892} 181816 : { BUY 5405.46@0.80470892} 181815 : { SELL 19503.24@0.8079342} 181814 : { SELL 19503.24@0.8079342} 
Thu Nov 27 15:56:29 EST 2014 , 4 , 2 , 2 , 181817 : { BUY 5405.46@0.80470892} 181816 : { BUY 5405.46@0.80470892} 181815 : { SELL 19503.24@0.8079342} 181814 : { SELL 19503.24@0.8079342} 
Thu Nov 27 15:59:30 EST 2014 , 4 , 2 , 2 , 181817 : { BUY 5405.46@0.80470892} 181816 : { BUY 5405.46@0.80470892} 181815 : { SELL 19503.24@0.8079342} 181814 : { SELL 19503.24@0.8079342} 
Thu Nov 27 16:02:31 EST 2014 , 4 , 2 , 2 , 181817 : { BUY 5405.46@0.80470892} 181816 : { BUY 5405.46@0.80470892} 181815 : { SELL 19503.24@0.8079342} 181814 : { SELL 19503.24@0.8079342} 
Thu Nov 27 16:05:32 EST 2014 , 4 , 2 , 2 , 181817 : { BUY 5405.46@0.80470892} 181816 : { BUY 5405.46@0.80470892} 181815 : { SELL 19503.24@0.8079342} 181814 : { SELL 19503.24@0.8079342} 
Thu Nov 27 16:08:33 EST 2014 , 4 , 2 , 2 , 181817 : { BUY 5405.46@0.80470892} 181816 : { BUY 5405.46@0.80470892} 181815 : { SELL 19503.24@0.8079342} 181814 : { SELL 19503.24@0.8079342} 
Thu Nov 27 16:11:34 EST 2014 , 4 , 2 , 2 , 181817 : { BUY 5405.46@0.80470892} 181816 : { BUY 5405.46@0.80470892} 181815 : { SELL 19503.24@0.8079342} 181814 : { SELL 19503.24@0.8079342} 
Thu Nov 27 16:14:35 EST 2014 , 4 , 2 , 2 , 181817 : { BUY 5405.46@0.80470892} 181816 : { BUY 5405.46@0.80470892} 181815 : { SELL 19503.24@0.8079342} 181814 : { SELL 19503.24@0.8079342} 
Thu Nov 27 16:17:36 EST 2014 , 4 , 2 , 2 , 181817 : { BUY 5405.46@0.80470892} 181816 : { BUY 5405.46@0.80470892} 181815 : { SELL 19503.24@0.8079342} 181814 : { SELL 19503.24@0.8079342} 
Thu Nov 27 16:20:37 EST 2014 , 4 , 2 , 2 , 181817 : { BUY 5405.46@0.80470892} 181816 : { BUY 5405.46@0.80470892} 181815 : { SELL 19503.24@0.8079342} 181814 : { SELL 19503.24@0.8079342} 
Thu Nov 27 16:23:38 EST 2014 , 4 , 2 , 2 , 181817 : { BUY 5405.46@0.80470892} 181816 : { BUY 5405.46@0.80470892} 181815 : { SELL 19503.24@0.8079342} 181814 : { SELL 19503.24@0.8079342} 
Thu Nov 27 16:26:40 EST 2014 , 4 , 2 , 2 , 181817 : { BUY 5405.46@0.80470892} 181816 : { BUY 5405.46@0.80470892} 181815 : { SELL 19503.24@0.8079342} 181814 : { SELL 19503.24@0.8079342} 
Thu Nov 27 16:29:40 EST 2014 , 4 , 2 , 2 , 181817 : { BUY 5405.46@0.80470892} 181816 : { BUY 5405.46@0.80470892} 181815 : { SELL 19503.24@0.8079342} 181814 : { SELL 19503.24@0.8079342} 
Thu Nov 27 16:32:41 EST 2014 , 4 , 2 , 2 , 181817 : { BUY 5405.46@0.80470892} 181816 : { BUY 5405.46@0.80470892} 181815 : { SELL 19503.24@0.8079342} 181814 : { SELL 19503.24@0.8079342} 
Thu Nov 27 16:35:42 EST 2014 , 4 , 2 , 2 , 181817 : { BUY 5405.46@0.80470892} 181816 : { BUY 5405.46@0.80470892} 181815 : { SELL 19503.24@0.8079342} 181814 : { SELL 19503.24@0.8079342} 
Thu Nov 27 16:38:43 EST 2014 , 4 , 2 , 2 , 181817 : { BUY 5405.46@0.80470892} 181816 : { BUY 5405.46@0.80470892} 181815 : { SELL 19503.24@0.8079342} 181814 : { SELL 19503.24@0.8079342} 
Thu Nov 27 16:41:44 EST 2014 , 4 , 2 , 2 , 181817 : { BUY 5405.46@0.80470892} 181816 : { BUY 5405.46@0.80470892} 181815 : { SELL 19503.24@0.8079342} 181814 : { SELL 19503.24@0.8079342} 
Thu Nov 27 16:44:45 EST 2014 , 4 , 2 , 2 , 181817 : { BUY 5405.46@0.80470892} 181816 : { BUY 5405.46@0.80470892} 181815 : { SELL 19503.24@0.8079342} 181814 : { SELL 19503.24@0.8079342} 
Thu Nov 27 16:47:46 EST 2014 , 4 , 2 , 2 , 181817 : { BUY 5405.46@0.80470892} 181816 : { BUY 5405.46@0.80470892} 181815 : { SELL 19503.24@0.8079342} 181814 : { SELL 19503.24@0.8079342} 
Thu Nov 27 16:50:47 EST 2014 , 4 , 2 , 2 , 181817 : { BUY 5405.46@0.80470892} 181816 : { BUY 5405.46@0.80470892} 181815 : { SELL 19503.24@0.8079342} 181814 : { SELL 19503.24@0.8079342} 
Thu Nov 27 16:53:48 EST 2014 , 4 , 2 , 2 , 181817 : { BUY 5405.46@0.80470892} 181816 : { BUY 5405.46@0.80470892} 181815 : { SELL 19503.24@0.8079342} 181814 : { SELL 19503.24@0.8079342} 
Thu Nov 27 16:56:49 EST 2014 , 4 , 2 , 2 , 181817 : { BUY 5405.46@0.80470892} 181816 : { BUY 5405.46@0.80470892} 181815 : { SELL 19503.24@0.8079342} 181814 : { SELL 19503.24@0.8079342} 
Thu Nov 27 16:59:50 EST 2014 , 4 , 2 , 2 , 181817 : { BUY 5405.46@0.80470892} 181816 : { BUY 5405.46@0.80470892} 181815 : { SELL 19503.24@0.8079342} 181814 : { SELL 19503.24@0.8079342} 
Thu Nov 27 17:02:51 EST 2014 , 4 , 2 , 2 , 181817 : { BUY 5405.46@0.80470892} 181816 : { BUY 5405.46@0.80470892} 181815 : { SELL 19503.24@0.8079342} 181814 : { SELL 19503.24@0.8079342} 
Thu Nov 27 17:05:52 EST 2014 , 4 , 2 , 2 , 181817 : { BUY 5405.46@0.80470892} 181816 : { BUY 5405.46@0.80470892} 181815 : { SELL 19503.24@0.8079342} 181814 : { SELL 19503.24@0.8079342} 
Thu Nov 27 17:08:53 EST 2014 , 4 , 2 , 2 , 181817 : { BUY 5405.46@0.80470892} 181816 : { BUY 5405.46@0.80470892} 181815 : { SELL 19503.24@0.8079342} 181814 : { SELL 19503.24@0.8079342} 
Thu Nov 27 17:11:54 EST 2014 , 4 , 2 , 2 , 181817 : { BUY 5405.46@0.80470892} 181816 : { BUY 5405.46@0.80470892} 181815 : { SELL 19503.24@0.8079342} 181814 : { SELL 19503.24@0.8079342} 
Thu Nov 27 17:14:55 EST 2014 , 4 , 2 , 2 , 181817 : { BUY 5405.46@0.80470892} 181816 : { BUY 5405.46@0.80470892} 181815 : { SELL 19503.24@0.8079342} 181814 : { SELL 19503.24@0.8079342} 
Thu Nov 27 17:17:56 EST 2014 , 4 , 2 , 2 , 181817 : { BUY 5405.46@0.80470892} 181816 : { BUY 5405.46@0.80470892} 181815 : { SELL 19503.24@0.8079342} 181814 : { SELL 19503.24@0.8079342} 
Thu Nov 27 17:20:57 EST 2014 , 4 , 2 , 2 , 181817 : { BUY 5405.46@0.80470892} 181816 : { BUY 5405.46@0.80470892} 181815 : { SELL 19503.24@0.8079342} 181814 : { SELL 19503.24@0.8079342} 
Thu Nov 27 17:23:58 EST 2014 , 4 , 2 , 2 , 181817 : { BUY 5405.46@0.80470892} 181816 : { BUY 5405.46@0.80470892} 181815 : { SELL 19503.24@0.8079342} 181814 : { SELL 19503.24@0.8079342} 
Thu Nov 27 17:26:59 EST 2014 , 4 , 2 , 2 , 181817 : { BUY 5405.46@0.80470892} 181816 : { BUY 5405.46@0.80470892} 181815 : { SELL 19503.24@0.8079342} 181814 : { SELL 19503.24@0.8079342} 
Thu Nov 27 17:30:00 EST 2014 , 4 , 2 , 2 , 181817 : { BUY 5405.46@0.80470892} 181816 : { BUY 5405.46@0.80470892} 181815 : { SELL 19503.24@0.8079342} 181814 : { SELL 19503.24@0.8079342} 
Thu Nov 27 17:33:01 EST 2014 , 4 , 2 , 2 , 181817 : { BUY 5405.46@0.80470892} 181816 : { BUY 5405.46@0.80470892} 181815 : { SELL 19503.24@0.8079342} 181814 : { SELL 19503.24@0.8079342} 
Thu Nov 27 17:36:02 EST 2014 , 4 , 2 , 2 , 181817 : { BUY 5405.46@0.80470892} 181816 : { BUY 5405.46@0.80470892} 181815 : { SELL 19503.24@0.8079342} 181814 : { SELL 19503.24@0.8079342} 
Thu Nov 27 17:39:03 EST 2014 , 4 , 2 , 2 , 181817 : { BUY 5405.46@0.80470892} 181816 : { BUY 5405.46@0.80470892} 181815 : { SELL 19503.24@0.8079342} 181814 : { SELL 19503.24@0.8079342} 
Thu Nov 27 17:42:04 EST 2014 , 4 , 2 , 2 , 181817 : { BUY 5405.46@0.80470892} 181816 : { BUY 5405.46@0.80470892} 181815 : { SELL 19503.24@0.8079342} 181814 : { SELL 19503.24@0.8079342} 
Thu Nov 27 17:45:05 EST 2014 , 4 , 2 , 2 , 181817 : { BUY 5405.46@0.80470892} 181816 : { BUY 5405.46@0.80470892} 181815 : { SELL 19503.24@0.8079342} 181814 : { SELL 19503.24@0.8079342} 
Thu Nov 27 17:48:06 EST 2014 , 4 , 2 , 2 , 181817 : { BUY 5405.46@0.80470892} 181816 : { BUY 5405.46@0.80470892} 181815 : { SELL 19503.24@0.8079342} 181814 : { SELL 19503.24@0.8079342} 
Thu Nov 27 17:51:07 EST 2014 , 4 , 2 , 2 , 181817 : { BUY 5405.46@0.80470892} 181816 : { BUY 5405.46@0.80470892} 181815 : { SELL 19503.24@0.8079342} 181814 : { SELL 19503.24@0.8079342} 
Thu Nov 27 17:54:08 EST 2014 , 4 , 2 , 2 , 181817 : { BUY 5405.46@0.80470892} 181816 : { BUY 5405.46@0.80470892} 181815 : { SELL 19503.24@0.8079342} 181814 : { SELL 19503.24@0.8079342} 
Thu Nov 27 17:57:09 EST 2014 , 4 , 2 , 2 , 181817 : { BUY 5405.46@0.80470892} 181816 : { BUY 5405.46@0.80470892} 181815 : { SELL 19503.24@0.8079342} 181814 : { SELL 19503.24@0.8079342} 
Thu Nov 27 18:00:10 EST 2014 , 4 , 2 , 2 , 181817 : { BUY 5405.46@0.80470892} 181816 : { BUY 5405.46@0.80470892} 181815 : { SELL 19503.24@0.8079342} 181814 : { SELL 19503.24@0.8079342} 
Thu Nov 27 18:03:11 EST 2014 , 4 , 2 , 2 , 181817 : { BUY 5405.46@0.80470892} 181816 : { BUY 5405.46@0.80470892} 181815 : { SELL 19503.24@0.8079342} 181814 : { SELL 19503.24@0.8079342} 
Thu Nov 27 18:06:12 EST 2014 , 4 , 2 , 2 , 181817 : { BUY 5405.46@0.80470892} 181816 : { BUY 5405.46@0.80470892} 181815 : { SELL 19503.24@0.8079342} 181814 : { SELL 19503.24@0.8079342} 
Thu Nov 27 18:09:13 EST 2014 , 4 , 2 , 2 , 181817 : { BUY 5405.46@0.80470892} 181816 : { BUY 5405.46@0.80470892} 181815 : { SELL 19503.24@0.8079342} 181814 : { SELL 19503.24@0.8079342} 
Thu Nov 27 18:12:14 EST 2014 , 4 , 2 , 2 , 181817 : { BUY 5405.46@0.80470892} 181816 : { BUY 5405.46@0.80470892} 181815 : { SELL 19503.24@0.8079342} 181814 : { SELL 19503.24@0.8079342} 
Thu Nov 27 18:15:15 EST 2014 , 4 , 2 , 2 , 181817 : { BUY 5405.46@0.80470892} 181816 : { BUY 5405.46@0.80470892} 181815 : { SELL 19503.24@0.8079342} 181814 : { SELL 19503.24@0.8079342} 
Thu Nov 27 18:18:16 EST 2014 , 4 , 2 , 2 , 181817 : { BUY 5405.46@0.80470892} 181816 : { BUY 5405.46@0.80470892} 181815 : { SELL 19503.24@0.8079342} 181814 : { SELL 19503.24@0.8079342} 
Thu Nov 27 18:21:17 EST 2014 , 4 , 2 , 2 , 181817 : { BUY 5405.46@0.80470892} 181816 : { BUY 5405.46@0.80470892} 181815 : { SELL 19503.24@0.8079342} 181814 : { SELL 19503.24@0.8079342} 
Thu Nov 27 18:24:18 EST 2014 , 4 , 2 , 2 , 181817 : { BUY 5405.46@0.80470892} 181816 : { BUY 5405.46@0.80470892} 181815 : { SELL 19503.24@0.8079342} 181814 : { SELL 19503.24@0.8079342} 
Thu Nov 27 18:27:20 EST 2014 , 4 , 2 , 2 , 181817 : { BUY 5405.46@0.80470892} 181816 : { BUY 5405.46@0.80470892} 181815 : { SELL 19503.24@0.8079342} 181814 : { SELL 19503.24@0.8079342} 
Thu Nov 27 18:30:20 EST 2014 , 4 , 2 , 2 , 181817 : { BUY 5405.46@0.80470892} 181816 : { BUY 5405.46@0.80470892} 181815 : { SELL 19503.24@0.8079342} 181814 : { SELL 19503.24@0.8079342} 
Thu Nov 27 18:33:21 EST 2014 , 4 , 2 , 2 , 181817 : { BUY 5405.46@0.80470892} 181816 : { BUY 5405.46@0.80470892} 181815 : { SELL 19503.24@0.8079342} 181814 : { SELL 19503.24@0.8079342} 
Thu Nov 27 18:36:22 EST 2014 , 4 , 2 , 2 , 181817 : { BUY 5405.46@0.80470892} 181816 : { BUY 5405.46@0.80470892} 181815 : { SELL 19503.24@0.8079342} 181814 : { SELL 19503.24@0.8079342} 
Thu Nov 27 18:39:23 EST 2014 , 4 , 2 , 2 , 181817 : { BUY 5405.46@0.80470892} 181816 : { BUY 5405.46@0.80470892} 181815 : { SELL 19503.24@0.8079342} 181814 : { SELL 19503.24@0.8079342} 
Thu Nov 27 18:42:24 EST 2014 , 4 , 2 , 2 , 181817 : { BUY 5405.46@0.80470892} 181816 : { BUY 5405.46@0.80470892} 181815 : { SELL 19503.24@0.8079342} 181814 : { SELL 19503.24@0.8079342} 
Thu Nov 27 18:45:25 EST 2014 , 4 , 2 , 2 , 181817 : { BUY 5405.46@0.80470892} 181816 : { BUY 5405.46@0.80470892} 181815 : { SELL 19503.24@0.8079342} 181814 : { SELL 19503.24@0.8079342} 
Thu Nov 27 18:48:26 EST 2014 , 4 , 2 , 2 , 181817 : { BUY 5405.46@0.80470892} 181816 : { BUY 5405.46@0.80470892} 181815 : { SELL 19503.24@0.8079342} 181814 : { SELL 19503.24@0.8079342} 
Thu Nov 27 18:51:27 EST 2014 , 4 , 2 , 2 , 181817 : { BUY 5405.46@0.80470892} 181816 : { BUY 5405.46@0.80470892} 181815 : { SELL 19503.24@0.8079342} 181814 : { SELL 19503.24@0.8079342} 
Thu Nov 27 18:54:28 EST 2014 , 4 , 2 , 2 , 181817 : { BUY 5405.46@0.80470892} 181816 : { BUY 5405.46@0.80470892} 181815 : { SELL 19503.24@0.8079342} 181814 : { SELL 19503.24@0.8079342} 
Thu Nov 27 18:57:29 EST 2014 , 4 , 2 , 2 , 181817 : { BUY 5405.46@0.80470892} 181816 : { BUY 5405.46@0.80470892} 181815 : { SELL 19503.24@0.8079342} 181814 : { SELL 19503.24@0.8079342} 
Thu Nov 27 19:00:30 EST 2014 , 4 , 2 , 2 , 181817 : { BUY 5405.46@0.80470892} 181816 : { BUY 5405.46@0.80470892} 181815 : { SELL 19503.24@0.8079342} 181814 : { SELL 19503.24@0.8079342} 
Thu Nov 27 19:03:31 EST 2014 , 4 , 2 , 2 , 181817 : { BUY 5405.46@0.80470892} 181816 : { BUY 5405.46@0.80470892} 181815 : { SELL 19503.24@0.8079342} 181814 : { SELL 19503.24@0.8079342} 
Thu Nov 27 19:06:32 EST 2014 , 4 , 2 , 2 , 181817 : { BUY 5405.46@0.80470892} 181816 : { BUY 5405.46@0.80470892} 181815 : { SELL 19503.24@0.8079342} 181814 : { SELL 19503.24@0.8079342} 
Thu Nov 27 19:09:33 EST 2014 , 4 , 2 , 2 , 181817 : { BUY 5405.46@0.80470892} 181816 : { BUY 5405.46@0.80470892} 181815 : { SELL 19503.24@0.8079342} 181814 : { SELL 19503.24@0.8079342} 
Thu Nov 27 19:12:34 EST 2014 , 4 , 2 , 2 , 181817 : { BUY 5405.46@0.80470892} 181816 : { BUY 5405.46@0.80470892} 181815 : { SELL 19503.24@0.8079342} 181814 : { SELL 19503.24@0.8079342} 
Thu Nov 27 19:15:35 EST 2014 , 4 , 2 , 2 , 181817 : { BUY 5405.46@0.80470892} 181816 : { BUY 5405.46@0.80470892} 181815 : { SELL 19503.24@0.8079342} 181814 : { SELL 19503.24@0.8079342} 
Thu Nov 27 19:18:36 EST 2014 , 4 , 2 , 2 , 181817 : { BUY 5405.46@0.80470892} 181816 : { BUY 5405.46@0.80470892} 181815 : { SELL 19503.24@0.8079342} 181814 : { SELL 19503.24@0.8079342} 
Thu Nov 27 19:21:37 EST 2014 , 4 , 2 , 2 , 181817 : { BUY 5405.46@0.80470892} 181816 : { BUY 5405.46@0.80470892} 181815 : { SELL 19503.24@0.8079342} 181814 : { SELL 19503.24@0.8079342} 
Thu Nov 27 19:24:38 EST 2014 , 4 , 2 , 2 , 181817 : { BUY 5405.46@0.80470892} 181816 : { BUY 5405.46@0.80470892} 181815 : { SELL 19503.24@0.8079342} 181814 : { SELL 19503.24@0.8079342} 
Thu Nov 27 19:27:39 EST 2014 , 4 , 2 , 2 , 181817 : { BUY 5405.46@0.80470892} 181816 : { BUY 5405.46@0.80470892} 181815 : { SELL 19503.24@0.8079342} 181814 : { SELL 19503.24@0.8079342} 
Thu Nov 27 19:30:40 EST 2014 , 4 , 2 , 2 , 181817 : { BUY 5405.46@0.80470892} 181816 : { BUY 5405.46@0.80470892} 181815 : { SELL 19503.24@0.8079342} 181814 : { SELL 19503.24@0.8079342} 
Thu Nov 27 19:33:41 EST 2014 , 4 , 2 , 2 , 181817 : { BUY 5405.46@0.80470892} 181816 : { BUY 5405.46@0.80470892} 181815 : { SELL 19503.24@0.8079342} 181814 : { SELL 19503.24@0.8079342} 
Thu Nov 27 19:36:42 EST 2014 , 4 , 2 , 2 , 181817 : { BUY 5405.46@0.80470892} 181816 : { BUY 5405.46@0.80470892} 181815 : { SELL 19503.24@0.8079342} 181814 : { SELL 19503.24@0.8079342} 
Thu Nov 27 19:39:43 EST 2014 , 4 , 2 , 2 , 181817 : { BUY 5405.46@0.80470892} 181816 : { BUY 5405.46@0.80470892} 181815 : { SELL 19503.24@0.8079342} 181814 : { SELL 19503.24@0.8079342} 
Thu Nov 27 19:42:44 EST 2014 , 4 , 2 , 2 , 181817 : { BUY 5405.46@0.80470892} 181816 : { BUY 5405.46@0.80470892} 181815 : { SELL 19503.24@0.8079342} 181814 : { SELL 19503.24@0.8079342} 
Thu Nov 27 19:45:45 EST 2014 , 4 , 2 , 2 , 181817 : { BUY 5405.46@0.80470892} 181816 : { BUY 5405.46@0.80470892} 181815 : { SELL 19503.24@0.8079342} 181814 : { SELL 19503.24@0.8079342} 
Thu Nov 27 19:48:46 EST 2014 , 4 , 2 , 2 , 181817 : { BUY 5405.46@0.80470892} 181816 : { BUY 5405.46@0.80470892} 181815 : { SELL 19503.24@0.8079342} 181814 : { SELL 19503.24@0.8079342} 
Thu Nov 27 19:51:47 EST 2014 , 4 , 2 , 2 , 181817 : { BUY 5405.46@0.80470892} 181816 : { BUY 5405.46@0.80470892} 181815 : { SELL 19503.24@0.8079342} 181814 : { SELL 19503.24@0.8079342} 
Thu Nov 27 19:54:48 EST 2014 , 4 , 2 , 2 , 181817 : { BUY 5405.46@0.80470892} 181816 : { BUY 5405.46@0.80470892} 181815 : { SELL 19503.24@0.8079342} 181814 : { SELL 19503.24@0.8079342} 
Thu Nov 27 19:57:49 EST 2014 , 4 , 2 , 2 , 181817 : { BUY 5405.46@0.80470892} 181816 : { BUY 5405.46@0.80470892} 181815 : { SELL 19503.24@0.8079342} 181814 : { SELL 19503.24@0.8079342} 
Thu Nov 27 20:00:50 EST 2014 , 4 , 2 , 2 , 181817 : { BUY 5405.46@0.80470892} 181816 : { BUY 5405.46@0.80470892} 181815 : { SELL 19503.24@0.8079342} 181814 : { SELL 19503.24@0.8079342} 
Thu Nov 27 20:03:51 EST 2014 , 4 , 2 , 2 , 181817 : { BUY 5405.46@0.80470892} 181816 : { BUY 5405.46@0.80470892} 181815 : { SELL 19503.24@0.8079342} 181814 : { SELL 19503.24@0.8079342} 
Thu Nov 27 20:06:52 EST 2014 , 4 , 2 , 2 , 181817 : { BUY 5405.46@0.80470892} 181816 : { BUY 5405.46@0.80470892} 181815 : { SELL 19503.24@0.8079342} 181814 : { SELL 19503.24@0.8079342} 
Thu Nov 27 20:09:53 EST 2014 , 4 , 2 , 2 , 181817 : { BUY 5405.46@0.80470892} 181816 : { BUY 5405.46@0.80470892} 181815 : { SELL 19503.24@0.8079342} 181814 : { SELL 19503.24@0.8079342} 
Thu Nov 27 20:12:54 EST 2014 , 4 , 2 , 2 , 181817 : { BUY 5405.46@0.80470892} 181816 : { BUY 5405.46@0.80470892} 181815 : { SELL 19503.24@0.8079342} 181814 : { SELL 19503.24@0.8079342} 
Thu Nov 27 20:15:55 EST 2014 , 4 , 2 , 2 , 181817 : { BUY 5405.46@0.80470892} 181816 : { BUY 5405.46@0.80470892} 181815 : { SELL 19503.24@0.8079342} 181814 : { SELL 19503.24@0.8079342} 
Thu Nov 27 20:18:56 EST 2014 , 4 , 2 , 2 , 181817 : { BUY 5405.46@0.80470892} 181816 : { BUY 5405.46@0.80470892} 181815 : { SELL 19503.24@0.8079342} 181814 : { SELL 19503.24@0.8079342} 
Thu Nov 27 20:21:57 EST 2014 , 4 , 2 , 2 , 181817 : { BUY 5405.46@0.80470892} 181816 : { BUY 5405.46@0.80470892} 181815 : { SELL 19503.24@0.8079342} 181814 : { SELL 19503.24@0.8079342} 
Thu Nov 27 20:24:58 EST 2014 , 4 , 2 , 2 , 181817 : { BUY 5405.46@0.80470892} 181816 : { BUY 5405.46@0.80470892} 181815 : { SELL 19503.24@0.8079342} 181814 : { SELL 19503.24@0.8079342} 
Thu Nov 27 20:27:59 EST 2014 , 4 , 2 , 2 , 181817 : { BUY 5405.46@0.80470892} 181816 : { BUY 5405.46@0.80470892} 181815 : { SELL 19503.24@0.8079342} 181814 : { SELL 19503.24@0.8079342} 
Thu Nov 27 20:31:00 EST 2014 , 4 , 2 , 2 , 181817 : { BUY 5405.46@0.80470892} 181816 : { BUY 5405.46@0.80470892} 181815 : { SELL 19503.24@0.8079342} 181814 : { SELL 19503.24@0.8079342} 
Thu Nov 27 20:34:01 EST 2014 , 4 , 2 , 2 , 181817 : { BUY 5405.46@0.80470892} 181816 : { BUY 5405.46@0.80470892} 181815 : { SELL 19503.24@0.8079342} 181814 : { SELL 19503.24@0.8079342} 
Thu Nov 27 20:37:02 EST 2014 , 4 , 2 , 2 , 181817 : { BUY 5405.46@0.80470892} 181816 : { BUY 5405.46@0.80470892} 181815 : { SELL 19503.24@0.8079342} 181814 : { SELL 19503.24@0.8079342} 
Thu Nov 27 20:40:03 EST 2014 , 4 , 2 , 2 , 181817 : { BUY 5405.46@0.80470892} 181816 : { BUY 5405.46@0.80470892} 181815 : { SELL 19503.24@0.8079342} 181814 : { SELL 19503.24@0.8079342} 
Thu Nov 27 20:43:04 EST 2014 , 4 , 2 , 2 , 181817 : { BUY 5405.46@0.80470892} 181816 : { BUY 5405.46@0.80470892} 181815 : { SELL 19503.24@0.8079342} 181814 : { SELL 19503.24@0.8079342} 
Thu Nov 27 20:46:05 EST 2014 , 4 , 2 , 2 , 181817 : { BUY 5405.46@0.80470892} 181816 : { BUY 5405.46@0.80470892} 181815 : { SELL 19503.24@0.8079342} 181814 : { SELL 19503.24@0.8079342} 
Thu Nov 27 20:49:06 EST 2014 , 4 , 2 , 2 , 181817 : { BUY 5405.46@0.80470892} 181816 : { BUY 5405.46@0.80470892} 181815 : { SELL 19503.24@0.8079342} 181814 : { SELL 19503.24@0.8079342} 
Thu Nov 27 20:52:07 EST 2014 , 4 , 2 , 2 , 181817 : { BUY 5405.46@0.80470892} 181816 : { BUY 5405.46@0.80470892} 181815 : { SELL 19503.24@0.8079342} 181814 : { SELL 19503.24@0.8079342} 
Thu Nov 27 20:55:08 EST 2014 , 4 , 2 , 2 , 181817 : { BUY 5405.46@0.80470892} 181816 : { BUY 5405.46@0.80470892} 181815 : { SELL 19503.24@0.8079342} 181814 : { SELL 19503.24@0.8079342} 
Thu Nov 27 20:58:09 EST 2014 , 4 , 2 , 2 , 181817 : { BUY 5405.46@0.80470892} 181816 : { BUY 5405.46@0.80470892} 181815 : { SELL 19503.24@0.8079342} 181814 : { SELL 19503.24@0.8079342} 
Thu Nov 27 21:01:10 EST 2014 , 4 , 2 , 2 , 181817 : { BUY 5405.46@0.80470892} 181816 : { BUY 5405.46@0.80470892} 181815 : { SELL 19503.24@0.8079342} 181814 : { SELL 19503.24@0.8079342} 
Thu Nov 27 21:04:11 EST 2014 , 4 , 2 , 2 , 181817 : { BUY 5405.46@0.80470892} 181816 : { BUY 5405.46@0.80470892} 181815 : { SELL 19503.24@0.8079342} 181814 : { SELL 19503.24@0.8079342} 
Thu Nov 27 21:07:12 EST 2014 , 4 , 2 , 2 , 181817 : { BUY 5405.46@0.80470892} 181816 : { BUY 5405.46@0.80470892} 181815 : { SELL 19503.24@0.8079342} 181814 : { SELL 19503.24@0.8079342} 
Thu Nov 27 21:10:13 EST 2014 , 4 , 2 , 2 , 181817 : { BUY 5405.46@0.80470892} 181816 : { BUY 5405.46@0.80470892} 181815 : { SELL 19503.24@0.8079342} 181814 : { SELL 19503.24@0.8079342} 
Thu Nov 27 21:13:14 EST 2014 , 4 , 2 , 2 , 181817 : { BUY 5405.46@0.80470892} 181816 : { BUY 5405.46@0.80470892} 181815 : { SELL 19503.24@0.8079342} 181814 : { SELL 19503.24@0.8079342} 
Thu Nov 27 21:16:15 EST 2014 , 4 , 2 , 2 , 181817 : { BUY 5405.46@0.80470892} 181816 : { BUY 5405.46@0.80470892} 181815 : { SELL 19503.24@0.8079342} 181814 : { SELL 19503.24@0.8079342} 
Thu Nov 27 21:19:16 EST 2014 , 4 , 2 , 2 , 181817 : { BUY 5405.46@0.80470892} 181816 : { BUY 5405.46@0.80470892} 181815 : { SELL 19503.24@0.8079342} 181814 : { SELL 19503.24@0.8079342} 
Thu Nov 27 21:22:17 EST 2014 , 4 , 2 , 2 , 181817 : { BUY 5405.46@0.80470892} 181816 : { BUY 5405.46@0.80470892} 181815 : { SELL 19503.24@0.8079342} 181814 : { SELL 19503.24@0.8079342} 
Thu Nov 27 21:25:18 EST 2014 , 4 , 2 , 2 , 181817 : { BUY 5405.46@0.80470892} 181816 : { BUY 5405.46@0.80470892} 181815 : { SELL 19503.24@0.8079342} 181814 : { SELL 19503.24@0.8079342} 
Thu Nov 27 21:28:20 EST 2014 , 4 , 2 , 2 , 181817 : { BUY 5405.46@0.80470892} 181816 : { BUY 5405.46@0.80470892} 181815 : { SELL 19503.24@0.8079342} 181814 : { SELL 19503.24@0.8079342} 
Thu Nov 27 21:31:20 EST 2014 , 4 , 2 , 2 , 181817 : { BUY 5405.46@0.80470892} 181816 : { BUY 5405.46@0.80470892} 181815 : { SELL 19503.24@0.8079342} 181814 : { SELL 19503.24@0.8079342} 
Thu Nov 27 21:34:21 EST 2014 , 4 , 2 , 2 , 181817 : { BUY 5405.46@0.80470892} 181816 : { BUY 5405.46@0.80470892} 181815 : { SELL 19503.24@0.8079342} 181814 : { SELL 19503.24@0.8079342} 
Thu Nov 27 21:37:22 EST 2014 , 4 , 2 , 2 , 181817 : { BUY 5405.46@0.80470892} 181816 : { BUY 5405.46@0.80470892} 181815 : { SELL 19503.24@0.8079342} 181814 : { SELL 19503.24@0.8079342} 
Thu Nov 27 21:40:23 EST 2014 , 4 , 2 , 2 , 181817 : { BUY 5405.46@0.80470892} 181816 : { BUY 5405.46@0.80470892} 181815 : { SELL 19503.24@0.8079342} 181814 : { SELL 19503.24@0.8079342} 
Thu Nov 27 21:43:24 EST 2014 , 4 , 2 , 2 , 181817 : { BUY 5405.46@0.80470892} 181816 : { BUY 5405.46@0.80470892} 181815 : { SELL 19503.24@0.8079342} 181814 : { SELL 19503.24@0.8079342} 
Thu Nov 27 21:46:25 EST 2014 , 4 , 2 , 2 , 181817 : { BUY 5405.46@0.80470892} 181816 : { BUY 5405.46@0.80470892} 181815 : { SELL 19503.24@0.8079342} 181814 : { SELL 19503.24@0.8079342} 
Thu Nov 27 21:49:26 EST 2014 , 4 , 2 , 2 , 181817 : { BUY 5405.46@0.80470892} 181816 : { BUY 5405.46@0.80470892} 181815 : { SELL 19503.24@0.8079342} 181814 : { SELL 19503.24@0.8079342} 
Thu Nov 27 21:52:27 EST 2014 , 4 , 2 , 2 , 181817 : { BUY 5405.46@0.80470892} 181816 : { BUY 5405.46@0.80470892} 181815 : { SELL 19503.24@0.8079342} 181814 : { SELL 19503.24@0.8079342} 
Thu Nov 27 21:55:28 EST 2014 , 4 , 2 , 2 , 181817 : { BUY 5405.46@0.80470892} 181816 : { BUY 5405.46@0.80470892} 181815 : { SELL 19503.24@0.8079342} 181814 : { SELL 19503.24@0.8079342} 
Thu Nov 27 21:58:29 EST 2014 , 4 , 2 , 2 , 181817 : { BUY 5405.46@0.80470892} 181816 : { BUY 5405.46@0.80470892} 181815 : { SELL 19503.24@0.8079342} 181814 : { SELL 19503.24@0.8079342} 
Thu Nov 27 22:01:30 EST 2014 , 4 , 2 , 2 , 181817 : { BUY 5405.46@0.80470892} 181816 : { BUY 5405.46@0.80470892} 181815 : { SELL 19503.24@0.8079342} 181814 : { SELL 19503.24@0.8079342} 
Thu Nov 27 22:04:31 EST 2014 , 4 , 2 , 2 , 181817 : { BUY 5405.46@0.80470892} 181816 : { BUY 5405.46@0.80470892} 181815 : { SELL 19503.24@0.8079342} 181814 : { SELL 19503.24@0.8079342} 
Thu Nov 27 22:07:32 EST 2014 , 4 , 2 , 2 , 181817 : { BUY 5405.46@0.80470892} 181816 : { BUY 5405.46@0.80470892} 181815 : { SELL 19503.24@0.8079342} 181814 : { SELL 19503.24@0.8079342} 
Thu Nov 27 22:10:33 EST 2014 , 4 , 2 , 2 , 181817 : { BUY 5405.46@0.80470892} 181816 : { BUY 5405.46@0.80470892} 181815 : { SELL 19503.24@0.8079342} 181814 : { SELL 19503.24@0.8079342} 
Thu Nov 27 22:13:34 EST 2014 , 4 , 2 , 2 , 181817 : { BUY 5405.46@0.80470892} 181816 : { BUY 5405.46@0.80470892} 181815 : { SELL 19503.24@0.8079342} 181814 : { SELL 19503.24@0.8079342} 
Thu Nov 27 22:16:35 EST 2014 , 4 , 2 , 2 , 181817 : { BUY 5405.46@0.80470892} 181816 : { BUY 5405.46@0.80470892} 181815 : { SELL 19503.24@0.8079342} 181814 : { SELL 19503.24@0.8079342} 
Thu Nov 27 22:19:36 EST 2014 , 4 , 2 , 2 , 181817 : { BUY 5405.46@0.80470892} 181816 : { BUY 5405.46@0.80470892} 181815 : { SELL 19503.24@0.8079342} 181814 : { SELL 19503.24@0.8079342} 
Thu Nov 27 22:22:37 EST 2014 , 4 , 2 , 2 , 181817 : { BUY 5405.46@0.80470892} 181816 : { BUY 5405.46@0.80470892} 181815 : { SELL 19503.24@0.8079342} 181814 : { SELL 19503.24@0.8079342} 
Thu Nov 27 22:25:38 EST 2014 , 4 , 2 , 2 , 181817 : { BUY 5405.46@0.80470892} 181816 : { BUY 5405.46@0.80470892} 181815 : { SELL 19503.24@0.8079342} 181814 : { SELL 19503.24@0.8079342} 
Thu Nov 27 22:28:39 EST 2014 , 4 , 2 , 2 , 181817 : { BUY 5405.46@0.80470892} 181816 : { BUY 5405.46@0.80470892} 181815 : { SELL 19503.24@0.8079342} 181814 : { SELL 19503.24@0.8079342} 
Thu Nov 27 22:31:40 EST 2014 , 4 , 2 , 2 , 181817 : { BUY 5405.46@0.80470892} 181816 : { BUY 5405.46@0.80470892} 181815 : { SELL 19503.24@0.8079342} 181814 : { SELL 19503.24@0.8079342} 
Thu Nov 27 22:34:41 EST 2014 , 4 , 2 , 2 , 181817 : { BUY 5405.46@0.80470892} 181816 : { BUY 5405.46@0.80470892} 181815 : { SELL 19503.24@0.8079342} 181814 : { SELL 19503.24@0.8079342} 
Thu Nov 27 22:37:42 EST 2014 , 4 , 2 , 2 , 181817 : { BUY 5405.46@0.80470892} 181816 : { BUY 5405.46@0.80470892} 181815 : { SELL 19503.24@0.8079342} 181814 : { SELL 19503.24@0.8079342} 
Thu Nov 27 22:40:43 EST 2014 , 4 , 2 , 2 , 181817 : { BUY 5405.46@0.80470892} 181816 : { BUY 5405.46@0.80470892} 181815 : { SELL 19503.24@0.8079342} 181814 : { SELL 19503.24@0.8079342} 
Thu Nov 27 22:43:44 EST 2014 , 4 , 2 , 2 , 181817 : { BUY 5405.46@0.80470892} 181816 : { BUY 5405.46@0.80470892} 181815 : { SELL 19503.24@0.8079342} 181814 : { SELL 19503.24@0.8079342} 
Thu Nov 27 22:46:45 EST 2014 , 4 , 2 , 2 , 181817 : { BUY 5405.46@0.80470892} 181816 : { BUY 5405.46@0.80470892} 181815 : { SELL 19503.24@0.8079342} 181814 : { SELL 19503.24@0.8079342} 
Thu Nov 27 22:49:46 EST 2014 , 4 , 2 , 2 , 181817 : { BUY 5405.46@0.80470892} 181816 : { BUY 5405.46@0.80470892} 181815 : { SELL 19503.24@0.8079342} 181814 : { SELL 19503.24@0.8079342} 
Thu Nov 27 22:52:47 EST 2014 , 4 , 2 , 2 , 181817 : { BUY 5405.46@0.80470892} 181816 : { BUY 5405.46@0.80470892} 181815 : { SELL 19503.24@0.8079342} 181814 : { SELL 19503.24@0.8079342} 
Thu Nov 27 22:55:48 EST 2014 , 4 , 2 , 2 , 181817 : { BUY 5405.46@0.80470892} 181816 : { BUY 5405.46@0.80470892} 181815 : { SELL 19503.24@0.8079342} 181814 : { SELL 19503.24@0.8079342} 
Thu Nov 27 22:58:49 EST 2014 , 4 , 2 , 2 , 181817 : { BUY 5405.46@0.80470892} 181816 : { BUY 5405.46@0.80470892} 181815 : { SELL 19503.24@0.8079342} 181814 : { SELL 19503.24@0.8079342} 
Thu Nov 27 23:01:50 EST 2014 , 4 , 2 , 2 , 181817 : { BUY 5405.46@0.80470892} 181816 : { BUY 5405.46@0.80470892} 181815 : { SELL 19503.24@0.8079342} 181814 : { SELL 19503.24@0.8079342} 
Thu Nov 27 23:04:51 EST 2014 , 4 , 2 , 2 , 181817 : { BUY 5405.46@0.80470892} 181816 : { BUY 5405.46@0.80470892} 181815 : { SELL 19503.24@0.8079342} 181814 : { SELL 19503.24@0.8079342} 
Thu Nov 27 23:07:52 EST 2014 , 4 , 2 , 2 , 181817 : { BUY 5405.46@0.80470892} 181816 : { BUY 5405.46@0.80470892} 181815 : { SELL 19503.24@0.8079342} 181814 : { SELL 19503.24@0.8079342} 
Thu Nov 27 23:10:53 EST 2014 , 4 , 2 , 2 , 181817 : { BUY 5405.46@0.80470892} 181816 : { BUY 5405.46@0.80470892} 181815 : { SELL 19503.24@0.8079342} 181814 : { SELL 19503.24@0.8079342} 
Thu Nov 27 23:13:54 EST 2014 , 4 , 2 , 2 , 181817 : { BUY 5405.46@0.80470892} 181816 : { BUY 5405.46@0.80470892} 181815 : { SELL 19503.24@0.8079342} 181814 : { SELL 19503.24@0.8079342} 
Thu Nov 27 23:16:55 EST 2014 , 4 , 2 , 2 , 181817 : { BUY 5405.46@0.80470892} 181816 : { BUY 5405.46@0.80470892} 181815 : { SELL 19503.24@0.8079342} 181814 : { SELL 19503.24@0.8079342} 
Thu Nov 27 23:19:56 EST 2014 , 4 , 2 , 2 , 181817 : { BUY 5405.46@0.80470892} 181816 : { BUY 5405.46@0.80470892} 181815 : { SELL 19503.24@0.8079342} 181814 : { SELL 19503.24@0.8079342} 
Thu Nov 27 23:22:57 EST 2014 , 4 , 2 , 2 , 181817 : { BUY 5405.46@0.80470892} 181816 : { BUY 5405.46@0.80470892} 181815 : { SELL 19503.24@0.8079342} 181814 : { SELL 19503.24@0.8079342} 
Thu Nov 27 23:25:58 EST 2014 , 4 , 2 , 2 , 181817 : { BUY 5405.46@0.80470892} 181816 : { BUY 5405.46@0.80470892} 181815 : { SELL 19503.24@0.8079342} 181814 : { SELL 19503.24@0.8079342} 
Thu Nov 27 23:28:59 EST 2014 , 4 , 2 , 2 , 181817 : { BUY 5405.46@0.80470892} 181816 : { BUY 5405.46@0.80470892} 181815 : { SELL 19503.24@0.8079342} 181814 : { SELL 19503.24@0.8079342} 
Thu Nov 27 23:32:00 EST 2014 , 4 , 2 , 2 , 181817 : { BUY 5405.46@0.80470892} 181816 : { BUY 5405.46@0.80470892} 181815 : { SELL 19503.24@0.8079342} 181814 : { SELL 19503.24@0.8079342} 
Thu Nov 27 23:35:01 EST 2014 , 4 , 2 , 2 , 181817 : { BUY 5405.46@0.80470892} 181816 : { BUY 5405.46@0.80470892} 181815 : { SELL 19503.24@0.8079342} 181814 : { SELL 19503.24@0.8079342} 
Thu Nov 27 23:38:02 EST 2014 , 4 , 2 , 2 , 181817 : { BUY 5405.46@0.80470892} 181816 : { BUY 5405.46@0.80470892} 181815 : { SELL 19503.24@0.8079342} 181814 : { SELL 19503.24@0.8079342} 
Thu Nov 27 23:41:03 EST 2014 , 4 , 2 , 2 , 181817 : { BUY 5405.46@0.80470892} 181816 : { BUY 5405.46@0.80470892} 181815 : { SELL 19503.24@0.8079342} 181814 : { SELL 19503.24@0.8079342} 
Thu Nov 27 23:44:04 EST 2014 , 4 , 2 , 2 , 181817 : { BUY 5405.46@0.80470892} 181816 : { BUY 5405.46@0.80470892} 181815 : { SELL 19503.24@0.8079342} 181814 : { SELL 19503.24@0.8079342} 
Thu Nov 27 23:47:05 EST 2014 , 4 , 2 , 2 , 181817 : { BUY 5405.46@0.80470892} 181816 : { BUY 5405.46@0.80470892} 181815 : { SELL 19503.24@0.8079342} 181814 : { SELL 19503.24@0.8079342} 
Thu Nov 27 23:50:06 EST 2014 , 4 , 2 , 2 , 181817 : { BUY 5405.46@0.80470892} 181816 : { BUY 5405.46@0.80470892} 181815 : { SELL 19503.24@0.8079342} 181814 : { SELL 19503.24@0.8079342} 
Thu Nov 27 23:53:07 EST 2014 , 4 , 2 , 2 , 181817 : { BUY 5405.46@0.80470892} 181816 : { BUY 5405.46@0.80470892} 181815 : { SELL 19503.24@0.8079342} 181814 : { SELL 19503.24@0.8079342} 
Thu Nov 27 23:56:08 EST 2014 , 4 , 2 , 2 , 181817 : { BUY 5405.46@0.80470892} 181816 : { BUY 5405.46@0.80470892} 181815 : { SELL 19503.24@0.8079342} 181814 : { SELL 19503.24@0.8079342} 
Thu Nov 27 23:59:09 EST 2014 , 4 , 2 , 2 , 181817 : { BUY 5405.46@0.80470892} 181816 : { BUY 5405.46@0.80470892} 181815 : { SELL 19503.24@0.8079342} 181814 : { SELL 19503.24@0.8079342} 
Fri Nov 28 00:02:10 EST 2014 , 4 , 2 , 2 , 181817 : { BUY 5405.46@0.80470892} 181816 : { BUY 5405.46@0.80470892} 181815 : { SELL 19503.24@0.8079342} 181814 : { SELL 19503.24@0.8079342} 
Fri Nov 28 00:05:11 EST 2014 , 4 , 2 , 2 , 181817 : { BUY 5405.46@0.80470892} 181816 : { BUY 5405.46@0.80470892} 181815 : { SELL 19503.24@0.8079342} 181814 : { SELL 19503.24@0.8079342} 
Fri Nov 28 00:08:12 EST 2014 , 4 , 2 , 2 , 181817 : { BUY 5405.46@0.80470892} 181816 : { BUY 5405.46@0.80470892} 181815 : { SELL 19503.24@0.8079342} 181814 : { SELL 19503.24@0.8079342} 
Fri Nov 28 00:11:13 EST 2014 , 4 , 2 , 2 , 181817 : { BUY 5405.46@0.80470892} 181816 : { BUY 5405.46@0.80470892} 181815 : { SELL 19503.24@0.8079342} 181814 : { SELL 19503.24@0.8079342} 
Fri Nov 28 00:14:14 EST 2014 , 4 , 2 , 2 , 181817 : { BUY 5405.46@0.80470892} 181816 : { BUY 5405.46@0.80470892} 181815 : { SELL 19503.24@0.8079342} 181814 : { SELL 19503.24@0.8079342} 
Fri Nov 28 00:17:15 EST 2014 , 4 , 2 , 2 , 181817 : { BUY 5405.46@0.80470892} 181816 : { BUY 5405.46@0.80470892} 181815 : { SELL 19503.24@0.8079342} 181814 : { SELL 19503.24@0.8079342} 
Fri Nov 28 00:20:16 EST 2014 , 4 , 2 , 2 , 181817 : { BUY 5405.46@0.80470892} 181816 : { BUY 5405.46@0.80470892} 181815 : { SELL 19503.24@0.8079342} 181814 : { SELL 19503.24@0.8079342} 
Fri Nov 28 00:23:17 EST 2014 , 4 , 2 , 2 , 181817 : { BUY 5405.46@0.80470892} 181816 : { BUY 5405.46@0.80470892} 181815 : { SELL 19503.24@0.8079342} 181814 : { SELL 19503.24@0.8079342} 
Fri Nov 28 00:26:18 EST 2014 , 4 , 2 , 2 , 181817 : { BUY 5405.46@0.80470892} 181816 : { BUY 5405.46@0.80470892} 181815 : { SELL 19503.24@0.8079342} 181814 : { SELL 19503.24@0.8079342} 
Fri Nov 28 00:29:19 EST 2014 , 4 , 2 , 2 , 181817 : { BUY 5405.46@0.80470892} 181816 : { BUY 5405.46@0.80470892} 181815 : { SELL 19503.24@0.8079342} 181814 : { SELL 19503.24@0.8079342} 
Fri Nov 28 00:32:20 EST 2014 , 4 , 2 , 2 , 181817 : { BUY 5405.46@0.80470892} 181816 : { BUY 5405.46@0.80470892} 181815 : { SELL 19503.24@0.8079342} 181814 : { SELL 19503.24@0.8079342} 
Fri Nov 28 00:35:21 EST 2014 , 4 , 2 , 2 , 181817 : { BUY 5405.46@0.80470892} 181816 : { BUY 5405.46@0.80470892} 181815 : { SELL 19503.24@0.8079342} 181814 : { SELL 19503.24@0.8079342} 
Fri Nov 28 00:38:22 EST 2014 , 4 , 2 , 2 , 181817 : { BUY 5405.46@0.80470892} 181816 : { BUY 5405.46@0.80470892} 181815 : { SELL 19503.24@0.8079342} 181814 : { SELL 19503.24@0.8079342} 
Fri Nov 28 00:41:23 EST 2014 , 4 , 2 , 2 , 181817 : { BUY 5405.46@0.80470892} 181816 : { BUY 5405.46@0.80470892} 181815 : { SELL 19503.24@0.8079342} 181814 : { SELL 19503.24@0.8079342} 
Fri Nov 28 00:44:24 EST 2014 , 4 , 2 , 2 , 181817 : { BUY 5405.46@0.80470892} 181816 : { BUY 5405.46@0.80470892} 181815 : { SELL 19503.24@0.8079342} 181814 : { SELL 19503.24@0.8079342} 
Fri Nov 28 00:47:25 EST 2014 , 4 , 2 , 2 , 181817 : { BUY 5405.46@0.80470892} 181816 : { BUY 5405.46@0.80470892} 181815 : { SELL 19503.24@0.8079342} 181814 : { SELL 19503.24@0.8079342} 
Fri Nov 28 00:50:26 EST 2014 , 4 , 2 , 2 , 181817 : { BUY 5405.46@0.80470892} 181816 : { BUY 5405.46@0.80470892} 181815 : { SELL 19503.24@0.8079342} 181814 : { SELL 19503.24@0.8079342} 
Fri Nov 28 00:53:27 EST 2014 , 4 , 2 , 2 , 181817 : { BUY 5405.46@0.80470892} 181816 : { BUY 5405.46@0.80470892} 181815 : { SELL 19503.24@0.8079342} 181814 : { SELL 19503.24@0.8079342} 
Fri Nov 28 00:56:28 EST 2014 , 4 , 2 , 2 , 181817 : { BUY 5405.46@0.80470892} 181816 : { BUY 5405.46@0.80470892} 181815 : { SELL 19503.24@0.8079342} 181814 : { SELL 19503.24@0.8079342} 
Fri Nov 28 00:59:29 EST 2014 , 4 , 2 , 2 , 181817 : { BUY 5405.46@0.80470892} 181816 : { BUY 5405.46@0.80470892} 181815 : { SELL 19503.24@0.8079342} 181814 : { SELL 19503.24@0.8079342} 
Fri Nov 28 01:02:30 EST 2014 , 4 , 2 , 2 , 181817 : { BUY 5405.46@0.80470892} 181816 : { BUY 5405.46@0.80470892} 181815 : { SELL 19503.24@0.8079342} 181814 : { SELL 19503.24@0.8079342} 
Fri Nov 28 01:05:31 EST 2014 , 4 , 2 , 2 , 181817 : { BUY 5405.46@0.80470892} 181816 : { BUY 5405.46@0.80470892} 181815 : { SELL 19503.24@0.8079342} 181814 : { SELL 19503.24@0.8079342} 
Fri Nov 28 01:08:32 EST 2014 , 4 , 2 , 2 , 181817 : { BUY 5405.46@0.80470892} 181816 : { BUY 5405.46@0.80470892} 181815 : { SELL 19503.24@0.8079342} 181814 : { SELL 19503.24@0.8079342} 
Fri Nov 28 01:11:33 EST 2014 , 4 , 2 , 2 , 181817 : { BUY 5405.46@0.80470892} 181816 : { BUY 5405.46@0.80470892} 181815 : { SELL 19503.24@0.8079342} 181814 : { SELL 19503.24@0.8079342} 
Fri Nov 28 01:14:34 EST 2014 , 4 , 2 , 2 , 181817 : { BUY 5405.46@0.80470892} 181816 : { BUY 5405.46@0.80470892} 181815 : { SELL 19503.24@0.8079342} 181814 : { SELL 19503.24@0.8079342} 
Fri Nov 28 01:17:35 EST 2014 , 4 , 2 , 2 , 181817 : { BUY 5405.46@0.80470892} 181816 : { BUY 5405.46@0.80470892} 181815 : { SELL 19503.24@0.8079342} 181814 : { SELL 19503.24@0.8079342} 
Fri Nov 28 01:20:36 EST 2014 , 4 , 2 , 2 , 181817 : { BUY 5405.46@0.80470892} 181816 : { BUY 5405.46@0.80470892} 181815 : { SELL 19503.24@0.8079342} 181814 : { SELL 19503.24@0.8079342} 
Fri Nov 28 01:23:37 EST 2014 , 4 , 2 , 2 , 181817 : { BUY 5405.46@0.80470892} 181816 : { BUY 5405.46@0.80470892} 181815 : { SELL 19503.24@0.8079342} 181814 : { SELL 19503.24@0.8079342} 
Fri Nov 28 01:26:38 EST 2014 , 4 , 2 , 2 , 181817 : { BUY 5405.46@0.80470892} 181816 : { BUY 5405.46@0.80470892} 181815 : { SELL 19503.24@0.8079342} 181814 : { SELL 19503.24@0.8079342} 
Fri Nov 28 01:29:39 EST 2014 , 4 , 2 , 2 , 181817 : { BUY 5405.46@0.80470892} 181816 : { BUY 5405.46@0.80470892} 181815 : { SELL 19503.24@0.8079342} 181814 : { SELL 19503.24@0.8079342} 
Fri Nov 28 01:32:40 EST 2014 , 4 , 2 , 2 , 181817 : { BUY 5405.46@0.80470892} 181816 : { BUY 5405.46@0.80470892} 181815 : { SELL 19503.24@0.8079342} 181814 : { SELL 19503.24@0.8079342} 
Fri Nov 28 01:35:41 EST 2014 , 4 , 2 , 2 , 181817 : { BUY 5405.46@0.80470892} 181816 : { BUY 5405.46@0.80470892} 181815 : { SELL 19503.24@0.8079342} 181814 : { SELL 19503.24@0.8079342} 
Fri Nov 28 01:38:42 EST 2014 , 4 , 2 , 2 , 181817 : { BUY 5405.46@0.80470892} 181816 : { BUY 5405.46@0.80470892} 181815 : { SELL 19503.24@0.8079342} 181814 : { SELL 19503.24@0.8079342} 
Fri Nov 28 01:41:43 EST 2014 , 4 , 2 , 2 , 181817 : { BUY 5405.46@0.80470892} 181816 : { BUY 5405.46@0.80470892} 181815 : { SELL 19503.24@0.8079342} 181814 : { SELL 19503.24@0.8079342} 
Fri Nov 28 01:44:44 EST 2014 , 4 , 2 , 2 , 181817 : { BUY 5405.46@0.80470892} 181816 : { BUY 5405.46@0.80470892} 181815 : { SELL 19503.24@0.8079342} 181814 : { SELL 19503.24@0.8079342} 
Fri Nov 28 01:47:45 EST 2014 , 4 , 2 , 2 , 181817 : { BUY 5405.46@0.80470892} 181816 : { BUY 5405.46@0.80470892} 181815 : { SELL 19503.24@0.8079342} 181814 : { SELL 19503.24@0.8079342} 
Fri Nov 28 01:50:46 EST 2014 , 4 , 2 , 2 , 181817 : { BUY 5405.46@0.80470892} 181816 : { BUY 5405.46@0.80470892} 181815 : { SELL 19503.24@0.8079342} 181814 : { SELL 19503.24@0.8079342} 
Fri Nov 28 01:53:47 EST 2014 , 4 , 2 , 2 , 181817 : { BUY 5405.46@0.80470892} 181816 : { BUY 5405.46@0.80470892} 181815 : { SELL 19503.24@0.8079342} 181814 : { SELL 19503.24@0.8079342} 
Fri Nov 28 01:56:48 EST 2014 , 4 , 2 , 2 , 181817 : { BUY 5405.46@0.80470892} 181816 : { BUY 5405.46@0.80470892} 181815 : { SELL 19503.24@0.8079342} 181814 : { SELL 19503.24@0.8079342} 
Fri Nov 28 01:59:49 EST 2014 , 4 , 2 , 2 , 181817 : { BUY 5405.46@0.80470892} 181816 : { BUY 5405.46@0.80470892} 181815 : { SELL 19503.24@0.8079342} 181814 : { SELL 19503.24@0.8079342} 
Fri Nov 28 02:02:50 EST 2014 , 4 , 2 , 2 , 181817 : { BUY 5405.46@0.80470892} 181816 : { BUY 5405.46@0.80470892} 181815 : { SELL 19503.24@0.8079342} 181814 : { SELL 19503.24@0.8079342} 
Fri Nov 28 02:05:51 EST 2014 , 4 , 2 , 2 , 181817 : { BUY 5405.46@0.80470892} 181816 : { BUY 5405.46@0.80470892} 181815 : { SELL 19503.24@0.8079342} 181814 : { SELL 19503.24@0.8079342} 
Fri Nov 28 02:08:52 EST 2014 , 4 , 2 , 2 , 181817 : { BUY 5405.46@0.80470892} 181816 : { BUY 5405.46@0.80470892} 181815 : { SELL 19503.24@0.8079342} 181814 : { SELL 19503.24@0.8079342} 
Fri Nov 28 02:11:53 EST 2014 , 4 , 2 , 2 , 181817 : { BUY 5405.46@0.80470892} 181816 : { BUY 5405.46@0.80470892} 181815 : { SELL 19503.24@0.8079342} 181814 : { SELL 19503.24@0.8079342} 
Fri Nov 28 02:14:54 EST 2014 , 4 , 2 , 2 , 181817 : { BUY 5405.46@0.80470892} 181816 : { BUY 5405.46@0.80470892} 181815 : { SELL 19503.24@0.8079342} 181814 : { SELL 19503.24@0.8079342} 
Fri Nov 28 02:17:55 EST 2014 , 4 , 2 , 2 , 181817 : { BUY 5405.46@0.80470892} 181816 : { BUY 5405.46@0.80470892} 181815 : { SELL 19503.24@0.8079342} 181814 : { SELL 19503.24@0.8079342} 
Fri Nov 28 02:20:56 EST 2014 , 4 , 2 , 2 , 181817 : { BUY 5405.46@0.80470892} 181816 : { BUY 5405.46@0.80470892} 181815 : { SELL 19503.24@0.8079342} 181814 : { SELL 19503.24@0.8079342} 
Fri Nov 28 02:23:57 EST 2014 , 4 , 2 , 2 , 181817 : { BUY 5405.46@0.80470892} 181816 : { BUY 5405.46@0.80470892} 181815 : { SELL 19503.24@0.8079342} 181814 : { SELL 19503.24@0.8079342} 
Fri Nov 28 02:26:58 EST 2014 , 4 , 2 , 2 , 181817 : { BUY 5405.46@0.80470892} 181816 : { BUY 5405.46@0.80470892} 181815 : { SELL 19503.24@0.8079342} 181814 : { SELL 19503.24@0.8079342} 
Fri Nov 28 02:30:00 EST 2014 , 4 , 2 , 2 , 181817 : { BUY 5405.46@0.80470892} 181816 : { BUY 5405.46@0.80470892} 181815 : { SELL 19503.24@0.8079342} 181814 : { SELL 19503.24@0.8079342} 
Fri Nov 28 02:33:00 EST 2014 , 4 , 2 , 2 , 181817 : { BUY 5405.46@0.80470892} 181816 : { BUY 5405.46@0.80470892} 181815 : { SELL 19503.24@0.8079342} 181814 : { SELL 19503.24@0.8079342} 
Fri Nov 28 02:36:01 EST 2014 , 4 , 2 , 2 , 181817 : { BUY 5405.46@0.80470892} 181816 : { BUY 5405.46@0.80470892} 181815 : { SELL 19503.24@0.8079342} 181814 : { SELL 19503.24@0.8079342} 
Fri Nov 28 02:39:02 EST 2014 , 4 , 2 , 2 , 181817 : { BUY 5405.46@0.80470892} 181816 : { BUY 5405.46@0.80470892} 181815 : { SELL 19503.24@0.8079342} 181814 : { SELL 19503.24@0.8079342} 
Fri Nov 28 02:42:03 EST 2014 , 4 , 2 , 2 , 181817 : { BUY 5405.46@0.80470892} 181816 : { BUY 5405.46@0.80470892} 181815 : { SELL 19503.24@0.8079342} 181814 : { SELL 19503.24@0.8079342} 
Fri Nov 28 02:45:04 EST 2014 , 4 , 2 , 2 , 181817 : { BUY 5405.46@0.80470892} 181816 : { BUY 5405.46@0.80470892} 181815 : { SELL 19503.24@0.8079342} 181814 : { SELL 19503.24@0.8079342} 
Fri Nov 28 02:48:05 EST 2014 , 4 , 2 , 2 , 181817 : { BUY 5405.46@0.80470892} 181816 : { BUY 5405.46@0.80470892} 181815 : { SELL 19503.24@0.8079342} 181814 : { SELL 19503.24@0.8079342} 
Fri Nov 28 02:51:06 EST 2014 , 4 , 2 , 2 , 181817 : { BUY 5405.46@0.80470892} 181816 : { BUY 5405.46@0.80470892} 181815 : { SELL 19503.24@0.8079342} 181814 : { SELL 19503.24@0.8079342} 
Fri Nov 28 02:54:07 EST 2014 , 4 , 2 , 2 , 181817 : { BUY 5405.46@0.80470892} 181816 : { BUY 5405.46@0.80470892} 181815 : { SELL 19503.24@0.8079342} 181814 : { SELL 19503.24@0.8079342} 
Fri Nov 28 02:57:08 EST 2014 , 4 , 2 , 2 , 181817 : { BUY 5405.46@0.80470892} 181816 : { BUY 5405.46@0.80470892} 181815 : { SELL 19503.24@0.8079342} 181814 : { SELL 19503.24@0.8079342} 
Fri Nov 28 03:00:09 EST 2014 , 4 , 2 , 2 , 181817 : { BUY 5405.46@0.80470892} 181816 : { BUY 5405.46@0.80470892} 181815 : { SELL 19503.24@0.8079342} 181814 : { SELL 19503.24@0.8079342} 
Fri Nov 28 03:03:10 EST 2014 , 4 , 2 , 2 , 181817 : { BUY 5405.46@0.80470892} 181816 : { BUY 5405.46@0.80470892} 181815 : { SELL 19503.24@0.8079342} 181814 : { SELL 19503.24@0.8079342} 
Fri Nov 28 03:06:11 EST 2014 , 4 , 2 , 2 , 181817 : { BUY 5405.46@0.80470892} 181816 : { BUY 5405.46@0.80470892} 181815 : { SELL 19503.24@0.8079342} 181814 : { SELL 19503.24@0.8079342} 
Fri Nov 28 03:09:12 EST 2014 , 4 , 2 , 2 , 181817 : { BUY 5405.46@0.80470892} 181816 : { BUY 5405.46@0.80470892} 181815 : { SELL 19503.24@0.8079342} 181814 : { SELL 19503.24@0.8079342} 
Fri Nov 28 03:12:13 EST 2014 , 4 , 2 , 2 , 181817 : { BUY 5405.46@0.80470892} 181816 : { BUY 5405.46@0.80470892} 181815 : { SELL 19503.24@0.8079342} 181814 : { SELL 19503.24@0.8079342} 
Fri Nov 28 03:15:14 EST 2014 , 4 , 2 , 2 , 181817 : { BUY 5405.46@0.80470892} 181816 : { BUY 5405.46@0.80470892} 181815 : { SELL 19503.24@0.8079342} 181814 : { SELL 19503.24@0.8079342} 
Fri Nov 28 03:18:15 EST 2014 , 4 , 2 , 2 , 181817 : { BUY 5405.46@0.80470892} 181816 : { BUY 5405.46@0.80470892} 181815 : { SELL 19503.24@0.8079342} 181814 : { SELL 19503.24@0.8079342} 
Fri Nov 28 03:21:16 EST 2014 , 4 , 2 , 2 , 181817 : { BUY 5405.46@0.80470892} 181816 : { BUY 5405.46@0.80470892} 181815 : { SELL 19503.24@0.8079342} 181814 : { SELL 19503.24@0.8079342} 
Fri Nov 28 03:24:17 EST 2014 , 4 , 2 , 2 , 181817 : { BUY 5405.46@0.80470892} 181816 : { BUY 5405.46@0.80470892} 181815 : { SELL 19503.24@0.8079342} 181814 : { SELL 19503.24@0.8079342} 
Fri Nov 28 03:27:18 EST 2014 , 4 , 2 , 2 , 181817 : { BUY 5405.46@0.80470892} 181816 : { BUY 5405.46@0.80470892} 181815 : { SELL 19503.24@0.8079342} 181814 : { SELL 19503.24@0.8079342} 
Fri Nov 28 03:30:19 EST 2014 , 4 , 2 , 2 , 181817 : { BUY 5405.46@0.80470892} 181816 : { BUY 5405.46@0.80470892} 181815 : { SELL 19503.24@0.8079342} 181814 : { SELL 19503.24@0.8079342} 
Fri Nov 28 03:33:20 EST 2014 , 4 , 2 , 2 , 181817 : { BUY 5405.46@0.80470892} 181816 : { BUY 5405.46@0.80470892} 181815 : { SELL 19503.24@0.8079342} 181814 : { SELL 19503.24@0.8079342} 
Fri Nov 28 03:36:21 EST 2014 , 4 , 2 , 2 , 181817 : { BUY 5405.46@0.80470892} 181816 : { BUY 5405.46@0.80470892} 181815 : { SELL 19503.24@0.8079342} 181814 : { SELL 19503.24@0.8079342} 
Fri Nov 28 03:39:22 EST 2014 , 4 , 2 , 2 , 181817 : { BUY 5405.46@0.80470892} 181816 : { BUY 5405.46@0.80470892} 181815 : { SELL 19503.24@0.8079342} 181814 : { SELL 19503.24@0.8079342} 
Fri Nov 28 03:42:23 EST 2014 , 4 , 2 , 2 , 181817 : { BUY 5405.46@0.80470892} 181816 : { BUY 5405.46@0.80470892} 181815 : { SELL 19503.24@0.8079342} 181814 : { SELL 19503.24@0.8079342} 
Fri Nov 28 03:45:24 EST 2014 , 4 , 2 , 2 , 181817 : { BUY 5405.46@0.80470892} 181816 : { BUY 5405.46@0.80470892} 181815 : { SELL 19503.24@0.8079342} 181814 : { SELL 19503.24@0.8079342} 
Fri Nov 28 03:48:25 EST 2014 , 4 , 2 , 2 , 181817 : { BUY 5405.46@0.80470892} 181816 : { BUY 5405.46@0.80470892} 181815 : { SELL 19503.24@0.8079342} 181814 : { SELL 19503.24@0.8079342} 
Fri Nov 28 03:51:26 EST 2014 , 4 , 2 , 2 , 181817 : { BUY 5405.46@0.80470892} 181816 : { BUY 5405.46@0.80470892} 181815 : { SELL 19503.24@0.8079342} 181814 : { SELL 19503.24@0.8079342} 
Fri Nov 28 03:54:27 EST 2014 , 4 , 2 , 2 , 181817 : { BUY 5405.46@0.80470892} 181816 : { BUY 5405.46@0.80470892} 181815 : { SELL 19503.24@0.8079342} 181814 : { SELL 19503.24@0.8079342} 
Fri Nov 28 03:57:28 EST 2014 , 4 , 2 , 2 , 181817 : { BUY 5405.46@0.80470892} 181816 : { BUY 5405.46@0.80470892} 181815 : { SELL 19503.24@0.8079342} 181814 : { SELL 19503.24@0.8079342} 
Fri Nov 28 04:00:29 EST 2014 , 4 , 2 , 2 , 181817 : { BUY 5405.46@0.80470892} 181816 : { BUY 5405.46@0.80470892} 181815 : { SELL 19503.24@0.8079342} 181814 : { SELL 19503.24@0.8079342} 
Fri Nov 28 04:03:30 EST 2014 , 4 , 2 , 2 , 181817 : { BUY 5405.46@0.80470892} 181816 : { BUY 5405.46@0.80470892} 181815 : { SELL 19503.24@0.8079342} 181814 : { SELL 19503.24@0.8079342} 
Fri Nov 28 04:06:31 EST 2014 , 4 , 2 , 2 , 181817 : { BUY 5405.46@0.80470892} 181816 : { BUY 5405.46@0.80470892} 181815 : { SELL 19503.24@0.8079342} 181814 : { SELL 19503.24@0.8079342} 
Fri Nov 28 04:09:32 EST 2014 , 4 , 2 , 2 , 181817 : { BUY 5405.46@0.80470892} 181816 : { BUY 5405.46@0.80470892} 181815 : { SELL 19503.24@0.8079342} 181814 : { SELL 19503.24@0.8079342} 
Fri Nov 28 04:12:33 EST 2014 , 4 , 2 , 2 , 181817 : { BUY 5405.46@0.80470892} 181816 : { BUY 5405.46@0.80470892} 181815 : { SELL 19503.24@0.8079342} 181814 : { SELL 19503.24@0.8079342} 
Fri Nov 28 04:15:34 EST 2014 , 4 , 2 , 2 , 181817 : { BUY 5405.46@0.80470892} 181816 : { BUY 5405.46@0.80470892} 181815 : { SELL 19503.24@0.8079342} 181814 : { SELL 19503.24@0.8079342} 
Fri Nov 28 04:18:35 EST 2014 , 4 , 2 , 2 , 181817 : { BUY 5405.46@0.80470892} 181816 : { BUY 5405.46@0.80470892} 181815 : { SELL 19503.24@0.8079342} 181814 : { SELL 19503.24@0.8079342} 
Fri Nov 28 04:21:36 EST 2014 , 4 , 2 , 2 , 181817 : { BUY 5405.46@0.80470892} 181816 : { BUY 5405.46@0.80470892} 181815 : { SELL 19503.24@0.8079342} 181814 : { SELL 19503.24@0.8079342} 
Fri Nov 28 04:24:37 EST 2014 , 4 , 2 , 2 , 181817 : { BUY 5405.46@0.80470892} 181816 : { BUY 5405.46@0.80470892} 181815 : { SELL 19503.24@0.8079342} 181814 : { SELL 19503.24@0.8079342} 
Fri Nov 28 04:27:38 EST 2014 , 4 , 2 , 2 , 181817 : { BUY 5405.46@0.80470892} 181816 : { BUY 5405.46@0.80470892} 181815 : { SELL 19503.24@0.8079342} 181814 : { SELL 19503.24@0.8079342} 
Fri Nov 28 04:30:39 EST 2014 , 4 , 2 , 2 , 181817 : { BUY 5405.46@0.80470892} 181816 : { BUY 5405.46@0.80470892} 181815 : { SELL 19503.24@0.8079342} 181814 : { SELL 19503.24@0.8079342} 
Fri Nov 28 04:33:40 EST 2014 , 4 , 2 , 2 , 181817 : { BUY 5405.46@0.80470892} 181816 : { BUY 5405.46@0.80470892} 181815 : { SELL 19503.24@0.8079342} 181814 : { SELL 19503.24@0.8079342} 
Fri Nov 28 04:36:41 EST 2014 , 4 , 2 , 2 , 181817 : { BUY 5405.46@0.80470892} 181816 : { BUY 5405.46@0.80470892} 181815 : { SELL 19503.24@0.8079342} 181814 : { SELL 19503.24@0.8079342} 
Fri Nov 28 04:39:42 EST 2014 , 4 , 2 , 2 , 181817 : { BUY 5405.46@0.80470892} 181816 : { BUY 5405.46@0.80470892} 181815 : { SELL 19503.24@0.8079342} 181814 : { SELL 19503.24@0.8079342} 
Fri Nov 28 04:42:43 EST 2014 , 4 , 2 , 2 , 181817 : { BUY 5405.46@0.80470892} 181816 : { BUY 5405.46@0.80470892} 181815 : { SELL 19503.24@0.8079342} 181814 : { SELL 19503.24@0.8079342} 
Fri Nov 28 04:45:44 EST 2014 , 4 , 2 , 2 , 181817 : { BUY 5405.46@0.80470892} 181816 : { BUY 5405.46@0.80470892} 181815 : { SELL 19503.24@0.8079342} 181814 : { SELL 19503.24@0.8079342} 
Fri Nov 28 04:48:45 EST 2014 , 4 , 2 , 2 , 181817 : { BUY 5405.46@0.80470892} 181816 : { BUY 5405.46@0.80470892} 181815 : { SELL 19503.24@0.8079342} 181814 : { SELL 19503.24@0.8079342} 
Fri Nov 28 04:51:46 EST 2014 , 4 , 2 , 2 , 181817 : { BUY 5405.46@0.80470892} 181816 : { BUY 5405.46@0.80470892} 181815 : { SELL 19503.24@0.8079342} 181814 : { SELL 19503.24@0.8079342} 
Fri Nov 28 04:54:47 EST 2014 , 4 , 2 , 2 , 181817 : { BUY 5405.46@0.80470892} 181816 : { BUY 5405.46@0.80470892} 181815 : { SELL 19503.24@0.8079342} 181814 : { SELL 19503.24@0.8079342} 
Fri Nov 28 04:57:48 EST 2014 , 4 , 2 , 2 , 181817 : { BUY 5405.46@0.80470892} 181816 : { BUY 5405.46@0.80470892} 181815 : { SELL 19503.24@0.8079342} 181814 : { SELL 19503.24@0.8079342} 
Fri Nov 28 05:00:49 EST 2014 , 4 , 2 , 2 , 181817 : { BUY 5405.46@0.80470892} 181816 : { BUY 5405.46@0.80470892} 181815 : { SELL 19503.24@0.8079342} 181814 : { SELL 19503.24@0.8079342} 
Fri Nov 28 05:03:50 EST 2014 , 4 , 2 , 2 , 181817 : { BUY 5405.46@0.80470892} 181816 : { BUY 5405.46@0.80470892} 181815 : { SELL 19503.24@0.8079342} 181814 : { SELL 19503.24@0.8079342} 
Fri Nov 28 05:06:51 EST 2014 , 4 , 2 , 2 , 181817 : { BUY 5405.46@0.80470892} 181816 : { BUY 5405.46@0.80470892} 181815 : { SELL 19503.24@0.8079342} 181814 : { SELL 19503.24@0.8079342} 
Fri Nov 28 05:09:52 EST 2014 , 4 , 2 , 2 , 181817 : { BUY 5405.46@0.80470892} 181816 : { BUY 5405.46@0.80470892} 181815 : { SELL 19503.24@0.8079342} 181814 : { SELL 19503.24@0.8079342} 
Fri Nov 28 05:12:53 EST 2014 , 4 , 2 , 2 , 181817 : { BUY 5405.46@0.80470892} 181816 : { BUY 5405.46@0.80470892} 181815 : { SELL 19503.24@0.8079342} 181814 : { SELL 19503.24@0.8079342} 
Fri Nov 28 05:15:54 EST 2014 , 4 , 2 , 2 , 181817 : { BUY 5405.46@0.80470892} 181816 : { BUY 5405.46@0.80470892} 181815 : { SELL 19503.24@0.8079342} 181814 : { SELL 19503.24@0.8079342} 
Fri Nov 28 05:18:55 EST 2014 , 4 , 2 , 2 , 181817 : { BUY 5405.46@0.80470892} 181816 : { BUY 5405.46@0.80470892} 181815 : { SELL 19503.24@0.8079342} 181814 : { SELL 19503.24@0.8079342} 
Fri Nov 28 05:21:56 EST 2014 , 4 , 2 , 2 , 181817 : { BUY 5405.46@0.80470892} 181816 : { BUY 5405.46@0.80470892} 181815 : { SELL 19503.24@0.8079342} 181814 : { SELL 19503.24@0.8079342} 
Fri Nov 28 05:24:57 EST 2014 , 4 , 2 , 2 , 181817 : { BUY 5405.46@0.80470892} 181816 : { BUY 5405.46@0.80470892} 181815 : { SELL 19503.24@0.8079342} 181814 : { SELL 19503.24@0.8079342} 
Fri Nov 28 05:27:58 EST 2014 , 4 , 2 , 2 , 181817 : { BUY 5405.46@0.80470892} 181816 : { BUY 5405.46@0.80470892} 181815 : { SELL 19503.24@0.8079342} 181814 : { SELL 19503.24@0.8079342} 
Fri Nov 28 05:30:59 EST 2014 , 4 , 2 , 2 , 181817 : { BUY 5405.46@0.80470892} 181816 : { BUY 5405.46@0.80470892} 181815 : { SELL 19503.24@0.8079342} 181814 : { SELL 19503.24@0.8079342} 
Fri Nov 28 05:34:00 EST 2014 , 4 , 2 , 2 , 181817 : { BUY 5405.46@0.80470892} 181816 : { BUY 5405.46@0.80470892} 181815 : { SELL 19503.24@0.8079342} 181814 : { SELL 19503.24@0.8079342} 
Fri Nov 28 05:37:01 EST 2014 , 4 , 2 , 2 , 181817 : { BUY 5405.46@0.80470892} 181816 : { BUY 5405.46@0.80470892} 181815 : { SELL 19503.24@0.8079342} 181814 : { SELL 19503.24@0.8079342} 
Fri Nov 28 05:40:02 EST 2014 , 4 , 2 , 2 , 181817 : { BUY 5405.46@0.80470892} 181816 : { BUY 5405.46@0.80470892} 181815 : { SELL 19503.24@0.8079342} 181814 : { SELL 19503.24@0.8079342} 
Fri Nov 28 05:43:03 EST 2014 , 4 , 2 , 2 , 181817 : { BUY 5405.46@0.80470892} 181816 : { BUY 5405.46@0.80470892} 181815 : { SELL 19503.24@0.8079342} 181814 : { SELL 19503.24@0.8079342} 
Fri Nov 28 05:46:04 EST 2014 , 4 , 2 , 2 , 181817 : { BUY 5405.46@0.80470892} 181816 : { BUY 5405.46@0.80470892} 181815 : { SELL 19503.24@0.8079342} 181814 : { SELL 19503.24@0.8079342} 
Fri Nov 28 05:49:05 EST 2014 , 4 , 2 , 2 , 181817 : { BUY 5405.46@0.80470892} 181816 : { BUY 5405.46@0.80470892} 181815 : { SELL 19503.24@0.8079342} 181814 : { SELL 19503.24@0.8079342} 
Fri Nov 28 05:52:06 EST 2014 , 4 , 2 , 2 , 181817 : { BUY 5405.46@0.80470892} 181816 : { BUY 5405.46@0.80470892} 181815 : { SELL 19503.24@0.8079342} 181814 : { SELL 19503.24@0.8079342} 
Fri Nov 28 05:55:07 EST 2014 , 4 , 2 , 2 , 181817 : { BUY 5405.46@0.80470892} 181816 : { BUY 5405.46@0.80470892} 181815 : { SELL 19503.24@0.8079342} 181814 : { SELL 19503.24@0.8079342} 
Fri Nov 28 05:58:08 EST 2014 , 4 , 2 , 2 , 181817 : { BUY 5405.46@0.80470892} 181816 : { BUY 5405.46@0.80470892} 181815 : { SELL 19503.24@0.8079342} 181814 : { SELL 19503.24@0.8079342} 
Fri Nov 28 06:01:09 EST 2014 , 4 , 2 , 2 , 181817 : { BUY 5405.46@0.80470892} 181816 : { BUY 5405.46@0.80470892} 181815 : { SELL 19503.24@0.8079342} 181814 : { SELL 19503.24@0.8079342} 
Fri Nov 28 06:04:10 EST 2014 , 4 , 2 , 2 , 181817 : { BUY 5405.46@0.80470892} 181816 : { BUY 5405.46@0.80470892} 181815 : { SELL 19503.24@0.8079342} 181814 : { SELL 19503.24@0.8079342} 
Fri Nov 28 06:07:11 EST 2014 , 4 , 2 , 2 , 181817 : { BUY 5405.46@0.80470892} 181816 : { BUY 5405.46@0.80470892} 181815 : { SELL 19503.24@0.8079342} 181814 : { SELL 19503.24@0.8079342} 
Fri Nov 28 06:10:12 EST 2014 , 4 , 2 , 2 , 181817 : { BUY 5405.46@0.80470892} 181816 : { BUY 5405.46@0.80470892} 181815 : { SELL 19503.24@0.8079342} 181814 : { SELL 19503.24@0.8079342} 
Fri Nov 28 06:13:13 EST 2014 , 4 , 2 , 2 , 181817 : { BUY 5405.46@0.80470892} 181816 : { BUY 5405.46@0.80470892} 181815 : { SELL 19503.24@0.8079342} 181814 : { SELL 19503.24@0.8079342} 
Fri Nov 28 06:16:14 EST 2014 , 4 , 2 , 2 , 181817 : { BUY 5405.46@0.80470892} 181816 : { BUY 5405.46@0.80470892} 181815 : { SELL 19503.24@0.8079342} 181814 : { SELL 19503.24@0.8079342} 
Fri Nov 28 06:19:15 EST 2014 , 4 , 2 , 2 , 181817 : { BUY 5405.46@0.80470892} 181816 : { BUY 5405.46@0.80470892} 181815 : { SELL 19503.24@0.8079342} 181814 : { SELL 19503.24@0.8079342} 
Fri Nov 28 06:22:16 EST 2014 , 4 , 2 , 2 , 181817 : { BUY 5405.46@0.80470892} 181816 : { BUY 5405.46@0.80470892} 181815 : { SELL 19503.24@0.8079342} 181814 : { SELL 19503.24@0.8079342} 
Fri Nov 28 06:25:17 EST 2014 , 4 , 2 , 2 , 181817 : { BUY 5405.46@0.80470892} 181816 : { BUY 5405.46@0.80470892} 181815 : { SELL 19503.24@0.8079342} 181814 : { SELL 19503.24@0.8079342} 
Fri Nov 28 06:28:18 EST 2014 , 4 , 2 , 2 , 181817 : { BUY 5405.46@0.80470892} 181816 : { BUY 5405.46@0.80470892} 181815 : { SELL 19503.24@0.8079342} 181814 : { SELL 19503.24@0.8079342} 
Fri Nov 28 06:31:19 EST 2014 , 4 , 2 , 2 , 181817 : { BUY 5405.46@0.80470892} 181816 : { BUY 5405.46@0.80470892} 181815 : { SELL 19503.24@0.8079342} 181814 : { SELL 19503.24@0.8079342} 
Fri Nov 28 06:34:20 EST 2014 , 4 , 2 , 2 , 181817 : { BUY 5405.46@0.80470892} 181816 : { BUY 5405.46@0.80470892} 181815 : { SELL 19503.24@0.8079342} 181814 : { SELL 19503.24@0.8079342} 
Fri Nov 28 06:37:21 EST 2014 , 4 , 2 , 2 , 181817 : { BUY 5405.46@0.80470892} 181816 : { BUY 5405.46@0.80470892} 181815 : { SELL 19503.24@0.8079342} 181814 : { SELL 19503.24@0.8079342} 
Fri Nov 28 06:40:22 EST 2014 , 4 , 2 , 2 , 181817 : { BUY 5405.46@0.80470892} 181816 : { BUY 5405.46@0.80470892} 181815 : { SELL 19503.24@0.8079342} 181814 : { SELL 19503.24@0.8079342} 
Fri Nov 28 06:43:23 EST 2014 , 4 , 2 , 2 , 181817 : { BUY 5405.46@0.80470892} 181816 : { BUY 5405.46@0.80470892} 181815 : { SELL 19503.24@0.8079342} 181814 : { SELL 19503.24@0.8079342} 
Fri Nov 28 06:46:24 EST 2014 , 4 , 2 , 2 , 181817 : { BUY 5405.46@0.80470892} 181816 : { BUY 5405.46@0.80470892} 181815 : { SELL 19503.24@0.8079342} 181814 : { SELL 19503.24@0.8079342} 
Fri Nov 28 06:49:25 EST 2014 , 4 , 2 , 2 , 181817 : { BUY 5405.46@0.80470892} 181816 : { BUY 5405.46@0.80470892} 181815 : { SELL 19503.24@0.8079342} 181814 : { SELL 19503.24@0.8079342} 
Fri Nov 28 06:52:26 EST 2014 , 4 , 2 , 2 , 181817 : { BUY 5405.46@0.80470892} 181816 : { BUY 5405.46@0.80470892} 181815 : { SELL 19503.24@0.8079342} 181814 : { SELL 19503.24@0.8079342} 
Fri Nov 28 06:55:27 EST 2014 , 4 , 2 , 2 , 181817 : { BUY 5405.46@0.80470892} 181816 : { BUY 5405.46@0.80470892} 181815 : { SELL 19503.24@0.8079342} 181814 : { SELL 19503.24@0.8079342} 
Fri Nov 28 06:58:28 EST 2014 , 4 , 2 , 2 , 181817 : { BUY 5405.46@0.80470892} 181816 : { BUY 5405.46@0.80470892} 181815 : { SELL 19503.24@0.8079342} 181814 : { SELL 19503.24@0.8079342} 
Fri Nov 28 07:01:29 EST 2014 , 4 , 2 , 2 , 181817 : { BUY 5405.46@0.80470892} 181816 : { BUY 5405.46@0.80470892} 181815 : { SELL 19503.24@0.8079342} 181814 : { SELL 19503.24@0.8079342} 
Fri Nov 28 07:04:30 EST 2014 , 4 , 2 , 2 , 181817 : { BUY 5405.46@0.80470892} 181816 : { BUY 5405.46@0.80470892} 181815 : { SELL 19503.24@0.8079342} 181814 : { SELL 19503.24@0.8079342} 
Fri Nov 28 07:07:31 EST 2014 , 4 , 2 , 2 , 181817 : { BUY 5405.46@0.80470892} 181816 : { BUY 5405.46@0.80470892} 181815 : { SELL 19503.24@0.8079342} 181814 : { SELL 19503.24@0.8079342} 
Fri Nov 28 07:10:32 EST 2014 , 4 , 2 , 2 , 181817 : { BUY 5405.46@0.80470892} 181816 : { BUY 5405.46@0.80470892} 181815 : { SELL 19503.24@0.8079342} 181814 : { SELL 19503.24@0.8079342} 
Fri Nov 28 07:13:33 EST 2014 , 4 , 2 , 2 , 181817 : { BUY 5405.46@0.80470892} 181816 : { BUY 5405.46@0.80470892} 181815 : { SELL 19503.24@0.8079342} 181814 : { SELL 19503.24@0.8079342} 
Fri Nov 28 07:16:34 EST 2014 , 4 , 2 , 2 , 181817 : { BUY 5405.46@0.80470892} 181816 : { BUY 5405.46@0.80470892} 181815 : { SELL 19503.24@0.8079342} 181814 : { SELL 19503.24@0.8079342} 
Fri Nov 28 07:19:35 EST 2014 , 4 , 2 , 2 , 181817 : { BUY 5405.46@0.80470892} 181816 : { BUY 5405.46@0.80470892} 181815 : { SELL 19503.24@0.8079342} 181814 : { SELL 19503.24@0.8079342} 
Fri Nov 28 07:22:36 EST 2014 , 4 , 2 , 2 , 181817 : { BUY 5405.46@0.80470892} 181816 : { BUY 5405.46@0.80470892} 181815 : { SELL 19503.24@0.8079342} 181814 : { SELL 19503.24@0.8079342} 
Fri Nov 28 07:25:37 EST 2014 , 4 , 2 , 2 , 181817 : { BUY 5405.46@0.80470892} 181816 : { BUY 5405.46@0.80470892} 181815 : { SELL 19503.24@0.8079342} 181814 : { SELL 19503.24@0.8079342} 
Fri Nov 28 07:28:38 EST 2014 , 4 , 2 , 2 , 181817 : { BUY 5405.46@0.80470892} 181816 : { BUY 5405.46@0.80470892} 181815 : { SELL 19503.24@0.8079342} 181814 : { SELL 19503.24@0.8079342} 
Fri Nov 28 07:31:40 EST 2014 , 4 , 2 , 2 , 181817 : { BUY 5405.46@0.80470892} 181816 : { BUY 5405.46@0.80470892} 181815 : { SELL 19503.24@0.8079342} 181814 : { SELL 19503.24@0.8079342} 
Fri Nov 28 07:34:40 EST 2014 , 4 , 2 , 2 , 181817 : { BUY 5405.46@0.80470892} 181816 : { BUY 5405.46@0.80470892} 181815 : { SELL 19503.24@0.8079342} 181814 : { SELL 19503.24@0.8079342} 
Fri Nov 28 07:37:41 EST 2014 , 4 , 2 , 2 , 181817 : { BUY 5405.46@0.80470892} 181816 : { BUY 5405.46@0.80470892} 181815 : { SELL 19503.24@0.8079342} 181814 : { SELL 19503.24@0.8079342} 
Fri Nov 28 07:40:42 EST 2014 , 4 , 2 , 2 , 181817 : { BUY 5405.46@0.80470892} 181816 : { BUY 5405.46@0.80470892} 181815 : { SELL 19503.24@0.8079342} 181814 : { SELL 19503.24@0.8079342} 
Fri Nov 28 07:43:43 EST 2014 , 4 , 2 , 2 , 181817 : { BUY 5405.46@0.80470892} 181816 : { BUY 5405.46@0.80470892} 181815 : { SELL 19503.24@0.8079342} 181814 : { SELL 19503.24@0.8079342} 
Fri Nov 28 07:46:44 EST 2014 , 4 , 2 , 2 , 181817 : { BUY 5405.46@0.80470892} 181816 : { BUY 5405.46@0.80470892} 181815 : { SELL 19503.24@0.8079342} 181814 : { SELL 19503.24@0.8079342} 
Fri Nov 28 07:49:45 EST 2014 , 4 , 2 , 2 , 181817 : { BUY 5405.46@0.80470892} 181816 : { BUY 5405.46@0.80470892} 181815 : { SELL 19503.24@0.8079342} 181814 : { SELL 19503.24@0.8079342} 
Fri Nov 28 07:52:46 EST 2014 , 4 , 2 , 2 , 181817 : { BUY 5405.46@0.80470892} 181816 : { BUY 5405.46@0.80470892} 181815 : { SELL 19503.24@0.8079342} 181814 : { SELL 19503.24@0.8079342} 
Fri Nov 28 07:55:47 EST 2014 , 4 , 2 , 2 , 181817 : { BUY 5405.46@0.80470892} 181816 : { BUY 5405.46@0.80470892} 181815 : { SELL 19503.24@0.8079342} 181814 : { SELL 19503.24@0.8079342} 
Fri Nov 28 07:58:48 EST 2014 , 4 , 2 , 2 , 181817 : { BUY 5405.46@0.80470892} 181816 : { BUY 5405.46@0.80470892} 181815 : { SELL 19503.24@0.8079342} 181814 : { SELL 19503.24@0.8079342} 
Fri Nov 28 08:01:49 EST 2014 , 4 , 2 , 2 , 181817 : { BUY 5405.46@0.80470892} 181816 : { BUY 5405.46@0.80470892} 181815 : { SELL 19503.24@0.8079342} 181814 : { SELL 19503.24@0.8079342} 
Fri Nov 28 08:04:50 EST 2014 , 4 , 2 , 2 , 181817 : { BUY 5405.46@0.80470892} 181816 : { BUY 5405.46@0.80470892} 181815 : { SELL 19503.24@0.8079342} 181814 : { SELL 19503.24@0.8079342} 
Fri Nov 28 08:07:51 EST 2014 , 4 , 2 , 2 , 181817 : { BUY 5405.46@0.80470892} 181816 : { BUY 5405.46@0.80470892} 181815 : { SELL 19503.24@0.8079342} 181814 : { SELL 19503.24@0.8079342} 
Fri Nov 28 08:10:52 EST 2014 , 4 , 2 , 2 , 181817 : { BUY 5405.46@0.80470892} 181816 : { BUY 5405.46@0.80470892} 181815 : { SELL 19503.24@0.8079342} 181814 : { SELL 19503.24@0.8079342} 
Fri Nov 28 08:13:53 EST 2014 , 4 , 2 , 2 , 181817 : { BUY 5405.46@0.80470892} 181816 : { BUY 5405.46@0.80470892} 181815 : { SELL 19503.24@0.8079342} 181814 : { SELL 19503.24@0.8079342} 
Fri Nov 28 08:16:54 EST 2014 , 4 , 2 , 2 , 181817 : { BUY 5405.46@0.80470892} 181816 : { BUY 5405.46@0.80470892} 181815 : { SELL 19503.24@0.8079342} 181814 : { SELL 19503.24@0.8079342} 
Fri Nov 28 08:19:55 EST 2014 , 4 , 2 , 2 , 181817 : { BUY 5405.46@0.80470892} 181816 : { BUY 5405.46@0.80470892} 181815 : { SELL 19503.24@0.8079342} 181814 : { SELL 19503.24@0.8079342} 
Fri Nov 28 08:22:56 EST 2014 , 4 , 2 , 2 , 181817 : { BUY 5405.46@0.80470892} 181816 : { BUY 5405.46@0.80470892} 181815 : { SELL 19503.24@0.8079342} 181814 : { SELL 19503.24@0.8079342} 
Fri Nov 28 08:25:57 EST 2014 , 4 , 2 , 2 , 181817 : { BUY 5405.46@0.80470892} 181816 : { BUY 5405.46@0.80470892} 181815 : { SELL 19503.24@0.8079342} 181814 : { SELL 19503.24@0.8079342} 
Fri Nov 28 08:28:58 EST 2014 , 4 , 2 , 2 , 181817 : { BUY 5405.46@0.80470892} 181816 : { BUY 5405.46@0.80470892} 181815 : { SELL 19503.24@0.8079342} 181814 : { SELL 19503.24@0.8079342} 
Fri Nov 28 08:31:59 EST 2014 , 4 , 2 , 2 , 181817 : { BUY 5405.46@0.80470892} 181816 : { BUY 5405.46@0.80470892} 181815 : { SELL 19503.24@0.8079342} 181814 : { SELL 19503.24@0.8079342} 
Fri Nov 28 08:35:00 EST 2014 , 4 , 2 , 2 , 181817 : { BUY 5405.46@0.80470892} 181816 : { BUY 5405.46@0.80470892} 181815 : { SELL 19503.24@0.8079342} 181814 : { SELL 19503.24@0.8079342} 
Fri Nov 28 08:38:01 EST 2014 , 4 , 2 , 2 , 181817 : { BUY 5405.46@0.80470892} 181816 : { BUY 5405.46@0.80470892} 181815 : { SELL 19503.24@0.8079342} 181814 : { SELL 19503.24@0.8079342} 
Fri Nov 28 08:41:02 EST 2014 , 4 , 2 , 2 , 181817 : { BUY 5405.46@0.80470892} 181816 : { BUY 5405.46@0.80470892} 181815 : { SELL 19503.24@0.8079342} 181814 : { SELL 19503.24@0.8079342} 
Fri Nov 28 08:44:03 EST 2014 , 4 , 2 , 2 , 181817 : { BUY 5405.46@0.80470892} 181816 : { BUY 5405.46@0.80470892} 181815 : { SELL 19503.24@0.8079342} 181814 : { SELL 19503.24@0.8079342} 
Fri Nov 28 08:47:04 EST 2014 , 4 , 2 , 2 , 181817 : { BUY 5405.46@0.80470892} 181816 : { BUY 5405.46@0.80470892} 181815 : { SELL 19503.24@0.8079342} 181814 : { SELL 19503.24@0.8079342} 
Fri Nov 28 08:50:05 EST 2014 , 4 , 2 , 2 , 181817 : { BUY 5405.46@0.80470892} 181816 : { BUY 5405.46@0.80470892} 181815 : { SELL 19503.24@0.8079342} 181814 : { SELL 19503.24@0.8079342} 
Fri Nov 28 08:53:06 EST 2014 , 4 , 2 , 2 , 181817 : { BUY 5405.46@0.80470892} 181816 : { BUY 5405.46@0.80470892} 181815 : { SELL 19503.24@0.8079342} 181814 : { SELL 19503.24@0.8079342} 
Fri Nov 28 08:56:07 EST 2014 , 4 , 2 , 2 , 181817 : { BUY 5405.46@0.80470892} 181816 : { BUY 5405.46@0.80470892} 181815 : { SELL 19503.24@0.8079342} 181814 : { SELL 19503.24@0.8079342} 
Fri Nov 28 08:59:08 EST 2014 , 4 , 2 , 2 , 181817 : { BUY 5405.46@0.80470892} 181816 : { BUY 5405.46@0.80470892} 181815 : { SELL 19503.24@0.8079342} 181814 : { SELL 19503.24@0.8079342} 
Fri Nov 28 09:02:09 EST 2014 , 4 , 2 , 2 , 181817 : { BUY 5405.46@0.80470892} 181816 : { BUY 5405.46@0.80470892} 181815 : { SELL 19503.24@0.8079342} 181814 : { SELL 19503.24@0.8079342} 
Fri Nov 28 09:05:10 EST 2014 , 4 , 2 , 2 , 181817 : { BUY 5405.46@0.80470892} 181816 : { BUY 5405.46@0.80470892} 181815 : { SELL 19503.24@0.8079342} 181814 : { SELL 19503.24@0.8079342} 
Fri Nov 28 09:08:11 EST 2014 , 4 , 2 , 2 , 181817 : { BUY 5405.46@0.80470892} 181816 : { BUY 5405.46@0.80470892} 181815 : { SELL 19503.24@0.8079342} 181814 : { SELL 19503.24@0.8079342} 
Fri Nov 28 09:11:12 EST 2014 , 4 , 2 , 2 , 181817 : { BUY 5405.46@0.80470892} 181816 : { BUY 5405.46@0.80470892} 181815 : { SELL 19503.24@0.8079342} 181814 : { SELL 19503.24@0.8079342} 
Fri Nov 28 09:14:13 EST 2014 , 4 , 2 , 2 , 181817 : { BUY 5405.46@0.80470892} 181816 : { BUY 5405.46@0.80470892} 181815 : { SELL 19503.24@0.8079342} 181814 : { SELL 19503.24@0.8079342} 
Fri Nov 28 09:17:14 EST 2014 , 4 , 2 , 2 , 181817 : { BUY 5405.46@0.80470892} 181816 : { BUY 5405.46@0.80470892} 181815 : { SELL 19503.24@0.8079342} 181814 : { SELL 19503.24@0.8079342} 
Fri Nov 28 09:20:15 EST 2014 , 4 , 2 , 2 , 181817 : { BUY 5405.46@0.80470892} 181816 : { BUY 5405.46@0.80470892} 181815 : { SELL 19503.24@0.8079342} 181814 : { SELL 19503.24@0.8079342} 
Fri Nov 28 09:23:16 EST 2014 , 4 , 2 , 2 , 181817 : { BUY 5405.46@0.80470892} 181816 : { BUY 5405.46@0.80470892} 181815 : { SELL 19503.24@0.8079342} 181814 : { SELL 19503.24@0.8079342} 
Fri Nov 28 09:26:17 EST 2014 , 4 , 2 , 2 , 181817 : { BUY 5405.46@0.80470892} 181816 : { BUY 5405.46@0.80470892} 181815 : { SELL 19503.24@0.8079342} 181814 : { SELL 19503.24@0.8079342} 
Fri Nov 28 09:29:18 EST 2014 , 4 , 2 , 2 , 181817 : { BUY 5405.46@0.80470892} 181816 : { BUY 5405.46@0.80470892} 181815 : { SELL 19503.24@0.8079342} 181814 : { SELL 19503.24@0.8079342} 
Fri Nov 28 09:32:19 EST 2014 , 4 , 2 , 2 , 181817 : { BUY 5405.46@0.80470892} 181816 : { BUY 5405.46@0.80470892} 181815 : { SELL 19503.24@0.8079342} 181814 : { SELL 19503.24@0.8079342} 
Fri Nov 28 09:35:20 EST 2014 , 4 , 2 , 2 , 181817 : { BUY 5405.46@0.80470892} 181816 : { BUY 5405.46@0.80470892} 181815 : { SELL 19503.24@0.8079342} 181814 : { SELL 19503.24@0.8079342} 
Fri Nov 28 09:38:21 EST 2014 , 4 , 2 , 2 , 181817 : { BUY 5405.46@0.80470892} 181816 : { BUY 5405.46@0.80470892} 181815 : { SELL 19503.24@0.8079342} 181814 : { SELL 19503.24@0.8079342} 
Fri Nov 28 09:41:22 EST 2014 , 4 , 2 , 2 , 181817 : { BUY 5405.46@0.80470892} 181816 : { BUY 5405.46@0.80470892} 181815 : { SELL 19503.24@0.8079342} 181814 : { SELL 19503.24@0.8079342} 
Fri Nov 28 09:44:23 EST 2014 , 4 , 2 , 2 , 181817 : { BUY 5405.46@0.80470892} 181816 : { BUY 5405.46@0.80470892} 181815 : { SELL 19503.24@0.8079342} 181814 : { SELL 19503.24@0.8079342} 
Fri Nov 28 09:47:24 EST 2014 , 4 , 2 , 2 , 181817 : { BUY 5405.46@0.80470892} 181816 : { BUY 5405.46@0.80470892} 181815 : { SELL 19503.24@0.8079342} 181814 : { SELL 19503.24@0.8079342} 
Fri Nov 28 09:50:25 EST 2014 , 4 , 2 , 2 , 181817 : { BUY 5405.46@0.80470892} 181816 : { BUY 5405.46@0.80470892} 181815 : { SELL 19503.24@0.8079342} 181814 : { SELL 19503.24@0.8079342} 
Fri Nov 28 09:53:26 EST 2014 , 4 , 2 , 2 , 181817 : { BUY 5405.46@0.80470892} 181816 : { BUY 5405.46@0.80470892} 181815 : { SELL 19503.24@0.8079342} 181814 : { SELL 19503.24@0.8079342} 
Fri Nov 28 09:56:27 EST 2014 , 4 , 2 , 2 , 181817 : { BUY 5405.46@0.80470892} 181816 : { BUY 5405.46@0.80470892} 181815 : { SELL 19503.24@0.8079342} 181814 : { SELL 19503.24@0.8079342} 
Fri Nov 28 09:59:28 EST 2014 , 4 , 2 , 2 , 181817 : { BUY 5405.46@0.80470892} 181816 : { BUY 5405.46@0.80470892} 181815 : { SELL 19503.24@0.8079342} 181814 : { SELL 19503.24@0.8079342} 
Fri Nov 28 10:02:29 EST 2014 , 4 , 2 , 2 , 181817 : { BUY 5405.46@0.80470892} 181816 : { BUY 5405.46@0.80470892} 181815 : { SELL 19503.24@0.8079342} 181814 : { SELL 19503.24@0.8079342} 
Fri Nov 28 10:05:30 EST 2014 , 4 , 2 , 2 , 181817 : { BUY 5405.46@0.80470892} 181816 : { BUY 5405.46@0.80470892} 181815 : { SELL 19503.24@0.8079342} 181814 : { SELL 19503.24@0.8079342} 
Fri Nov 28 10:08:31 EST 2014 , 4 , 2 , 2 , 181817 : { BUY 5405.46@0.80470892} 181816 : { BUY 5405.46@0.80470892} 181815 : { SELL 19503.24@0.8079342} 181814 : { SELL 19503.24@0.8079342} 
Fri Nov 28 10:11:32 EST 2014 , 4 , 2 , 2 , 181817 : { BUY 5405.46@0.80470892} 181816 : { BUY 5405.46@0.80470892} 181815 : { SELL 19503.24@0.8079342} 181814 : { SELL 19503.24@0.8079342} 
Fri Nov 28 10:14:33 EST 2014 , 4 , 2 , 2 , 181817 : { BUY 5405.46@0.80470892} 181816 : { BUY 5405.46@0.80470892} 181815 : { SELL 19503.24@0.8079342} 181814 : { SELL 19503.24@0.8079342} 
Fri Nov 28 10:17:34 EST 2014 , 4 , 2 , 2 , 181817 : { BUY 5405.46@0.80470892} 181816 : { BUY 5405.46@0.80470892} 181815 : { SELL 19503.24@0.8079342} 181814 : { SELL 19503.24@0.8079342} 
Fri Nov 28 10:20:35 EST 2014 , 4 , 2 , 2 , 181817 : { BUY 5405.46@0.80470892} 181816 : { BUY 5405.46@0.80470892} 181815 : { SELL 19503.24@0.8079342} 181814 : { SELL 19503.24@0.8079342} 
Fri Nov 28 10:23:36 EST 2014 , 4 , 2 , 2 , 181817 : { BUY 5405.46@0.80470892} 181816 : { BUY 5405.46@0.80470892} 181815 : { SELL 19503.24@0.8079342} 181814 : { SELL 19503.24@0.8079342} 
Fri Nov 28 10:26:37 EST 2014 , 4 , 2 , 2 , 181817 : { BUY 5405.46@0.80470892} 181816 : { BUY 5405.46@0.80470892} 181815 : { SELL 19503.24@0.8079342} 181814 : { SELL 19503.24@0.8079342} 
Fri Nov 28 10:29:38 EST 2014 , 4 , 2 , 2 , 181817 : { BUY 5405.46@0.80470892} 181816 : { BUY 5405.46@0.80470892} 181815 : { SELL 19503.24@0.8079342} 181814 : { SELL 19503.24@0.8079342} 
Fri Nov 28 10:32:39 EST 2014 , 4 , 2 , 2 , 181817 : { BUY 5405.46@0.80470892} 181816 : { BUY 5405.46@0.80470892} 181815 : { SELL 19503.24@0.8079342} 181814 : { SELL 19503.24@0.8079342} 
Fri Nov 28 10:35:40 EST 2014 , 4 , 2 , 2 , 181817 : { BUY 5405.46@0.80470892} 181816 : { BUY 5405.46@0.80470892} 181815 : { SELL 19503.24@0.8079342} 181814 : { SELL 19503.24@0.8079342} 
Fri Nov 28 10:38:41 EST 2014 , 4 , 2 , 2 , 181817 : { BUY 5405.46@0.80470892} 181816 : { BUY 5405.46@0.80470892} 181815 : { SELL 19503.24@0.8079342} 181814 : { SELL 19503.24@0.8079342} 
Fri Nov 28 10:41:42 EST 2014 , 4 , 2 , 2 , 181817 : { BUY 5405.46@0.80470892} 181816 : { BUY 5405.46@0.80470892} 181815 : { SELL 19503.24@0.8079342} 181814 : { SELL 19503.24@0.8079342} 
Fri Nov 28 10:44:43 EST 2014 , 4 , 2 , 2 , 181817 : { BUY 5405.46@0.80470892} 181816 : { BUY 5405.46@0.80470892} 181815 : { SELL 19503.24@0.8079342} 181814 : { SELL 19503.24@0.8079342} 
Fri Nov 28 10:47:44 EST 2014 , 4 , 2 , 2 , 181817 : { BUY 5405.46@0.80470892} 181816 : { BUY 5405.46@0.80470892} 181815 : { SELL 19503.24@0.8079342} 181814 : { SELL 19503.24@0.8079342} 
Fri Nov 28 10:50:45 EST 2014 , 4 , 2 , 2 , 181817 : { BUY 5405.46@0.80470892} 181816 : { BUY 5405.46@0.80470892} 181815 : { SELL 19503.24@0.8079342} 181814 : { SELL 19503.24@0.8079342} 
Fri Nov 28 10:53:46 EST 2014 , 4 , 2 , 2 , 181817 : { BUY 5405.46@0.80470892} 181816 : { BUY 5405.46@0.80470892} 181815 : { SELL 19503.24@0.8079342} 181814 : { SELL 19503.24@0.8079342} 
Fri Nov 28 10:56:47 EST 2014 , 4 , 2 , 2 , 181817 : { BUY 5405.46@0.80470892} 181816 : { BUY 5405.46@0.80470892} 181815 : { SELL 19503.24@0.8079342} 181814 : { SELL 19503.24@0.8079342} 
Fri Nov 28 10:59:48 EST 2014 , 4 , 2 , 2 , 181817 : { BUY 5405.46@0.80470892} 181816 : { BUY 5405.46@0.80470892} 181815 : { SELL 19503.24@0.8079342} 181814 : { SELL 19503.24@0.8079342} 
Fri Nov 28 11:02:49 EST 2014 , 4 , 2 , 2 , 181817 : { BUY 5405.46@0.80470892} 181816 : { BUY 5405.46@0.80470892} 181815 : { SELL 19503.24@0.8079342} 181814 : { SELL 19503.24@0.8079342} 
Fri Nov 28 11:05:50 EST 2014 , 4 , 2 , 2 , 181817 : { BUY 5405.46@0.80470892} 181816 : { BUY 5405.46@0.80470892} 181815 : { SELL 19503.24@0.8079342} 181814 : { SELL 19503.24@0.8079342} 
Fri Nov 28 11:08:51 EST 2014 , 4 , 2 , 2 , 181817 : { BUY 5405.46@0.80470892} 181816 : { BUY 5405.46@0.80470892} 181815 : { SELL 19503.24@0.8079342} 181814 : { SELL 19503.24@0.8079342} 
Fri Nov 28 11:11:52 EST 2014 , 4 , 2 , 2 , 181817 : { BUY 5405.46@0.80470892} 181816 : { BUY 5405.46@0.80470892} 181815 : { SELL 19503.24@0.8079342} 181814 : { SELL 19503.24@0.8079342} 
Fri Nov 28 11:14:53 EST 2014 , 4 , 2 , 2 , 181817 : { BUY 5405.46@0.80470892} 181816 : { BUY 5405.46@0.80470892} 181815 : { SELL 19503.24@0.8079342} 181814 : { SELL 19503.24@0.8079342} 
Fri Nov 28 11:17:54 EST 2014 , 4 , 2 , 2 , 181817 : { BUY 5405.46@0.80470892} 181816 : { BUY 5405.46@0.80470892} 181815 : { SELL 19503.24@0.8079342} 181814 : { SELL 19503.24@0.8079342} 
Fri Nov 28 11:20:55 EST 2014 , 4 , 2 , 2 , 181817 : { BUY 5405.46@0.80470892} 181816 : { BUY 5405.46@0.80470892} 181815 : { SELL 19503.24@0.8079342} 181814 : { SELL 19503.24@0.8079342} 
Fri Nov 28 11:23:56 EST 2014 , 4 , 2 , 2 , 181817 : { BUY 5405.46@0.80470892} 181816 : { BUY 5405.46@0.80470892} 181815 : { SELL 19503.24@0.8079342} 181814 : { SELL 19503.24@0.8079342} 
Fri Nov 28 11:26:57 EST 2014 , 4 , 2 , 2 , 181817 : { BUY 5405.46@0.80470892} 181816 : { BUY 5405.46@0.80470892} 181815 : { SELL 19503.24@0.8079342} 181814 : { SELL 19503.24@0.8079342} 
Fri Nov 28 11:29:58 EST 2014 , 4 , 2 , 2 , 181817 : { BUY 5405.46@0.80470892} 181816 : { BUY 5405.46@0.80470892} 181815 : { SELL 19503.24@0.8079342} 181814 : { SELL 19503.24@0.8079342} 
Fri Nov 28 11:32:59 EST 2014 , 4 , 2 , 2 , 181817 : { BUY 5405.46@0.80470892} 181816 : { BUY 5405.46@0.80470892} 181815 : { SELL 19503.24@0.8079342} 181814 : { SELL 19503.24@0.8079342} 
Fri Nov 28 11:36:00 EST 2014 , 4 , 2 , 2 , 181817 : { BUY 5405.46@0.80470892} 181816 : { BUY 5405.46@0.80470892} 181815 : { SELL 19503.24@0.8079342} 181814 : { SELL 19503.24@0.8079342} 
Fri Nov 28 11:39:01 EST 2014 , 4 , 2 , 2 , 181817 : { BUY 5405.46@0.80470892} 181816 : { BUY 5405.46@0.80470892} 181815 : { SELL 19503.24@0.8079342} 181814 : { SELL 19503.24@0.8079342} 
Fri Nov 28 11:42:02 EST 2014 , 4 , 2 , 2 , 181817 : { BUY 5405.46@0.80470892} 181816 : { BUY 5405.46@0.80470892} 181815 : { SELL 19503.24@0.8079342} 181814 : { SELL 19503.24@0.8079342} 
Fri Nov 28 11:45:03 EST 2014 , 4 , 2 , 2 , 181817 : { BUY 5405.46@0.80470892} 181816 : { BUY 5405.46@0.80470892} 181815 : { SELL 19503.24@0.8079342} 181814 : { SELL 19503.24@0.8079342} 
Fri Nov 28 11:48:04 EST 2014 , 4 , 2 , 2 , 181817 : { BUY 5405.46@0.80470892} 181816 : { BUY 5405.46@0.80470892} 181815 : { SELL 19503.24@0.8079342} 181814 : { SELL 19503.24@0.8079342} 
Fri Nov 28 11:51:05 EST 2014 , 4 , 2 , 2 , 181817 : { BUY 5405.46@0.80470892} 181816 : { BUY 5405.46@0.80470892} 181815 : { SELL 19503.24@0.8079342} 181814 : { SELL 19503.24@0.8079342} 
Fri Nov 28 11:54:06 EST 2014 , 4 , 2 , 2 , 181817 : { BUY 5405.46@0.80470892} 181816 : { BUY 5405.46@0.80470892} 181815 : { SELL 19503.24@0.8079342} 181814 : { SELL 19503.24@0.8079342} 
Fri Nov 28 11:57:07 EST 2014 , 4 , 2 , 2 , 181817 : { BUY 5405.46@0.80470892} 181816 : { BUY 5405.46@0.80470892} 181815 : { SELL 19503.24@0.8079342} 181814 : { SELL 19503.24@0.8079342} 
Fri Nov 28 12:00:08 EST 2014 , 4 , 2 , 2 , 181817 : { BUY 5405.46@0.80470892} 181816 : { BUY 5405.46@0.80470892} 181815 : { SELL 19503.24@0.8079342} 181814 : { SELL 19503.24@0.8079342} 
Fri Nov 28 12:03:09 EST 2014 , 4 , 2 , 2 , 181817 : { BUY 5405.46@0.80470892} 181816 : { BUY 5405.46@0.80470892} 181815 : { SELL 19503.24@0.8079342} 181814 : { SELL 19503.24@0.8079342} 
Fri Nov 28 12:06:10 EST 2014 , 4 , 2 , 2 , 181817 : { BUY 5405.46@0.80470892} 181816 : { BUY 5405.46@0.80470892} 181815 : { SELL 19503.24@0.8079342} 181814 : { SELL 19503.24@0.8079342} 
Fri Nov 28 12:09:11 EST 2014 , 4 , 2 , 2 , 181817 : { BUY 5405.46@0.80470892} 181816 : { BUY 5405.46@0.80470892} 181815 : { SELL 19503.24@0.8079342} 181814 : { SELL 19503.24@0.8079342} 
Fri Nov 28 12:12:12 EST 2014 , 4 , 2 , 2 , 181817 : { BUY 5405.46@0.80470892} 181816 : { BUY 5405.46@0.80470892} 181815 : { SELL 19503.24@0.8079342} 181814 : { SELL 19503.24@0.8079342} 
Fri Nov 28 12:15:13 EST 2014 , 4 , 2 , 2 , 181817 : { BUY 5405.46@0.80470892} 181816 : { BUY 5405.46@0.80470892} 181815 : { SELL 19503.24@0.8079342} 181814 : { SELL 19503.24@0.8079342} 
Fri Nov 28 12:18:14 EST 2014 , 4 , 2 , 2 , 181817 : { BUY 5405.46@0.80470892} 181816 : { BUY 5405.46@0.80470892} 181815 : { SELL 19503.24@0.8079342} 181814 : { SELL 19503.24@0.8079342} 
Fri Nov 28 12:21:15 EST 2014 , 4 , 2 , 2 , 181817 : { BUY 5405.46@0.80470892} 181816 : { BUY 5405.46@0.80470892} 181815 : { SELL 19503.24@0.8079342} 181814 : { SELL 19503.24@0.8079342} 
Fri Nov 28 12:24:16 EST 2014 , 4 , 2 , 2 , 181817 : { BUY 5405.46@0.80470892} 181816 : { BUY 5405.46@0.80470892} 181815 : { SELL 19503.24@0.8079342} 181814 : { SELL 19503.24@0.8079342} 
Fri Nov 28 12:27:17 EST 2014 , 4 , 2 , 2 , 181817 : { BUY 5405.46@0.80470892} 181816 : { BUY 5405.46@0.80470892} 181815 : { SELL 19503.24@0.8079342} 181814 : { SELL 19503.24@0.8079342} 
Fri Nov 28 12:30:18 EST 2014 , 4 , 2 , 2 , 181817 : { BUY 5405.46@0.80470892} 181816 : { BUY 5405.46@0.80470892} 181815 : { SELL 19503.24@0.8079342} 181814 : { SELL 19503.24@0.8079342} 
Fri Nov 28 12:33:20 EST 2014 , 4 , 2 , 2 , 181817 : { BUY 5405.46@0.80470892} 181816 : { BUY 5405.46@0.80470892} 181815 : { SELL 19503.24@0.8079342} 181814 : { SELL 19503.24@0.8079342} 
Fri Nov 28 12:36:20 EST 2014 , 4 , 2 , 2 , 181817 : { BUY 5405.46@0.80470892} 181816 : { BUY 5405.46@0.80470892} 181815 : { SELL 19503.24@0.8079342} 181814 : { SELL 19503.24@0.8079342} 
Fri Nov 28 12:39:21 EST 2014 , 4 , 2 , 2 , 181817 : { BUY 5405.46@0.80470892} 181816 : { BUY 5405.46@0.80470892} 181815 : { SELL 19503.24@0.8079342} 181814 : { SELL 19503.24@0.8079342} 
Fri Nov 28 12:42:22 EST 2014 , 4 , 2 , 2 , 181817 : { BUY 5405.46@0.80470892} 181816 : { BUY 5405.46@0.80470892} 181815 : { SELL 19503.24@0.8079342} 181814 : { SELL 19503.24@0.8079342} 
Fri Nov 28 12:45:23 EST 2014 , 4 , 2 , 2 , 181817 : { BUY 5405.46@0.80470892} 181816 : { BUY 5405.46@0.80470892} 181815 : { SELL 19503.24@0.8079342} 181814 : { SELL 19503.24@0.8079342} 
Fri Nov 28 12:48:24 EST 2014 , 4 , 2 , 2 , 181817 : { BUY 5405.46@0.80470892} 181816 : { BUY 5405.46@0.80470892} 181815 : { SELL 19503.24@0.8079342} 181814 : { SELL 19503.24@0.8079342} 
Fri Nov 28 12:51:25 EST 2014 , 4 , 2 , 2 , 181817 : { BUY 5405.46@0.80470892} 181816 : { BUY 5405.46@0.80470892} 181815 : { SELL 19503.24@0.8079342} 181814 : { SELL 19503.24@0.8079342} 
Fri Nov 28 12:54:26 EST 2014 , 4 , 2 , 2 , 181817 : { BUY 5405.46@0.80470892} 181816 : { BUY 5405.46@0.80470892} 181815 : { SELL 19503.24@0.8079342} 181814 : { SELL 19503.24@0.8079342} 
Fri Nov 28 12:57:27 EST 2014 , 4 , 2 , 2 , 181817 : { BUY 5405.46@0.80470892} 181816 : { BUY 5405.46@0.80470892} 181815 : { SELL 19503.24@0.8079342} 181814 : { SELL 19503.24@0.8079342} 
Fri Nov 28 13:00:28 EST 2014 , 4 , 2 , 2 , 181817 : { BUY 5405.46@0.80470892} 181816 : { BUY 5405.46@0.80470892} 181815 : { SELL 19503.24@0.8079342} 181814 : { SELL 19503.24@0.8079342} 
Fri Nov 28 13:03:29 EST 2014 , 4 , 2 , 2 , 181817 : { BUY 5405.46@0.80470892} 181816 : { BUY 5405.46@0.80470892} 181815 : { SELL 19503.24@0.8079342} 181814 : { SELL 19503.24@0.8079342} 
Fri Nov 28 13:06:30 EST 2014 , 4 , 2 , 2 , 181817 : { BUY 5405.46@0.80470892} 181816 : { BUY 5405.46@0.80470892} 181815 : { SELL 19503.24@0.8079342} 181814 : { SELL 19503.24@0.8079342} 
Fri Nov 28 13:09:31 EST 2014 , 4 , 2 , 2 , 181817 : { BUY 5405.46@0.80470892} 181816 : { BUY 5405.46@0.80470892} 181815 : { SELL 19503.24@0.8079342} 181814 : { SELL 19503.24@0.8079342} 
Fri Nov 28 13:12:32 EST 2014 , 4 , 2 , 2 , 181817 : { BUY 5405.46@0.80470892} 181816 : { BUY 5405.46@0.80470892} 181815 : { SELL 19503.24@0.8079342} 181814 : { SELL 19503.24@0.8079342} 
Fri Nov 28 13:15:33 EST 2014 , 4 , 2 , 2 , 181817 : { BUY 5405.46@0.80470892} 181816 : { BUY 5405.46@0.80470892} 181815 : { SELL 19503.24@0.8079342} 181814 : { SELL 19503.24@0.8079342} 
Fri Nov 28 13:18:34 EST 2014 , 4 , 2 , 2 , 181817 : { BUY 5405.46@0.80470892} 181816 : { BUY 5405.46@0.80470892} 181815 : { SELL 19503.24@0.8079342} 181814 : { SELL 19503.24@0.8079342} 
Fri Nov 28 13:21:35 EST 2014 , 4 , 2 , 2 , 181817 : { BUY 5405.46@0.80470892} 181816 : { BUY 5405.46@0.80470892} 181815 : { SELL 19503.24@0.8079342} 181814 : { SELL 19503.24@0.8079342} 
Fri Nov 28 13:24:36 EST 2014 , 4 , 2 , 2 , 181817 : { BUY 5405.46@0.80470892} 181816 : { BUY 5405.46@0.80470892} 181815 : { SELL 19503.24@0.8079342} 181814 : { SELL 19503.24@0.8079342} 
Fri Nov 28 13:27:37 EST 2014 , 4 , 2 , 2 , 181817 : { BUY 5405.46@0.80470892} 181816 : { BUY 5405.46@0.80470892} 181815 : { SELL 19503.24@0.8079342} 181814 : { SELL 19503.24@0.8079342} 
Fri Nov 28 13:30:38 EST 2014 , 4 , 2 , 2 , 181817 : { BUY 5405.46@0.80470892} 181816 : { BUY 5405.46@0.80470892} 181815 : { SELL 19503.24@0.8079342} 181814 : { SELL 19503.24@0.8079342} 
Fri Nov 28 13:33:39 EST 2014 , 4 , 2 , 2 , 181817 : { BUY 5405.46@0.80470892} 181816 : { BUY 5405.46@0.80470892} 181815 : { SELL 19503.24@0.8079342} 181814 : { SELL 19503.24@0.8079342} 
Fri Nov 28 13:36:40 EST 2014 , 4 , 2 , 2 , 181817 : { BUY 5405.46@0.80470892} 181816 : { BUY 5405.46@0.80470892} 181815 : { SELL 19503.24@0.8079342} 181814 : { SELL 19503.24@0.8079342} 
Fri Nov 28 13:39:41 EST 2014 , 4 , 2 , 2 , 181817 : { BUY 5405.46@0.80470892} 181816 : { BUY 5405.46@0.80470892} 181815 : { SELL 19503.24@0.8079342} 181814 : { SELL 19503.24@0.8079342} 
Fri Nov 28 13:42:42 EST 2014 , 4 , 2 , 2 , 181817 : { BUY 5405.46@0.80470892} 181816 : { BUY 5405.46@0.80470892} 181815 : { SELL 19503.24@0.8079342} 181814 : { SELL 19503.24@0.8079342} 
Fri Nov 28 13:45:43 EST 2014 , 4 , 2 , 2 , 181817 : { BUY 5405.46@0.80470892} 181816 : { BUY 5405.46@0.80470892} 181815 : { SELL 19503.24@0.8079342} 181814 : { SELL 19503.24@0.8079342} 
Fri Nov 28 13:48:44 EST 2014 , 4 , 2 , 2 , 181817 : { BUY 5405.46@0.80470892} 181816 : { BUY 5405.46@0.80470892} 181815 : { SELL 19503.24@0.8079342} 181814 : { SELL 19503.24@0.8079342} 
Fri Nov 28 13:51:45 EST 2014 , 4 , 2 , 2 , 181817 : { BUY 5405.46@0.80470892} 181816 : { BUY 5405.46@0.80470892} 181815 : { SELL 19503.24@0.8079342} 181814 : { SELL 19503.24@0.8079342} 
Fri Nov 28 13:54:46 EST 2014 , 4 , 2 , 2 , 181817 : { BUY 5405.46@0.80470892} 181816 : { BUY 5405.46@0.80470892} 181815 : { SELL 19503.24@0.8079342} 181814 : { SELL 19503.24@0.8079342} 
Fri Nov 28 13:57:47 EST 2014 , 4 , 2 , 2 , 181817 : { BUY 5405.46@0.80470892} 181816 : { BUY 5405.46@0.80470892} 181815 : { SELL 19503.24@0.8079342} 181814 : { SELL 19503.24@0.8079342} 
Fri Nov 28 14:00:48 EST 2014 , 4 , 2 , 2 , 181817 : { BUY 5405.46@0.80470892} 181816 : { BUY 5405.46@0.80470892} 181815 : { SELL 19503.24@0.8079342} 181814 : { SELL 19503.24@0.8079342} 
Fri Nov 28 14:03:49 EST 2014 , 4 , 2 , 2 , 181817 : { BUY 5405.46@0.80470892} 181816 : { BUY 5405.46@0.80470892} 181815 : { SELL 19503.24@0.8079342} 181814 : { SELL 19503.24@0.8079342} 
Fri Nov 28 14:06:50 EST 2014 , 4 , 2 , 2 , 181817 : { BUY 5405.46@0.80470892} 181816 : { BUY 5405.46@0.80470892} 181815 : { SELL 19503.24@0.8079342} 181814 : { SELL 19503.24@0.8079342} 
Fri Nov 28 14:09:51 EST 2014 , 4 , 2 , 2 , 181817 : { BUY 5405.46@0.80470892} 181816 : { BUY 5405.46@0.80470892} 181815 : { SELL 19503.24@0.8079342} 181814 : { SELL 19503.24@0.8079342} 
Fri Nov 28 14:12:52 EST 2014 , 4 , 2 , 2 , 181817 : { BUY 5405.46@0.80470892} 181816 : { BUY 5405.46@0.80470892} 181815 : { SELL 19503.24@0.8079342} 181814 : { SELL 19503.24@0.8079342} 
Fri Nov 28 14:15:53 EST 2014 , 4 , 2 , 2 , 181817 : { BUY 5405.46@0.80470892} 181816 : { BUY 5405.46@0.80470892} 181815 : { SELL 19503.24@0.8079342} 181814 : { SELL 19503.24@0.8079342} 
Fri Nov 28 14:18:54 EST 2014 , 4 , 2 , 2 , 181817 : { BUY 5405.46@0.80470892} 181816 : { BUY 5405.46@0.80470892} 181815 : { SELL 19503.24@0.8079342} 181814 : { SELL 19503.24@0.8079342} 
Fri Nov 28 14:21:55 EST 2014 , 4 , 2 , 2 , 181817 : { BUY 5405.46@0.80470892} 181816 : { BUY 5405.46@0.80470892} 181815 : { SELL 19503.24@0.8079342} 181814 : { SELL 19503.24@0.8079342} 
Fri Nov 28 14:24:56 EST 2014 , 4 , 2 , 2 , 181817 : { BUY 5405.46@0.80470892} 181816 : { BUY 5405.46@0.80470892} 181815 : { SELL 19503.24@0.8079342} 181814 : { SELL 19503.24@0.8079342} 
Fri Nov 28 14:27:57 EST 2014 , 4 , 2 , 2 , 181817 : { BUY 5405.46@0.80470892} 181816 : { BUY 5405.46@0.80470892} 181815 : { SELL 19503.24@0.8079342} 181814 : { SELL 19503.24@0.8079342} 
Fri Nov 28 14:30:58 EST 2014 , 4 , 2 , 2 , 181817 : { BUY 5405.46@0.80470892} 181816 : { BUY 5405.46@0.80470892} 181815 : { SELL 19503.24@0.8079342} 181814 : { SELL 19503.24@0.8079342} 
Fri Nov 28 14:33:59 EST 2014 , 4 , 2 , 2 , 181817 : { BUY 5405.46@0.80470892} 181816 : { BUY 5405.46@0.80470892} 181815 : { SELL 19503.24@0.8079342} 181814 : { SELL 19503.24@0.8079342} 
Fri Nov 28 14:37:00 EST 2014 , 4 , 2 , 2 , 181817 : { BUY 5405.46@0.80470892} 181816 : { BUY 5405.46@0.80470892} 181815 : { SELL 19503.24@0.8079342} 181814 : { SELL 19503.24@0.8079342} 
Fri Nov 28 14:40:01 EST 2014 , 4 , 2 , 2 , 181817 : { BUY 5405.46@0.80470892} 181816 : { BUY 5405.46@0.80470892} 181815 : { SELL 19503.24@0.8079342} 181814 : { SELL 19503.24@0.8079342} 
Fri Nov 28 14:43:02 EST 2014 , 4 , 2 , 2 , 181817 : { BUY 5405.46@0.80470892} 181816 : { BUY 5405.46@0.80470892} 181815 : { SELL 19503.24@0.8079342} 181814 : { SELL 19503.24@0.8079342} 
Fri Nov 28 14:46:03 EST 2014 , 4 , 2 , 2 , 181817 : { BUY 5405.46@0.80470892} 181816 : { BUY 5405.46@0.80470892} 181815 : { SELL 19503.24@0.8079342} 181814 : { SELL 19503.24@0.8079342} 
Fri Nov 28 14:49:04 EST 2014 , 4 , 2 , 2 , 181817 : { BUY 5405.46@0.80470892} 181816 : { BUY 5405.46@0.80470892} 181815 : { SELL 19503.24@0.8079342} 181814 : { SELL 19503.24@0.8079342} 
Fri Nov 28 14:52:05 EST 2014 , 4 , 2 , 2 , 181817 : { BUY 5405.46@0.80470892} 181816 : { BUY 5405.46@0.80470892} 181815 : { SELL 19503.24@0.8079342} 181814 : { SELL 19503.24@0.8079342} 
Fri Nov 28 14:55:06 EST 2014 , 4 , 2 , 2 , 181817 : { BUY 5405.46@0.80470892} 181816 : { BUY 5405.46@0.80470892} 181815 : { SELL 19503.24@0.8079342} 181814 : { SELL 19503.24@0.8079342} 
Fri Nov 28 14:58:07 EST 2014 , 4 , 2 , 2 , 181817 : { BUY 5405.46@0.80470892} 181816 : { BUY 5405.46@0.80470892} 181815 : { SELL 19503.24@0.8079342} 181814 : { SELL 19503.24@0.8079342} 
Fri Nov 28 15:01:08 EST 2014 , 4 , 2 , 2 , 181817 : { BUY 5405.46@0.80470892} 181816 : { BUY 5405.46@0.80470892} 181815 : { SELL 19503.24@0.8079342} 181814 : { SELL 19503.24@0.8079342} 
Fri Nov 28 15:04:09 EST 2014 , 4 , 2 , 2 , 181817 : { BUY 5405.46@0.80470892} 181816 : { BUY 5405.46@0.80470892} 181815 : { SELL 19503.24@0.8079342} 181814 : { SELL 19503.24@0.8079342} 
Fri Nov 28 15:07:10 EST 2014 , 4 , 2 , 2 , 181817 : { BUY 5405.46@0.80470892} 181816 : { BUY 5405.46@0.80470892} 181815 : { SELL 19503.24@0.8079342} 181814 : { SELL 19503.24@0.8079342} 
Fri Nov 28 15:10:11 EST 2014 , 4 , 2 , 2 , 181817 : { BUY 5405.46@0.80470892} 181816 : { BUY 5405.46@0.80470892} 181815 : { SELL 19503.24@0.8079342} 181814 : { SELL 19503.24@0.8079342} 
Fri Nov 28 15:13:12 EST 2014 , 4 , 2 , 2 , 181817 : { BUY 5405.46@0.80470892} 181816 : { BUY 5405.46@0.80470892} 181815 : { SELL 19503.24@0.8079342} 181814 : { SELL 19503.24@0.8079342} 
Fri Nov 28 15:16:13 EST 2014 , 4 , 2 , 2 , 181817 : { BUY 5405.46@0.80470892} 181816 : { BUY 5405.46@0.80470892} 181815 : { SELL 19503.24@0.8079342} 181814 : { SELL 19503.24@0.8079342} 
Fri Nov 28 15:19:14 EST 2014 , 4 , 2 , 2 , 181817 : { BUY 5405.46@0.80470892} 181816 : { BUY 5405.46@0.80470892} 181815 : { SELL 19503.24@0.8079342} 181814 : { SELL 19503.24@0.8079342} 
Fri Nov 28 15:22:15 EST 2014 , 4 , 2 , 2 , 181817 : { BUY 5405.46@0.80470892} 181816 : { BUY 5405.46@0.80470892} 181815 : { SELL 19503.24@0.8079342} 181814 : { SELL 19503.24@0.8079342} 
Fri Nov 28 15:25:16 EST 2014 , 4 , 2 , 2 , 181817 : { BUY 5405.46@0.80470892} 181816 : { BUY 5405.46@0.80470892} 181815 : { SELL 19503.24@0.8079342} 181814 : { SELL 19503.24@0.8079342} 
Fri Nov 28 15:28:17 EST 2014 , 4 , 2 , 2 , 181817 : { BUY 5405.46@0.80470892} 181816 : { BUY 5405.46@0.80470892} 181815 : { SELL 19503.24@0.8079342} 181814 : { SELL 19503.24@0.8079342} 
Fri Nov 28 15:31:18 EST 2014 , 4 , 2 , 2 , 181817 : { BUY 5405.46@0.80470892} 181816 : { BUY 5405.46@0.80470892} 181815 : { SELL 19503.24@0.8079342} 181814 : { SELL 19503.24@0.8079342} 
Fri Nov 28 15:34:19 EST 2014 , 4 , 2 , 2 , 181817 : { BUY 5405.46@0.80470892} 181816 : { BUY 5405.46@0.80470892} 181815 : { SELL 19503.24@0.8079342} 181814 : { SELL 19503.24@0.8079342} 
Fri Nov 28 15:37:20 EST 2014 , 4 , 2 , 2 , 181817 : { BUY 5405.46@0.80470892} 181816 : { BUY 5405.46@0.80470892} 181815 : { SELL 19503.24@0.8079342} 181814 : { SELL 19503.24@0.8079342} 
Fri Nov 28 15:40:21 EST 2014 , 4 , 2 , 2 , 181817 : { BUY 5405.46@0.80470892} 181816 : { BUY 5405.46@0.80470892} 181815 : { SELL 19503.24@0.8079342} 181814 : { SELL 19503.24@0.8079342} 
Fri Nov 28 15:43:22 EST 2014 , 4 , 2 , 2 , 181817 : { BUY 5405.46@0.80470892} 181816 : { BUY 5405.46@0.80470892} 181815 : { SELL 19503.24@0.8079342} 181814 : { SELL 19503.24@0.8079342} 
Fri Nov 28 15:46:23 EST 2014 , 4 , 2 , 2 , 181817 : { BUY 5405.46@0.80470892} 181816 : { BUY 5405.46@0.80470892} 181815 : { SELL 19503.24@0.8079342} 181814 : { SELL 19503.24@0.8079342} 
Fri Nov 28 15:49:24 EST 2014 , 4 , 2 , 2 , 181817 : { BUY 5405.46@0.80470892} 181816 : { BUY 5405.46@0.80470892} 181815 : { SELL 19503.24@0.8079342} 181814 : { SELL 19503.24@0.8079342} 
Fri Nov 28 15:52:25 EST 2014 , 4 , 2 , 2 , 181817 : { BUY 5405.46@0.80470892} 181816 : { BUY 5405.46@0.80470892} 181815 : { SELL 19503.24@0.8079342} 181814 : { SELL 19503.24@0.8079342} 
Fri Nov 28 15:55:26 EST 2014 , 4 , 2 , 2 , 181817 : { BUY 5405.46@0.80470892} 181816 : { BUY 5405.46@0.80470892} 181815 : { SELL 19503.24@0.8079342} 181814 : { SELL 19503.24@0.8079342} 
Fri Nov 28 15:58:27 EST 2014 , 4 , 2 , 2 , 181817 : { BUY 5405.46@0.80470892} 181816 : { BUY 5405.46@0.80470892} 181815 : { SELL 19503.24@0.8079342} 181814 : { SELL 19503.24@0.8079342} 
Fri Nov 28 16:01:28 EST 2014 , 4 , 2 , 2 , 181817 : { BUY 5405.46@0.80470892} 181816 : { BUY 5405.46@0.80470892} 181815 : { SELL 19503.24@0.8079342} 181814 : { SELL 19503.24@0.8079342} 
Fri Nov 28 16:04:29 EST 2014 , 4 , 2 , 2 , 181817 : { BUY 5405.46@0.80470892} 181816 : { BUY 5405.46@0.80470892} 181815 : { SELL 19503.24@0.8079342} 181814 : { SELL 19503.24@0.8079342} 
Fri Nov 28 16:07:30 EST 2014 , 4 , 2 , 2 , 181817 : { BUY 5405.46@0.80470892} 181816 : { BUY 5405.46@0.80470892} 181815 : { SELL 19503.24@0.8079342} 181814 : { SELL 19503.24@0.8079342} 
Fri Nov 28 16:10:31 EST 2014 , 4 , 2 , 2 , 181817 : { BUY 5405.46@0.80470892} 181816 : { BUY 5405.46@0.80470892} 181815 : { SELL 19503.24@0.8079342} 181814 : { SELL 19503.24@0.8079342} 
Fri Nov 28 16:13:32 EST 2014 , 4 , 2 , 2 , 181817 : { BUY 5405.46@0.80470892} 181816 : { BUY 5405.46@0.80470892} 181815 : { SELL 19503.24@0.8079342} 181814 : { SELL 19503.24@0.8079342} 
Fri Nov 28 16:16:33 EST 2014 , 4 , 2 , 2 , 181817 : { BUY 5405.46@0.80470892} 181816 : { BUY 5405.46@0.80470892} 181815 : { SELL 19503.24@0.8079342} 181814 : { SELL 19503.24@0.8079342} 
Fri Nov 28 16:19:34 EST 2014 , 4 , 2 , 2 , 181817 : { BUY 5405.46@0.80470892} 181816 : { BUY 5405.46@0.80470892} 181815 : { SELL 19503.24@0.8079342} 181814 : { SELL 19503.24@0.8079342} 
Fri Nov 28 16:22:35 EST 2014 , 4 , 2 , 2 , 181817 : { BUY 5405.46@0.80470892} 181816 : { BUY 5405.46@0.80470892} 181815 : { SELL 19503.24@0.8079342} 181814 : { SELL 19503.24@0.8079342} 
Fri Nov 28 16:25:36 EST 2014 , 4 , 2 , 2 , 181817 : { BUY 5405.46@0.80470892} 181816 : { BUY 5405.46@0.80470892} 181815 : { SELL 19503.24@0.8079342} 181814 : { SELL 19503.24@0.8079342} 
Fri Nov 28 16:28:37 EST 2014 , 4 , 2 , 2 , 181817 : { BUY 5405.46@0.80470892} 181816 : { BUY 5405.46@0.80470892} 181815 : { SELL 19503.24@0.8079342} 181814 : { SELL 19503.24@0.8079342} 
Fri Nov 28 16:31:38 EST 2014 , 4 , 2 , 2 , 181817 : { BUY 5405.46@0.80470892} 181816 : { BUY 5405.46@0.80470892} 181815 : { SELL 19503.24@0.8079342} 181814 : { SELL 19503.24@0.8079342} 
Fri Nov 28 16:34:39 EST 2014 , 4 , 2 , 2 , 181817 : { BUY 5405.46@0.80470892} 181816 : { BUY 5405.46@0.80470892} 181815 : { SELL 19503.24@0.8079342} 181814 : { SELL 19503.24@0.8079342} 
Fri Nov 28 16:37:40 EST 2014 , 4 , 2 , 2 , 181817 : { BUY 5405.46@0.80470892} 181816 : { BUY 5405.46@0.80470892} 181815 : { SELL 19503.24@0.8079342} 181814 : { SELL 19503.24@0.8079342} 
Fri Nov 28 16:40:41 EST 2014 , 4 , 2 , 2 , 181817 : { BUY 5405.46@0.80470892} 181816 : { BUY 5405.46@0.80470892} 181815 : { SELL 19503.24@0.8079342} 181814 : { SELL 19503.24@0.8079342} 
Fri Nov 28 16:43:42 EST 2014 , 4 , 2 , 2 , 181817 : { BUY 5405.46@0.80470892} 181816 : { BUY 5405.46@0.80470892} 181815 : { SELL 19503.24@0.8079342} 181814 : { SELL 19503.24@0.8079342} 
Fri Nov 28 16:46:43 EST 2014 , 4 , 2 , 2 , 181817 : { BUY 5405.46@0.80470892} 181816 : { BUY 5405.46@0.80470892} 181815 : { SELL 19503.24@0.8079342} 181814 : { SELL 19503.24@0.8079342} 
Fri Nov 28 16:49:44 EST 2014 , 4 , 2 , 2 , 181817 : { BUY 5405.46@0.80470892} 181816 : { BUY 5405.46@0.80470892} 181815 : { SELL 19503.24@0.8079342} 181814 : { SELL 19503.24@0.8079342} 
Fri Nov 28 16:52:45 EST 2014 , 4 , 2 , 2 , 181817 : { BUY 5405.46@0.80470892} 181816 : { BUY 5405.46@0.80470892} 181815 : { SELL 19503.24@0.8079342} 181814 : { SELL 19503.24@0.8079342} 
Fri Nov 28 16:55:46 EST 2014 , 4 , 2 , 2 , 181817 : { BUY 5405.46@0.80470892} 181816 : { BUY 5405.46@0.80470892} 181815 : { SELL 19503.24@0.8079342} 181814 : { SELL 19503.24@0.8079342} 
Fri Nov 28 16:58:47 EST 2014 , 4 , 2 , 2 , 181817 : { BUY 5405.46@0.80470892} 181816 : { BUY 5405.46@0.80470892} 181815 : { SELL 19503.24@0.8079342} 181814 : { SELL 19503.24@0.8079342} 
Fri Nov 28 17:01:48 EST 2014 , 4 , 2 , 2 , 181817 : { BUY 5405.46@0.80470892} 181816 : { BUY 5405.46@0.80470892} 181815 : { SELL 19503.24@0.8079342} 181814 : { SELL 19503.24@0.8079342} 
Fri Nov 28 17:04:49 EST 2014 , 4 , 2 , 2 , 181817 : { BUY 5405.46@0.80470892} 181816 : { BUY 5405.46@0.80470892} 181815 : { SELL 19503.24@0.8079342} 181814 : { SELL 19503.24@0.8079342} 
Fri Nov 28 17:07:50 EST 2014 , 4 , 2 , 2 , 181817 : { BUY 5405.46@0.80470892} 181816 : { BUY 5405.46@0.80470892} 181815 : { SELL 19503.24@0.8079342} 181814 : { SELL 19503.24@0.8079342} 
Fri Nov 28 17:10:51 EST 2014 , 4 , 2 , 2 , 181817 : { BUY 5405.46@0.80470892} 181816 : { BUY 5405.46@0.80470892} 181815 : { SELL 19503.24@0.8079342} 181814 : { SELL 19503.24@0.8079342} 
Fri Nov 28 17:13:52 EST 2014 , 4 , 2 , 2 , 181817 : { BUY 5405.46@0.80470892} 181816 : { BUY 5405.46@0.80470892} 181815 : { SELL 19503.24@0.8079342} 181814 : { SELL 19503.24@0.8079342} 
Fri Nov 28 17:16:53 EST 2014 , 4 , 2 , 2 , 181817 : { BUY 5405.46@0.80470892} 181816 : { BUY 5405.46@0.80470892} 181815 : { SELL 19503.24@0.8079342} 181814 : { SELL 19503.24@0.8079342} 
Fri Nov 28 17:19:54 EST 2014 , 4 , 2 , 2 , 181817 : { BUY 5405.46@0.80470892} 181816 : { BUY 5405.46@0.80470892} 181815 : { SELL 19503.24@0.8079342} 181814 : { SELL 19503.24@0.8079342} 
Fri Nov 28 17:22:55 EST 2014 , 4 , 2 , 2 , 181817 : { BUY 5405.46@0.80470892} 181816 : { BUY 5405.46@0.80470892} 181815 : { SELL 19503.24@0.8079342} 181814 : { SELL 19503.24@0.8079342} 
Fri Nov 28 17:25:56 EST 2014 , 4 , 2 , 2 , 181817 : { BUY 5405.46@0.80470892} 181816 : { BUY 5405.46@0.80470892} 181815 : { SELL 19503.24@0.8079342} 181814 : { SELL 19503.24@0.8079342} 
Fri Nov 28 17:28:57 EST 2014 , 4 , 2 , 2 , 181817 : { BUY 5405.46@0.80470892} 181816 : { BUY 5405.46@0.80470892} 181815 : { SELL 19503.24@0.8079342} 181814 : { SELL 19503.24@0.8079342} 
Fri Nov 28 17:31:58 EST 2014 , 4 , 2 , 2 , 181817 : { BUY 5405.46@0.80470892} 181816 : { BUY 5405.46@0.80470892} 181815 : { SELL 19503.24@0.8079342} 181814 : { SELL 19503.24@0.8079342} 
Fri Nov 28 17:35:00 EST 2014 , 4 , 2 , 2 , 181817 : { BUY 5405.46@0.80470892} 181816 : { BUY 5405.46@0.80470892} 181815 : { SELL 19503.24@0.8079342} 181814 : { SELL 19503.24@0.8079342} 
Fri Nov 28 17:38:00 EST 2014 , 4 , 2 , 2 , 181817 : { BUY 5405.46@0.80470892} 181816 : { BUY 5405.46@0.80470892} 181815 : { SELL 19503.24@0.8079342} 181814 : { SELL 19503.24@0.8079342} 
Fri Nov 28 17:41:01 EST 2014 , 4 , 2 , 2 , 181817 : { BUY 5405.46@0.80470892} 181816 : { BUY 5405.46@0.80470892} 181815 : { SELL 19503.24@0.8079342} 181814 : { SELL 19503.24@0.8079342} 
Fri Nov 28 17:44:02 EST 2014 , 4 , 2 , 2 , 181817 : { BUY 5405.46@0.80470892} 181816 : { BUY 5405.46@0.80470892} 181815 : { SELL 19503.24@0.8079342} 181814 : { SELL 19503.24@0.8079342} 
Fri Nov 28 17:47:03 EST 2014 , 4 , 2 , 2 , 181817 : { BUY 5405.46@0.80470892} 181816 : { BUY 5405.46@0.80470892} 181815 : { SELL 19503.24@0.8079342} 181814 : { SELL 19503.24@0.8079342} 
Fri Nov 28 17:50:04 EST 2014 , 4 , 2 , 2 , 181817 : { BUY 5405.46@0.80470892} 181816 : { BUY 5405.46@0.80470892} 181815 : { SELL 19503.24@0.8079342} 181814 : { SELL 19503.24@0.8079342} 
Fri Nov 28 17:53:05 EST 2014 , 4 , 2 , 2 , 181817 : { BUY 5405.46@0.80470892} 181816 : { BUY 5405.46@0.80470892} 181815 : { SELL 19503.24@0.8079342} 181814 : { SELL 19503.24@0.8079342} 
Fri Nov 28 17:56:06 EST 2014 , 4 , 2 , 2 , 181817 : { BUY 5405.46@0.80470892} 181816 : { BUY 5405.46@0.80470892} 181815 : { SELL 19503.24@0.8079342} 181814 : { SELL 19503.24@0.8079342} 
Fri Nov 28 17:59:07 EST 2014 , 4 , 2 , 2 , 181817 : { BUY 5405.46@0.80470892} 181816 : { BUY 5405.46@0.80470892} 181815 : { SELL 19503.24@0.8079342} 181814 : { SELL 19503.24@0.8079342} 
Fri Nov 28 18:02:08 EST 2014 , 4 , 2 , 2 , 181817 : { BUY 5405.46@0.80470892} 181816 : { BUY 5405.46@0.80470892} 181815 : { SELL 19503.24@0.8079342} 181814 : { SELL 19503.24@0.8079342} 
Fri Nov 28 18:05:09 EST 2014 , 4 , 2 , 2 , 181817 : { BUY 5405.46@0.80470892} 181816 : { BUY 5405.46@0.80470892} 181815 : { SELL 19503.24@0.8079342} 181814 : { SELL 19503.24@0.8079342} 
Fri Nov 28 18:08:10 EST 2014 , 4 , 2 , 2 , 181817 : { BUY 5405.46@0.80470892} 181816 : { BUY 5405.46@0.80470892} 181815 : { SELL 19503.24@0.8079342} 181814 : { SELL 19503.24@0.8079342} 
Fri Nov 28 18:11:11 EST 2014 , 4 , 2 , 2 , 181817 : { BUY 5405.46@0.80470892} 181816 : { BUY 5405.46@0.80470892} 181815 : { SELL 19503.24@0.8079342} 181814 : { SELL 19503.24@0.8079342} 
Fri Nov 28 18:14:12 EST 2014 , 4 , 2 , 2 , 181817 : { BUY 5405.46@0.80470892} 181816 : { BUY 5405.46@0.80470892} 181815 : { SELL 19503.24@0.8079342} 181814 : { SELL 19503.24@0.8079342} 
Fri Nov 28 18:17:13 EST 2014 , 4 , 2 , 2 , 181817 : { BUY 5405.46@0.80470892} 181816 : { BUY 5405.46@0.80470892} 181815 : { SELL 19503.24@0.8079342} 181814 : { SELL 19503.24@0.8079342} 
Fri Nov 28 18:20:14 EST 2014 , 4 , 2 , 2 , 181817 : { BUY 5405.46@0.80470892} 181816 : { BUY 5405.46@0.80470892} 181815 : { SELL 19503.24@0.8079342} 181814 : { SELL 19503.24@0.8079342} 
Fri Nov 28 18:23:15 EST 2014 , 4 , 2 , 2 , 181817 : { BUY 5405.46@0.80470892} 181816 : { BUY 5405.46@0.80470892} 181815 : { SELL 19503.24@0.8079342} 181814 : { SELL 19503.24@0.8079342} 
Fri Nov 28 18:26:16 EST 2014 , 4 , 2 , 2 , 181817 : { BUY 5405.46@0.80470892} 181816 : { BUY 5405.46@0.80470892} 181815 : { SELL 19503.24@0.8079342} 181814 : { SELL 19503.24@0.8079342} 
Fri Nov 28 18:29:17 EST 2014 , 4 , 2 , 2 , 181817 : { BUY 5405.46@0.80470892} 181816 : { BUY 5405.46@0.80470892} 181815 : { SELL 19503.24@0.8079342} 181814 : { SELL 19503.24@0.8079342} 
Fri Nov 28 18:32:18 EST 2014 , 4 , 2 , 2 , 181817 : { BUY 5405.46@0.80470892} 181816 : { BUY 5405.46@0.80470892} 181815 : { SELL 19503.24@0.8079342} 181814 : { SELL 19503.24@0.8079342} 
Fri Nov 28 18:35:19 EST 2014 , 4 , 2 , 2 , 181817 : { BUY 5405.46@0.80470892} 181816 : { BUY 5405.46@0.80470892} 181815 : { SELL 19503.24@0.8079342} 181814 : { SELL 19503.24@0.8079342} 
Fri Nov 28 18:38:20 EST 2014 , 4 , 2 , 2 , 181817 : { BUY 5405.46@0.80470892} 181816 : { BUY 5405.46@0.80470892} 181815 : { SELL 19503.24@0.8079342} 181814 : { SELL 19503.24@0.8079342} 
Fri Nov 28 18:41:21 EST 2014 , 4 , 2 , 2 , 181817 : { BUY 5405.46@0.80470892} 181816 : { BUY 5405.46@0.80470892} 181815 : { SELL 19503.24@0.8079342} 181814 : { SELL 19503.24@0.8079342} 
Fri Nov 28 18:44:22 EST 2014 , 4 , 2 , 2 , 181817 : { BUY 5405.46@0.80470892} 181816 : { BUY 5405.46@0.80470892} 181815 : { SELL 19503.24@0.8079342} 181814 : { SELL 19503.24@0.8079342} 
Fri Nov 28 18:47:23 EST 2014 , 4 , 2 , 2 , 181817 : { BUY 5405.46@0.80470892} 181816 : { BUY 5405.46@0.80470892} 181815 : { SELL 19503.24@0.8079342} 181814 : { SELL 19503.24@0.8079342} 
Fri Nov 28 18:50:24 EST 2014 , 4 , 2 , 2 , 181817 : { BUY 5405.46@0.80470892} 181816 : { BUY 5405.46@0.80470892} 181815 : { SELL 19503.24@0.8079342} 181814 : { SELL 19503.24@0.8079342} 
Fri Nov 28 18:53:25 EST 2014 , 4 , 2 , 2 , 181817 : { BUY 5405.46@0.80470892} 181816 : { BUY 5405.46@0.80470892} 181815 : { SELL 19503.24@0.8079342} 181814 : { SELL 19503.24@0.8079342} 
Fri Nov 28 18:56:26 EST 2014 , 4 , 2 , 2 , 181817 : { BUY 5405.46@0.80470892} 181816 : { BUY 5405.46@0.80470892} 181815 : { SELL 19503.24@0.8079342} 181814 : { SELL 19503.24@0.8079342} 
Fri Nov 28 18:59:27 EST 2014 , 4 , 2 , 2 , 181817 : { BUY 5405.46@0.80470892} 181816 : { BUY 5405.46@0.80470892} 181815 : { SELL 19503.24@0.8079342} 181814 : { SELL 19503.24@0.8079342} 
Fri Nov 28 19:02:28 EST 2014 , 4 , 2 , 2 , 181817 : { BUY 5405.46@0.80470892} 181816 : { BUY 5405.46@0.80470892} 181815 : { SELL 19503.24@0.8079342} 181814 : { SELL 19503.24@0.8079342} 
Fri Nov 28 19:05:29 EST 2014 , 4 , 2 , 2 , 181817 : { BUY 5405.46@0.80470892} 181816 : { BUY 5405.46@0.80470892} 181815 : { SELL 19503.24@0.8079342} 181814 : { SELL 19503.24@0.8079342} 
Fri Nov 28 19:08:30 EST 2014 , 4 , 2 , 2 , 181817 : { BUY 5405.46@0.80470892} 181816 : { BUY 5405.46@0.80470892} 181815 : { SELL 19503.24@0.8079342} 181814 : { SELL 19503.24@0.8079342} 
Fri Nov 28 19:11:31 EST 2014 , 4 , 2 , 2 , 181817 : { BUY 5405.46@0.80470892} 181816 : { BUY 5405.46@0.80470892} 181815 : { SELL 19503.24@0.8079342} 181814 : { SELL 19503.24@0.8079342} 
Fri Nov 28 19:14:32 EST 2014 , 4 , 2 , 2 , 181817 : { BUY 5405.46@0.80470892} 181816 : { BUY 5405.46@0.80470892} 181815 : { SELL 19503.24@0.8079342} 181814 : { SELL 19503.24@0.8079342} 
Fri Nov 28 19:17:33 EST 2014 , 4 , 2 , 2 , 181817 : { BUY 5405.46@0.80470892} 181816 : { BUY 5405.46@0.80470892} 181815 : { SELL 19503.24@0.8079342} 181814 : { SELL 19503.24@0.8079342} 
Fri Nov 28 19:20:34 EST 2014 , 4 , 2 , 2 , 181817 : { BUY 5405.46@0.80470892} 181816 : { BUY 5405.46@0.80470892} 181815 : { SELL 19503.24@0.8079342} 181814 : { SELL 19503.24@0.8079342} 
Fri Nov 28 19:23:35 EST 2014 , 4 , 2 , 2 , 181817 : { BUY 5405.46@0.80470892} 181816 : { BUY 5405.46@0.80470892} 181815 : { SELL 19503.24@0.8079342} 181814 : { SELL 19503.24@0.8079342} 
Fri Nov 28 19:26:36 EST 2014 , 4 , 2 , 2 , 181817 : { BUY 5405.46@0.80470892} 181816 : { BUY 5405.46@0.80470892} 181815 : { SELL 19503.24@0.8079342} 181814 : { SELL 19503.24@0.8079342} 
Fri Nov 28 19:29:37 EST 2014 , 4 , 2 , 2 , 181817 : { BUY 5405.46@0.80470892} 181816 : { BUY 5405.46@0.80470892} 181815 : { SELL 19503.24@0.8079342} 181814 : { SELL 19503.24@0.8079342} 
Fri Nov 28 19:32:38 EST 2014 , 4 , 2 , 2 , 181817 : { BUY 5405.46@0.80470892} 181816 : { BUY 5405.46@0.80470892} 181815 : { SELL 19503.24@0.8079342} 181814 : { SELL 19503.24@0.8079342} 
Fri Nov 28 19:35:39 EST 2014 , 4 , 2 , 2 , 181817 : { BUY 5405.46@0.80470892} 181816 : { BUY 5405.46@0.80470892} 181815 : { SELL 19503.24@0.8079342} 181814 : { SELL 19503.24@0.8079342} 
Fri Nov 28 19:38:40 EST 2014 , 4 , 2 , 2 , 181817 : { BUY 5405.46@0.80470892} 181816 : { BUY 5405.46@0.80470892} 181815 : { SELL 19503.24@0.8079342} 181814 : { SELL 19503.24@0.8079342} 
Fri Nov 28 19:41:41 EST 2014 , 4 , 2 , 2 , 181817 : { BUY 5405.46@0.80470892} 181816 : { BUY 5405.46@0.80470892} 181815 : { SELL 19503.24@0.8079342} 181814 : { SELL 19503.24@0.8079342} 
Fri Nov 28 19:44:42 EST 2014 , 4 , 2 , 2 , 181817 : { BUY 5405.46@0.80470892} 181816 : { BUY 5405.46@0.80470892} 181815 : { SELL 19503.24@0.8079342} 181814 : { SELL 19503.24@0.8079342} 
Fri Nov 28 19:47:43 EST 2014 , 4 , 2 , 2 , 181817 : { BUY 5405.46@0.80470892} 181816 : { BUY 5405.46@0.80470892} 181815 : { SELL 19503.24@0.8079342} 181814 : { SELL 19503.24@0.8079342} 
Fri Nov 28 19:50:44 EST 2014 , 4 , 2 , 2 , 181817 : { BUY 5405.46@0.80470892} 181816 : { BUY 5405.46@0.80470892} 181815 : { SELL 19503.24@0.8079342} 181814 : { SELL 19503.24@0.8079342} 
Fri Nov 28 19:53:45 EST 2014 , 4 , 2 , 2 , 181817 : { BUY 5405.46@0.80470892} 181816 : { BUY 5405.46@0.80470892} 181815 : { SELL 19503.24@0.8079342} 181814 : { SELL 19503.24@0.8079342} 
Fri Nov 28 19:56:46 EST 2014 , 4 , 2 , 2 , 181817 : { BUY 5405.46@0.80470892} 181816 : { BUY 5405.46@0.80470892} 181815 : { SELL 19503.24@0.8079342} 181814 : { SELL 19503.24@0.8079342} 
Fri Nov 28 19:59:47 EST 2014 , 4 , 2 , 2 , 181817 : { BUY 5405.46@0.80470892} 181816 : { BUY 5405.46@0.80470892} 181815 : { SELL 19503.24@0.8079342} 181814 : { SELL 19503.24@0.8079342} 
Fri Nov 28 20:02:48 EST 2014 , 4 , 2 , 2 , 181817 : { BUY 5405.46@0.80470892} 181816 : { BUY 5405.46@0.80470892} 181815 : { SELL 19503.24@0.8079342} 181814 : { SELL 19503.24@0.8079342} 
Fri Nov 28 20:05:49 EST 2014 , 4 , 2 , 2 , 181817 : { BUY 5405.46@0.80470892} 181816 : { BUY 5405.46@0.80470892} 181815 : { SELL 19503.24@0.8079342} 181814 : { SELL 19503.24@0.8079342} 
Fri Nov 28 20:08:50 EST 2014 , 4 , 2 , 2 , 181817 : { BUY 5405.46@0.80470892} 181816 : { BUY 5405.46@0.80470892} 181815 : { SELL 19503.24@0.8079342} 181814 : { SELL 19503.24@0.8079342} 
Fri Nov 28 20:11:51 EST 2014 , 4 , 2 , 2 , 181817 : { BUY 5405.46@0.80470892} 181816 : { BUY 5405.46@0.80470892} 181815 : { SELL 19503.24@0.8079342} 181814 : { SELL 19503.24@0.8079342} 
Fri Nov 28 20:14:52 EST 2014 , 4 , 2 , 2 , 181817 : { BUY 5405.46@0.80470892} 181816 : { BUY 5405.46@0.80470892} 181815 : { SELL 19503.24@0.8079342} 181814 : { SELL 19503.24@0.8079342} 
Fri Nov 28 20:17:53 EST 2014 , 4 , 2 , 2 , 181817 : { BUY 5405.46@0.80470892} 181816 : { BUY 5405.46@0.80470892} 181815 : { SELL 19503.24@0.8079342} 181814 : { SELL 19503.24@0.8079342} 
Fri Nov 28 20:20:54 EST 2014 , 4 , 2 , 2 , 181817 : { BUY 5405.46@0.80470892} 181816 : { BUY 5405.46@0.80470892} 181815 : { SELL 19503.24@0.8079342} 181814 : { SELL 19503.24@0.8079342} 
Fri Nov 28 20:23:55 EST 2014 , 4 , 2 , 2 , 181817 : { BUY 5405.46@0.80470892} 181816 : { BUY 5405.46@0.80470892} 181815 : { SELL 19503.24@0.8079342} 181814 : { SELL 19503.24@0.8079342} 
Fri Nov 28 20:26:56 EST 2014 , 4 , 2 , 2 , 181817 : { BUY 5405.46@0.80470892} 181816 : { BUY 5405.46@0.80470892} 181815 : { SELL 19503.24@0.8079342} 181814 : { SELL 19503.24@0.8079342} 
Fri Nov 28 20:29:57 EST 2014 , 4 , 2 , 2 , 181817 : { BUY 5405.46@0.80470892} 181816 : { BUY 5405.46@0.80470892} 181815 : { SELL 19503.24@0.8079342} 181814 : { SELL 19503.24@0.8079342} 
Fri Nov 28 20:32:58 EST 2014 , 4 , 2 , 2 , 181817 : { BUY 5405.46@0.80470892} 181816 : { BUY 5405.46@0.80470892} 181815 : { SELL 19503.24@0.8079342} 181814 : { SELL 19503.24@0.8079342} 
Fri Nov 28 20:35:59 EST 2014 , 4 , 2 , 2 , 181817 : { BUY 5405.46@0.80470892} 181816 : { BUY 5405.46@0.80470892} 181815 : { SELL 19503.24@0.8079342} 181814 : { SELL 19503.24@0.8079342} 
Fri Nov 28 20:39:00 EST 2014 , 4 , 2 , 2 , 181817 : { BUY 5405.46@0.80470892} 181816 : { BUY 5405.46@0.80470892} 181815 : { SELL 19503.24@0.8079342} 181814 : { SELL 19503.24@0.8079342} 
Fri Nov 28 20:42:01 EST 2014 , 4 , 2 , 2 , 181817 : { BUY 5405.46@0.80470892} 181816 : { BUY 5405.46@0.80470892} 181815 : { SELL 19503.24@0.8079342} 181814 : { SELL 19503.24@0.8079342} 
Fri Nov 28 20:45:02 EST 2014 , 4 , 2 , 2 , 181817 : { BUY 5405.46@0.80470892} 181816 : { BUY 5405.46@0.80470892} 181815 : { SELL 19503.24@0.8079342} 181814 : { SELL 19503.24@0.8079342} 
Fri Nov 28 20:48:03 EST 2014 , 4 , 2 , 2 , 181817 : { BUY 5405.46@0.80470892} 181816 : { BUY 5405.46@0.80470892} 181815 : { SELL 19503.24@0.8079342} 181814 : { SELL 19503.24@0.8079342} 
Fri Nov 28 20:51:04 EST 2014 , 4 , 2 , 2 , 181817 : { BUY 5405.46@0.80470892} 181816 : { BUY 5405.46@0.80470892} 181815 : { SELL 19503.24@0.8079342} 181814 : { SELL 19503.24@0.8079342} 
Fri Nov 28 20:54:05 EST 2014 , 4 , 2 , 2 , 181817 : { BUY 5405.46@0.80470892} 181816 : { BUY 5405.46@0.80470892} 181815 : { SELL 19503.24@0.8079342} 181814 : { SELL 19503.24@0.8079342} 
Fri Nov 28 20:57:06 EST 2014 , 4 , 2 , 2 , 181817 : { BUY 5405.46@0.80470892} 181816 : { BUY 5405.46@0.80470892} 181815 : { SELL 19503.24@0.8079342} 181814 : { SELL 19503.24@0.8079342} 
Fri Nov 28 21:00:07 EST 2014 , 4 , 2 , 2 , 181817 : { BUY 5405.46@0.80470892} 181816 : { BUY 5405.46@0.80470892} 181815 : { SELL 19503.24@0.8079342} 181814 : { SELL 19503.24@0.8079342} 
Fri Nov 28 21:03:08 EST 2014 , 4 , 2 , 2 , 181817 : { BUY 5405.46@0.80470892} 181816 : { BUY 5405.46@0.80470892} 181815 : { SELL 19503.24@0.8079342} 181814 : { SELL 19503.24@0.8079342} 
Fri Nov 28 21:06:09 EST 2014 , 4 , 2 , 2 , 181817 : { BUY 5405.46@0.80470892} 181816 : { BUY 5405.46@0.80470892} 181815 : { SELL 19503.24@0.8079342} 181814 : { SELL 19503.24@0.8079342} 
Fri Nov 28 21:09:10 EST 2014 , 4 , 2 , 2 , 181817 : { BUY 5405.46@0.80470892} 181816 : { BUY 5405.46@0.80470892} 181815 : { SELL 19503.24@0.8079342} 181814 : { SELL 19503.24@0.8079342} 
Fri Nov 28 21:12:11 EST 2014 , 4 , 2 , 2 , 181817 : { BUY 5405.46@0.80470892} 181816 : { BUY 5405.46@0.80470892} 181815 : { SELL 19503.24@0.8079342} 181814 : { SELL 19503.24@0.8079342} 
Fri Nov 28 21:15:12 EST 2014 , 4 , 2 , 2 , 181817 : { BUY 5405.46@0.80470892} 181816 : { BUY 5405.46@0.80470892} 181815 : { SELL 19503.24@0.8079342} 181814 : { SELL 19503.24@0.8079342} 
Fri Nov 28 21:18:13 EST 2014 , 4 , 2 , 2 , 181817 : { BUY 5405.46@0.80470892} 181816 : { BUY 5405.46@0.80470892} 181815 : { SELL 19503.24@0.8079342} 181814 : { SELL 19503.24@0.8079342} 
Fri Nov 28 21:21:14 EST 2014 , 4 , 2 , 2 , 181817 : { BUY 5405.46@0.80470892} 181816 : { BUY 5405.46@0.80470892} 181815 : { SELL 19503.24@0.8079342} 181814 : { SELL 19503.24@0.8079342} 
Fri Nov 28 21:24:15 EST 2014 , 4 , 2 , 2 , 181817 : { BUY 5405.46@0.80470892} 181816 : { BUY 5405.46@0.80470892} 181815 : { SELL 19503.24@0.8079342} 181814 : { SELL 19503.24@0.8079342} 
Fri Nov 28 21:27:16 EST 2014 , 4 , 2 , 2 , 181817 : { BUY 5405.46@0.80470892} 181816 : { BUY 5405.46@0.80470892} 181815 : { SELL 19503.24@0.8079342} 181814 : { SELL 19503.24@0.8079342} 
Fri Nov 28 21:30:17 EST 2014 , 4 , 2 , 2 , 181817 : { BUY 5405.46@0.80470892} 181816 : { BUY 5405.46@0.80470892} 181815 : { SELL 19503.24@0.8079342} 181814 : { SELL 19503.24@0.8079342} 
Fri Nov 28 21:33:18 EST 2014 , 4 , 2 , 2 , 181817 : { BUY 5405.46@0.80470892} 181816 : { BUY 5405.46@0.80470892} 181815 : { SELL 19503.24@0.8079342} 181814 : { SELL 19503.24@0.8079342} 
Fri Nov 28 21:36:19 EST 2014 , 4 , 2 , 2 , 181817 : { BUY 5405.46@0.80470892} 181816 : { BUY 5405.46@0.80470892} 181815 : { SELL 19503.24@0.8079342} 181814 : { SELL 19503.24@0.8079342} 
Fri Nov 28 21:39:20 EST 2014 , 4 , 2 , 2 , 181817 : { BUY 5405.46@0.80470892} 181816 : { BUY 5405.46@0.80470892} 181815 : { SELL 19503.24@0.8079342} 181814 : { SELL 19503.24@0.8079342} 
Fri Nov 28 21:42:21 EST 2014 , 4 , 2 , 2 , 181817 : { BUY 5405.46@0.80470892} 181816 : { BUY 5405.46@0.80470892} 181815 : { SELL 19503.24@0.8079342} 181814 : { SELL 19503.24@0.8079342} 
Fri Nov 28 21:45:22 EST 2014 , 4 , 2 , 2 , 181817 : { BUY 5405.46@0.80470892} 181816 : { BUY 5405.46@0.80470892} 181815 : { SELL 19503.24@0.8079342} 181814 : { SELL 19503.24@0.8079342} 
Fri Nov 28 21:48:23 EST 2014 , 4 , 2 , 2 , 181817 : { BUY 5405.46@0.80470892} 181816 : { BUY 5405.46@0.80470892} 181815 : { SELL 19503.24@0.8079342} 181814 : { SELL 19503.24@0.8079342} 
Fri Nov 28 21:51:24 EST 2014 , 4 , 2 , 2 , 181817 : { BUY 5405.46@0.80470892} 181816 : { BUY 5405.46@0.80470892} 181815 : { SELL 19503.24@0.8079342} 181814 : { SELL 19503.24@0.8079342} 
Fri Nov 28 21:54:25 EST 2014 , 4 , 2 , 2 , 181817 : { BUY 5405.46@0.80470892} 181816 : { BUY 5405.46@0.80470892} 181815 : { SELL 19503.24@0.8079342} 181814 : { SELL 19503.24@0.8079342} 
Fri Nov 28 21:57:26 EST 2014 , 4 , 2 , 2 , 181817 : { BUY 5405.46@0.80470892} 181816 : { BUY 5405.46@0.80470892} 181815 : { SELL 19503.24@0.8079342} 181814 : { SELL 19503.24@0.8079342} 
Fri Nov 28 22:00:27 EST 2014 , 4 , 2 , 2 , 181817 : { BUY 5405.46@0.80470892} 181816 : { BUY 5405.46@0.80470892} 181815 : { SELL 19503.24@0.8079342} 181814 : { SELL 19503.24@0.8079342} 
Fri Nov 28 22:03:28 EST 2014 , 4 , 2 , 2 , 181817 : { BUY 5405.46@0.80470892} 181816 : { BUY 5405.46@0.80470892} 181815 : { SELL 19503.24@0.8079342} 181814 : { SELL 19503.24@0.8079342} 
Fri Nov 28 22:06:29 EST 2014 , 4 , 2 , 2 , 181817 : { BUY 5405.46@0.80470892} 181816 : { BUY 5405.46@0.80470892} 181815 : { SELL 19503.24@0.8079342} 181814 : { SELL 19503.24@0.8079342} 
Fri Nov 28 22:09:30 EST 2014 , 4 , 2 , 2 , 181817 : { BUY 5405.46@0.80470892} 181816 : { BUY 5405.46@0.80470892} 181815 : { SELL 19503.24@0.8079342} 181814 : { SELL 19503.24@0.8079342} 
Fri Nov 28 22:12:31 EST 2014 , 4 , 2 , 2 , 181817 : { BUY 5405.46@0.80470892} 181816 : { BUY 5405.46@0.80470892} 181815 : { SELL 19503.24@0.8079342} 181814 : { SELL 19503.24@0.8079342} 
Fri Nov 28 22:15:32 EST 2014 , 4 , 2 , 2 , 181817 : { BUY 5405.46@0.80470892} 181816 : { BUY 5405.46@0.80470892} 181815 : { SELL 19503.24@0.8079342} 181814 : { SELL 19503.24@0.8079342} 
Fri Nov 28 22:18:33 EST 2014 , 4 , 2 , 2 , 181817 : { BUY 5405.46@0.80470892} 181816 : { BUY 5405.46@0.80470892} 181815 : { SELL 19503.24@0.8079342} 181814 : { SELL 19503.24@0.8079342} 
Fri Nov 28 22:21:34 EST 2014 , 4 , 2 , 2 , 181817 : { BUY 5405.46@0.80470892} 181816 : { BUY 5405.46@0.80470892} 181815 : { SELL 19503.24@0.8079342} 181814 : { SELL 19503.24@0.8079342} 
Fri Nov 28 22:24:35 EST 2014 , 4 , 2 , 2 , 181817 : { BUY 5405.46@0.80470892} 181816 : { BUY 5405.46@0.80470892} 181815 : { SELL 19503.24@0.8079342} 181814 : { SELL 19503.24@0.8079342} 
Fri Nov 28 22:27:36 EST 2014 , 4 , 2 , 2 , 181817 : { BUY 5405.46@0.80470892} 181816 : { BUY 5405.46@0.80470892} 181815 : { SELL 19503.24@0.8079342} 181814 : { SELL 19503.24@0.8079342} 
Fri Nov 28 22:30:37 EST 2014 , 4 , 2 , 2 , 181817 : { BUY 5405.46@0.80470892} 181816 : { BUY 5405.46@0.80470892} 181815 : { SELL 19503.24@0.8079342} 181814 : { SELL 19503.24@0.8079342} 
Fri Nov 28 22:33:38 EST 2014 , 4 , 2 , 2 , 181817 : { BUY 5405.46@0.80470892} 181816 : { BUY 5405.46@0.80470892} 181815 : { SELL 19503.24@0.8079342} 181814 : { SELL 19503.24@0.8079342} 
Fri Nov 28 22:36:40 EST 2014 , 4 , 2 , 2 , 181817 : { BUY 5405.46@0.80470892} 181816 : { BUY 5405.46@0.80470892} 181815 : { SELL 19503.24@0.8079342} 181814 : { SELL 19503.24@0.8079342} 
Fri Nov 28 22:39:40 EST 2014 , 4 , 2 , 2 , 181817 : { BUY 5405.46@0.80470892} 181816 : { BUY 5405.46@0.80470892} 181815 : { SELL 19503.24@0.8079342} 181814 : { SELL 19503.24@0.8079342} 
Fri Nov 28 22:42:41 EST 2014 , 4 , 2 , 2 , 181817 : { BUY 5405.46@0.80470892} 181816 : { BUY 5405.46@0.80470892} 181815 : { SELL 19503.24@0.8079342} 181814 : { SELL 19503.24@0.8079342} 
Fri Nov 28 22:45:42 EST 2014 , 4 , 2 , 2 , 181817 : { BUY 5405.46@0.80470892} 181816 : { BUY 5405.46@0.80470892} 181815 : { SELL 19503.24@0.8079342} 181814 : { SELL 19503.24@0.8079342} 
Fri Nov 28 22:48:43 EST 2014 , 4 , 2 , 2 , 181817 : { BUY 5405.46@0.80470892} 181816 : { BUY 5405.46@0.80470892} 181815 : { SELL 19503.24@0.8079342} 181814 : { SELL 19503.24@0.8079342} 
Fri Nov 28 22:51:44 EST 2014 , 4 , 2 , 2 , 181817 : { BUY 5405.46@0.80470892} 181816 : { BUY 5405.46@0.80470892} 181815 : { SELL 19503.24@0.8079342} 181814 : { SELL 19503.24@0.8079342} 
Fri Nov 28 22:54:45 EST 2014 , 4 , 2 , 2 , 181817 : { BUY 5405.46@0.80470892} 181816 : { BUY 5405.46@0.80470892} 181815 : { SELL 19503.24@0.8079342} 181814 : { SELL 19503.24@0.8079342} 
Fri Nov 28 22:57:46 EST 2014 , 4 , 2 , 2 , 181817 : { BUY 5405.46@0.80470892} 181816 : { BUY 5405.46@0.80470892} 181815 : { SELL 19503.24@0.8079342} 181814 : { SELL 19503.24@0.8079342} 
Fri Nov 28 23:00:47 EST 2014 , 4 , 2 , 2 , 181817 : { BUY 5405.46@0.80470892} 181816 : { BUY 5405.46@0.80470892} 181815 : { SELL 19503.24@0.8079342} 181814 : { SELL 19503.24@0.8079342} 
Fri Nov 28 23:03:48 EST 2014 , 4 , 2 , 2 , 181817 : { BUY 5405.46@0.80470892} 181816 : { BUY 5405.46@0.80470892} 181815 : { SELL 19503.24@0.8079342} 181814 : { SELL 19503.24@0.8079342} 
Fri Nov 28 23:06:49 EST 2014 , 4 , 2 , 2 , 181817 : { BUY 5405.46@0.80470892} 181816 : { BUY 5405.46@0.80470892} 181815 : { SELL 19503.24@0.8079342} 181814 : { SELL 19503.24@0.8079342} 
Fri Nov 28 23:09:50 EST 2014 , 4 , 2 , 2 , 181817 : { BUY 5405.46@0.80470892} 181816 : { BUY 5405.46@0.80470892} 181815 : { SELL 19503.24@0.8079342} 181814 : { SELL 19503.24@0.8079342} 
Fri Nov 28 23:12:51 EST 2014 , 4 , 2 , 2 , 181817 : { BUY 5405.46@0.80470892} 181816 : { BUY 5405.46@0.80470892} 181815 : { SELL 19503.24@0.8079342} 181814 : { SELL 19503.24@0.8079342} 
Fri Nov 28 23:15:52 EST 2014 , 4 , 2 , 2 , 181817 : { BUY 5405.46@0.80470892} 181816 : { BUY 5405.46@0.80470892} 181815 : { SELL 19503.24@0.8079342} 181814 : { SELL 19503.24@0.8079342} 
Fri Nov 28 23:18:53 EST 2014 , 4 , 2 , 2 , 181817 : { BUY 5405.46@0.80470892} 181816 : { BUY 5405.46@0.80470892} 181815 : { SELL 19503.24@0.8079342} 181814 : { SELL 19503.24@0.8079342} 
Fri Nov 28 23:21:54 EST 2014 , 4 , 2 , 2 , 181817 : { BUY 5405.46@0.80470892} 181816 : { BUY 5405.46@0.80470892} 181815 : { SELL 19503.24@0.8079342} 181814 : { SELL 19503.24@0.8079342} 
Fri Nov 28 23:24:55 EST 2014 , 4 , 2 , 2 , 181817 : { BUY 5405.46@0.80470892} 181816 : { BUY 5405.46@0.80470892} 181815 : { SELL 19503.24@0.8079342} 181814 : { SELL 19503.24@0.8079342} 
Fri Nov 28 23:27:56 EST 2014 , 4 , 2 , 2 , 181817 : { BUY 5405.46@0.80470892} 181816 : { BUY 5405.46@0.80470892} 181815 : { SELL 19503.24@0.8079342} 181814 : { SELL 19503.24@0.8079342} 
Fri Nov 28 23:30:57 EST 2014 , 4 , 2 , 2 , 181817 : { BUY 5405.46@0.80470892} 181816 : { BUY 5405.46@0.80470892} 181815 : { SELL 19503.24@0.8079342} 181814 : { SELL 19503.24@0.8079342} 
Fri Nov 28 23:33:58 EST 2014 , 4 , 2 , 2 , 181817 : { BUY 5405.46@0.80470892} 181816 : { BUY 5405.46@0.80470892} 181815 : { SELL 19503.24@0.8079342} 181814 : { SELL 19503.24@0.8079342} 
Fri Nov 28 23:36:59 EST 2014 , 4 , 2 , 2 , 181817 : { BUY 5405.46@0.80470892} 181816 : { BUY 5405.46@0.80470892} 181815 : { SELL 19503.24@0.8079342} 181814 : { SELL 19503.24@0.8079342} 
Fri Nov 28 23:40:00 EST 2014 , 4 , 2 , 2 , 181817 : { BUY 5405.46@0.80470892} 181816 : { BUY 5405.46@0.80470892} 181815 : { SELL 19503.24@0.8079342} 181814 : { SELL 19503.24@0.8079342} 
Fri Nov 28 23:43:01 EST 2014 , 4 , 2 , 2 , 181817 : { BUY 5405.46@0.80470892} 181816 : { BUY 5405.46@0.80470892} 181815 : { SELL 19503.24@0.8079342} 181814 : { SELL 19503.24@0.8079342} 
Fri Nov 28 23:46:02 EST 2014 , 4 , 2 , 2 , 181817 : { BUY 5405.46@0.80470892} 181816 : { BUY 5405.46@0.80470892} 181815 : { SELL 19503.24@0.8079342} 181814 : { SELL 19503.24@0.8079342} 
Fri Nov 28 23:49:03 EST 2014 , 4 , 2 , 2 , 181817 : { BUY 5405.46@0.80470892} 181816 : { BUY 5405.46@0.80470892} 181815 : { SELL 19503.24@0.8079342} 181814 : { SELL 19503.24@0.8079342} 
Fri Nov 28 23:52:04 EST 2014 , 4 , 2 , 2 , 181817 : { BUY 5405.46@0.80470892} 181816 : { BUY 5405.46@0.80470892} 181815 : { SELL 19503.24@0.8079342} 181814 : { SELL 19503.24@0.8079342} 
Fri Nov 28 23:55:05 EST 2014 , 4 , 2 , 2 , 181817 : { BUY 5405.46@0.80470892} 181816 : { BUY 5405.46@0.80470892} 181815 : { SELL 19503.24@0.8079342} 181814 : { SELL 19503.24@0.8079342} 
Fri Nov 28 23:58:06 EST 2014 , 4 , 2 , 2 , 181817 : { BUY 5405.46@0.80470892} 181816 : { BUY 5405.46@0.80470892} 181815 : { SELL 19503.24@0.8079342} 181814 : { SELL 19503.24@0.8079342} 
Sat Nov 29 00:01:07 EST 2014 , 4 , 2 , 2 , 181817 : { BUY 5405.46@0.80470892} 181816 : { BUY 5405.46@0.80470892} 181815 : { SELL 19503.24@0.8079342} 181814 : { SELL 19503.24@0.8079342} 
Sat Nov 29 00:04:08 EST 2014 , 4 , 2 , 2 , 181817 : { BUY 5405.46@0.80470892} 181816 : { BUY 5405.46@0.80470892} 181815 : { SELL 19503.24@0.8079342} 181814 : { SELL 19503.24@0.8079342} 
Sat Nov 29 00:07:09 EST 2014 , 4 , 2 , 2 , 181817 : { BUY 5405.46@0.80470892} 181816 : { BUY 5405.46@0.80470892} 181815 : { SELL 19503.24@0.8079342} 181814 : { SELL 19503.24@0.8079342} 
Sat Nov 29 00:10:10 EST 2014 , 4 , 2 , 2 , 181817 : { BUY 5405.46@0.80470892} 181816 : { BUY 5405.46@0.80470892} 181815 : { SELL 19503.24@0.8079342} 181814 : { SELL 19503.24@0.8079342} 
Sat Nov 29 00:13:11 EST 2014 , 4 , 2 , 2 , 181817 : { BUY 5405.46@0.80470892} 181816 : { BUY 5405.46@0.80470892} 181815 : { SELL 19503.24@0.8079342} 181814 : { SELL 19503.24@0.8079342} 
Sat Nov 29 00:16:12 EST 2014 , 4 , 2 , 2 , 181817 : { BUY 5405.46@0.80470892} 181816 : { BUY 5405.46@0.80470892} 181815 : { SELL 19503.24@0.8079342} 181814 : { SELL 19503.24@0.8079342} 
Sat Nov 29 00:19:13 EST 2014 , 4 , 2 , 2 , 181817 : { BUY 5405.46@0.80470892} 181816 : { BUY 5405.46@0.80470892} 181815 : { SELL 19503.24@0.8079342} 181814 : { SELL 19503.24@0.8079342} 
Sat Nov 29 00:22:14 EST 2014 , 4 , 2 , 2 , 181817 : { BUY 5405.46@0.80470892} 181816 : { BUY 5405.46@0.80470892} 181815 : { SELL 19503.24@0.8079342} 181814 : { SELL 19503.24@0.8079342} 
Sat Nov 29 00:25:15 EST 2014 , 4 , 2 , 2 , 181817 : { BUY 5405.46@0.80470892} 181816 : { BUY 5405.46@0.80470892} 181815 : { SELL 19503.24@0.8079342} 181814 : { SELL 19503.24@0.8079342} 
Sat Nov 29 00:28:16 EST 2014 , 4 , 2 , 2 , 181817 : { BUY 5405.46@0.80470892} 181816 : { BUY 5405.46@0.80470892} 181815 : { SELL 19503.24@0.8079342} 181814 : { SELL 19503.24@0.8079342} 
Sat Nov 29 00:31:17 EST 2014 , 4 , 2 , 2 , 181817 : { BUY 5405.46@0.80470892} 181816 : { BUY 5405.46@0.80470892} 181815 : { SELL 19503.24@0.8079342} 181814 : { SELL 19503.24@0.8079342} 
Sat Nov 29 00:34:18 EST 2014 , 4 , 2 , 2 , 181817 : { BUY 5405.46@0.80470892} 181816 : { BUY 5405.46@0.80470892} 181815 : { SELL 19503.24@0.8079342} 181814 : { SELL 19503.24@0.8079342} 
Sat Nov 29 00:37:19 EST 2014 , 4 , 2 , 2 , 181817 : { BUY 5405.46@0.80470892} 181816 : { BUY 5405.46@0.80470892} 181815 : { SELL 19503.24@0.8079342} 181814 : { SELL 19503.24@0.8079342} 
Sat Nov 29 00:40:20 EST 2014 , 4 , 2 , 2 , 181817 : { BUY 5405.46@0.80470892} 181816 : { BUY 5405.46@0.80470892} 181815 : { SELL 19503.24@0.8079342} 181814 : { SELL 19503.24@0.8079342} 
Sat Nov 29 00:43:21 EST 2014 , 4 , 2 , 2 , 181817 : { BUY 5405.46@0.80470892} 181816 : { BUY 5405.46@0.80470892} 181815 : { SELL 19503.24@0.8079342} 181814 : { SELL 19503.24@0.8079342} 
Sat Nov 29 00:46:22 EST 2014 , 4 , 2 , 2 , 181817 : { BUY 5405.46@0.80470892} 181816 : { BUY 5405.46@0.80470892} 181815 : { SELL 19503.24@0.8079342} 181814 : { SELL 19503.24@0.8079342} 
Sat Nov 29 00:49:23 EST 2014 , 4 , 2 , 2 , 181817 : { BUY 5405.46@0.80470892} 181816 : { BUY 5405.46@0.80470892} 181815 : { SELL 19503.24@0.8079342} 181814 : { SELL 19503.24@0.8079342} 
Sat Nov 29 00:52:24 EST 2014 , 4 , 2 , 2 , 181817 : { BUY 5405.46@0.80470892} 181816 : { BUY 5405.46@0.80470892} 181815 : { SELL 19503.24@0.8079342} 181814 : { SELL 19503.24@0.8079342} 
Sat Nov 29 00:55:25 EST 2014 , 4 , 2 , 2 , 181817 : { BUY 5405.46@0.80470892} 181816 : { BUY 5405.46@0.80470892} 181815 : { SELL 19503.24@0.8079342} 181814 : { SELL 19503.24@0.8079342} 
Sat Nov 29 00:58:26 EST 2014 , 4 , 2 , 2 , 181817 : { BUY 5405.46@0.80470892} 181816 : { BUY 5405.46@0.80470892} 181815 : { SELL 19503.24@0.8079342} 181814 : { SELL 19503.24@0.8079342} 
Sat Nov 29 01:01:27 EST 2014 , 4 , 2 , 2 , 181817 : { BUY 5405.46@0.80470892} 181816 : { BUY 5405.46@0.80470892} 181815 : { SELL 19503.24@0.8079342} 181814 : { SELL 19503.24@0.8079342} 
Sat Nov 29 01:04:28 EST 2014 , 4 , 2 , 2 , 181817 : { BUY 5405.46@0.80470892} 181816 : { BUY 5405.46@0.80470892} 181815 : { SELL 19503.24@0.8079342} 181814 : { SELL 19503.24@0.8079342} 
Sat Nov 29 01:07:29 EST 2014 , 4 , 2 , 2 , 181817 : { BUY 5405.46@0.80470892} 181816 : { BUY 5405.46@0.80470892} 181815 : { SELL 19503.24@0.8079342} 181814 : { SELL 19503.24@0.8079342} 
Sat Nov 29 01:10:30 EST 2014 , 4 , 2 , 2 , 181817 : { BUY 5405.46@0.80470892} 181816 : { BUY 5405.46@0.80470892} 181815 : { SELL 19503.24@0.8079342} 181814 : { SELL 19503.24@0.8079342} 
Sat Nov 29 01:13:31 EST 2014 , 4 , 2 , 2 , 181817 : { BUY 5405.46@0.80470892} 181816 : { BUY 5405.46@0.80470892} 181815 : { SELL 19503.24@0.8079342} 181814 : { SELL 19503.24@0.8079342} 
Sat Nov 29 01:16:32 EST 2014 , 4 , 2 , 2 , 181817 : { BUY 5405.46@0.80470892} 181816 : { BUY 5405.46@0.80470892} 181815 : { SELL 19503.24@0.8079342} 181814 : { SELL 19503.24@0.8079342} 
Sat Nov 29 01:19:33 EST 2014 , 4 , 2 , 2 , 181817 : { BUY 5405.46@0.80470892} 181816 : { BUY 5405.46@0.80470892} 181815 : { SELL 19503.24@0.8079342} 181814 : { SELL 19503.24@0.8079342} 
Sat Nov 29 01:22:34 EST 2014 , 4 , 2 , 2 , 181817 : { BUY 5405.46@0.80470892} 181816 : { BUY 5405.46@0.80470892} 181815 : { SELL 19503.24@0.8079342} 181814 : { SELL 19503.24@0.8079342} 
Sat Nov 29 01:25:35 EST 2014 , 4 , 2 , 2 , 181817 : { BUY 5405.46@0.80470892} 181816 : { BUY 5405.46@0.80470892} 181815 : { SELL 19503.24@0.8079342} 181814 : { SELL 19503.24@0.8079342} 
Sat Nov 29 01:28:36 EST 2014 , 4 , 2 , 2 , 181817 : { BUY 5405.46@0.80470892} 181816 : { BUY 5405.46@0.80470892} 181815 : { SELL 19503.24@0.8079342} 181814 : { SELL 19503.24@0.8079342} 
Sat Nov 29 01:31:37 EST 2014 , 4 , 2 , 2 , 181817 : { BUY 5405.46@0.80470892} 181816 : { BUY 5405.46@0.80470892} 181815 : { SELL 19503.24@0.8079342} 181814 : { SELL 19503.24@0.8079342} 
Sat Nov 29 01:34:38 EST 2014 , 4 , 2 , 2 , 181817 : { BUY 5405.46@0.80470892} 181816 : { BUY 5405.46@0.80470892} 181815 : { SELL 19503.24@0.8079342} 181814 : { SELL 19503.24@0.8079342} 
Sat Nov 29 01:37:39 EST 2014 , 4 , 2 , 2 , 181817 : { BUY 5405.46@0.80470892} 181816 : { BUY 5405.46@0.80470892} 181815 : { SELL 19503.24@0.8079342} 181814 : { SELL 19503.24@0.8079342} 
Sat Nov 29 01:40:40 EST 2014 , 4 , 2 , 2 , 181817 : { BUY 5405.46@0.80470892} 181816 : { BUY 5405.46@0.80470892} 181815 : { SELL 19503.24@0.8079342} 181814 : { SELL 19503.24@0.8079342} 
Sat Nov 29 01:43:41 EST 2014 , 4 , 2 , 2 , 181817 : { BUY 5405.46@0.80470892} 181816 : { BUY 5405.46@0.80470892} 181815 : { SELL 19503.24@0.8079342} 181814 : { SELL 19503.24@0.8079342} 
Sat Nov 29 01:46:42 EST 2014 , 4 , 2 , 2 , 181817 : { BUY 5405.46@0.80470892} 181816 : { BUY 5405.46@0.80470892} 181815 : { SELL 19503.24@0.8079342} 181814 : { SELL 19503.24@0.8079342} 
Sat Nov 29 01:49:43 EST 2014 , 4 , 2 , 2 , 181817 : { BUY 5405.46@0.80470892} 181816 : { BUY 5405.46@0.80470892} 181815 : { SELL 19503.24@0.8079342} 181814 : { SELL 19503.24@0.8079342} 
Sat Nov 29 01:52:44 EST 2014 , 4 , 2 , 2 , 181817 : { BUY 5405.46@0.80470892} 181816 : { BUY 5405.46@0.80470892} 181815 : { SELL 19503.24@0.8079342} 181814 : { SELL 19503.24@0.8079342} 
Sat Nov 29 01:55:45 EST 2014 , 4 , 2 , 2 , 181817 : { BUY 5405.46@0.80470892} 181816 : { BUY 5405.46@0.80470892} 181815 : { SELL 19503.24@0.8079342} 181814 : { SELL 19503.24@0.8079342} 
Sat Nov 29 01:58:46 EST 2014 , 4 , 2 , 2 , 181817 : { BUY 5405.46@0.80470892} 181816 : { BUY 5405.46@0.80470892} 181815 : { SELL 19503.24@0.8079342} 181814 : { SELL 19503.24@0.8079342} 
Sat Nov 29 02:01:47 EST 2014 , 4 , 2 , 2 , 181817 : { BUY 5405.46@0.80470892} 181816 : { BUY 5405.46@0.80470892} 181815 : { SELL 19503.24@0.8079342} 181814 : { SELL 19503.24@0.8079342} 
Sat Nov 29 02:04:48 EST 2014 , 4 , 2 , 2 , 181817 : { BUY 5405.46@0.80470892} 181816 : { BUY 5405.46@0.80470892} 181815 : { SELL 19503.24@0.8079342} 181814 : { SELL 19503.24@0.8079342} 
Sat Nov 29 02:07:49 EST 2014 , 4 , 2 , 2 , 181817 : { BUY 5405.46@0.80470892} 181816 : { BUY 5405.46@0.80470892} 181815 : { SELL 19503.24@0.8079342} 181814 : { SELL 19503.24@0.8079342} 
Sat Nov 29 02:10:50 EST 2014 , 4 , 2 , 2 , 181817 : { BUY 5405.46@0.80470892} 181816 : { BUY 5405.46@0.80470892} 181815 : { SELL 19503.24@0.8079342} 181814 : { SELL 19503.24@0.8079342} 
Sat Nov 29 02:13:51 EST 2014 , 4 , 2 , 2 , 181817 : { BUY 5405.46@0.80470892} 181816 : { BUY 5405.46@0.80470892} 181815 : { SELL 19503.24@0.8079342} 181814 : { SELL 19503.24@0.8079342} 
Sat Nov 29 02:16:52 EST 2014 , 4 , 2 , 2 , 181817 : { BUY 5405.46@0.80470892} 181816 : { BUY 5405.46@0.80470892} 181815 : { SELL 19503.24@0.8079342} 181814 : { SELL 19503.24@0.8079342} 
Sat Nov 29 02:19:53 EST 2014 , 4 , 2 , 2 , 181817 : { BUY 5405.46@0.80470892} 181816 : { BUY 5405.46@0.80470892} 181815 : { SELL 19503.24@0.8079342} 181814 : { SELL 19503.24@0.8079342} 
Sat Nov 29 02:22:54 EST 2014 , 4 , 2 , 2 , 181817 : { BUY 5405.46@0.80470892} 181816 : { BUY 5405.46@0.80470892} 181815 : { SELL 19503.24@0.8079342} 181814 : { SELL 19503.24@0.8079342} 
Sat Nov 29 02:25:55 EST 2014 , 4 , 2 , 2 , 181817 : { BUY 5405.46@0.80470892} 181816 : { BUY 5405.46@0.80470892} 181815 : { SELL 19503.24@0.8079342} 181814 : { SELL 19503.24@0.8079342} 
Sat Nov 29 02:28:56 EST 2014 , 4 , 2 , 2 , 181817 : { BUY 5405.46@0.80470892} 181816 : { BUY 5405.46@0.80470892} 181815 : { SELL 19503.24@0.8079342} 181814 : { SELL 19503.24@0.8079342} 
Sat Nov 29 02:31:57 EST 2014 , 4 , 2 , 2 , 181817 : { BUY 5405.46@0.80470892} 181816 : { BUY 5405.46@0.80470892} 181815 : { SELL 19503.24@0.8079342} 181814 : { SELL 19503.24@0.8079342} 
Sat Nov 29 02:34:58 EST 2014 , 4 , 2 , 2 , 181817 : { BUY 5405.46@0.80470892} 181816 : { BUY 5405.46@0.80470892} 181815 : { SELL 19503.24@0.8079342} 181814 : { SELL 19503.24@0.8079342} 
Sat Nov 29 02:37:59 EST 2014 , 4 , 2 , 2 , 181817 : { BUY 5405.46@0.80470892} 181816 : { BUY 5405.46@0.80470892} 181815 : { SELL 19503.24@0.8079342} 181814 : { SELL 19503.24@0.8079342} 
Sat Nov 29 02:41:00 EST 2014 , 4 , 2 , 2 , 181817 : { BUY 5405.46@0.80470892} 181816 : { BUY 5405.46@0.80470892} 181815 : { SELL 19503.24@0.8079342} 181814 : { SELL 19503.24@0.8079342} 
Sat Nov 29 02:44:01 EST 2014 , 4 , 2 , 2 , 181817 : { BUY 5405.46@0.80470892} 181816 : { BUY 5405.46@0.80470892} 181815 : { SELL 19503.24@0.8079342} 181814 : { SELL 19503.24@0.8079342} 
Sat Nov 29 02:47:02 EST 2014 , 4 , 2 , 2 , 181817 : { BUY 5405.46@0.80470892} 181816 : { BUY 5405.46@0.80470892} 181815 : { SELL 19503.24@0.8079342} 181814 : { SELL 19503.24@0.8079342} 
Sat Nov 29 02:50:03 EST 2014 , 4 , 2 , 2 , 181817 : { BUY 5405.46@0.80470892} 181816 : { BUY 5405.46@0.80470892} 181815 : { SELL 19503.24@0.8079342} 181814 : { SELL 19503.24@0.8079342} 
Sat Nov 29 02:53:04 EST 2014 , 4 , 2 , 2 , 181817 : { BUY 5405.46@0.80470892} 181816 : { BUY 5405.46@0.80470892} 181815 : { SELL 19503.24@0.8079342} 181814 : { SELL 19503.24@0.8079342} 
Sat Nov 29 02:56:05 EST 2014 , 4 , 2 , 2 , 181817 : { BUY 5405.46@0.80470892} 181816 : { BUY 5405.46@0.80470892} 181815 : { SELL 19503.24@0.8079342} 181814 : { SELL 19503.24@0.8079342} 
Sat Nov 29 02:59:06 EST 2014 , 4 , 2 , 2 , 181817 : { BUY 5405.46@0.80470892} 181816 : { BUY 5405.46@0.80470892} 181815 : { SELL 19503.24@0.8079342} 181814 : { SELL 19503.24@0.8079342} 
Sat Nov 29 03:02:07 EST 2014 , 4 , 2 , 2 , 181817 : { BUY 5405.46@0.80470892} 181816 : { BUY 5405.46@0.80470892} 181815 : { SELL 19503.24@0.8079342} 181814 : { SELL 19503.24@0.8079342} 
Sat Nov 29 03:05:08 EST 2014 , 4 , 2 , 2 , 181817 : { BUY 5405.46@0.80470892} 181816 : { BUY 5405.46@0.80470892} 181815 : { SELL 19503.24@0.8079342} 181814 : { SELL 19503.24@0.8079342} 
Sat Nov 29 03:08:09 EST 2014 , 4 , 2 , 2 , 181817 : { BUY 5405.46@0.80470892} 181816 : { BUY 5405.46@0.80470892} 181815 : { SELL 19503.24@0.8079342} 181814 : { SELL 19503.24@0.8079342} 
Sat Nov 29 03:11:10 EST 2014 , 4 , 2 , 2 , 181817 : { BUY 5405.46@0.80470892} 181816 : { BUY 5405.46@0.80470892} 181815 : { SELL 19503.24@0.8079342} 181814 : { SELL 19503.24@0.8079342} 
Sat Nov 29 03:14:11 EST 2014 , 4 , 2 , 2 , 181817 : { BUY 5405.46@0.80470892} 181816 : { BUY 5405.46@0.80470892} 181815 : { SELL 19503.24@0.8079342} 181814 : { SELL 19503.24@0.8079342} 
Sat Nov 29 03:17:12 EST 2014 , 4 , 2 , 2 , 181817 : { BUY 5405.46@0.80470892} 181816 : { BUY 5405.46@0.80470892} 181815 : { SELL 19503.24@0.8079342} 181814 : { SELL 19503.24@0.8079342} 
Sat Nov 29 03:20:13 EST 2014 , 4 , 2 , 2 , 181817 : { BUY 5405.46@0.80470892} 181816 : { BUY 5405.46@0.80470892} 181815 : { SELL 19503.24@0.8079342} 181814 : { SELL 19503.24@0.8079342} 
Sat Nov 29 03:23:14 EST 2014 , 4 , 2 , 2 , 181817 : { BUY 5405.46@0.80470892} 181816 : { BUY 5405.46@0.80470892} 181815 : { SELL 19503.24@0.8079342} 181814 : { SELL 19503.24@0.8079342} 
Sat Nov 29 03:26:15 EST 2014 , 4 , 2 , 2 , 181817 : { BUY 5405.46@0.80470892} 181816 : { BUY 5405.46@0.80470892} 181815 : { SELL 19503.24@0.8079342} 181814 : { SELL 19503.24@0.8079342} 
Sat Nov 29 03:29:16 EST 2014 , 4 , 2 , 2 , 181817 : { BUY 5405.46@0.80470892} 181816 : { BUY 5405.46@0.80470892} 181815 : { SELL 19503.24@0.8079342} 181814 : { SELL 19503.24@0.8079342} 
Sat Nov 29 03:32:17 EST 2014 , 4 , 2 , 2 , 181817 : { BUY 5405.46@0.80470892} 181816 : { BUY 5405.46@0.80470892} 181815 : { SELL 19503.24@0.8079342} 181814 : { SELL 19503.24@0.8079342} 
Sat Nov 29 03:35:18 EST 2014 , 4 , 2 , 2 , 181817 : { BUY 5405.46@0.80470892} 181816 : { BUY 5405.46@0.80470892} 181815 : { SELL 19503.24@0.8079342} 181814 : { SELL 19503.24@0.8079342} 
Sat Nov 29 03:38:20 EST 2014 , 4 , 2 , 2 , 181817 : { BUY 5405.46@0.80470892} 181816 : { BUY 5405.46@0.80470892} 181815 : { SELL 19503.24@0.8079342} 181814 : { SELL 19503.24@0.8079342} 
Sat Nov 29 03:41:20 EST 2014 , 4 , 2 , 2 , 181817 : { BUY 5405.46@0.80470892} 181816 : { BUY 5405.46@0.80470892} 181815 : { SELL 19503.24@0.8079342} 181814 : { SELL 19503.24@0.8079342} 
Sat Nov 29 03:44:21 EST 2014 , 4 , 2 , 2 , 181817 : { BUY 5405.46@0.80470892} 181816 : { BUY 5405.46@0.80470892} 181815 : { SELL 19503.24@0.8079342} 181814 : { SELL 19503.24@0.8079342} 
Sat Nov 29 03:47:22 EST 2014 , 4 , 2 , 2 , 181817 : { BUY 5405.46@0.80470892} 181816 : { BUY 5405.46@0.80470892} 181815 : { SELL 19503.24@0.8079342} 181814 : { SELL 19503.24@0.8079342} 
Sat Nov 29 03:50:23 EST 2014 , 4 , 2 , 2 , 181817 : { BUY 5405.46@0.80470892} 181816 : { BUY 5405.46@0.80470892} 181815 : { SELL 19503.24@0.8079342} 181814 : { SELL 19503.24@0.8079342} 
Sat Nov 29 03:53:24 EST 2014 , 4 , 2 , 2 , 181817 : { BUY 5405.46@0.80470892} 181816 : { BUY 5405.46@0.80470892} 181815 : { SELL 19503.24@0.8079342} 181814 : { SELL 19503.24@0.8079342} 
Sat Nov 29 03:56:25 EST 2014 , 4 , 2 , 2 , 181817 : { BUY 5405.46@0.80470892} 181816 : { BUY 5405.46@0.80470892} 181815 : { SELL 19503.24@0.8079342} 181814 : { SELL 19503.24@0.8079342} 
Sat Nov 29 03:59:26 EST 2014 , 4 , 2 , 2 , 181817 : { BUY 5405.46@0.80470892} 181816 : { BUY 5405.46@0.80470892} 181815 : { SELL 19503.24@0.8079342} 181814 : { SELL 19503.24@0.8079342} 
Sat Nov 29 04:02:27 EST 2014 , 4 , 2 , 2 , 181817 : { BUY 5405.46@0.80470892} 181816 : { BUY 5405.46@0.80470892} 181815 : { SELL 19503.24@0.8079342} 181814 : { SELL 19503.24@0.8079342} 
Sat Nov 29 04:05:28 EST 2014 , 4 , 2 , 2 , 181817 : { BUY 5405.46@0.80470892} 181816 : { BUY 5405.46@0.80470892} 181815 : { SELL 19503.24@0.8079342} 181814 : { SELL 19503.24@0.8079342} 
Sat Nov 29 04:08:29 EST 2014 , 4 , 2 , 2 , 181817 : { BUY 5405.46@0.80470892} 181816 : { BUY 5405.46@0.80470892} 181815 : { SELL 19503.24@0.8079342} 181814 : { SELL 19503.24@0.8079342} 
Sat Nov 29 04:11:30 EST 2014 , 4 , 2 , 2 , 181817 : { BUY 5405.46@0.80470892} 181816 : { BUY 5405.46@0.80470892} 181815 : { SELL 19503.24@0.8079342} 181814 : { SELL 19503.24@0.8079342} 
Sat Nov 29 04:14:31 EST 2014 , 4 , 2 , 2 , 181817 : { BUY 5405.46@0.80470892} 181816 : { BUY 5405.46@0.80470892} 181815 : { SELL 19503.24@0.8079342} 181814 : { SELL 19503.24@0.8079342} 
Sat Nov 29 04:17:32 EST 2014 , 4 , 2 , 2 , 181817 : { BUY 5405.46@0.80470892} 181816 : { BUY 5405.46@0.80470892} 181815 : { SELL 19503.24@0.8079342} 181814 : { SELL 19503.24@0.8079342} 
Sat Nov 29 04:20:33 EST 2014 , 4 , 2 , 2 , 181817 : { BUY 5405.46@0.80470892} 181816 : { BUY 5405.46@0.80470892} 181815 : { SELL 19503.24@0.8079342} 181814 : { SELL 19503.24@0.8079342} 
Sat Nov 29 04:23:34 EST 2014 , 4 , 2 , 2 , 181817 : { BUY 5405.46@0.80470892} 181816 : { BUY 5405.46@0.80470892} 181815 : { SELL 19503.24@0.8079342} 181814 : { SELL 19503.24@0.8079342} 
Sat Nov 29 04:26:35 EST 2014 , 4 , 2 , 2 , 181817 : { BUY 5405.46@0.80470892} 181816 : { BUY 5405.46@0.80470892} 181815 : { SELL 19503.24@0.8079342} 181814 : { SELL 19503.24@0.8079342} 
Sat Nov 29 04:29:36 EST 2014 , 4 , 2 , 2 , 181817 : { BUY 5405.46@0.80470892} 181816 : { BUY 5405.46@0.80470892} 181815 : { SELL 19503.24@0.8079342} 181814 : { SELL 19503.24@0.8079342} 
Sat Nov 29 04:32:37 EST 2014 , 4 , 2 , 2 , 181817 : { BUY 5405.46@0.80470892} 181816 : { BUY 5405.46@0.80470892} 181815 : { SELL 19503.24@0.8079342} 181814 : { SELL 19503.24@0.8079342} 
Sat Nov 29 04:35:38 EST 2014 , 4 , 2 , 2 , 181817 : { BUY 5405.46@0.80470892} 181816 : { BUY 5405.46@0.80470892} 181815 : { SELL 19503.24@0.8079342} 181814 : { SELL 19503.24@0.8079342} 
Sat Nov 29 04:38:39 EST 2014 , 4 , 2 , 2 , 181817 : { BUY 5405.46@0.80470892} 181816 : { BUY 5405.46@0.80470892} 181815 : { SELL 19503.24@0.8079342} 181814 : { SELL 19503.24@0.8079342} 
Sat Nov 29 04:41:40 EST 2014 , 4 , 2 , 2 , 181817 : { BUY 5405.46@0.80470892} 181816 : { BUY 5405.46@0.80470892} 181815 : { SELL 19503.24@0.8079342} 181814 : { SELL 19503.24@0.8079342} 
Sat Nov 29 04:44:41 EST 2014 , 4 , 2 , 2 , 181817 : { BUY 5405.46@0.80470892} 181816 : { BUY 5405.46@0.80470892} 181815 : { SELL 19503.24@0.8079342} 181814 : { SELL 19503.24@0.8079342} 
Sat Nov 29 04:47:42 EST 2014 , 4 , 2 , 2 , 181817 : { BUY 5405.46@0.80470892} 181816 : { BUY 5405.46@0.80470892} 181815 : { SELL 19503.24@0.8079342} 181814 : { SELL 19503.24@0.8079342} 
Sat Nov 29 04:50:43 EST 2014 , 4 , 2 , 2 , 181817 : { BUY 5405.46@0.80470892} 181816 : { BUY 5405.46@0.80470892} 181815 : { SELL 19503.24@0.8079342} 181814 : { SELL 19503.24@0.8079342} 
Sat Nov 29 04:53:44 EST 2014 , 4 , 2 , 2 , 181817 : { BUY 5405.46@0.80470892} 181816 : { BUY 5405.46@0.80470892} 181815 : { SELL 19503.24@0.8079342} 181814 : { SELL 19503.24@0.8079342} 
Sat Nov 29 04:56:45 EST 2014 , 4 , 2 , 2 , 181817 : { BUY 5405.46@0.80470892} 181816 : { BUY 5405.46@0.80470892} 181815 : { SELL 19503.24@0.8079342} 181814 : { SELL 19503.24@0.8079342} 
Sat Nov 29 04:59:46 EST 2014 , 4 , 2 , 2 , 181817 : { BUY 5405.46@0.80470892} 181816 : { BUY 5405.46@0.80470892} 181815 : { SELL 19503.24@0.8079342} 181814 : { SELL 19503.24@0.8079342} 
Sat Nov 29 05:02:47 EST 2014 , 4 , 2 , 2 , 181817 : { BUY 5405.46@0.80470892} 181816 : { BUY 5405.46@0.80470892} 181815 : { SELL 19503.24@0.8079342} 181814 : { SELL 19503.24@0.8079342} 
Sat Nov 29 05:05:48 EST 2014 , 4 , 2 , 2 , 181817 : { BUY 5405.46@0.80470892} 181816 : { BUY 5405.46@0.80470892} 181815 : { SELL 19503.24@0.8079342} 181814 : { SELL 19503.24@0.8079342} 
Sat Nov 29 05:08:49 EST 2014 , 4 , 2 , 2 , 181817 : { BUY 5405.46@0.80470892} 181816 : { BUY 5405.46@0.80470892} 181815 : { SELL 19503.24@0.8079342} 181814 : { SELL 19503.24@0.8079342} 
Sat Nov 29 05:11:50 EST 2014 , 4 , 2 , 2 , 181817 : { BUY 5405.46@0.80470892} 181816 : { BUY 5405.46@0.80470892} 181815 : { SELL 19503.24@0.8079342} 181814 : { SELL 19503.24@0.8079342} 
Sat Nov 29 05:14:51 EST 2014 , 4 , 2 , 2 , 181817 : { BUY 5405.46@0.80470892} 181816 : { BUY 5405.46@0.80470892} 181815 : { SELL 19503.24@0.8079342} 181814 : { SELL 19503.24@0.8079342} 
Sat Nov 29 05:17:52 EST 2014 , 4 , 2 , 2 , 181817 : { BUY 5405.46@0.80470892} 181816 : { BUY 5405.46@0.80470892} 181815 : { SELL 19503.24@0.8079342} 181814 : { SELL 19503.24@0.8079342} 
Sat Nov 29 05:20:53 EST 2014 , 4 , 2 , 2 , 181817 : { BUY 5405.46@0.80470892} 181816 : { BUY 5405.46@0.80470892} 181815 : { SELL 19503.24@0.8079342} 181814 : { SELL 19503.24@0.8079342} 
Sat Nov 29 05:23:54 EST 2014 , 4 , 2 , 2 , 181817 : { BUY 5405.46@0.80470892} 181816 : { BUY 5405.46@0.80470892} 181815 : { SELL 19503.24@0.8079342} 181814 : { SELL 19503.24@0.8079342} 
Sat Nov 29 05:26:55 EST 2014 , 4 , 2 , 2 , 181817 : { BUY 5405.46@0.80470892} 181816 : { BUY 5405.46@0.80470892} 181815 : { SELL 19503.24@0.8079342} 181814 : { SELL 19503.24@0.8079342} 
Sat Nov 29 05:29:56 EST 2014 , 4 , 2 , 2 , 181817 : { BUY 5405.46@0.80470892} 181816 : { BUY 5405.46@0.80470892} 181815 : { SELL 19503.24@0.8079342} 181814 : { SELL 19503.24@0.8079342} 
Sat Nov 29 05:32:57 EST 2014 , 4 , 2 , 2 , 181817 : { BUY 5405.46@0.80470892} 181816 : { BUY 5405.46@0.80470892} 181815 : { SELL 19503.24@0.8079342} 181814 : { SELL 19503.24@0.8079342} 
Sat Nov 29 05:35:58 EST 2014 , 4 , 2 , 2 , 181817 : { BUY 5405.46@0.80470892} 181816 : { BUY 5405.46@0.80470892} 181815 : { SELL 19503.24@0.8079342} 181814 : { SELL 19503.24@0.8079342} 
Sat Nov 29 05:38:59 EST 2014 , 4 , 2 , 2 , 181817 : { BUY 5405.46@0.80470892} 181816 : { BUY 5405.46@0.80470892} 181815 : { SELL 19503.24@0.8079342} 181814 : { SELL 19503.24@0.8079342} 
Sat Nov 29 05:42:00 EST 2014 , 4 , 2 , 2 , 181817 : { BUY 5405.46@0.80470892} 181816 : { BUY 5405.46@0.80470892} 181815 : { SELL 19503.24@0.8079342} 181814 : { SELL 19503.24@0.8079342} 
Sat Nov 29 05:45:01 EST 2014 , 4 , 2 , 2 , 181817 : { BUY 5405.46@0.80470892} 181816 : { BUY 5405.46@0.80470892} 181815 : { SELL 19503.24@0.8079342} 181814 : { SELL 19503.24@0.8079342} 
Sat Nov 29 05:48:02 EST 2014 , 4 , 2 , 2 , 181817 : { BUY 5405.46@0.80470892} 181816 : { BUY 5405.46@0.80470892} 181815 : { SELL 19503.24@0.8079342} 181814 : { SELL 19503.24@0.8079342} 
Sat Nov 29 05:51:03 EST 2014 , 4 , 2 , 2 , 181817 : { BUY 5405.46@0.80470892} 181816 : { BUY 5405.46@0.80470892} 181815 : { SELL 19503.24@0.8079342} 181814 : { SELL 19503.24@0.8079342} 
Sat Nov 29 05:54:04 EST 2014 , 4 , 2 , 2 , 181817 : { BUY 5405.46@0.80470892} 181816 : { BUY 5405.46@0.80470892} 181815 : { SELL 19503.24@0.8079342} 181814 : { SELL 19503.24@0.8079342} 
Sat Nov 29 05:57:05 EST 2014 , 4 , 2 , 2 , 181817 : { BUY 5405.46@0.80470892} 181816 : { BUY 5405.46@0.80470892} 181815 : { SELL 19503.24@0.8079342} 181814 : { SELL 19503.24@0.8079342} 
Sat Nov 29 06:00:06 EST 2014 , 4 , 2 , 2 , 181817 : { BUY 5405.46@0.80470892} 181816 : { BUY 5405.46@0.80470892} 181815 : { SELL 19503.24@0.8079342} 181814 : { SELL 19503.24@0.8079342} 
Sat Nov 29 06:03:07 EST 2014 , 4 , 2 , 2 , 181817 : { BUY 5405.46@0.80470892} 181816 : { BUY 5405.46@0.80470892} 181815 : { SELL 19503.24@0.8079342} 181814 : { SELL 19503.24@0.8079342} 
Sat Nov 29 06:06:08 EST 2014 , 4 , 2 , 2 , 181817 : { BUY 5405.46@0.80470892} 181816 : { BUY 5405.46@0.80470892} 181815 : { SELL 19503.24@0.8079342} 181814 : { SELL 19503.24@0.8079342} 
Sat Nov 29 06:09:09 EST 2014 , 4 , 2 , 2 , 181817 : { BUY 5405.46@0.80470892} 181816 : { BUY 5405.46@0.80470892} 181815 : { SELL 19503.24@0.8079342} 181814 : { SELL 19503.24@0.8079342} 
Sat Nov 29 06:12:10 EST 2014 , 4 , 2 , 2 , 181817 : { BUY 5405.46@0.80470892} 181816 : { BUY 5405.46@0.80470892} 181815 : { SELL 19503.24@0.8079342} 181814 : { SELL 19503.24@0.8079342} 
Sat Nov 29 06:15:11 EST 2014 , 4 , 2 , 2 , 181817 : { BUY 5405.46@0.80470892} 181816 : { BUY 5405.46@0.80470892} 181815 : { SELL 19503.24@0.8079342} 181814 : { SELL 19503.24@0.8079342} 
Sat Nov 29 06:18:12 EST 2014 , 4 , 2 , 2 , 181817 : { BUY 5405.46@0.80470892} 181816 : { BUY 5405.46@0.80470892} 181815 : { SELL 19503.24@0.8079342} 181814 : { SELL 19503.24@0.8079342} 
Sat Nov 29 06:21:13 EST 2014 , 4 , 2 , 2 , 181817 : { BUY 5405.46@0.80470892} 181816 : { BUY 5405.46@0.80470892} 181815 : { SELL 19503.24@0.8079342} 181814 : { SELL 19503.24@0.8079342} 
Sat Nov 29 06:24:14 EST 2014 , 4 , 2 , 2 , 181817 : { BUY 5405.46@0.80470892} 181816 : { BUY 5405.46@0.80470892} 181815 : { SELL 19503.24@0.8079342} 181814 : { SELL 19503.24@0.8079342} 
Sat Nov 29 06:27:15 EST 2014 , 4 , 2 , 2 , 181817 : { BUY 5405.46@0.80470892} 181816 : { BUY 5405.46@0.80470892} 181815 : { SELL 19503.24@0.8079342} 181814 : { SELL 19503.24@0.8079342} 
Sat Nov 29 06:30:16 EST 2014 , 4 , 2 , 2 , 181817 : { BUY 5405.46@0.80470892} 181816 : { BUY 5405.46@0.80470892} 181815 : { SELL 19503.24@0.8079342} 181814 : { SELL 19503.24@0.8079342} 
Sat Nov 29 06:33:17 EST 2014 , 4 , 2 , 2 , 181817 : { BUY 5405.46@0.80470892} 181816 : { BUY 5405.46@0.80470892} 181815 : { SELL 19503.24@0.8079342} 181814 : { SELL 19503.24@0.8079342} 
Sat Nov 29 06:36:18 EST 2014 , 4 , 2 , 2 , 181817 : { BUY 5405.46@0.80470892} 181816 : { BUY 5405.46@0.80470892} 181815 : { SELL 19503.24@0.8079342} 181814 : { SELL 19503.24@0.8079342} 
Sat Nov 29 06:39:19 EST 2014 , 4 , 2 , 2 , 181817 : { BUY 5405.46@0.80470892} 181816 : { BUY 5405.46@0.80470892} 181815 : { SELL 19503.24@0.8079342} 181814 : { SELL 19503.24@0.8079342} 
Sat Nov 29 06:42:20 EST 2014 , 4 , 2 , 2 , 181817 : { BUY 5405.46@0.80470892} 181816 : { BUY 5405.46@0.80470892} 181815 : { SELL 19503.24@0.8079342} 181814 : { SELL 19503.24@0.8079342} 
Sat Nov 29 06:45:21 EST 2014 , 4 , 2 , 2 , 181817 : { BUY 5405.46@0.80470892} 181816 : { BUY 5405.46@0.80470892} 181815 : { SELL 19503.24@0.8079342} 181814 : { SELL 19503.24@0.8079342} 
Sat Nov 29 06:48:22 EST 2014 , 4 , 2 , 2 , 181817 : { BUY 5405.46@0.80470892} 181816 : { BUY 5405.46@0.80470892} 181815 : { SELL 19503.24@0.8079342} 181814 : { SELL 19503.24@0.8079342} 
Sat Nov 29 06:51:23 EST 2014 , 4 , 2 , 2 , 181817 : { BUY 5405.46@0.80470892} 181816 : { BUY 5405.46@0.80470892} 181815 : { SELL 19503.24@0.8079342} 181814 : { SELL 19503.24@0.8079342} 
Sat Nov 29 06:54:24 EST 2014 , 4 , 2 , 2 , 181817 : { BUY 5405.46@0.80470892} 181816 : { BUY 5405.46@0.80470892} 181815 : { SELL 19503.24@0.8079342} 181814 : { SELL 19503.24@0.8079342} 
Sat Nov 29 06:57:25 EST 2014 , 4 , 2 , 2 , 181817 : { BUY 5405.46@0.80470892} 181816 : { BUY 5405.46@0.80470892} 181815 : { SELL 19503.24@0.8079342} 181814 : { SELL 19503.24@0.8079342} 
Sat Nov 29 07:00:26 EST 2014 , 4 , 2 , 2 , 181817 : { BUY 5405.46@0.80470892} 181816 : { BUY 5405.46@0.80470892} 181815 : { SELL 19503.24@0.8079342} 181814 : { SELL 19503.24@0.8079342} 
Sat Nov 29 07:03:27 EST 2014 , 4 , 2 , 2 , 181817 : { BUY 5405.46@0.80470892} 181816 : { BUY 5405.46@0.80470892} 181815 : { SELL 19503.24@0.8079342} 181814 : { SELL 19503.24@0.8079342} 
Sat Nov 29 07:06:28 EST 2014 , 4 , 2 , 2 , 181817 : { BUY 5405.46@0.80470892} 181816 : { BUY 5405.46@0.80470892} 181815 : { SELL 19503.24@0.8079342} 181814 : { SELL 19503.24@0.8079342} 
Sat Nov 29 07:09:29 EST 2014 , 4 , 2 , 2 , 181817 : { BUY 5405.46@0.80470892} 181816 : { BUY 5405.46@0.80470892} 181815 : { SELL 19503.24@0.8079342} 181814 : { SELL 19503.24@0.8079342} 
Sat Nov 29 07:12:30 EST 2014 , 4 , 2 , 2 , 181817 : { BUY 5405.46@0.80470892} 181816 : { BUY 5405.46@0.80470892} 181815 : { SELL 19503.24@0.8079342} 181814 : { SELL 19503.24@0.8079342} 
Sat Nov 29 07:15:31 EST 2014 , 4 , 2 , 2 , 181817 : { BUY 5405.46@0.80470892} 181816 : { BUY 5405.46@0.80470892} 181815 : { SELL 19503.24@0.8079342} 181814 : { SELL 19503.24@0.8079342} 
Sat Nov 29 07:18:32 EST 2014 , 4 , 2 , 2 , 181817 : { BUY 5405.46@0.80470892} 181816 : { BUY 5405.46@0.80470892} 181815 : { SELL 19503.24@0.8079342} 181814 : { SELL 19503.24@0.8079342} 
Sat Nov 29 07:21:33 EST 2014 , 4 , 2 , 2 , 181817 : { BUY 5405.46@0.80470892} 181816 : { BUY 5405.46@0.80470892} 181815 : { SELL 19503.24@0.8079342} 181814 : { SELL 19503.24@0.8079342} 
Sat Nov 29 07:24:34 EST 2014 , 4 , 2 , 2 , 181817 : { BUY 5405.46@0.80470892} 181816 : { BUY 5405.46@0.80470892} 181815 : { SELL 19503.24@0.8079342} 181814 : { SELL 19503.24@0.8079342} 
Sat Nov 29 07:27:35 EST 2014 , 4 , 2 , 2 , 181817 : { BUY 5405.46@0.80470892} 181816 : { BUY 5405.46@0.80470892} 181815 : { SELL 19503.24@0.8079342} 181814 : { SELL 19503.24@0.8079342} 
Sat Nov 29 07:30:36 EST 2014 , 4 , 2 , 2 , 181817 : { BUY 5405.46@0.80470892} 181816 : { BUY 5405.46@0.80470892} 181815 : { SELL 19503.24@0.8079342} 181814 : { SELL 19503.24@0.8079342} 
Sat Nov 29 07:33:37 EST 2014 , 4 , 2 , 2 , 181817 : { BUY 5405.46@0.80470892} 181816 : { BUY 5405.46@0.80470892} 181815 : { SELL 19503.24@0.8079342} 181814 : { SELL 19503.24@0.8079342} 
Sat Nov 29 07:36:38 EST 2014 , 4 , 2 , 2 , 181817 : { BUY 5405.46@0.80470892} 181816 : { BUY 5405.46@0.80470892} 181815 : { SELL 19503.24@0.8079342} 181814 : { SELL 19503.24@0.8079342} 
Sat Nov 29 07:39:39 EST 2014 , 4 , 2 , 2 , 181817 : { BUY 5405.46@0.80470892} 181816 : { BUY 5405.46@0.80470892} 181815 : { SELL 19503.24@0.8079342} 181814 : { SELL 19503.24@0.8079342} 
Sat Nov 29 07:42:40 EST 2014 , 4 , 2 , 2 , 181817 : { BUY 5405.46@0.80470892} 181816 : { BUY 5405.46@0.80470892} 181815 : { SELL 19503.24@0.8079342} 181814 : { SELL 19503.24@0.8079342} 
Sat Nov 29 07:45:41 EST 2014 , 4 , 2 , 2 , 181817 : { BUY 5405.46@0.80470892} 181816 : { BUY 5405.46@0.80470892} 181815 : { SELL 19503.24@0.8079342} 181814 : { SELL 19503.24@0.8079342} 
Sat Nov 29 07:48:42 EST 2014 , 4 , 2 , 2 , 181817 : { BUY 5405.46@0.80470892} 181816 : { BUY 5405.46@0.80470892} 181815 : { SELL 19503.24@0.8079342} 181814 : { SELL 19503.24@0.8079342} 
Sat Nov 29 07:51:43 EST 2014 , 4 , 2 , 2 , 181817 : { BUY 5405.46@0.80470892} 181816 : { BUY 5405.46@0.80470892} 181815 : { SELL 19503.24@0.8079342} 181814 : { SELL 19503.24@0.8079342} 
Sat Nov 29 07:54:44 EST 2014 , 4 , 2 , 2 , 181817 : { BUY 5405.46@0.80470892} 181816 : { BUY 5405.46@0.80470892} 181815 : { SELL 19503.24@0.8079342} 181814 : { SELL 19503.24@0.8079342} 
Sat Nov 29 07:57:45 EST 2014 , 4 , 2 , 2 , 181817 : { BUY 5405.46@0.80470892} 181816 : { BUY 5405.46@0.80470892} 181815 : { SELL 19503.24@0.8079342} 181814 : { SELL 19503.24@0.8079342} 
Sat Nov 29 08:00:46 EST 2014 , 4 , 2 , 2 , 181817 : { BUY 5405.46@0.80470892} 181816 : { BUY 5405.46@0.80470892} 181815 : { SELL 19503.24@0.8079342} 181814 : { SELL 19503.24@0.8079342} 
Sat Nov 29 08:03:47 EST 2014 , 4 , 2 , 2 , 181817 : { BUY 5405.46@0.80470892} 181816 : { BUY 5405.46@0.80470892} 181815 : { SELL 19503.24@0.8079342} 181814 : { SELL 19503.24@0.8079342} 
Sat Nov 29 08:06:48 EST 2014 , 4 , 2 , 2 , 181817 : { BUY 5405.46@0.80470892} 181816 : { BUY 5405.46@0.80470892} 181815 : { SELL 19503.24@0.8079342} 181814 : { SELL 19503.24@0.8079342} 
Sat Nov 29 08:09:49 EST 2014 , 4 , 2 , 2 , 181817 : { BUY 5405.46@0.80470892} 181816 : { BUY 5405.46@0.80470892} 181815 : { SELL 19503.24@0.8079342} 181814 : { SELL 19503.24@0.8079342} 
Sat Nov 29 08:12:50 EST 2014 , 4 , 2 , 2 , 181817 : { BUY 5405.46@0.80470892} 181816 : { BUY 5405.46@0.80470892} 181815 : { SELL 19503.24@0.8079342} 181814 : { SELL 19503.24@0.8079342} 
Sat Nov 29 08:15:51 EST 2014 , 4 , 2 , 2 , 181817 : { BUY 5405.46@0.80470892} 181816 : { BUY 5405.46@0.80470892} 181815 : { SELL 19503.24@0.8079342} 181814 : { SELL 19503.24@0.8079342} 
Sat Nov 29 08:18:52 EST 2014 , 4 , 2 , 2 , 181817 : { BUY 5405.46@0.80470892} 181816 : { BUY 5405.46@0.80470892} 181815 : { SELL 19503.24@0.8079342} 181814 : { SELL 19503.24@0.8079342} 
Sat Nov 29 08:21:53 EST 2014 , 4 , 2 , 2 , 181817 : { BUY 5405.46@0.80470892} 181816 : { BUY 5405.46@0.80470892} 181815 : { SELL 19503.24@0.8079342} 181814 : { SELL 19503.24@0.8079342} 
Sat Nov 29 08:24:54 EST 2014 , 4 , 2 , 2 , 181817 : { BUY 5405.46@0.80470892} 181816 : { BUY 5405.46@0.80470892} 181815 : { SELL 19503.24@0.8079342} 181814 : { SELL 19503.24@0.8079342} 
Sat Nov 29 08:27:55 EST 2014 , 4 , 2 , 2 , 181817 : { BUY 5405.46@0.80470892} 181816 : { BUY 5405.46@0.80470892} 181815 : { SELL 19503.24@0.8079342} 181814 : { SELL 19503.24@0.8079342} 
Sat Nov 29 08:30:56 EST 2014 , 4 , 2 , 2 , 181817 : { BUY 5405.46@0.80470892} 181816 : { BUY 5405.46@0.80470892} 181815 : { SELL 19503.24@0.8079342} 181814 : { SELL 19503.24@0.8079342} 
Sat Nov 29 08:33:57 EST 2014 , 4 , 2 , 2 , 181817 : { BUY 5405.46@0.80470892} 181816 : { BUY 5405.46@0.80470892} 181815 : { SELL 19503.24@0.8079342} 181814 : { SELL 19503.24@0.8079342} 
Sat Nov 29 08:36:58 EST 2014 , 4 , 2 , 2 , 181817 : { BUY 5405.46@0.80470892} 181816 : { BUY 5405.46@0.80470892} 181815 : { SELL 19503.24@0.8079342} 181814 : { SELL 19503.24@0.8079342} 
Sat Nov 29 08:40:00 EST 2014 , 4 , 2 , 2 , 181817 : { BUY 5405.46@0.80470892} 181816 : { BUY 5405.46@0.80470892} 181815 : { SELL 19503.24@0.8079342} 181814 : { SELL 19503.24@0.8079342} 
Sat Nov 29 08:43:00 EST 2014 , 4 , 2 , 2 , 181817 : { BUY 5405.46@0.80470892} 181816 : { BUY 5405.46@0.80470892} 181815 : { SELL 19503.24@0.8079342} 181814 : { SELL 19503.24@0.8079342} 
Sat Nov 29 08:46:01 EST 2014 , 4 , 2 , 2 , 181817 : { BUY 5405.46@0.80470892} 181816 : { BUY 5405.46@0.80470892} 181815 : { SELL 19503.24@0.8079342} 181814 : { SELL 19503.24@0.8079342} 
Sat Nov 29 08:49:02 EST 2014 , 4 , 2 , 2 , 181817 : { BUY 5405.46@0.80470892} 181816 : { BUY 5405.46@0.80470892} 181815 : { SELL 19503.24@0.8079342} 181814 : { SELL 19503.24@0.8079342} 
Sat Nov 29 08:52:03 EST 2014 , 4 , 2 , 2 , 181817 : { BUY 5405.46@0.80470892} 181816 : { BUY 5405.46@0.80470892} 181815 : { SELL 19503.24@0.8079342} 181814 : { SELL 19503.24@0.8079342} 
Sat Nov 29 08:55:04 EST 2014 , 4 , 2 , 2 , 181817 : { BUY 5405.46@0.80470892} 181816 : { BUY 5405.46@0.80470892} 181815 : { SELL 19503.24@0.8079342} 181814 : { SELL 19503.24@0.8079342} 
Sat Nov 29 08:58:05 EST 2014 , 4 , 2 , 2 , 181817 : { BUY 5405.46@0.80470892} 181816 : { BUY 5405.46@0.80470892} 181815 : { SELL 19503.24@0.8079342} 181814 : { SELL 19503.24@0.8079342} 
Sat Nov 29 09:01:06 EST 2014 , 4 , 2 , 2 , 181817 : { BUY 5405.46@0.80470892} 181816 : { BUY 5405.46@0.80470892} 181815 : { SELL 19503.24@0.8079342} 181814 : { SELL 19503.24@0.8079342} 
Sat Nov 29 09:04:07 EST 2014 , 4 , 2 , 2 , 181817 : { BUY 5405.46@0.80470892} 181816 : { BUY 5405.46@0.80470892} 181815 : { SELL 19503.24@0.8079342} 181814 : { SELL 19503.24@0.8079342} 
Sat Nov 29 09:07:08 EST 2014 , 4 , 2 , 2 , 181817 : { BUY 5405.46@0.80470892} 181816 : { BUY 5405.46@0.80470892} 181815 : { SELL 19503.24@0.8079342} 181814 : { SELL 19503.24@0.8079342} 
Sat Nov 29 09:10:09 EST 2014 , 4 , 2 , 2 , 181817 : { BUY 5405.46@0.80470892} 181816 : { BUY 5405.46@0.80470892} 181815 : { SELL 19503.24@0.8079342} 181814 : { SELL 19503.24@0.8079342} 
Sat Nov 29 09:13:10 EST 2014 , 4 , 2 , 2 , 181817 : { BUY 5405.46@0.80470892} 181816 : { BUY 5405.46@0.80470892} 181815 : { SELL 19503.24@0.8079342} 181814 : { SELL 19503.24@0.8079342} 
Sat Nov 29 09:16:11 EST 2014 , 4 , 2 , 2 , 181817 : { BUY 5405.46@0.80470892} 181816 : { BUY 5405.46@0.80470892} 181815 : { SELL 19503.24@0.8079342} 181814 : { SELL 19503.24@0.8079342} 
Sat Nov 29 09:19:12 EST 2014 , 4 , 2 , 2 , 181817 : { BUY 5405.46@0.80470892} 181816 : { BUY 5405.46@0.80470892} 181815 : { SELL 19503.24@0.8079342} 181814 : { SELL 19503.24@0.8079342} 
Sat Nov 29 09:22:13 EST 2014 , 4 , 2 , 2 , 181817 : { BUY 5405.46@0.80470892} 181816 : { BUY 5405.46@0.80470892} 181815 : { SELL 19503.24@0.8079342} 181814 : { SELL 19503.24@0.8079342} 
Sat Nov 29 09:25:14 EST 2014 , 4 , 2 , 2 , 181817 : { BUY 5405.46@0.80470892} 181816 : { BUY 5405.46@0.80470892} 181815 : { SELL 19503.24@0.8079342} 181814 : { SELL 19503.24@0.8079342} 
Sat Nov 29 09:28:15 EST 2014 , 4 , 2 , 2 , 181817 : { BUY 5405.46@0.80470892} 181816 : { BUY 5405.46@0.80470892} 181815 : { SELL 19503.24@0.8079342} 181814 : { SELL 19503.24@0.8079342} 
Sat Nov 29 09:31:16 EST 2014 , 4 , 2 , 2 , 181817 : { BUY 5405.46@0.80470892} 181816 : { BUY 5405.46@0.80470892} 181815 : { SELL 19503.24@0.8079342} 181814 : { SELL 19503.24@0.8079342} 
Sat Nov 29 09:34:17 EST 2014 , 4 , 2 , 2 , 181817 : { BUY 5405.46@0.80470892} 181816 : { BUY 5405.46@0.80470892} 181815 : { SELL 19503.24@0.8079342} 181814 : { SELL 19503.24@0.8079342} 
Sat Nov 29 09:37:18 EST 2014 , 4 , 2 , 2 , 181817 : { BUY 5405.46@0.80470892} 181816 : { BUY 5405.46@0.80470892} 181815 : { SELL 19503.24@0.8079342} 181814 : { SELL 19503.24@0.8079342} 
Sat Nov 29 09:40:19 EST 2014 , 4 , 2 , 2 , 181817 : { BUY 5405.46@0.80470892} 181816 : { BUY 5405.46@0.80470892} 181815 : { SELL 19503.24@0.8079342} 181814 : { SELL 19503.24@0.8079342} 
Sat Nov 29 09:43:20 EST 2014 , 4 , 2 , 2 , 181817 : { BUY 5405.46@0.80470892} 181816 : { BUY 5405.46@0.80470892} 181815 : { SELL 19503.24@0.8079342} 181814 : { SELL 19503.24@0.8079342} 
Sat Nov 29 09:46:21 EST 2014 , 4 , 2 , 2 , 181817 : { BUY 5405.46@0.80470892} 181816 : { BUY 5405.46@0.80470892} 181815 : { SELL 19503.24@0.8079342} 181814 : { SELL 19503.24@0.8079342} 
Sat Nov 29 09:49:22 EST 2014 , 4 , 2 , 2 , 181817 : { BUY 5405.46@0.80470892} 181816 : { BUY 5405.46@0.80470892} 181815 : { SELL 19503.24@0.8079342} 181814 : { SELL 19503.24@0.8079342} 
Sat Nov 29 09:52:23 EST 2014 , 4 , 2 , 2 , 181817 : { BUY 5405.46@0.80470892} 181816 : { BUY 5405.46@0.80470892} 181815 : { SELL 19503.24@0.8079342} 181814 : { SELL 19503.24@0.8079342} 
Sat Nov 29 09:55:24 EST 2014 , 4 , 2 , 2 , 181817 : { BUY 5405.46@0.80470892} 181816 : { BUY 5405.46@0.80470892} 181815 : { SELL 19503.24@0.8079342} 181814 : { SELL 19503.24@0.8079342} 
Sat Nov 29 09:58:25 EST 2014 , 4 , 2 , 2 , 181817 : { BUY 5405.46@0.80470892} 181816 : { BUY 5405.46@0.80470892} 181815 : { SELL 19503.24@0.8079342} 181814 : { SELL 19503.24@0.8079342} 
Sat Nov 29 10:01:26 EST 2014 , 4 , 2 , 2 , 181817 : { BUY 5405.46@0.80470892} 181816 : { BUY 5405.46@0.80470892} 181815 : { SELL 19503.24@0.8079342} 181814 : { SELL 19503.24@0.8079342} 
Sat Nov 29 10:04:27 EST 2014 , 4 , 2 , 2 , 181817 : { BUY 5405.46@0.80470892} 181816 : { BUY 5405.46@0.80470892} 181815 : { SELL 19503.24@0.8079342} 181814 : { SELL 19503.24@0.8079342} 
Sat Nov 29 10:07:28 EST 2014 , 4 , 2 , 2 , 181817 : { BUY 5405.46@0.80470892} 181816 : { BUY 5405.46@0.80470892} 181815 : { SELL 19503.24@0.8079342} 181814 : { SELL 19503.24@0.8079342} 
Sat Nov 29 10:10:29 EST 2014 , 4 , 2 , 2 , 181817 : { BUY 5405.46@0.80470892} 181816 : { BUY 5405.46@0.80470892} 181815 : { SELL 19503.24@0.8079342} 181814 : { SELL 19503.24@0.8079342} 
Sat Nov 29 10:13:30 EST 2014 , 4 , 2 , 2 , 181817 : { BUY 5405.46@0.80470892} 181816 : { BUY 5405.46@0.80470892} 181815 : { SELL 19503.24@0.8079342} 181814 : { SELL 19503.24@0.8079342} 
Sat Nov 29 10:16:31 EST 2014 , 4 , 2 , 2 , 181817 : { BUY 5405.46@0.80470892} 181816 : { BUY 5405.46@0.80470892} 181815 : { SELL 19503.24@0.8079342} 181814 : { SELL 19503.24@0.8079342} 
Sat Nov 29 10:19:32 EST 2014 , 4 , 2 , 2 , 181817 : { BUY 5405.46@0.80470892} 181816 : { BUY 5405.46@0.80470892} 181815 : { SELL 19503.24@0.8079342} 181814 : { SELL 19503.24@0.8079342} 
Sat Nov 29 10:22:33 EST 2014 , 4 , 2 , 2 , 181817 : { BUY 5405.46@0.80470892} 181816 : { BUY 5405.46@0.80470892} 181815 : { SELL 19503.24@0.8079342} 181814 : { SELL 19503.24@0.8079342} 
Sat Nov 29 10:25:34 EST 2014 , 4 , 2 , 2 , 181817 : { BUY 5405.46@0.80470892} 181816 : { BUY 5405.46@0.80470892} 181815 : { SELL 19503.24@0.8079342} 181814 : { SELL 19503.24@0.8079342} 
Sat Nov 29 10:28:35 EST 2014 , 4 , 2 , 2 , 181817 : { BUY 5405.46@0.80470892} 181816 : { BUY 5405.46@0.80470892} 181815 : { SELL 19503.24@0.8079342} 181814 : { SELL 19503.24@0.8079342} 
Sat Nov 29 10:31:36 EST 2014 , 4 , 2 , 2 , 181817 : { BUY 5405.46@0.80470892} 181816 : { BUY 5405.46@0.80470892} 181815 : { SELL 19503.24@0.8079342} 181814 : { SELL 19503.24@0.8079342} 
Sat Nov 29 10:34:37 EST 2014 , 4 , 2 , 2 , 181817 : { BUY 5405.46@0.80470892} 181816 : { BUY 5405.46@0.80470892} 181815 : { SELL 19503.24@0.8079342} 181814 : { SELL 19503.24@0.8079342} 
Sat Nov 29 10:37:38 EST 2014 , 4 , 2 , 2 , 181817 : { BUY 5405.46@0.80470892} 181816 : { BUY 5405.46@0.80470892} 181815 : { SELL 19503.24@0.8079342} 181814 : { SELL 19503.24@0.8079342} 
Sat Nov 29 10:40:39 EST 2014 , 4 , 2 , 2 , 181817 : { BUY 5405.46@0.80470892} 181816 : { BUY 5405.46@0.80470892} 181815 : { SELL 19503.24@0.8079342} 181814 : { SELL 19503.24@0.8079342} 
Sat Nov 29 10:43:40 EST 2014 , 4 , 2 , 2 , 181817 : { BUY 5405.46@0.80470892} 181816 : { BUY 5405.46@0.80470892} 181815 : { SELL 19503.24@0.8079342} 181814 : { SELL 19503.24@0.8079342} 
Sat Nov 29 10:46:41 EST 2014 , 4 , 2 , 2 , 181817 : { BUY 5405.46@0.80470892} 181816 : { BUY 5405.46@0.80470892} 181815 : { SELL 19503.24@0.8079342} 181814 : { SELL 19503.24@0.8079342} 
Sat Nov 29 10:49:42 EST 2014 , 4 , 2 , 2 , 181817 : { BUY 5405.46@0.80470892} 181816 : { BUY 5405.46@0.80470892} 181815 : { SELL 19503.24@0.8079342} 181814 : { SELL 19503.24@0.8079342} 
Sat Nov 29 10:52:43 EST 2014 , 4 , 2 , 2 , 181817 : { BUY 5405.46@0.80470892} 181816 : { BUY 5405.46@0.80470892} 181815 : { SELL 19503.24@0.8079342} 181814 : { SELL 19503.24@0.8079342} 
Sat Nov 29 10:55:44 EST 2014 , 4 , 2 , 2 , 181817 : { BUY 5405.46@0.80470892} 181816 : { BUY 5405.46@0.80470892} 181815 : { SELL 19503.24@0.8079342} 181814 : { SELL 19503.24@0.8079342} 
Sat Nov 29 10:58:45 EST 2014 , 4 , 2 , 2 , 181817 : { BUY 5405.46@0.80470892} 181816 : { BUY 5405.46@0.80470892} 181815 : { SELL 19503.24@0.8079342} 181814 : { SELL 19503.24@0.8079342} 
Sat Nov 29 11:01:46 EST 2014 , 4 , 2 , 2 , 181817 : { BUY 5405.46@0.80470892} 181816 : { BUY 5405.46@0.80470892} 181815 : { SELL 19503.24@0.8079342} 181814 : { SELL 19503.24@0.8079342} 
Sat Nov 29 11:04:47 EST 2014 , 4 , 2 , 2 , 181817 : { BUY 5405.46@0.80470892} 181816 : { BUY 5405.46@0.80470892} 181815 : { SELL 19503.24@0.8079342} 181814 : { SELL 19503.24@0.8079342} 
Sat Nov 29 11:07:48 EST 2014 , 4 , 2 , 2 , 181817 : { BUY 5405.46@0.80470892} 181816 : { BUY 5405.46@0.80470892} 181815 : { SELL 19503.24@0.8079342} 181814 : { SELL 19503.24@0.8079342} 
Sat Nov 29 11:10:49 EST 2014 , 4 , 2 , 2 , 181817 : { BUY 5405.46@0.80470892} 181816 : { BUY 5405.46@0.80470892} 181815 : { SELL 19503.24@0.8079342} 181814 : { SELL 19503.24@0.8079342} 
Sat Nov 29 11:13:51 EST 2014 , 4 , 2 , 2 , 181817 : { BUY 5405.46@0.80470892} 181816 : { BUY 5405.46@0.80470892} 181815 : { SELL 19503.24@0.8079342} 181814 : { SELL 19503.24@0.8079342} 
Sat Nov 29 11:16:51 EST 2014 , 4 , 2 , 2 , 181817 : { BUY 5405.46@0.80470892} 181816 : { BUY 5405.46@0.80470892} 181815 : { SELL 19503.24@0.8079342} 181814 : { SELL 19503.24@0.8079342} 
Sat Nov 29 11:19:52 EST 2014 , 4 , 2 , 2 , 181817 : { BUY 5405.46@0.80470892} 181816 : { BUY 5405.46@0.80470892} 181815 : { SELL 19503.24@0.8079342} 181814 : { SELL 19503.24@0.8079342} 
Sat Nov 29 11:22:53 EST 2014 , 4 , 2 , 2 , 181817 : { BUY 5405.46@0.80470892} 181816 : { BUY 5405.46@0.80470892} 181815 : { SELL 19503.24@0.8079342} 181814 : { SELL 19503.24@0.8079342} 
Sat Nov 29 11:25:54 EST 2014 , 4 , 2 , 2 , 181817 : { BUY 5405.46@0.80470892} 181816 : { BUY 5405.46@0.80470892} 181815 : { SELL 19503.24@0.8079342} 181814 : { SELL 19503.24@0.8079342} 
Sat Nov 29 11:28:55 EST 2014 , 4 , 2 , 2 , 181817 : { BUY 5405.46@0.80470892} 181816 : { BUY 5405.46@0.80470892} 181815 : { SELL 19503.24@0.8079342} 181814 : { SELL 19503.24@0.8079342} 
Sat Nov 29 11:31:56 EST 2014 , 4 , 2 , 2 , 181817 : { BUY 5405.46@0.80470892} 181816 : { BUY 5405.46@0.80470892} 181815 : { SELL 19503.24@0.8079342} 181814 : { SELL 19503.24@0.8079342} 
Sat Nov 29 11:34:57 EST 2014 , 4 , 2 , 2 , 181817 : { BUY 5405.46@0.80470892} 181816 : { BUY 5405.46@0.80470892} 181815 : { SELL 19503.24@0.8079342} 181814 : { SELL 19503.24@0.8079342} 
Sat Nov 29 11:37:58 EST 2014 , 4 , 2 , 2 , 181817 : { BUY 5405.46@0.80470892} 181816 : { BUY 5405.46@0.80470892} 181815 : { SELL 19503.24@0.8079342} 181814 : { SELL 19503.24@0.8079342} 
Sat Nov 29 11:40:59 EST 2014 , 4 , 2 , 2 , 181817 : { BUY 5405.46@0.80470892} 181816 : { BUY 5405.46@0.80470892} 181815 : { SELL 19503.24@0.8079342} 181814 : { SELL 19503.24@0.8079342} 
Sat Nov 29 11:44:00 EST 2014 , 4 , 2 , 2 , 181817 : { BUY 5405.46@0.80470892} 181816 : { BUY 5405.46@0.80470892} 181815 : { SELL 19503.24@0.8079342} 181814 : { SELL 19503.24@0.8079342} 
Sat Nov 29 11:47:01 EST 2014 , 4 , 2 , 2 , 181817 : { BUY 5405.46@0.80470892} 181816 : { BUY 5405.46@0.80470892} 181815 : { SELL 19503.24@0.8079342} 181814 : { SELL 19503.24@0.8079342} 
Sat Nov 29 11:50:02 EST 2014 , 4 , 2 , 2 , 181817 : { BUY 5405.46@0.80470892} 181816 : { BUY 5405.46@0.80470892} 181815 : { SELL 19503.24@0.8079342} 181814 : { SELL 19503.24@0.8079342} 
Sat Nov 29 11:53:03 EST 2014 , 4 , 2 , 2 , 181817 : { BUY 5405.46@0.80470892} 181816 : { BUY 5405.46@0.80470892} 181815 : { SELL 19503.24@0.8079342} 181814 : { SELL 19503.24@0.8079342} 
Sat Nov 29 11:56:04 EST 2014 , 4 , 2 , 2 , 181817 : { BUY 5405.46@0.80470892} 181816 : { BUY 5405.46@0.80470892} 181815 : { SELL 19503.24@0.8079342} 181814 : { SELL 19503.24@0.8079342} 
Sat Nov 29 11:59:05 EST 2014 , 4 , 2 , 2 , 181817 : { BUY 5405.46@0.80470892} 181816 : { BUY 5405.46@0.80470892} 181815 : { SELL 19503.24@0.8079342} 181814 : { SELL 19503.24@0.8079342} 
Sat Nov 29 12:02:06 EST 2014 , 4 , 2 , 2 , 181817 : { BUY 5405.46@0.80470892} 181816 : { BUY 5405.46@0.80470892} 181815 : { SELL 19503.24@0.8079342} 181814 : { SELL 19503.24@0.8079342} 
Sat Nov 29 12:05:07 EST 2014 , 4 , 2 , 2 , 181817 : { BUY 5405.46@0.80470892} 181816 : { BUY 5405.46@0.80470892} 181815 : { SELL 19503.24@0.8079342} 181814 : { SELL 19503.24@0.8079342} 
Sat Nov 29 12:08:08 EST 2014 , 4 , 2 , 2 , 181817 : { BUY 5405.46@0.80470892} 181816 : { BUY 5405.46@0.80470892} 181815 : { SELL 19503.24@0.8079342} 181814 : { SELL 19503.24@0.8079342} 
Sat Nov 29 12:11:09 EST 2014 , 4 , 2 , 2 , 181817 : { BUY 5405.46@0.80470892} 181816 : { BUY 5405.46@0.80470892} 181815 : { SELL 19503.24@0.8079342} 181814 : { SELL 19503.24@0.8079342} 
Sat Nov 29 12:14:10 EST 2014 , 4 , 2 , 2 , 181817 : { BUY 5405.46@0.80470892} 181816 : { BUY 5405.46@0.80470892} 181815 : { SELL 19503.24@0.8079342} 181814 : { SELL 19503.24@0.8079342} 
Sat Nov 29 12:17:11 EST 2014 , 4 , 2 , 2 , 181817 : { BUY 5405.46@0.80470892} 181816 : { BUY 5405.46@0.80470892} 181815 : { SELL 19503.24@0.8079342} 181814 : { SELL 19503.24@0.8079342} 
Sat Nov 29 12:20:12 EST 2014 , 4 , 2 , 2 , 181817 : { BUY 5405.46@0.80470892} 181816 : { BUY 5405.46@0.80470892} 181815 : { SELL 19503.24@0.8079342} 181814 : { SELL 19503.24@0.8079342} 
Sat Nov 29 12:23:13 EST 2014 , 4 , 2 , 2 , 181817 : { BUY 5405.46@0.80470892} 181816 : { BUY 5405.46@0.80470892} 181815 : { SELL 19503.24@0.8079342} 181814 : { SELL 19503.24@0.8079342} 
Sat Nov 29 12:26:14 EST 2014 , 4 , 2 , 2 , 181817 : { BUY 5405.46@0.80470892} 181816 : { BUY 5405.46@0.80470892} 181815 : { SELL 19503.24@0.8079342} 181814 : { SELL 19503.24@0.8079342} 
Sat Nov 29 12:29:15 EST 2014 , 4 , 2 , 2 , 181817 : { BUY 5405.46@0.80470892} 181816 : { BUY 5405.46@0.80470892} 181815 : { SELL 19503.24@0.8079342} 181814 : { SELL 19503.24@0.8079342} 
Sat Nov 29 12:32:16 EST 2014 , 4 , 2 , 2 , 181817 : { BUY 5405.46@0.80470892} 181816 : { BUY 5405.46@0.80470892} 181815 : { SELL 19503.24@0.8079342} 181814 : { SELL 19503.24@0.8079342} 
Sat Nov 29 12:35:17 EST 2014 , 4 , 2 , 2 , 181817 : { BUY 5405.46@0.80470892} 181816 : { BUY 5405.46@0.80470892} 181815 : { SELL 19503.24@0.8079342} 181814 : { SELL 19503.24@0.8079342} 
Sat Nov 29 12:38:18 EST 2014 , 4 , 2 , 2 , 181817 : { BUY 5405.46@0.80470892} 181816 : { BUY 5405.46@0.80470892} 181815 : { SELL 19503.24@0.8079342} 181814 : { SELL 19503.24@0.8079342} 
Sat Nov 29 12:41:19 EST 2014 , 4 , 2 , 2 , 181817 : { BUY 5405.46@0.80470892} 181816 : { BUY 5405.46@0.80470892} 181815 : { SELL 19503.24@0.8079342} 181814 : { SELL 19503.24@0.8079342} 
Sat Nov 29 12:44:20 EST 2014 , 4 , 2 , 2 , 181817 : { BUY 5405.46@0.80470892} 181816 : { BUY 5405.46@0.80470892} 181815 : { SELL 19503.24@0.8079342} 181814 : { SELL 19503.24@0.8079342} 
Sat Nov 29 12:47:21 EST 2014 , 4 , 2 , 2 , 181817 : { BUY 5405.46@0.80470892} 181816 : { BUY 5405.46@0.80470892} 181815 : { SELL 19503.24@0.8079342} 181814 : { SELL 19503.24@0.8079342} 
Sat Nov 29 12:50:22 EST 2014 , 4 , 2 , 2 , 181817 : { BUY 5405.46@0.80470892} 181816 : { BUY 5405.46@0.80470892} 181815 : { SELL 19503.24@0.8079342} 181814 : { SELL 19503.24@0.8079342} 
Sat Nov 29 12:53:23 EST 2014 , 4 , 2 , 2 , 181817 : { BUY 5405.46@0.80470892} 181816 : { BUY 5405.46@0.80470892} 181815 : { SELL 19503.24@0.8079342} 181814 : { SELL 19503.24@0.8079342} 
Sat Nov 29 12:56:24 EST 2014 , 4 , 2 , 2 , 181817 : { BUY 5405.46@0.80470892} 181816 : { BUY 5405.46@0.80470892} 181815 : { SELL 19503.24@0.8079342} 181814 : { SELL 19503.24@0.8079342} 
Sat Nov 29 12:59:25 EST 2014 , 4 , 2 , 2 , 181817 : { BUY 5405.46@0.80470892} 181816 : { BUY 5405.46@0.80470892} 181815 : { SELL 19503.24@0.8079342} 181814 : { SELL 19503.24@0.8079342} 
Sat Nov 29 13:02:26 EST 2014 , 4 , 2 , 2 , 181817 : { BUY 5405.46@0.80470892} 181816 : { BUY 5405.46@0.80470892} 181815 : { SELL 19503.24@0.8079342} 181814 : { SELL 19503.24@0.8079342} 
Sat Nov 29 13:05:27 EST 2014 , 4 , 2 , 2 , 181817 : { BUY 5405.46@0.80470892} 181816 : { BUY 5405.46@0.80470892} 181815 : { SELL 19503.24@0.8079342} 181814 : { SELL 19503.24@0.8079342} 
Sat Nov 29 13:08:28 EST 2014 , 4 , 2 , 2 , 181817 : { BUY 5405.46@0.80470892} 181816 : { BUY 5405.46@0.80470892} 181815 : { SELL 19503.24@0.8079342} 181814 : { SELL 19503.24@0.8079342} 
Sat Nov 29 13:11:29 EST 2014 , 4 , 2 , 2 , 181817 : { BUY 5405.46@0.80470892} 181816 : { BUY 5405.46@0.80470892} 181815 : { SELL 19503.24@0.8079342} 181814 : { SELL 19503.24@0.8079342} 
Sat Nov 29 13:14:30 EST 2014 , 4 , 2 , 2 , 181817 : { BUY 5405.46@0.80470892} 181816 : { BUY 5405.46@0.80470892} 181815 : { SELL 19503.24@0.8079342} 181814 : { SELL 19503.24@0.8079342} 
Sat Nov 29 13:17:31 EST 2014 , 4 , 2 , 2 , 181817 : { BUY 5405.46@0.80470892} 181816 : { BUY 5405.46@0.80470892} 181815 : { SELL 19503.24@0.8079342} 181814 : { SELL 19503.24@0.8079342} 
Sat Nov 29 13:20:32 EST 2014 , 4 , 2 , 2 , 181817 : { BUY 5405.46@0.80470892} 181816 : { BUY 5405.46@0.80470892} 181815 : { SELL 19503.24@0.8079342} 181814 : { SELL 19503.24@0.8079342} 
Sat Nov 29 13:23:33 EST 2014 , 4 , 2 , 2 , 181817 : { BUY 5405.46@0.80470892} 181816 : { BUY 5405.46@0.80470892} 181815 : { SELL 19503.24@0.8079342} 181814 : { SELL 19503.24@0.8079342} 
Sat Nov 29 13:26:34 EST 2014 , 4 , 2 , 2 , 181817 : { BUY 5405.46@0.80470892} 181816 : { BUY 5405.46@0.80470892} 181815 : { SELL 19503.24@0.8079342} 181814 : { SELL 19503.24@0.8079342} 
Sat Nov 29 13:29:35 EST 2014 , 4 , 2 , 2 , 181817 : { BUY 5405.46@0.80470892} 181816 : { BUY 5405.46@0.80470892} 181815 : { SELL 19503.24@0.8079342} 181814 : { SELL 19503.24@0.8079342} 
Sat Nov 29 13:32:36 EST 2014 , 4 , 2 , 2 , 181817 : { BUY 5405.46@0.80470892} 181816 : { BUY 5405.46@0.80470892} 181815 : { SELL 19503.24@0.8079342} 181814 : { SELL 19503.24@0.8079342} 
Sat Nov 29 13:35:37 EST 2014 , 4 , 2 , 2 , 181817 : { BUY 5405.46@0.80470892} 181816 : { BUY 5405.46@0.80470892} 181815 : { SELL 19503.24@0.8079342} 181814 : { SELL 19503.24@0.8079342} 
Sat Nov 29 13:38:38 EST 2014 , 4 , 2 , 2 , 181817 : { BUY 5405.46@0.80470892} 181816 : { BUY 5405.46@0.80470892} 181815 : { SELL 19503.24@0.8079342} 181814 : { SELL 19503.24@0.8079342} 
Sat Nov 29 13:41:40 EST 2014 , 4 , 2 , 2 , 181817 : { BUY 5405.46@0.80470892} 181816 : { BUY 5405.46@0.80470892} 181815 : { SELL 19503.24@0.8079342} 181814 : { SELL 19503.24@0.8079342} 
Sat Nov 29 13:44:40 EST 2014 , 4 , 2 , 2 , 181817 : { BUY 5405.46@0.80470892} 181816 : { BUY 5405.46@0.80470892} 181815 : { SELL 19503.24@0.8079342} 181814 : { SELL 19503.24@0.8079342} 
Sat Nov 29 13:47:41 EST 2014 , 4 , 2 , 2 , 181817 : { BUY 5405.46@0.80470892} 181816 : { BUY 5405.46@0.80470892} 181815 : { SELL 19503.24@0.8079342} 181814 : { SELL 19503.24@0.8079342} 
Sat Nov 29 13:50:42 EST 2014 , 4 , 2 , 2 , 181817 : { BUY 5405.46@0.80470892} 181816 : { BUY 5405.46@0.80470892} 181815 : { SELL 19503.24@0.8079342} 181814 : { SELL 19503.24@0.8079342} 
Sat Nov 29 13:53:43 EST 2014 , 4 , 2 , 2 , 181817 : { BUY 5405.46@0.80470892} 181816 : { BUY 5405.46@0.80470892} 181815 : { SELL 19503.24@0.8079342} 181814 : { SELL 19503.24@0.8079342} 
Sat Nov 29 13:56:44 EST 2014 , 4 , 2 , 2 , 181817 : { BUY 5405.46@0.80470892} 181816 : { BUY 5405.46@0.80470892} 181815 : { SELL 19503.24@0.8079342} 181814 : { SELL 19503.24@0.8079342} 
Sat Nov 29 13:59:45 EST 2014 , 4 , 2 , 2 , 181817 : { BUY 5405.46@0.80470892} 181816 : { BUY 5405.46@0.80470892} 181815 : { SELL 19503.24@0.8079342} 181814 : { SELL 19503.24@0.8079342} 
Sat Nov 29 14:02:46 EST 2014 , 4 , 2 , 2 , 181817 : { BUY 5405.46@0.80470892} 181816 : { BUY 5405.46@0.80470892} 181815 : { SELL 19503.24@0.8079342} 181814 : { SELL 19503.24@0.8079342} 
Sat Nov 29 14:05:47 EST 2014 , 4 , 2 , 2 , 181817 : { BUY 5405.46@0.80470892} 181816 : { BUY 5405.46@0.80470892} 181815 : { SELL 19503.24@0.8079342} 181814 : { SELL 19503.24@0.8079342} 
Sat Nov 29 14:08:48 EST 2014 , 4 , 2 , 2 , 181817 : { BUY 5405.46@0.80470892} 181816 : { BUY 5405.46@0.80470892} 181815 : { SELL 19503.24@0.8079342} 181814 : { SELL 19503.24@0.8079342} 
Sat Nov 29 14:11:49 EST 2014 , 4 , 2 , 2 , 181817 : { BUY 5405.46@0.80470892} 181816 : { BUY 5405.46@0.80470892} 181815 : { SELL 19503.24@0.8079342} 181814 : { SELL 19503.24@0.8079342} 
Sat Nov 29 14:14:50 EST 2014 , 4 , 2 , 2 , 181817 : { BUY 5405.46@0.80470892} 181816 : { BUY 5405.46@0.80470892} 181815 : { SELL 19503.24@0.8079342} 181814 : { SELL 19503.24@0.8079342} 
Sat Nov 29 14:17:51 EST 2014 , 4 , 2 , 2 , 181817 : { BUY 5405.46@0.80470892} 181816 : { BUY 5405.46@0.80470892} 181815 : { SELL 19503.24@0.8079342} 181814 : { SELL 19503.24@0.8079342} 
Sat Nov 29 14:20:52 EST 2014 , 4 , 2 , 2 , 181817 : { BUY 5405.46@0.80470892} 181816 : { BUY 5405.46@0.80470892} 181815 : { SELL 19503.24@0.8079342} 181814 : { SELL 19503.24@0.8079342} 
Sat Nov 29 14:23:53 EST 2014 , 4 , 2 , 2 , 181817 : { BUY 5405.46@0.80470892} 181816 : { BUY 5405.46@0.80470892} 181815 : { SELL 19503.24@0.8079342} 181814 : { SELL 19503.24@0.8079342} 
Sat Nov 29 14:26:54 EST 2014 , 4 , 2 , 2 , 181817 : { BUY 5405.46@0.80470892} 181816 : { BUY 5405.46@0.80470892} 181815 : { SELL 19503.24@0.8079342} 181814 : { SELL 19503.24@0.8079342} 
Sat Nov 29 14:29:55 EST 2014 , 4 , 2 , 2 , 181817 : { BUY 5405.46@0.80470892} 181816 : { BUY 5405.46@0.80470892} 181815 : { SELL 19503.24@0.8079342} 181814 : { SELL 19503.24@0.8079342} 
Sat Nov 29 14:32:56 EST 2014 , 4 , 2 , 2 , 181817 : { BUY 5405.46@0.80470892} 181816 : { BUY 5405.46@0.80470892} 181815 : { SELL 19503.24@0.8079342} 181814 : { SELL 19503.24@0.8079342} 
Sat Nov 29 14:35:57 EST 2014 , 4 , 2 , 2 , 181817 : { BUY 5405.46@0.80470892} 181816 : { BUY 5405.46@0.80470892} 181815 : { SELL 19503.24@0.8079342} 181814 : { SELL 19503.24@0.8079342} 
Sat Nov 29 14:38:58 EST 2014 , 4 , 2 , 2 , 181817 : { BUY 5405.46@0.80470892} 181816 : { BUY 5405.46@0.80470892} 181815 : { SELL 19503.24@0.8079342} 181814 : { SELL 19503.24@0.8079342} 
Sat Nov 29 14:41:59 EST 2014 , 4 , 2 , 2 , 181817 : { BUY 5405.46@0.80470892} 181816 : { BUY 5405.46@0.80470892} 181815 : { SELL 19503.24@0.8079342} 181814 : { SELL 19503.24@0.8079342} 
Sat Nov 29 14:45:00 EST 2014 , 4 , 2 , 2 , 181817 : { BUY 5405.46@0.80470892} 181816 : { BUY 5405.46@0.80470892} 181815 : { SELL 19503.24@0.8079342} 181814 : { SELL 19503.24@0.8079342} 
Sat Nov 29 14:48:01 EST 2014 , 4 , 2 , 2 , 181817 : { BUY 5405.46@0.80470892} 181816 : { BUY 5405.46@0.80470892} 181815 : { SELL 19503.24@0.8079342} 181814 : { SELL 19503.24@0.8079342} 
Sat Nov 29 14:51:02 EST 2014 , 4 , 2 , 2 , 181817 : { BUY 5405.46@0.80470892} 181816 : { BUY 5405.46@0.80470892} 181815 : { SELL 19503.24@0.8079342} 181814 : { SELL 19503.24@0.8079342} 
Sat Nov 29 14:54:03 EST 2014 , 4 , 2 , 2 , 181817 : { BUY 5405.46@0.80470892} 181816 : { BUY 5405.46@0.80470892} 181815 : { SELL 19503.24@0.8079342} 181814 : { SELL 19503.24@0.8079342} 
Sat Nov 29 14:57:04 EST 2014 , 4 , 2 , 2 , 181817 : { BUY 5405.46@0.80470892} 181816 : { BUY 5405.46@0.80470892} 181815 : { SELL 19503.24@0.8079342} 181814 : { SELL 19503.24@0.8079342} 
Sat Nov 29 15:00:05 EST 2014 , 4 , 2 , 2 , 181817 : { BUY 5405.46@0.80470892} 181816 : { BUY 5405.46@0.80470892} 181815 : { SELL 19503.24@0.8079342} 181814 : { SELL 19503.24@0.8079342} 
Sat Nov 29 15:03:06 EST 2014 , 4 , 2 , 2 , 181817 : { BUY 5405.46@0.80470892} 181816 : { BUY 5405.46@0.80470892} 181815 : { SELL 19503.24@0.8079342} 181814 : { SELL 19503.24@0.8079342} 
Sat Nov 29 15:06:07 EST 2014 , 4 , 2 , 2 , 181817 : { BUY 5405.46@0.80470892} 181816 : { BUY 5405.46@0.80470892} 181815 : { SELL 19503.24@0.8079342} 181814 : { SELL 19503.24@0.8079342} 
Sat Nov 29 15:09:08 EST 2014 , 4 , 2 , 2 , 181817 : { BUY 5405.46@0.80470892} 181816 : { BUY 5405.46@0.80470892} 181815 : { SELL 19503.24@0.8079342} 181814 : { SELL 19503.24@0.8079342} 
Sat Nov 29 15:12:09 EST 2014 , 4 , 2 , 2 , 181817 : { BUY 5405.46@0.80470892} 181816 : { BUY 5405.46@0.80470892} 181815 : { SELL 19503.24@0.8079342} 181814 : { SELL 19503.24@0.8079342} 
Sat Nov 29 15:15:10 EST 2014 , 4 , 2 , 2 , 181817 : { BUY 5405.46@0.80470892} 181816 : { BUY 5405.46@0.80470892} 181815 : { SELL 19503.24@0.8079342} 181814 : { SELL 19503.24@0.8079342} 
Sat Nov 29 15:18:11 EST 2014 , 4 , 2 , 2 , 181817 : { BUY 5405.46@0.80470892} 181816 : { BUY 5405.46@0.80470892} 181815 : { SELL 19503.24@0.8079342} 181814 : { SELL 19503.24@0.8079342} 
Sat Nov 29 15:21:12 EST 2014 , 4 , 2 , 2 , 181817 : { BUY 5405.46@0.80470892} 181816 : { BUY 5405.46@0.80470892} 181815 : { SELL 19503.24@0.8079342} 181814 : { SELL 19503.24@0.8079342} 
Sat Nov 29 15:24:13 EST 2014 , 4 , 2 , 2 , 181817 : { BUY 5405.46@0.80470892} 181816 : { BUY 5405.46@0.80470892} 181815 : { SELL 19503.24@0.8079342} 181814 : { SELL 19503.24@0.8079342} 
Sat Nov 29 15:27:14 EST 2014 , 4 , 2 , 2 , 181817 : { BUY 5405.46@0.80470892} 181816 : { BUY 5405.46@0.80470892} 181815 : { SELL 19503.24@0.8079342} 181814 : { SELL 19503.24@0.8079342} 
Sat Nov 29 15:30:15 EST 2014 , 4 , 2 , 2 , 181817 : { BUY 5405.46@0.80470892} 181816 : { BUY 5405.46@0.80470892} 181815 : { SELL 19503.24@0.8079342} 181814 : { SELL 19503.24@0.8079342} 
Sat Nov 29 15:33:16 EST 2014 , 4 , 2 , 2 , 181817 : { BUY 5405.46@0.80470892} 181816 : { BUY 5405.46@0.80470892} 181815 : { SELL 19503.24@0.8079342} 181814 : { SELL 19503.24@0.8079342} 
Sat Nov 29 15:36:17 EST 2014 , 4 , 2 , 2 , 181817 : { BUY 5405.46@0.80470892} 181816 : { BUY 5405.46@0.80470892} 181815 : { SELL 19503.24@0.8079342} 181814 : { SELL 19503.24@0.8079342} 
Sat Nov 29 15:39:18 EST 2014 , 4 , 2 , 2 , 181817 : { BUY 5405.46@0.80470892} 181816 : { BUY 5405.46@0.80470892} 181815 : { SELL 19503.24@0.8079342} 181814 : { SELL 19503.24@0.8079342} 
Sat Nov 29 15:42:19 EST 2014 , 4 , 2 , 2 , 181817 : { BUY 5405.46@0.80470892} 181816 : { BUY 5405.46@0.80470892} 181815 : { SELL 19503.24@0.8079342} 181814 : { SELL 19503.24@0.8079342} 
Sat Nov 29 15:45:21 EST 2014 , 4 , 2 , 2 , 181817 : { BUY 5405.46@0.80470892} 181816 : { BUY 5405.46@0.80470892} 181815 : { SELL 19503.24@0.8079342} 181814 : { SELL 19503.24@0.8079342} 
Sat Nov 29 15:48:21 EST 2014 , 4 , 2 , 2 , 181817 : { BUY 5405.46@0.80470892} 181816 : { BUY 5405.46@0.80470892} 181815 : { SELL 19503.24@0.8079342} 181814 : { SELL 19503.24@0.8079342} 
Sat Nov 29 15:51:22 EST 2014 , 4 , 2 , 2 , 181817 : { BUY 5405.46@0.80470892} 181816 : { BUY 5405.46@0.80470892} 181815 : { SELL 19503.24@0.8079342} 181814 : { SELL 19503.24@0.8079342} 
Sat Nov 29 15:54:23 EST 2014 , 4 , 2 , 2 , 181817 : { BUY 5405.46@0.80470892} 181816 : { BUY 5405.46@0.80470892} 181815 : { SELL 19503.24@0.8079342} 181814 : { SELL 19503.24@0.8079342} 
Sat Nov 29 15:57:24 EST 2014 , 4 , 2 , 2 , 181817 : { BUY 5405.46@0.80470892} 181816 : { BUY 5405.46@0.80470892} 181815 : { SELL 19503.24@0.8079342} 181814 : { SELL 19503.24@0.8079342} 
Sat Nov 29 16:00:25 EST 2014 , 4 , 2 , 2 , 181817 : { BUY 5405.46@0.80470892} 181816 : { BUY 5405.46@0.80470892} 181815 : { SELL 19503.24@0.8079342} 181814 : { SELL 19503.24@0.8079342} 
Sat Nov 29 16:03:26 EST 2014 , 4 , 2 , 2 , 181817 : { BUY 5405.46@0.80470892} 181816 : { BUY 5405.46@0.80470892} 181815 : { SELL 19503.24@0.8079342} 181814 : { SELL 19503.24@0.8079342} 
Sat Nov 29 16:06:27 EST 2014 , 4 , 2 , 2 , 181817 : { BUY 5405.46@0.80470892} 181816 : { BUY 5405.46@0.80470892} 181815 : { SELL 19503.24@0.8079342} 181814 : { SELL 19503.24@0.8079342} 
Sat Nov 29 16:09:28 EST 2014 , 4 , 2 , 2 , 181817 : { BUY 5405.46@0.80470892} 181816 : { BUY 5405.46@0.80470892} 181815 : { SELL 19503.24@0.8079342} 181814 : { SELL 19503.24@0.8079342} 
Sat Nov 29 16:12:29 EST 2014 , 4 , 2 , 2 , 181817 : { BUY 5405.46@0.80470892} 181816 : { BUY 5405.46@0.80470892} 181815 : { SELL 19503.24@0.8079342} 181814 : { SELL 19503.24@0.8079342} 
Sat Nov 29 16:15:30 EST 2014 , 4 , 2 , 2 , 181817 : { BUY 5405.46@0.80470892} 181816 : { BUY 5405.46@0.80470892} 181815 : { SELL 19503.24@0.8079342} 181814 : { SELL 19503.24@0.8079342} 
Sat Nov 29 16:18:31 EST 2014 , 4 , 2 , 2 , 181817 : { BUY 5405.46@0.80470892} 181816 : { BUY 5405.46@0.80470892} 181815 : { SELL 19503.24@0.8079342} 181814 : { SELL 19503.24@0.8079342} 
Sat Nov 29 16:21:32 EST 2014 , 4 , 2 , 2 , 181817 : { BUY 5405.46@0.80470892} 181816 : { BUY 5405.46@0.80470892} 181815 : { SELL 19503.24@0.8079342} 181814 : { SELL 19503.24@0.8079342} 
Sat Nov 29 16:24:33 EST 2014 , 4 , 2 , 2 , 181817 : { BUY 5405.46@0.80470892} 181816 : { BUY 5405.46@0.80470892} 181815 : { SELL 19503.24@0.8079342} 181814 : { SELL 19503.24@0.8079342} 
Sat Nov 29 16:27:34 EST 2014 , 4 , 2 , 2 , 181817 : { BUY 5405.46@0.80470892} 181816 : { BUY 5405.46@0.80470892} 181815 : { SELL 19503.24@0.8079342} 181814 : { SELL 19503.24@0.8079342} 
Sat Nov 29 16:30:35 EST 2014 , 4 , 2 , 2 , 181817 : { BUY 5405.46@0.80470892} 181816 : { BUY 5405.46@0.80470892} 181815 : { SELL 19503.24@0.8079342} 181814 : { SELL 19503.24@0.8079342} 
Sat Nov 29 16:33:36 EST 2014 , 4 , 2 , 2 , 181817 : { BUY 5405.46@0.80470892} 181816 : { BUY 5405.46@0.80470892} 181815 : { SELL 19503.24@0.8079342} 181814 : { SELL 19503.24@0.8079342} 
Sat Nov 29 16:36:37 EST 2014 , 4 , 2 , 2 , 181817 : { BUY 5405.46@0.80470892} 181816 : { BUY 5405.46@0.80470892} 181815 : { SELL 19503.24@0.8079342} 181814 : { SELL 19503.24@0.8079342} 
Sat Nov 29 16:39:38 EST 2014 , 4 , 2 , 2 , 181817 : { BUY 5405.46@0.80470892} 181816 : { BUY 5405.46@0.80470892} 181815 : { SELL 19503.24@0.8079342} 181814 : { SELL 19503.24@0.8079342} 
Sat Nov 29 16:42:39 EST 2014 , 4 , 2 , 2 , 181817 : { BUY 5405.46@0.80470892} 181816 : { BUY 5405.46@0.80470892} 181815 : { SELL 19503.24@0.8079342} 181814 : { SELL 19503.24@0.8079342} 
Sat Nov 29 16:45:40 EST 2014 , 4 , 2 , 2 , 181817 : { BUY 5405.46@0.80470892} 181816 : { BUY 5405.46@0.80470892} 181815 : { SELL 19503.24@0.8079342} 181814 : { SELL 19503.24@0.8079342} 
Sat Nov 29 16:48:41 EST 2014 , 4 , 2 , 2 , 181817 : { BUY 5405.46@0.80470892} 181816 : { BUY 5405.46@0.80470892} 181815 : { SELL 19503.24@0.8079342} 181814 : { SELL 19503.24@0.8079342} 
Sat Nov 29 16:51:42 EST 2014 , 4 , 2 , 2 , 181817 : { BUY 5405.46@0.80470892} 181816 : { BUY 5405.46@0.80470892} 181815 : { SELL 19503.24@0.8079342} 181814 : { SELL 19503.24@0.8079342} 
Sat Nov 29 16:54:43 EST 2014 , 4 , 2 , 2 , 181817 : { BUY 5405.46@0.80470892} 181816 : { BUY 5405.46@0.80470892} 181815 : { SELL 19503.24@0.8079342} 181814 : { SELL 19503.24@0.8079342} 
Sat Nov 29 16:57:44 EST 2014 , 4 , 2 , 2 , 181817 : { BUY 5405.46@0.80470892} 181816 : { BUY 5405.46@0.80470892} 181815 : { SELL 19503.24@0.8079342} 181814 : { SELL 19503.24@0.8079342} 
Sat Nov 29 17:00:45 EST 2014 , 4 , 2 , 2 , 181817 : { BUY 5405.46@0.80470892} 181816 : { BUY 5405.46@0.80470892} 181815 : { SELL 19503.24@0.8079342} 181814 : { SELL 19503.24@0.8079342} 
Sat Nov 29 17:03:46 EST 2014 , 4 , 2 , 2 , 181817 : { BUY 5405.46@0.80470892} 181816 : { BUY 5405.46@0.80470892} 181815 : { SELL 19503.24@0.8079342} 181814 : { SELL 19503.24@0.8079342} 
Sat Nov 29 17:06:47 EST 2014 , 4 , 2 , 2 , 181817 : { BUY 5405.46@0.80470892} 181816 : { BUY 5405.46@0.80470892} 181815 : { SELL 19503.24@0.8079342} 181814 : { SELL 19503.24@0.8079342} 
Sat Nov 29 17:09:48 EST 2014 , 4 , 2 , 2 , 181817 : { BUY 5405.46@0.80470892} 181816 : { BUY 5405.46@0.80470892} 181815 : { SELL 19503.24@0.8079342} 181814 : { SELL 19503.24@0.8079342} 
Sat Nov 29 17:12:49 EST 2014 , 4 , 2 , 2 , 181817 : { BUY 5405.46@0.80470892} 181816 : { BUY 5405.46@0.80470892} 181815 : { SELL 19503.24@0.8079342} 181814 : { SELL 19503.24@0.8079342} 
Sat Nov 29 17:15:50 EST 2014 , 4 , 2 , 2 , 181817 : { BUY 5405.46@0.80470892} 181816 : { BUY 5405.46@0.80470892} 181815 : { SELL 19503.24@0.8079342} 181814 : { SELL 19503.24@0.8079342} 
Sat Nov 29 17:18:51 EST 2014 , 4 , 2 , 2 , 181817 : { BUY 5405.46@0.80470892} 181816 : { BUY 5405.46@0.80470892} 181815 : { SELL 19503.24@0.8079342} 181814 : { SELL 19503.24@0.8079342} 
Sat Nov 29 17:21:52 EST 2014 , 4 , 2 , 2 , 181817 : { BUY 5405.46@0.80470892} 181816 : { BUY 5405.46@0.80470892} 181815 : { SELL 19503.24@0.8079342} 181814 : { SELL 19503.24@0.8079342} 
Sat Nov 29 17:24:53 EST 2014 , 4 , 2 , 2 , 181817 : { BUY 5405.46@0.80470892} 181816 : { BUY 5405.46@0.80470892} 181815 : { SELL 19503.24@0.8079342} 181814 : { SELL 19503.24@0.8079342} 
Sat Nov 29 17:27:54 EST 2014 , 4 , 2 , 2 , 181817 : { BUY 5405.46@0.80470892} 181816 : { BUY 5405.46@0.80470892} 181815 : { SELL 19503.24@0.8079342} 181814 : { SELL 19503.24@0.8079342} 
Sat Nov 29 17:30:55 EST 2014 , 4 , 2 , 2 , 181817 : { BUY 5405.46@0.80470892} 181816 : { BUY 5405.46@0.80470892} 181815 : { SELL 19503.24@0.8079342} 181814 : { SELL 19503.24@0.8079342} 
Sat Nov 29 17:33:56 EST 2014 , 4 , 2 , 2 , 181817 : { BUY 5405.46@0.80470892} 181816 : { BUY 5405.46@0.80470892} 181815 : { SELL 19503.24@0.8079342} 181814 : { SELL 19503.24@0.8079342} 
Sat Nov 29 17:36:57 EST 2014 , 4 , 2 , 2 , 181817 : { BUY 5405.46@0.80470892} 181816 : { BUY 5405.46@0.80470892} 181815 : { SELL 19503.24@0.8079342} 181814 : { SELL 19503.24@0.8079342} 
Sat Nov 29 17:39:58 EST 2014 , 4 , 2 , 2 , 181817 : { BUY 5405.46@0.80470892} 181816 : { BUY 5405.46@0.80470892} 181815 : { SELL 19503.24@0.8079342} 181814 : { SELL 19503.24@0.8079342} 
Sat Nov 29 17:42:59 EST 2014 , 4 , 2 , 2 , 181817 : { BUY 5405.46@0.80470892} 181816 : { BUY 5405.46@0.80470892} 181815 : { SELL 19503.24@0.8079342} 181814 : { SELL 19503.24@0.8079342} 
Sat Nov 29 17:46:00 EST 2014 , 4 , 2 , 2 , 181817 : { BUY 5405.46@0.80470892} 181816 : { BUY 5405.46@0.80470892} 181815 : { SELL 19503.24@0.8079342} 181814 : { SELL 19503.24@0.8079342} 
Sat Nov 29 17:49:01 EST 2014 , 4 , 2 , 2 , 181817 : { BUY 5405.46@0.80470892} 181816 : { BUY 5405.46@0.80470892} 181815 : { SELL 19503.24@0.8079342} 181814 : { SELL 19503.24@0.8079342} 
Sat Nov 29 17:52:02 EST 2014 , 4 , 2 , 2 , 181817 : { BUY 5405.46@0.80470892} 181816 : { BUY 5405.46@0.80470892} 181815 : { SELL 19503.24@0.8079342} 181814 : { SELL 19503.24@0.8079342} 
Sat Nov 29 17:55:03 EST 2014 , 4 , 2 , 2 , 181817 : { BUY 5405.46@0.80470892} 181816 : { BUY 5405.46@0.80470892} 181815 : { SELL 19503.24@0.8079342} 181814 : { SELL 19503.24@0.8079342} 
Sat Nov 29 17:58:04 EST 2014 , 4 , 2 , 2 , 181817 : { BUY 5405.46@0.80470892} 181816 : { BUY 5405.46@0.80470892} 181815 : { SELL 19503.24@0.8079342} 181814 : { SELL 19503.24@0.8079342} 
Sat Nov 29 18:01:05 EST 2014 , 4 , 2 , 2 , 181817 : { BUY 5405.46@0.80470892} 181816 : { BUY 5405.46@0.80470892} 181815 : { SELL 19503.24@0.8079342} 181814 : { SELL 19503.24@0.8079342} 
Sat Nov 29 18:04:06 EST 2014 , 4 , 2 , 2 , 181817 : { BUY 5405.46@0.80470892} 181816 : { BUY 5405.46@0.80470892} 181815 : { SELL 19503.24@0.8079342} 181814 : { SELL 19503.24@0.8079342} 
Sat Nov 29 18:07:07 EST 2014 , 4 , 2 , 2 , 181817 : { BUY 5405.46@0.80470892} 181816 : { BUY 5405.46@0.80470892} 181815 : { SELL 19503.24@0.8079342} 181814 : { SELL 19503.24@0.8079342} 
Sat Nov 29 18:10:08 EST 2014 , 4 , 2 , 2 , 181817 : { BUY 5405.46@0.80470892} 181816 : { BUY 5405.46@0.80470892} 181815 : { SELL 19503.24@0.8079342} 181814 : { SELL 19503.24@0.8079342} 
Sat Nov 29 18:13:09 EST 2014 , 4 , 2 , 2 , 181817 : { BUY 5405.46@0.80470892} 181816 : { BUY 5405.46@0.80470892} 181815 : { SELL 19503.24@0.8079342} 181814 : { SELL 19503.24@0.8079342} 
Sat Nov 29 18:16:10 EST 2014 , 4 , 2 , 2 , 181817 : { BUY 5405.46@0.80470892} 181816 : { BUY 5405.46@0.80470892} 181815 : { SELL 19503.24@0.8079342} 181814 : { SELL 19503.24@0.8079342} 
Sat Nov 29 18:19:11 EST 2014 , 4 , 2 , 2 , 181817 : { BUY 5405.46@0.80470892} 181816 : { BUY 5405.46@0.80470892} 181815 : { SELL 19503.24@0.8079342} 181814 : { SELL 19503.24@0.8079342} 
Sat Nov 29 18:22:12 EST 2014 , 4 , 2 , 2 , 181817 : { BUY 5405.46@0.80470892} 181816 : { BUY 5405.46@0.80470892} 181815 : { SELL 19503.24@0.8079342} 181814 : { SELL 19503.24@0.8079342} 
Sat Nov 29 18:25:13 EST 2014 , 4 , 2 , 2 , 181817 : { BUY 5405.46@0.80470892} 181816 : { BUY 5405.46@0.80470892} 181815 : { SELL 19503.24@0.8079342} 181814 : { SELL 19503.24@0.8079342} 
Sat Nov 29 18:28:14 EST 2014 , 4 , 2 , 2 , 181817 : { BUY 5405.46@0.80470892} 181816 : { BUY 5405.46@0.80470892} 181815 : { SELL 19503.24@0.8079342} 181814 : { SELL 19503.24@0.8079342} 
Sat Nov 29 18:31:15 EST 2014 , 4 , 2 , 2 , 181817 : { BUY 5405.46@0.80470892} 181816 : { BUY 5405.46@0.80470892} 181815 : { SELL 19503.24@0.8079342} 181814 : { SELL 19503.24@0.8079342} 
Sat Nov 29 18:34:16 EST 2014 , 4 , 2 , 2 , 181817 : { BUY 5405.46@0.80470892} 181816 : { BUY 5405.46@0.80470892} 181815 : { SELL 19503.24@0.8079342} 181814 : { SELL 19503.24@0.8079342} 
Sat Nov 29 18:37:17 EST 2014 , 4 , 2 , 2 , 181817 : { BUY 5405.46@0.80470892} 181816 : { BUY 5405.46@0.80470892} 181815 : { SELL 19503.24@0.8079342} 181814 : { SELL 19503.24@0.8079342} 
Sat Nov 29 18:40:18 EST 2014 , 4 , 2 , 2 , 181817 : { BUY 5405.46@0.80470892} 181816 : { BUY 5405.46@0.80470892} 181815 : { SELL 19503.24@0.8079342} 181814 : { SELL 19503.24@0.8079342} 
Sat Nov 29 18:43:20 EST 2014 , 4 , 2 , 2 , 181817 : { BUY 5405.46@0.80470892} 181816 : { BUY 5405.46@0.80470892} 181815 : { SELL 19503.24@0.8079342} 181814 : { SELL 19503.24@0.8079342} 
Sat Nov 29 18:46:20 EST 2014 , 4 , 2 , 2 , 181817 : { BUY 5405.46@0.80470892} 181816 : { BUY 5405.46@0.80470892} 181815 : { SELL 19503.24@0.8079342} 181814 : { SELL 19503.24@0.8079342} 
Sat Nov 29 18:49:21 EST 2014 , 4 , 2 , 2 , 181817 : { BUY 5405.46@0.80470892} 181816 : { BUY 5405.46@0.80470892} 181815 : { SELL 19503.24@0.8079342} 181814 : { SELL 19503.24@0.8079342} 
Sat Nov 29 18:52:22 EST 2014 , 4 , 2 , 2 , 181817 : { BUY 5405.46@0.80470892} 181816 : { BUY 5405.46@0.80470892} 181815 : { SELL 19503.24@0.8079342} 181814 : { SELL 19503.24@0.8079342} 
Sat Nov 29 18:55:23 EST 2014 , 4 , 2 , 2 , 181817 : { BUY 5405.46@0.80470892} 181816 : { BUY 5405.46@0.80470892} 181815 : { SELL 19503.24@0.8079342} 181814 : { SELL 19503.24@0.8079342} 
Sat Nov 29 18:58:24 EST 2014 , 4 , 2 , 2 , 181817 : { BUY 5405.46@0.80470892} 181816 : { BUY 5405.46@0.80470892} 181815 : { SELL 19503.24@0.8079342} 181814 : { SELL 19503.24@0.8079342} 
Sat Nov 29 19:01:25 EST 2014 , 4 , 2 , 2 , 181817 : { BUY 5405.46@0.80470892} 181816 : { BUY 5405.46@0.80470892} 181815 : { SELL 19503.24@0.8079342} 181814 : { SELL 19503.24@0.8079342} 
Sat Nov 29 19:04:26 EST 2014 , 4 , 2 , 2 , 181817 : { BUY 5405.46@0.80470892} 181816 : { BUY 5405.46@0.80470892} 181815 : { SELL 19503.24@0.8079342} 181814 : { SELL 19503.24@0.8079342} 
Sat Nov 29 19:07:27 EST 2014 , 4 , 2 , 2 , 181817 : { BUY 5405.46@0.80470892} 181816 : { BUY 5405.46@0.80470892} 181815 : { SELL 19503.24@0.8079342} 181814 : { SELL 19503.24@0.8079342} 
Sat Nov 29 19:10:28 EST 2014 , 4 , 2 , 2 , 181817 : { BUY 5405.46@0.80470892} 181816 : { BUY 5405.46@0.80470892} 181815 : { SELL 19503.24@0.8079342} 181814 : { SELL 19503.24@0.8079342} 
Sat Nov 29 19:13:29 EST 2014 , 4 , 2 , 2 , 181817 : { BUY 5405.46@0.80470892} 181816 : { BUY 5405.46@0.80470892} 181815 : { SELL 19503.24@0.8079342} 181814 : { SELL 19503.24@0.8079342} 
Sat Nov 29 19:16:30 EST 2014 , 4 , 2 , 2 , 181817 : { BUY 5405.46@0.80470892} 181816 : { BUY 5405.46@0.80470892} 181815 : { SELL 19503.24@0.8079342} 181814 : { SELL 19503.24@0.8079342} 
Sat Nov 29 19:19:31 EST 2014 , 4 , 2 , 2 , 181817 : { BUY 5405.46@0.80470892} 181816 : { BUY 5405.46@0.80470892} 181815 : { SELL 19503.24@0.8079342} 181814 : { SELL 19503.24@0.8079342} 
Sat Nov 29 19:22:32 EST 2014 , 4 , 2 , 2 , 181817 : { BUY 5405.46@0.80470892} 181816 : { BUY 5405.46@0.80470892} 181815 : { SELL 19503.24@0.8079342} 181814 : { SELL 19503.24@0.8079342} 
Sat Nov 29 19:25:33 EST 2014 , 4 , 2 , 2 , 181817 : { BUY 5405.46@0.80470892} 181816 : { BUY 5405.46@0.80470892} 181815 : { SELL 19503.24@0.8079342} 181814 : { SELL 19503.24@0.8079342} 
Sat Nov 29 19:28:34 EST 2014 , 4 , 2 , 2 , 181817 : { BUY 5405.46@0.80470892} 181816 : { BUY 5405.46@0.80470892} 181815 : { SELL 19503.24@0.8079342} 181814 : { SELL 19503.24@0.8079342} 
Sat Nov 29 19:31:35 EST 2014 , 4 , 2 , 2 , 181817 : { BUY 5405.46@0.80470892} 181816 : { BUY 5405.46@0.80470892} 181815 : { SELL 19503.24@0.8079342} 181814 : { SELL 19503.24@0.8079342} 
Sat Nov 29 19:34:36 EST 2014 , 4 , 2 , 2 , 181817 : { BUY 5405.46@0.80470892} 181816 : { BUY 5405.46@0.80470892} 181815 : { SELL 19503.24@0.8079342} 181814 : { SELL 19503.24@0.8079342} 
Sat Nov 29 19:37:38 EST 2014 , 4 , 2 , 2 , 181817 : { BUY 5405.46@0.80470892} 181816 : { BUY 5405.46@0.80470892} 181815 : { SELL 19503.24@0.8079342} 181814 : { SELL 19503.24@0.8079342} 
Sat Nov 29 19:40:38 EST 2014 , 4 , 2 , 2 , 181817 : { BUY 5405.46@0.80470892} 181816 : { BUY 5405.46@0.80470892} 181815 : { SELL 19503.24@0.8079342} 181814 : { SELL 19503.24@0.8079342} 
Sat Nov 29 19:43:39 EST 2014 , 4 , 2 , 2 , 181817 : { BUY 5405.46@0.80470892} 181816 : { BUY 5405.46@0.80470892} 181815 : { SELL 19503.24@0.8079342} 181814 : { SELL 19503.24@0.8079342} 
Sat Nov 29 19:46:40 EST 2014 , 4 , 2 , 2 , 181817 : { BUY 5405.46@0.80470892} 181816 : { BUY 5405.46@0.80470892} 181815 : { SELL 19503.24@0.8079342} 181814 : { SELL 19503.24@0.8079342} 
Sat Nov 29 19:49:41 EST 2014 , 4 , 2 , 2 , 181817 : { BUY 5405.46@0.80470892} 181816 : { BUY 5405.46@0.80470892} 181815 : { SELL 19503.24@0.8079342} 181814 : { SELL 19503.24@0.8079342} 
Sat Nov 29 19:52:42 EST 2014 , 4 , 2 , 2 , 181817 : { BUY 5405.46@0.80470892} 181816 : { BUY 5405.46@0.80470892} 181815 : { SELL 19503.24@0.8079342} 181814 : { SELL 19503.24@0.8079342} 
Sat Nov 29 19:55:43 EST 2014 , 4 , 2 , 2 , 181817 : { BUY 5405.46@0.80470892} 181816 : { BUY 5405.46@0.80470892} 181815 : { SELL 19503.24@0.8079342} 181814 : { SELL 19503.24@0.8079342} 
Sat Nov 29 19:58:44 EST 2014 , 4 , 2 , 2 , 181817 : { BUY 5405.46@0.80470892} 181816 : { BUY 5405.46@0.80470892} 181815 : { SELL 19503.24@0.8079342} 181814 : { SELL 19503.24@0.8079342} 
Sat Nov 29 20:01:45 EST 2014 , 4 , 2 , 2 , 181817 : { BUY 5405.46@0.80470892} 181816 : { BUY 5405.46@0.80470892} 181815 : { SELL 19503.24@0.8079342} 181814 : { SELL 19503.24@0.8079342} 
Sat Nov 29 20:04:46 EST 2014 , 4 , 2 , 2 , 181817 : { BUY 5405.46@0.80470892} 181816 : { BUY 5405.46@0.80470892} 181815 : { SELL 19503.24@0.8079342} 181814 : { SELL 19503.24@0.8079342} 
Sat Nov 29 20:07:47 EST 2014 , 4 , 2 , 2 , 181817 : { BUY 5405.46@0.80470892} 181816 : { BUY 5405.46@0.80470892} 181815 : { SELL 19503.24@0.8079342} 181814 : { SELL 19503.24@0.8079342} 
Sat Nov 29 20:10:48 EST 2014 , 4 , 2 , 2 , 181817 : { BUY 5405.46@0.80470892} 181816 : { BUY 5405.46@0.80470892} 181815 : { SELL 19503.24@0.8079342} 181814 : { SELL 19503.24@0.8079342} 
Sat Nov 29 20:13:49 EST 2014 , 4 , 2 , 2 , 181817 : { BUY 5405.46@0.80470892} 181816 : { BUY 5405.46@0.80470892} 181815 : { SELL 19503.24@0.8079342} 181814 : { SELL 19503.24@0.8079342} 
Sat Nov 29 20:16:50 EST 2014 , 4 , 2 , 2 , 181817 : { BUY 5405.46@0.80470892} 181816 : { BUY 5405.46@0.80470892} 181815 : { SELL 19503.24@0.8079342} 181814 : { SELL 19503.24@0.8079342} 
Sat Nov 29 20:19:51 EST 2014 , 4 , 2 , 2 , 181817 : { BUY 5405.46@0.80470892} 181816 : { BUY 5405.46@0.80470892} 181815 : { SELL 19503.24@0.8079342} 181814 : { SELL 19503.24@0.8079342} 
Sat Nov 29 20:22:52 EST 2014 , 4 , 2 , 2 , 181817 : { BUY 5405.46@0.80470892} 181816 : { BUY 5405.46@0.80470892} 181815 : { SELL 19503.24@0.8079342} 181814 : { SELL 19503.24@0.8079342} 
Sat Nov 29 20:25:53 EST 2014 , 4 , 2 , 2 , 181817 : { BUY 5405.46@0.80470892} 181816 : { BUY 5405.46@0.80470892} 181815 : { SELL 19503.24@0.8079342} 181814 : { SELL 19503.24@0.8079342} 
Sat Nov 29 20:28:54 EST 2014 , 4 , 2 , 2 , 181817 : { BUY 5405.46@0.80470892} 181816 : { BUY 5405.46@0.80470892} 181815 : { SELL 19503.24@0.8079342} 181814 : { SELL 19503.24@0.8079342} 
Sat Nov 29 20:31:55 EST 2014 , 4 , 2 , 2 , 181817 : { BUY 5405.46@0.80470892} 181816 : { BUY 5405.46@0.80470892} 181815 : { SELL 19503.24@0.8079342} 181814 : { SELL 19503.24@0.8079342} 
Sat Nov 29 20:34:56 EST 2014 , 4 , 2 , 2 , 181817 : { BUY 5405.46@0.80470892} 181816 : { BUY 5405.46@0.80470892} 181815 : { SELL 19503.24@0.8079342} 181814 : { SELL 19503.24@0.8079342} 
Sat Nov 29 20:37:57 EST 2014 , 4 , 2 , 2 , 181817 : { BUY 5405.46@0.80470892} 181816 : { BUY 5405.46@0.80470892} 181815 : { SELL 19503.24@0.8079342} 181814 : { SELL 19503.24@0.8079342} 
Sat Nov 29 20:40:58 EST 2014 , 4 , 2 , 2 , 181817 : { BUY 5405.46@0.80470892} 181816 : { BUY 5405.46@0.80470892} 181815 : { SELL 19503.24@0.8079342} 181814 : { SELL 19503.24@0.8079342} 
Sat Nov 29 20:43:59 EST 2014 , 4 , 2 , 2 , 181817 : { BUY 5405.46@0.80470892} 181816 : { BUY 5405.46@0.80470892} 181815 : { SELL 19503.24@0.8079342} 181814 : { SELL 19503.24@0.8079342} 
Sat Nov 29 20:47:00 EST 2014 , 4 , 2 , 2 , 181817 : { BUY 5405.46@0.80470892} 181816 : { BUY 5405.46@0.80470892} 181815 : { SELL 19503.24@0.8079342} 181814 : { SELL 19503.24@0.8079342} 
Sat Nov 29 20:50:01 EST 2014 , 4 , 2 , 2 , 181817 : { BUY 5405.46@0.80470892} 181816 : { BUY 5405.46@0.80470892} 181815 : { SELL 19503.24@0.8079342} 181814 : { SELL 19503.24@0.8079342} 
Sat Nov 29 20:53:02 EST 2014 , 4 , 2 , 2 , 181817 : { BUY 5405.46@0.80470892} 181816 : { BUY 5405.46@0.80470892} 181815 : { SELL 19503.24@0.8079342} 181814 : { SELL 19503.24@0.8079342} 
Sat Nov 29 20:56:03 EST 2014 , 4 , 2 , 2 , 181817 : { BUY 5405.46@0.80470892} 181816 : { BUY 5405.46@0.80470892} 181815 : { SELL 19503.24@0.8079342} 181814 : { SELL 19503.24@0.8079342} 
Sat Nov 29 20:59:04 EST 2014 , 4 , 2 , 2 , 181817 : { BUY 5405.46@0.80470892} 181816 : { BUY 5405.46@0.80470892} 181815 : { SELL 19503.24@0.8079342} 181814 : { SELL 19503.24@0.8079342} 
Sat Nov 29 21:02:05 EST 2014 , 4 , 2 , 2 , 181817 : { BUY 5405.46@0.80470892} 181816 : { BUY 5405.46@0.80470892} 181815 : { SELL 19503.24@0.8079342} 181814 : { SELL 19503.24@0.8079342} 
Sat Nov 29 21:05:06 EST 2014 , 4 , 2 , 2 , 181817 : { BUY 5405.46@0.80470892} 181816 : { BUY 5405.46@0.80470892} 181815 : { SELL 19503.24@0.8079342} 181814 : { SELL 19503.24@0.8079342} 
Sat Nov 29 21:08:07 EST 2014 , 4 , 2 , 2 , 181817 : { BUY 5405.46@0.80470892} 181816 : { BUY 5405.46@0.80470892} 181815 : { SELL 19503.24@0.8079342} 181814 : { SELL 19503.24@0.8079342} 
Sat Nov 29 21:11:08 EST 2014 , 4 , 2 , 2 , 181817 : { BUY 5405.46@0.80470892} 181816 : { BUY 5405.46@0.80470892} 181815 : { SELL 19503.24@0.8079342} 181814 : { SELL 19503.24@0.8079342} 
Sat Nov 29 21:14:09 EST 2014 , 4 , 2 , 2 , 181817 : { BUY 5405.46@0.80470892} 181816 : { BUY 5405.46@0.80470892} 181815 : { SELL 19503.24@0.8079342} 181814 : { SELL 19503.24@0.8079342} 
Sat Nov 29 21:17:10 EST 2014 , 4 , 2 , 2 , 181817 : { BUY 5405.46@0.80470892} 181816 : { BUY 5405.46@0.80470892} 181815 : { SELL 19503.24@0.8079342} 181814 : { SELL 19503.24@0.8079342} 
Sat Nov 29 21:20:11 EST 2014 , 4 , 2 , 2 , 181817 : { BUY 5405.46@0.80470892} 181816 : { BUY 5405.46@0.80470892} 181815 : { SELL 19503.24@0.8079342} 181814 : { SELL 19503.24@0.8079342} 
Sat Nov 29 21:23:12 EST 2014 , 4 , 2 , 2 , 181817 : { BUY 5405.46@0.80470892} 181816 : { BUY 5405.46@0.80470892} 181815 : { SELL 19503.24@0.8079342} 181814 : { SELL 19503.24@0.8079342} 
Sat Nov 29 21:26:13 EST 2014 , 4 , 2 , 2 , 181817 : { BUY 5405.46@0.80470892} 181816 : { BUY 5405.46@0.80470892} 181815 : { SELL 19503.24@0.8079342} 181814 : { SELL 19503.24@0.8079342} 
Sat Nov 29 21:29:14 EST 2014 , 4 , 2 , 2 , 181817 : { BUY 5405.46@0.80470892} 181816 : { BUY 5405.46@0.80470892} 181815 : { SELL 19503.24@0.8079342} 181814 : { SELL 19503.24@0.8079342} 
Sat Nov 29 21:32:15 EST 2014 , 4 , 2 , 2 , 181817 : { BUY 5405.46@0.80470892} 181816 : { BUY 5405.46@0.80470892} 181815 : { SELL 19503.24@0.8079342} 181814 : { SELL 19503.24@0.8079342} 
Sat Nov 29 21:35:16 EST 2014 , 4 , 2 , 2 , 181817 : { BUY 5405.46@0.80470892} 181816 : { BUY 5405.46@0.80470892} 181815 : { SELL 19503.24@0.8079342} 181814 : { SELL 19503.24@0.8079342} 
Sat Nov 29 21:38:17 EST 2014 , 4 , 2 , 2 , 181817 : { BUY 5405.46@0.80470892} 181816 : { BUY 5405.46@0.80470892} 181815 : { SELL 19503.24@0.8079342} 181814 : { SELL 19503.24@0.8079342} 
Sat Nov 29 21:41:18 EST 2014 , 4 , 2 , 2 , 181817 : { BUY 5405.46@0.80470892} 181816 : { BUY 5405.46@0.80470892} 181815 : { SELL 19503.24@0.8079342} 181814 : { SELL 19503.24@0.8079342} 
Sat Nov 29 21:44:19 EST 2014 , 4 , 2 , 2 , 181817 : { BUY 5405.46@0.80470892} 181816 : { BUY 5405.46@0.80470892} 181815 : { SELL 19503.24@0.8079342} 181814 : { SELL 19503.24@0.8079342} 
Sat Nov 29 21:47:20 EST 2014 , 4 , 2 , 2 , 181817 : { BUY 5405.46@0.80470892} 181816 : { BUY 5405.46@0.80470892} 181815 : { SELL 19503.24@0.8079342} 181814 : { SELL 19503.24@0.8079342} 
Sat Nov 29 21:50:21 EST 2014 , 4 , 2 , 2 , 181817 : { BUY 5405.46@0.80470892} 181816 : { BUY 5405.46@0.80470892} 181815 : { SELL 19503.24@0.8079342} 181814 : { SELL 19503.24@0.8079342} 
Sat Nov 29 21:53:22 EST 2014 , 4 , 2 , 2 , 181817 : { BUY 5405.46@0.80470892} 181816 : { BUY 5405.46@0.80470892} 181815 : { SELL 19503.24@0.8079342} 181814 : { SELL 19503.24@0.8079342} 
Sat Nov 29 21:56:23 EST 2014 , 4 , 2 , 2 , 181817 : { BUY 5405.46@0.80470892} 181816 : { BUY 5405.46@0.80470892} 181815 : { SELL 19503.24@0.8079342} 181814 : { SELL 19503.24@0.8079342} 
Sat Nov 29 21:59:24 EST 2014 , 4 , 2 , 2 , 181817 : { BUY 5405.46@0.80470892} 181816 : { BUY 5405.46@0.80470892} 181815 : { SELL 19503.24@0.8079342} 181814 : { SELL 19503.24@0.8079342} 
Sat Nov 29 22:02:25 EST 2014 , 4 , 2 , 2 , 181817 : { BUY 5405.46@0.80470892} 181816 : { BUY 5405.46@0.80470892} 181815 : { SELL 19503.24@0.8079342} 181814 : { SELL 19503.24@0.8079342} 
Sat Nov 29 22:05:26 EST 2014 , 4 , 2 , 2 , 181817 : { BUY 5405.46@0.80470892} 181816 : { BUY 5405.46@0.80470892} 181815 : { SELL 19503.24@0.8079342} 181814 : { SELL 19503.24@0.8079342} 
Sat Nov 29 22:08:27 EST 2014 , 4 , 2 , 2 , 181817 : { BUY 5405.46@0.80470892} 181816 : { BUY 5405.46@0.80470892} 181815 : { SELL 19503.24@0.8079342} 181814 : { SELL 19503.24@0.8079342} 
Sat Nov 29 22:11:28 EST 2014 , 4 , 2 , 2 , 181817 : { BUY 5405.46@0.80470892} 181816 : { BUY 5405.46@0.80470892} 181815 : { SELL 19503.24@0.8079342} 181814 : { SELL 19503.24@0.8079342} 
Sat Nov 29 22:14:29 EST 2014 , 4 , 2 , 2 , 181817 : { BUY 5405.46@0.80470892} 181816 : { BUY 5405.46@0.80470892} 181815 : { SELL 19503.24@0.8079342} 181814 : { SELL 19503.24@0.8079342} 
Sat Nov 29 22:17:30 EST 2014 , 4 , 2 , 2 , 181817 : { BUY 5405.46@0.80470892} 181816 : { BUY 5405.46@0.80470892} 181815 : { SELL 19503.24@0.8079342} 181814 : { SELL 19503.24@0.8079342} 
Sat Nov 29 22:20:31 EST 2014 , 4 , 2 , 2 , 181817 : { BUY 5405.46@0.80470892} 181816 : { BUY 5405.46@0.80470892} 181815 : { SELL 19503.24@0.8079342} 181814 : { SELL 19503.24@0.8079342} 
Sat Nov 29 22:23:32 EST 2014 , 4 , 2 , 2 , 181817 : { BUY 5405.46@0.80470892} 181816 : { BUY 5405.46@0.80470892} 181815 : { SELL 19503.24@0.8079342} 181814 : { SELL 19503.24@0.8079342} 
Sat Nov 29 22:26:33 EST 2014 , 4 , 2 , 2 , 181817 : { BUY 5405.46@0.80470892} 181816 : { BUY 5405.46@0.80470892} 181815 : { SELL 19503.24@0.8079342} 181814 : { SELL 19503.24@0.8079342} 
Sat Nov 29 22:29:34 EST 2014 , 4 , 2 , 2 , 181817 : { BUY 5405.46@0.80470892} 181816 : { BUY 5405.46@0.80470892} 181815 : { SELL 19503.24@0.8079342} 181814 : { SELL 19503.24@0.8079342} 
Sat Nov 29 22:32:35 EST 2014 , 4 , 2 , 2 , 181817 : { BUY 5405.46@0.80470892} 181816 : { BUY 5405.46@0.80470892} 181815 : { SELL 19503.24@0.8079342} 181814 : { SELL 19503.24@0.8079342} 
Sat Nov 29 22:35:36 EST 2014 , 4 , 2 , 2 , 181817 : { BUY 5405.46@0.80470892} 181816 : { BUY 5405.46@0.80470892} 181815 : { SELL 19503.24@0.8079342} 181814 : { SELL 19503.24@0.8079342} 
Sat Nov 29 22:38:37 EST 2014 , 4 , 2 , 2 , 181817 : { BUY 5405.46@0.80470892} 181816 : { BUY 5405.46@0.80470892} 181815 : { SELL 19503.24@0.8079342} 181814 : { SELL 19503.24@0.8079342} 
Sat Nov 29 22:41:38 EST 2014 , 4 , 2 , 2 , 181817 : { BUY 5405.46@0.80470892} 181816 : { BUY 5405.46@0.80470892} 181815 : { SELL 19503.24@0.8079342} 181814 : { SELL 19503.24@0.8079342} 
Sat Nov 29 22:44:39 EST 2014 , 4 , 2 , 2 , 181817 : { BUY 5405.46@0.80470892} 181816 : { BUY 5405.46@0.80470892} 181815 : { SELL 19503.24@0.8079342} 181814 : { SELL 19503.24@0.8079342} 
Sat Nov 29 22:47:40 EST 2014 , 4 , 2 , 2 , 181817 : { BUY 5405.46@0.80470892} 181816 : { BUY 5405.46@0.80470892} 181815 : { SELL 19503.24@0.8079342} 181814 : { SELL 19503.24@0.8079342} 
Sat Nov 29 22:50:41 EST 2014 , 4 , 2 , 2 , 181817 : { BUY 5405.46@0.80470892} 181816 : { BUY 5405.46@0.80470892} 181815 : { SELL 19503.24@0.8079342} 181814 : { SELL 19503.24@0.8079342} 
Sat Nov 29 22:53:42 EST 2014 , 4 , 2 , 2 , 181817 : { BUY 5405.46@0.80470892} 181816 : { BUY 5405.46@0.80470892} 181815 : { SELL 19503.24@0.8079342} 181814 : { SELL 19503.24@0.8079342} 
Sat Nov 29 22:56:43 EST 2014 , 4 , 2 , 2 , 181817 : { BUY 5405.46@0.80470892} 181816 : { BUY 5405.46@0.80470892} 181815 : { SELL 19503.24@0.8079342} 181814 : { SELL 19503.24@0.8079342} 
Sat Nov 29 22:59:44 EST 2014 , 4 , 2 , 2 , 181817 : { BUY 5405.46@0.80470892} 181816 : { BUY 5405.46@0.80470892} 181815 : { SELL 19503.24@0.8079342} 181814 : { SELL 19503.24@0.8079342} 
Sat Nov 29 23:02:45 EST 2014 , 4 , 2 , 2 , 181817 : { BUY 5405.46@0.80470892} 181816 : { BUY 5405.46@0.80470892} 181815 : { SELL 19503.24@0.8079342} 181814 : { SELL 19503.24@0.8079342} 
Sat Nov 29 23:05:46 EST 2014 , 4 , 2 , 2 , 181817 : { BUY 5405.46@0.80470892} 181816 : { BUY 5405.46@0.80470892} 181815 : { SELL 19503.24@0.8079342} 181814 : { SELL 19503.24@0.8079342} 
Sat Nov 29 23:08:47 EST 2014 , 4 , 2 , 2 , 181817 : { BUY 5405.46@0.80470892} 181816 : { BUY 5405.46@0.80470892} 181815 : { SELL 19503.24@0.8079342} 181814 : { SELL 19503.24@0.8079342} 
Sat Nov 29 23:11:48 EST 2014 , 4 , 2 , 2 , 181817 : { BUY 5405.46@0.80470892} 181816 : { BUY 5405.46@0.80470892} 181815 : { SELL 19503.24@0.8079342} 181814 : { SELL 19503.24@0.8079342} 
Sat Nov 29 23:14:49 EST 2014 , 4 , 2 , 2 , 181817 : { BUY 5405.46@0.80470892} 181816 : { BUY 5405.46@0.80470892} 181815 : { SELL 19503.24@0.8079342} 181814 : { SELL 19503.24@0.8079342} 
Sat Nov 29 23:17:50 EST 2014 , 4 , 2 , 2 , 181817 : { BUY 5405.46@0.80470892} 181816 : { BUY 5405.46@0.80470892} 181815 : { SELL 19503.24@0.8079342} 181814 : { SELL 19503.24@0.8079342} 
Sat Nov 29 23:20:51 EST 2014 , 4 , 2 , 2 , 181817 : { BUY 5405.46@0.80470892} 181816 : { BUY 5405.46@0.80470892} 181815 : { SELL 19503.24@0.8079342} 181814 : { SELL 19503.24@0.8079342} 
Sat Nov 29 23:23:52 EST 2014 , 4 , 2 , 2 , 181817 : { BUY 5405.46@0.80470892} 181816 : { BUY 5405.46@0.80470892} 181815 : { SELL 19503.24@0.8079342} 181814 : { SELL 19503.24@0.8079342} 
Sat Nov 29 23:26:53 EST 2014 , 4 , 2 , 2 , 181817 : { BUY 5405.46@0.80470892} 181816 : { BUY 5405.46@0.80470892} 181815 : { SELL 19503.24@0.8079342} 181814 : { SELL 19503.24@0.8079342} 
Sat Nov 29 23:29:54 EST 2014 , 4 , 2 , 2 , 181817 : { BUY 5405.46@0.80470892} 181816 : { BUY 5405.46@0.80470892} 181815 : { SELL 19503.24@0.8079342} 181814 : { SELL 19503.24@0.8079342} 
Sat Nov 29 23:32:55 EST 2014 , 4 , 2 , 2 , 181817 : { BUY 5405.46@0.80470892} 181816 : { BUY 5405.46@0.80470892} 181815 : { SELL 19503.24@0.8079342} 181814 : { SELL 19503.24@0.8079342} 
Sat Nov 29 23:35:56 EST 2014 , 4 , 2 , 2 , 181817 : { BUY 5405.46@0.80470892} 181816 : { BUY 5405.46@0.80470892} 181815 : { SELL 19503.24@0.8079342} 181814 : { SELL 19503.24@0.8079342} 
Sat Nov 29 23:38:57 EST 2014 , 4 , 2 , 2 , 181817 : { BUY 5405.46@0.80470892} 181816 : { BUY 5405.46@0.80470892} 181815 : { SELL 19503.24@0.8079342} 181814 : { SELL 19503.24@0.8079342} 
Sat Nov 29 23:41:58 EST 2014 , 4 , 2 , 2 , 181817 : { BUY 5405.46@0.80470892} 181816 : { BUY 5405.46@0.80470892} 181815 : { SELL 19503.24@0.8079342} 181814 : { SELL 19503.24@0.8079342} 
Sat Nov 29 23:45:00 EST 2014 , 4 , 2 , 2 , 181817 : { BUY 5405.46@0.80470892} 181816 : { BUY 5405.46@0.80470892} 181815 : { SELL 19503.24@0.8079342} 181814 : { SELL 19503.24@0.8079342} 
Sat Nov 29 23:48:00 EST 2014 , 4 , 2 , 2 , 181817 : { BUY 5405.46@0.80470892} 181816 : { BUY 5405.46@0.80470892} 181815 : { SELL 19503.24@0.8079342} 181814 : { SELL 19503.24@0.8079342} 
Sat Nov 29 23:51:01 EST 2014 , 4 , 2 , 2 , 181817 : { BUY 5405.46@0.80470892} 181816 : { BUY 5405.46@0.80470892} 181815 : { SELL 19503.24@0.8079342} 181814 : { SELL 19503.24@0.8079342} 
Sat Nov 29 23:54:02 EST 2014 , 4 , 2 , 2 , 181817 : { BUY 5405.46@0.80470892} 181816 : { BUY 5405.46@0.80470892} 181815 : { SELL 19503.24@0.8079342} 181814 : { SELL 19503.24@0.8079342} 
Sat Nov 29 23:57:03 EST 2014 , 4 , 2 , 2 , 181817 : { BUY 5405.46@0.80470892} 181816 : { BUY 5405.46@0.80470892} 181815 : { SELL 19503.24@0.8079342} 181814 : { SELL 19503.24@0.8079342} 
Sun Nov 30 00:00:04 EST 2014 , 4 , 2 , 2 , 181817 : { BUY 5405.46@0.80470892} 181816 : { BUY 5405.46@0.80470892} 181815 : { SELL 19503.24@0.8079342} 181814 : { SELL 19503.24@0.8079342} 
Sun Nov 30 00:03:05 EST 2014 , 4 , 2 , 2 , 181817 : { BUY 5405.46@0.80470892} 181816 : { BUY 5405.46@0.80470892} 181815 : { SELL 19503.24@0.8079342} 181814 : { SELL 19503.24@0.8079342} 
Sun Nov 30 00:06:06 EST 2014 , 4 , 2 , 2 , 181817 : { BUY 5405.46@0.80470892} 181816 : { BUY 5405.46@0.80470892} 181815 : { SELL 19503.24@0.8079342} 181814 : { SELL 19503.24@0.8079342} 
Sun Nov 30 00:09:07 EST 2014 , 4 , 2 , 2 , 181817 : { BUY 5405.46@0.80470892} 181816 : { BUY 5405.46@0.80470892} 181815 : { SELL 19503.24@0.8079342} 181814 : { SELL 19503.24@0.8079342} 
Sun Nov 30 00:12:08 EST 2014 , 4 , 2 , 2 , 181817 : { BUY 5405.46@0.80470892} 181816 : { BUY 5405.46@0.80470892} 181815 : { SELL 19503.24@0.8079342} 181814 : { SELL 19503.24@0.8079342} 
Sun Nov 30 00:15:09 EST 2014 , 4 , 2 , 2 , 181817 : { BUY 5405.46@0.80470892} 181816 : { BUY 5405.46@0.80470892} 181815 : { SELL 19503.24@0.8079342} 181814 : { SELL 19503.24@0.8079342} 
Sun Nov 30 00:18:10 EST 2014 , 4 , 2 , 2 , 181817 : { BUY 5405.46@0.80470892} 181816 : { BUY 5405.46@0.80470892} 181815 : { SELL 19503.24@0.8079342} 181814 : { SELL 19503.24@0.8079342} 
Sun Nov 30 00:21:11 EST 2014 , 4 , 2 , 2 , 181817 : { BUY 5405.46@0.80470892} 181816 : { BUY 5405.46@0.80470892} 181815 : { SELL 19503.24@0.8079342} 181814 : { SELL 19503.24@0.8079342} 
Sun Nov 30 00:24:12 EST 2014 , 4 , 2 , 2 , 181817 : { BUY 5405.46@0.80470892} 181816 : { BUY 5405.46@0.80470892} 181815 : { SELL 19503.24@0.8079342} 181814 : { SELL 19503.24@0.8079342} 
Sun Nov 30 00:27:13 EST 2014 , 4 , 2 , 2 , 181817 : { BUY 5405.46@0.80470892} 181816 : { BUY 5405.46@0.80470892} 181815 : { SELL 19503.24@0.8079342} 181814 : { SELL 19503.24@0.8079342} 
Sun Nov 30 00:30:14 EST 2014 , 4 , 2 , 2 , 181817 : { BUY 5405.46@0.80470892} 181816 : { BUY 5405.46@0.80470892} 181815 : { SELL 19503.24@0.8079342} 181814 : { SELL 19503.24@0.8079342} 
Sun Nov 30 00:33:15 EST 2014 , 4 , 2 , 2 , 181817 : { BUY 5405.46@0.80470892} 181816 : { BUY 5405.46@0.80470892} 181815 : { SELL 19503.24@0.8079342} 181814 : { SELL 19503.24@0.8079342} 
Sun Nov 30 00:36:16 EST 2014 , 4 , 2 , 2 , 181817 : { BUY 5405.46@0.80470892} 181816 : { BUY 5405.46@0.80470892} 181815 : { SELL 19503.24@0.8079342} 181814 : { SELL 19503.24@0.8079342} 
Sun Nov 30 00:39:17 EST 2014 , 4 , 2 , 2 , 181817 : { BUY 5405.46@0.80470892} 181816 : { BUY 5405.46@0.80470892} 181815 : { SELL 19503.24@0.8079342} 181814 : { SELL 19503.24@0.8079342} 
Sun Nov 30 00:42:18 EST 2014 , 4 , 2 , 2 , 181817 : { BUY 5405.46@0.80470892} 181816 : { BUY 5405.46@0.80470892} 181815 : { SELL 19503.24@0.8079342} 181814 : { SELL 19503.24@0.8079342} 
Sun Nov 30 00:45:19 EST 2014 , 4 , 2 , 2 , 181817 : { BUY 5405.46@0.80470892} 181816 : { BUY 5405.46@0.80470892} 181815 : { SELL 19503.24@0.8079342} 181814 : { SELL 19503.24@0.8079342} 
Sun Nov 30 00:48:21 EST 2014 , 4 , 2 , 2 , 181817 : { BUY 5405.46@0.80470892} 181816 : { BUY 5405.46@0.80470892} 181815 : { SELL 19503.24@0.8079342} 181814 : { SELL 19503.24@0.8079342} 
Sun Nov 30 00:51:21 EST 2014 , 4 , 2 , 2 , 181817 : { BUY 5405.46@0.80470892} 181816 : { BUY 5405.46@0.80470892} 181815 : { SELL 19503.24@0.8079342} 181814 : { SELL 19503.24@0.8079342} 
Sun Nov 30 00:54:22 EST 2014 , 4 , 2 , 2 , 181817 : { BUY 5405.46@0.80470892} 181816 : { BUY 5405.46@0.80470892} 181815 : { SELL 19503.24@0.8079342} 181814 : { SELL 19503.24@0.8079342} 
Sun Nov 30 00:57:23 EST 2014 , 4 , 2 , 2 , 181817 : { BUY 5405.46@0.80470892} 181816 : { BUY 5405.46@0.80470892} 181815 : { SELL 19503.24@0.8079342} 181814 : { SELL 19503.24@0.8079342} 
Sun Nov 30 01:00:24 EST 2014 , 4 , 2 , 2 , 181817 : { BUY 5405.46@0.80470892} 181816 : { BUY 5405.46@0.80470892} 181815 : { SELL 19503.24@0.8079342} 181814 : { SELL 19503.24@0.8079342} 
Sun Nov 30 01:03:25 EST 2014 , 4 , 2 , 2 , 181817 : { BUY 5405.46@0.80470892} 181816 : { BUY 5405.46@0.80470892} 181815 : { SELL 19503.24@0.8079342} 181814 : { SELL 19503.24@0.8079342} 
Sun Nov 30 01:06:26 EST 2014 , 4 , 2 , 2 , 181817 : { BUY 5405.46@0.80470892} 181816 : { BUY 5405.46@0.80470892} 181815 : { SELL 19503.24@0.8079342} 181814 : { SELL 19503.24@0.8079342} 
Sun Nov 30 01:09:27 EST 2014 , 4 , 2 , 2 , 181817 : { BUY 5405.46@0.80470892} 181816 : { BUY 5405.46@0.80470892} 181815 : { SELL 19503.24@0.8079342} 181814 : { SELL 19503.24@0.8079342} 
Sun Nov 30 01:12:28 EST 2014 , 4 , 2 , 2 , 181817 : { BUY 5405.46@0.80470892} 181816 : { BUY 5405.46@0.80470892} 181815 : { SELL 19503.24@0.8079342} 181814 : { SELL 19503.24@0.8079342} 
Sun Nov 30 01:15:29 EST 2014 , 4 , 2 , 2 , 181817 : { BUY 5405.46@0.80470892} 181816 : { BUY 5405.46@0.80470892} 181815 : { SELL 19503.24@0.8079342} 181814 : { SELL 19503.24@0.8079342} 
Sun Nov 30 01:18:30 EST 2014 , 4 , 2 , 2 , 181817 : { BUY 5405.46@0.80470892} 181816 : { BUY 5405.46@0.80470892} 181815 : { SELL 19503.24@0.8079342} 181814 : { SELL 19503.24@0.8079342} 
Sun Nov 30 01:21:31 EST 2014 , 4 , 2 , 2 , 181817 : { BUY 5405.46@0.80470892} 181816 : { BUY 5405.46@0.80470892} 181815 : { SELL 19503.24@0.8079342} 181814 : { SELL 19503.24@0.8079342} 
Sun Nov 30 01:24:32 EST 2014 , 4 , 2 , 2 , 181817 : { BUY 5405.46@0.80470892} 181816 : { BUY 5405.46@0.80470892} 181815 : { SELL 19503.24@0.8079342} 181814 : { SELL 19503.24@0.8079342} 
Sun Nov 30 01:27:33 EST 2014 , 4 , 2 , 2 , 181817 : { BUY 5405.46@0.80470892} 181816 : { BUY 5405.46@0.80470892} 181815 : { SELL 19503.24@0.8079342} 181814 : { SELL 19503.24@0.8079342} 
Sun Nov 30 01:30:34 EST 2014 , 4 , 2 , 2 , 181817 : { BUY 5405.46@0.80470892} 181816 : { BUY 5405.46@0.80470892} 181815 : { SELL 19503.24@0.8079342} 181814 : { SELL 19503.24@0.8079342} 
Sun Nov 30 01:33:35 EST 2014 , 4 , 2 , 2 , 181817 : { BUY 5405.46@0.80470892} 181816 : { BUY 5405.46@0.80470892} 181815 : { SELL 19503.24@0.8079342} 181814 : { SELL 19503.24@0.8079342} 
Sun Nov 30 01:36:36 EST 2014 , 4 , 2 , 2 , 181817 : { BUY 5405.46@0.80470892} 181816 : { BUY 5405.46@0.80470892} 181815 : { SELL 19503.24@0.8079342} 181814 : { SELL 19503.24@0.8079342} 
Sun Nov 30 01:39:37 EST 2014 , 4 , 2 , 2 , 181817 : { BUY 5405.46@0.80470892} 181816 : { BUY 5405.46@0.80470892} 181815 : { SELL 19503.24@0.8079342} 181814 : { SELL 19503.24@0.8079342} 
Sun Nov 30 01:42:38 EST 2014 , 4 , 2 , 2 , 181817 : { BUY 5405.46@0.80470892} 181816 : { BUY 5405.46@0.80470892} 181815 : { SELL 19503.24@0.8079342} 181814 : { SELL 19503.24@0.8079342} 
Sun Nov 30 01:45:39 EST 2014 , 4 , 2 , 2 , 181817 : { BUY 5405.46@0.80470892} 181816 : { BUY 5405.46@0.80470892} 181815 : { SELL 19503.24@0.8079342} 181814 : { SELL 19503.24@0.8079342} 
Sun Nov 30 01:48:40 EST 2014 , 4 , 2 , 2 , 181817 : { BUY 5405.46@0.80470892} 181816 : { BUY 5405.46@0.80470892} 181815 : { SELL 19503.24@0.8079342} 181814 : { SELL 19503.24@0.8079342} 
Sun Nov 30 01:51:41 EST 2014 , 4 , 2 , 2 , 181817 : { BUY 5405.46@0.80470892} 181816 : { BUY 5405.46@0.80470892} 181815 : { SELL 19503.24@0.8079342} 181814 : { SELL 19503.24@0.8079342} 
Sun Nov 30 01:54:42 EST 2014 , 4 , 2 , 2 , 181817 : { BUY 5405.46@0.80470892} 181816 : { BUY 5405.46@0.80470892} 181815 : { SELL 19503.24@0.8079342} 181814 : { SELL 19503.24@0.8079342} 
Sun Nov 30 01:57:43 EST 2014 , 4 , 2 , 2 , 181817 : { BUY 5405.46@0.80470892} 181816 : { BUY 5405.46@0.80470892} 181815 : { SELL 19503.24@0.8079342} 181814 : { SELL 19503.24@0.8079342} 
Sun Nov 30 02:00:44 EST 2014 , 4 , 2 , 2 , 181817 : { BUY 5405.46@0.80470892} 181816 : { BUY 5405.46@0.80470892} 181815 : { SELL 19503.24@0.8079342} 181814 : { SELL 19503.24@0.8079342} 
Sun Nov 30 02:03:45 EST 2014 , 4 , 2 , 2 , 181817 : { BUY 5405.46@0.80470892} 181816 : { BUY 5405.46@0.80470892} 181815 : { SELL 19503.24@0.8079342} 181814 : { SELL 19503.24@0.8079342} 
Sun Nov 30 02:06:46 EST 2014 , 4 , 2 , 2 , 181817 : { BUY 5405.46@0.80470892} 181816 : { BUY 5405.46@0.80470892} 181815 : { SELL 19503.24@0.8079342} 181814 : { SELL 19503.24@0.8079342} 
Sun Nov 30 02:09:47 EST 2014 , 4 , 2 , 2 , 181817 : { BUY 5405.46@0.80470892} 181816 : { BUY 5405.46@0.80470892} 181815 : { SELL 19503.24@0.8079342} 181814 : { SELL 19503.24@0.8079342} 
Sun Nov 30 02:12:48 EST 2014 , 4 , 2 , 2 , 181817 : { BUY 5405.46@0.80470892} 181816 : { BUY 5405.46@0.80470892} 181815 : { SELL 19503.24@0.8079342} 181814 : { SELL 19503.24@0.8079342} 
Sun Nov 30 02:15:49 EST 2014 , 4 , 2 , 2 , 181817 : { BUY 5405.46@0.80470892} 181816 : { BUY 5405.46@0.80470892} 181815 : { SELL 19503.24@0.8079342} 181814 : { SELL 19503.24@0.8079342} 
Sun Nov 30 02:18:50 EST 2014 , 4 , 2 , 2 , 181817 : { BUY 5405.46@0.80470892} 181816 : { BUY 5405.46@0.80470892} 181815 : { SELL 19503.24@0.8079342} 181814 : { SELL 19503.24@0.8079342} 
Sun Nov 30 02:21:51 EST 2014 , 4 , 2 , 2 , 181817 : { BUY 5405.46@0.80470892} 181816 : { BUY 5405.46@0.80470892} 181815 : { SELL 19503.24@0.8079342} 181814 : { SELL 19503.24@0.8079342} 
Sun Nov 30 02:24:52 EST 2014 , 4 , 2 , 2 , 181817 : { BUY 5405.46@0.80470892} 181816 : { BUY 5405.46@0.80470892} 181815 : { SELL 19503.24@0.8079342} 181814 : { SELL 19503.24@0.8079342} 
Sun Nov 30 02:27:53 EST 2014 , 4 , 2 , 2 , 181817 : { BUY 5405.46@0.80470892} 181816 : { BUY 5405.46@0.80470892} 181815 : { SELL 19503.24@0.8079342} 181814 : { SELL 19503.24@0.8079342} 
Sun Nov 30 02:30:54 EST 2014 , 4 , 2 , 2 , 181817 : { BUY 5405.46@0.80470892} 181816 : { BUY 5405.46@0.80470892} 181815 : { SELL 19503.24@0.8079342} 181814 : { SELL 19503.24@0.8079342} 
Sun Nov 30 02:33:55 EST 2014 , 4 , 2 , 2 , 181817 : { BUY 5405.46@0.80470892} 181816 : { BUY 5405.46@0.80470892} 181815 : { SELL 19503.24@0.8079342} 181814 : { SELL 19503.24@0.8079342} 
Sun Nov 30 02:36:56 EST 2014 , 4 , 2 , 2 , 181817 : { BUY 5405.46@0.80470892} 181816 : { BUY 5405.46@0.80470892} 181815 : { SELL 19503.24@0.8079342} 181814 : { SELL 19503.24@0.8079342} 
Sun Nov 30 02:39:57 EST 2014 , 4 , 2 , 2 , 181817 : { BUY 5405.46@0.80470892} 181816 : { BUY 5405.46@0.80470892} 181815 : { SELL 19503.24@0.8079342} 181814 : { SELL 19503.24@0.8079342} 
Sun Nov 30 02:42:58 EST 2014 , 4 , 2 , 2 , 181817 : { BUY 5405.46@0.80470892} 181816 : { BUY 5405.46@0.80470892} 181815 : { SELL 19503.24@0.8079342} 181814 : { SELL 19503.24@0.8079342} 
Sun Nov 30 02:45:59 EST 2014 , 4 , 2 , 2 , 181817 : { BUY 5405.46@0.80470892} 181816 : { BUY 5405.46@0.80470892} 181815 : { SELL 19503.24@0.8079342} 181814 : { SELL 19503.24@0.8079342} 
Sun Nov 30 02:49:00 EST 2014 , 4 , 2 , 2 , 181817 : { BUY 5405.46@0.80470892} 181816 : { BUY 5405.46@0.80470892} 181815 : { SELL 19503.24@0.8079342} 181814 : { SELL 19503.24@0.8079342} 
Sun Nov 30 02:52:01 EST 2014 , 4 , 2 , 2 , 181817 : { BUY 5405.46@0.80470892} 181816 : { BUY 5405.46@0.80470892} 181815 : { SELL 19503.24@0.8079342} 181814 : { SELL 19503.24@0.8079342} 
Sun Nov 30 02:55:02 EST 2014 , 4 , 2 , 2 , 181817 : { BUY 5405.46@0.80470892} 181816 : { BUY 5405.46@0.80470892} 181815 : { SELL 19503.24@0.8079342} 181814 : { SELL 19503.24@0.8079342} 
Sun Nov 30 02:58:03 EST 2014 , 4 , 2 , 2 , 181817 : { BUY 5405.46@0.80470892} 181816 : { BUY 5405.46@0.80470892} 181815 : { SELL 19503.24@0.8079342} 181814 : { SELL 19503.24@0.8079342} 
Sun Nov 30 03:01:04 EST 2014 , 4 , 2 , 2 , 181817 : { BUY 5405.46@0.80470892} 181816 : { BUY 5405.46@0.80470892} 181815 : { SELL 19503.24@0.8079342} 181814 : { SELL 19503.24@0.8079342} 
Sun Nov 30 03:04:05 EST 2014 , 4 , 2 , 2 , 181817 : { BUY 5405.46@0.80470892} 181816 : { BUY 5405.46@0.80470892} 181815 : { SELL 19503.24@0.8079342} 181814 : { SELL 19503.24@0.8079342} 
Sun Nov 30 03:07:06 EST 2014 , 4 , 2 , 2 , 181817 : { BUY 5405.46@0.80470892} 181816 : { BUY 5405.46@0.80470892} 181815 : { SELL 19503.24@0.8079342} 181814 : { SELL 19503.24@0.8079342} 
Sun Nov 30 03:10:07 EST 2014 , 4 , 2 , 2 , 181817 : { BUY 5405.46@0.80470892} 181816 : { BUY 5405.46@0.80470892} 181815 : { SELL 19503.24@0.8079342} 181814 : { SELL 19503.24@0.8079342} 
Sun Nov 30 03:13:08 EST 2014 , 4 , 2 , 2 , 181817 : { BUY 5405.46@0.80470892} 181816 : { BUY 5405.46@0.80470892} 181815 : { SELL 19503.24@0.8079342} 181814 : { SELL 19503.24@0.8079342} 
Sun Nov 30 03:16:09 EST 2014 , 4 , 2 , 2 , 181817 : { BUY 5405.46@0.80470892} 181816 : { BUY 5405.46@0.80470892} 181815 : { SELL 19503.24@0.8079342} 181814 : { SELL 19503.24@0.8079342} 
Sun Nov 30 03:19:10 EST 2014 , 4 , 2 , 2 , 181817 : { BUY 5405.46@0.80470892} 181816 : { BUY 5405.46@0.80470892} 181815 : { SELL 19503.24@0.8079342} 181814 : { SELL 19503.24@0.8079342} 
Sun Nov 30 03:22:11 EST 2014 , 4 , 2 , 2 , 181817 : { BUY 5405.46@0.80470892} 181816 : { BUY 5405.46@0.80470892} 181815 : { SELL 19503.24@0.8079342} 181814 : { SELL 19503.24@0.8079342} 
Sun Nov 30 03:25:12 EST 2014 , 4 , 2 , 2 , 181817 : { BUY 5405.46@0.80470892} 181816 : { BUY 5405.46@0.80470892} 181815 : { SELL 19503.24@0.8079342} 181814 : { SELL 19503.24@0.8079342} 
Sun Nov 30 03:28:13 EST 2014 , 4 , 2 , 2 , 181817 : { BUY 5405.46@0.80470892} 181816 : { BUY 5405.46@0.80470892} 181815 : { SELL 19503.24@0.8079342} 181814 : { SELL 19503.24@0.8079342} 
Sun Nov 30 03:31:14 EST 2014 , 4 , 2 , 2 , 181817 : { BUY 5405.46@0.80470892} 181816 : { BUY 5405.46@0.80470892} 181815 : { SELL 19503.24@0.8079342} 181814 : { SELL 19503.24@0.8079342} 
Sun Nov 30 03:34:15 EST 2014 , 4 , 2 , 2 , 181817 : { BUY 5405.46@0.80470892} 181816 : { BUY 5405.46@0.80470892} 181815 : { SELL 19503.24@0.8079342} 181814 : { SELL 19503.24@0.8079342} 
Sun Nov 30 03:37:16 EST 2014 , 4 , 2 , 2 , 181817 : { BUY 5405.46@0.80470892} 181816 : { BUY 5405.46@0.80470892} 181815 : { SELL 19503.24@0.8079342} 181814 : { SELL 19503.24@0.8079342} 
Sun Nov 30 03:40:17 EST 2014 , 4 , 2 , 2 , 181817 : { BUY 5405.46@0.80470892} 181816 : { BUY 5405.46@0.80470892} 181815 : { SELL 19503.24@0.8079342} 181814 : { SELL 19503.24@0.8079342} 
Sun Nov 30 03:43:18 EST 2014 , 4 , 2 , 2 , 181817 : { BUY 5405.46@0.80470892} 181816 : { BUY 5405.46@0.80470892} 181815 : { SELL 19503.24@0.8079342} 181814 : { SELL 19503.24@0.8079342} 
Sun Nov 30 03:46:19 EST 2014 , 4 , 2 , 2 , 181817 : { BUY 5405.46@0.80470892} 181816 : { BUY 5405.46@0.80470892} 181815 : { SELL 19503.24@0.8079342} 181814 : { SELL 19503.24@0.8079342} 
Sun Nov 30 03:49:20 EST 2014 , 4 , 2 , 2 , 181817 : { BUY 5405.46@0.80470892} 181816 : { BUY 5405.46@0.80470892} 181815 : { SELL 19503.24@0.8079342} 181814 : { SELL 19503.24@0.8079342} 
Sun Nov 30 03:52:21 EST 2014 , 4 , 2 , 2 , 181817 : { BUY 5405.46@0.80470892} 181816 : { BUY 5405.46@0.80470892} 181815 : { SELL 19503.24@0.8079342} 181814 : { SELL 19503.24@0.8079342} 
Sun Nov 30 03:55:22 EST 2014 , 4 , 2 , 2 , 181817 : { BUY 5405.46@0.80470892} 181816 : { BUY 5405.46@0.80470892} 181815 : { SELL 19503.24@0.8079342} 181814 : { SELL 19503.24@0.8079342} 
Sun Nov 30 03:58:23 EST 2014 , 4 , 2 , 2 , 181817 : { BUY 5405.46@0.80470892} 181816 : { BUY 5405.46@0.80470892} 181815 : { SELL 19503.24@0.8079342} 181814 : { SELL 19503.24@0.8079342} 
Sun Nov 30 04:01:24 EST 2014 , 4 , 2 , 2 , 181817 : { BUY 5405.46@0.80470892} 181816 : { BUY 5405.46@0.80470892} 181815 : { SELL 19503.24@0.8079342} 181814 : { SELL 19503.24@0.8079342} 
Sun Nov 30 04:04:25 EST 2014 , 4 , 2 , 2 , 181817 : { BUY 5405.46@0.80470892} 181816 : { BUY 5405.46@0.80470892} 181815 : { SELL 19503.24@0.8079342} 181814 : { SELL 19503.24@0.8079342} 
Sun Nov 30 04:07:26 EST 2014 , 4 , 2 , 2 , 181817 : { BUY 5405.46@0.80470892} 181816 : { BUY 5405.46@0.80470892} 181815 : { SELL 19503.24@0.8079342} 181814 : { SELL 19503.24@0.8079342} 
Sun Nov 30 04:10:27 EST 2014 , 4 , 2 , 2 , 181817 : { BUY 5405.46@0.80470892} 181816 : { BUY 5405.46@0.80470892} 181815 : { SELL 19503.24@0.8079342} 181814 : { SELL 19503.24@0.8079342} 
Sun Nov 30 04:13:28 EST 2014 , 4 , 2 , 2 , 181817 : { BUY 5405.46@0.80470892} 181816 : { BUY 5405.46@0.80470892} 181815 : { SELL 19503.24@0.8079342} 181814 : { SELL 19503.24@0.8079342} 
Sun Nov 30 04:16:29 EST 2014 , 4 , 2 , 2 , 181817 : { BUY 5405.46@0.80470892} 181816 : { BUY 5405.46@0.80470892} 181815 : { SELL 19503.24@0.8079342} 181814 : { SELL 19503.24@0.8079342} 
Sun Nov 30 04:19:30 EST 2014 , 4 , 2 , 2 , 181817 : { BUY 5405.46@0.80470892} 181816 : { BUY 5405.46@0.80470892} 181815 : { SELL 19503.24@0.8079342} 181814 : { SELL 19503.24@0.8079342} 
Sun Nov 30 04:22:31 EST 2014 , 4 , 2 , 2 , 181817 : { BUY 5405.46@0.80470892} 181816 : { BUY 5405.46@0.80470892} 181815 : { SELL 19503.24@0.8079342} 181814 : { SELL 19503.24@0.8079342} 
Sun Nov 30 04:25:32 EST 2014 , 4 , 2 , 2 , 181817 : { BUY 5405.46@0.80470892} 181816 : { BUY 5405.46@0.80470892} 181815 : { SELL 19503.24@0.8079342} 181814 : { SELL 19503.24@0.8079342} 
Sun Nov 30 04:28:33 EST 2014 , 4 , 2 , 2 , 181817 : { BUY 5405.46@0.80470892} 181816 : { BUY 5405.46@0.80470892} 181815 : { SELL 19503.24@0.8079342} 181814 : { SELL 19503.24@0.8079342} 
Sun Nov 30 04:31:34 EST 2014 , 4 , 2 , 2 , 181817 : { BUY 5405.46@0.80470892} 181816 : { BUY 5405.46@0.80470892} 181815 : { SELL 19503.24@0.8079342} 181814 : { SELL 19503.24@0.8079342} 
Sun Nov 30 04:34:35 EST 2014 , 4 , 2 , 2 , 181817 : { BUY 5405.46@0.80470892} 181816 : { BUY 5405.46@0.80470892} 181815 : { SELL 19503.24@0.8079342} 181814 : { SELL 19503.24@0.8079342} 
Sun Nov 30 04:37:36 EST 2014 , 4 , 2 , 2 , 181817 : { BUY 5405.46@0.80470892} 181816 : { BUY 5405.46@0.80470892} 181815 : { SELL 19503.24@0.8079342} 181814 : { SELL 19503.24@0.8079342} 
Sun Nov 30 04:40:38 EST 2014 , 4 , 2 , 2 , 181817 : { BUY 5405.46@0.80470892} 181816 : { BUY 5405.46@0.80470892} 181815 : { SELL 19503.24@0.8079342} 181814 : { SELL 19503.24@0.8079342} 
Sun Nov 30 04:43:38 EST 2014 , 4 , 2 , 2 , 181817 : { BUY 5405.46@0.80470892} 181816 : { BUY 5405.46@0.80470892} 181815 : { SELL 19503.24@0.8079342} 181814 : { SELL 19503.24@0.8079342} 
Sun Nov 30 04:46:40 EST 2014 , 4 , 2 , 2 , 181817 : { BUY 5405.46@0.80470892} 181816 : { BUY 5405.46@0.80470892} 181815 : { SELL 19503.24@0.8079342} 181814 : { SELL 19503.24@0.8079342} 
Sun Nov 30 04:49:40 EST 2014 , 4 , 2 , 2 , 181817 : { BUY 5405.46@0.80470892} 181816 : { BUY 5405.46@0.80470892} 181815 : { SELL 19503.24@0.8079342} 181814 : { SELL 19503.24@0.8079342} 
Sun Nov 30 04:52:41 EST 2014 , 4 , 2 , 2 , 181817 : { BUY 5405.46@0.80470892} 181816 : { BUY 5405.46@0.80470892} 181815 : { SELL 19503.24@0.8079342} 181814 : { SELL 19503.24@0.8079342} 
Sun Nov 30 04:55:42 EST 2014 , 4 , 2 , 2 , 181817 : { BUY 5405.46@0.80470892} 181816 : { BUY 5405.46@0.80470892} 181815 : { SELL 19503.24@0.8079342} 181814 : { SELL 19503.24@0.8079342} 
Sun Nov 30 04:58:43 EST 2014 , 4 , 2 , 2 , 181817 : { BUY 5405.46@0.80470892} 181816 : { BUY 5405.46@0.80470892} 181815 : { SELL 19503.24@0.8079342} 181814 : { SELL 19503.24@0.8079342} 
Sun Nov 30 05:01:44 EST 2014 , 4 , 2 , 2 , 181817 : { BUY 5405.46@0.80470892} 181816 : { BUY 5405.46@0.80470892} 181815 : { SELL 19503.24@0.8079342} 181814 : { SELL 19503.24@0.8079342} 
Sun Nov 30 05:04:45 EST 2014 , 4 , 2 , 2 , 181817 : { BUY 5405.46@0.80470892} 181816 : { BUY 5405.46@0.80470892} 181815 : { SELL 19503.24@0.8079342} 181814 : { SELL 19503.24@0.8079342} 
Sun Nov 30 05:07:46 EST 2014 , 4 , 2 , 2 , 181817 : { BUY 5405.46@0.80470892} 181816 : { BUY 5405.46@0.80470892} 181815 : { SELL 19503.24@0.8079342} 181814 : { SELL 19503.24@0.8079342} 
Sun Nov 30 05:10:47 EST 2014 , 4 , 2 , 2 , 181817 : { BUY 5405.46@0.80470892} 181816 : { BUY 5405.46@0.80470892} 181815 : { SELL 19503.24@0.8079342} 181814 : { SELL 19503.24@0.8079342} 
Sun Nov 30 05:13:48 EST 2014 , 4 , 2 , 2 , 181817 : { BUY 5405.46@0.80470892} 181816 : { BUY 5405.46@0.80470892} 181815 : { SELL 19503.24@0.8079342} 181814 : { SELL 19503.24@0.8079342} 
Sun Nov 30 05:16:49 EST 2014 , 4 , 2 , 2 , 181817 : { BUY 5405.46@0.80470892} 181816 : { BUY 5405.46@0.80470892} 181815 : { SELL 19503.24@0.8079342} 181814 : { SELL 19503.24@0.8079342} 
Sun Nov 30 05:19:50 EST 2014 , 4 , 2 , 2 , 181817 : { BUY 5405.46@0.80470892} 181816 : { BUY 5405.46@0.80470892} 181815 : { SELL 19503.24@0.8079342} 181814 : { SELL 19503.24@0.8079342} 
Sun Nov 30 05:22:51 EST 2014 , 4 , 2 , 2 , 181817 : { BUY 5405.46@0.80470892} 181816 : { BUY 5405.46@0.80470892} 181815 : { SELL 19503.24@0.8079342} 181814 : { SELL 19503.24@0.8079342} 
Sun Nov 30 05:25:52 EST 2014 , 4 , 2 , 2 , 181817 : { BUY 5405.46@0.80470892} 181816 : { BUY 5405.46@0.80470892} 181815 : { SELL 19503.24@0.8079342} 181814 : { SELL 19503.24@0.8079342} 
Sun Nov 30 05:28:53 EST 2014 , 4 , 2 , 2 , 181817 : { BUY 5405.46@0.80470892} 181816 : { BUY 5405.46@0.80470892} 181815 : { SELL 19503.24@0.8079342} 181814 : { SELL 19503.24@0.8079342} 
Sun Nov 30 05:31:54 EST 2014 , 4 , 2 , 2 , 181817 : { BUY 5405.46@0.80470892} 181816 : { BUY 5405.46@0.80470892} 181815 : { SELL 19503.24@0.8079342} 181814 : { SELL 19503.24@0.8079342} 
Sun Nov 30 05:34:55 EST 2014 , 4 , 2 , 2 , 181817 : { BUY 5405.46@0.80470892} 181816 : { BUY 5405.46@0.80470892} 181815 : { SELL 19503.24@0.8079342} 181814 : { SELL 19503.24@0.8079342} 
Sun Nov 30 05:37:57 EST 2014 , 4 , 2 , 2 , 181817 : { BUY 5405.46@0.80470892} 181816 : { BUY 5405.46@0.80470892} 181815 : { SELL 19503.24@0.8079342} 181814 : { SELL 19503.24@0.8079342} 
Sun Nov 30 05:40:57 EST 2014 , 4 , 2 , 2 , 181817 : { BUY 5405.46@0.80470892} 181816 : { BUY 5405.46@0.80470892} 181815 : { SELL 19503.24@0.8079342} 181814 : { SELL 19503.24@0.8079342} 
Sun Nov 30 05:43:58 EST 2014 , 4 , 2 , 2 , 181817 : { BUY 5405.46@0.80470892} 181816 : { BUY 5405.46@0.80470892} 181815 : { SELL 19503.24@0.8079342} 181814 : { SELL 19503.24@0.8079342} 
Sun Nov 30 05:46:59 EST 2014 , 4 , 2 , 2 , 181817 : { BUY 5405.46@0.80470892} 181816 : { BUY 5405.46@0.80470892} 181815 : { SELL 19503.24@0.8079342} 181814 : { SELL 19503.24@0.8079342} 
Sun Nov 30 05:50:00 EST 2014 , 4 , 2 , 2 , 181817 : { BUY 5405.46@0.80470892} 181816 : { BUY 5405.46@0.80470892} 181815 : { SELL 19503.24@0.8079342} 181814 : { SELL 19503.24@0.8079342} 
Sun Nov 30 05:53:01 EST 2014 , 4 , 2 , 2 , 181817 : { BUY 5405.46@0.80470892} 181816 : { BUY 5405.46@0.80470892} 181815 : { SELL 19503.24@0.8079342} 181814 : { SELL 19503.24@0.8079342} 
Sun Nov 30 05:56:02 EST 2014 , 4 , 2 , 2 , 181817 : { BUY 5405.46@0.80470892} 181816 : { BUY 5405.46@0.80470892} 181815 : { SELL 19503.24@0.8079342} 181814 : { SELL 19503.24@0.8079342} 
Sun Nov 30 05:59:03 EST 2014 , 4 , 2 , 2 , 181817 : { BUY 5405.46@0.80470892} 181816 : { BUY 5405.46@0.80470892} 181815 : { SELL 19503.24@0.8079342} 181814 : { SELL 19503.24@0.8079342} 
Sun Nov 30 06:02:04 EST 2014 , 4 , 2 , 2 , 181817 : { BUY 5405.46@0.80470892} 181816 : { BUY 5405.46@0.80470892} 181815 : { SELL 19503.24@0.8079342} 181814 : { SELL 19503.24@0.8079342} 
Sun Nov 30 06:05:05 EST 2014 , 4 , 2 , 2 , 181817 : { BUY 5405.46@0.80470892} 181816 : { BUY 5405.46@0.80470892} 181815 : { SELL 19503.24@0.8079342} 181814 : { SELL 19503.24@0.8079342} 
Sun Nov 30 06:08:06 EST 2014 , 4 , 2 , 2 , 181817 : { BUY 5405.46@0.80470892} 181816 : { BUY 5405.46@0.80470892} 181815 : { SELL 19503.24@0.8079342} 181814 : { SELL 19503.24@0.8079342} 
Sun Nov 30 06:11:07 EST 2014 , 4 , 2 , 2 , 181817 : { BUY 5405.46@0.80470892} 181816 : { BUY 5405.46@0.80470892} 181815 : { SELL 19503.24@0.8079342} 181814 : { SELL 19503.24@0.8079342} 
Sun Nov 30 06:14:08 EST 2014 , 4 , 2 , 2 , 181817 : { BUY 5405.46@0.80470892} 181816 : { BUY 5405.46@0.80470892} 181815 : { SELL 19503.24@0.8079342} 181814 : { SELL 19503.24@0.8079342} 
Sun Nov 30 06:17:09 EST 2014 , 4 , 2 , 2 , 181817 : { BUY 5405.46@0.80470892} 181816 : { BUY 5405.46@0.80470892} 181815 : { SELL 19503.24@0.8079342} 181814 : { SELL 19503.24@0.8079342} 
Sun Nov 30 06:20:10 EST 2014 , 4 , 2 , 2 , 181817 : { BUY 5405.46@0.80470892} 181816 : { BUY 5405.46@0.80470892} 181815 : { SELL 19503.24@0.8079342} 181814 : { SELL 19503.24@0.8079342} 
Sun Nov 30 06:23:11 EST 2014 , 4 , 2 , 2 , 181817 : { BUY 5405.46@0.80470892} 181816 : { BUY 5405.46@0.80470892} 181815 : { SELL 19503.24@0.8079342} 181814 : { SELL 19503.24@0.8079342} 
Sun Nov 30 06:26:12 EST 2014 , 4 , 2 , 2 , 181817 : { BUY 5405.46@0.80470892} 181816 : { BUY 5405.46@0.80470892} 181815 : { SELL 19503.24@0.8079342} 181814 : { SELL 19503.24@0.8079342} 
Sun Nov 30 06:29:13 EST 2014 , 4 , 2 , 2 , 181817 : { BUY 5405.46@0.80470892} 181816 : { BUY 5405.46@0.80470892} 181815 : { SELL 19503.24@0.8079342} 181814 : { SELL 19503.24@0.8079342} 
Sun Nov 30 06:32:14 EST 2014 , 4 , 2 , 2 , 181817 : { BUY 5405.46@0.80470892} 181816 : { BUY 5405.46@0.80470892} 181815 : { SELL 19503.24@0.8079342} 181814 : { SELL 19503.24@0.8079342} 
Sun Nov 30 06:35:15 EST 2014 , 4 , 2 , 2 , 181817 : { BUY 5405.46@0.80470892} 181816 : { BUY 5405.46@0.80470892} 181815 : { SELL 19503.24@0.8079342} 181814 : { SELL 19503.24@0.8079342} 
Sun Nov 30 06:38:16 EST 2014 , 4 , 2 , 2 , 181817 : { BUY 5405.46@0.80470892} 181816 : { BUY 5405.46@0.80470892} 181815 : { SELL 19503.24@0.8079342} 181814 : { SELL 19503.24@0.8079342} 
Sun Nov 30 06:41:17 EST 2014 , 4 , 2 , 2 , 181817 : { BUY 5405.46@0.80470892} 181816 : { BUY 5405.46@0.80470892} 181815 : { SELL 19503.24@0.8079342} 181814 : { SELL 19503.24@0.8079342} 
Sun Nov 30 06:44:18 EST 2014 , 4 , 2 , 2 , 181817 : { BUY 5405.46@0.80470892} 181816 : { BUY 5405.46@0.80470892} 181815 : { SELL 19503.24@0.8079342} 181814 : { SELL 19503.24@0.8079342} 
Sun Nov 30 06:47:19 EST 2014 , 4 , 2 , 2 , 181817 : { BUY 5405.46@0.80470892} 181816 : { BUY 5405.46@0.80470892} 181815 : { SELL 19503.24@0.8079342} 181814 : { SELL 19503.24@0.8079342} 
Sun Nov 30 06:50:20 EST 2014 , 4 , 2 , 2 , 181817 : { BUY 5405.46@0.80470892} 181816 : { BUY 5405.46@0.80470892} 181815 : { SELL 19503.24@0.8079342} 181814 : { SELL 19503.24@0.8079342} 
Sun Nov 30 06:53:21 EST 2014 , 4 , 2 , 2 , 181817 : { BUY 5405.46@0.80470892} 181816 : { BUY 5405.46@0.80470892} 181815 : { SELL 19503.24@0.8079342} 181814 : { SELL 19503.24@0.8079342} 
Sun Nov 30 06:56:22 EST 2014 , 4 , 2 , 2 , 181817 : { BUY 5405.46@0.80470892} 181816 : { BUY 5405.46@0.80470892} 181815 : { SELL 19503.24@0.8079342} 181814 : { SELL 19503.24@0.8079342} 
Sun Nov 30 06:59:23 EST 2014 , 4 , 2 , 2 , 181817 : { BUY 5405.46@0.80470892} 181816 : { BUY 5405.46@0.80470892} 181815 : { SELL 19503.24@0.8079342} 181814 : { SELL 19503.24@0.8079342} 
Sun Nov 30 07:02:24 EST 2014 , 4 , 2 , 2 , 181817 : { BUY 5405.46@0.80470892} 181816 : { BUY 5405.46@0.80470892} 181815 : { SELL 19503.24@0.8079342} 181814 : { SELL 19503.24@0.8079342} 
Sun Nov 30 07:05:25 EST 2014 , 4 , 2 , 2 , 181817 : { BUY 5405.46@0.80470892} 181816 : { BUY 5405.46@0.80470892} 181815 : { SELL 19503.24@0.8079342} 181814 : { SELL 19503.24@0.8079342} 
Sun Nov 30 07:08:26 EST 2014 , 4 , 2 , 2 , 181817 : { BUY 5405.46@0.80470892} 181816 : { BUY 5405.46@0.80470892} 181815 : { SELL 19503.24@0.8079342} 181814 : { SELL 19503.24@0.8079342} 
Sun Nov 30 07:11:27 EST 2014 , 4 , 2 , 2 , 181817 : { BUY 5405.46@0.80470892} 181816 : { BUY 5405.46@0.80470892} 181815 : { SELL 19503.24@0.8079342} 181814 : { SELL 19503.24@0.8079342} 
Sun Nov 30 07:14:29 EST 2014 , 4 , 2 , 2 , 181817 : { BUY 5405.46@0.80470892} 181816 : { BUY 5405.46@0.80470892} 181815 : { SELL 19503.24@0.8079342} 181814 : { SELL 19503.24@0.8079342} 
Sun Nov 30 07:17:29 EST 2014 , 4 , 2 , 2 , 181817 : { BUY 5405.46@0.80470892} 181816 : { BUY 5405.46@0.80470892} 181815 : { SELL 19503.24@0.8079342} 181814 : { SELL 19503.24@0.8079342} 
Sun Nov 30 07:20:30 EST 2014 , 4 , 2 , 2 , 181817 : { BUY 5405.46@0.80470892} 181816 : { BUY 5405.46@0.80470892} 181815 : { SELL 19503.24@0.8079342} 181814 : { SELL 19503.24@0.8079342} 
Sun Nov 30 07:23:31 EST 2014 , 4 , 2 , 2 , 181817 : { BUY 5405.46@0.80470892} 181816 : { BUY 5405.46@0.80470892} 181815 : { SELL 19503.24@0.8079342} 181814 : { SELL 19503.24@0.8079342} 
Sun Nov 30 07:26:32 EST 2014 , 4 , 2 , 2 , 181817 : { BUY 5405.46@0.80470892} 181816 : { BUY 5405.46@0.80470892} 181815 : { SELL 19503.24@0.8079342} 181814 : { SELL 19503.24@0.8079342} 
Sun Nov 30 07:29:33 EST 2014 , 4 , 2 , 2 , 181817 : { BUY 5405.46@0.80470892} 181816 : { BUY 5405.46@0.80470892} 181815 : { SELL 19503.24@0.8079342} 181814 : { SELL 19503.24@0.8079342} 
Sun Nov 30 07:32:34 EST 2014 , 4 , 2 , 2 , 181817 : { BUY 5405.46@0.80470892} 181816 : { BUY 5405.46@0.80470892} 181815 : { SELL 19503.24@0.8079342} 181814 : { SELL 19503.24@0.8079342} 
Sun Nov 30 07:35:35 EST 2014 , 4 , 2 , 2 , 181817 : { BUY 5405.46@0.80470892} 181816 : { BUY 5405.46@0.80470892} 181815 : { SELL 19503.24@0.8079342} 181814 : { SELL 19503.24@0.8079342} 
Sun Nov 30 07:38:36 EST 2014 , 4 , 2 , 2 , 181817 : { BUY 5405.46@0.80470892} 181816 : { BUY 5405.46@0.80470892} 181815 : { SELL 19503.24@0.8079342} 181814 : { SELL 19503.24@0.8079342} 
Sun Nov 30 07:41:37 EST 2014 , 4 , 2 , 2 , 181817 : { BUY 5405.46@0.80470892} 181816 : { BUY 5405.46@0.80470892} 181815 : { SELL 19503.24@0.8079342} 181814 : { SELL 19503.24@0.8079342} 
Sun Nov 30 07:44:39 EST 2014 , 4 , 2 , 2 , 181817 : { BUY 5405.46@0.80470892} 181816 : { BUY 5405.46@0.80470892} 181815 : { SELL 19503.24@0.8079342} 181814 : { SELL 19503.24@0.8079342} 
Sun Nov 30 07:47:39 EST 2014 , 4 , 2 , 2 , 181817 : { BUY 5405.46@0.80470892} 181816 : { BUY 5405.46@0.80470892} 181815 : { SELL 19503.24@0.8079342} 181814 : { SELL 19503.24@0.8079342} 
Sun Nov 30 07:50:40 EST 2014 , 4 , 2 , 2 , 181817 : { BUY 5405.46@0.80470892} 181816 : { BUY 5405.46@0.80470892} 181815 : { SELL 19503.24@0.8079342} 181814 : { SELL 19503.24@0.8079342} 
Sun Nov 30 07:53:41 EST 2014 , 4 , 2 , 2 , 181817 : { BUY 5405.46@0.80470892} 181816 : { BUY 5405.46@0.80470892} 181815 : { SELL 19503.24@0.8079342} 181814 : { SELL 19503.24@0.8079342} 
Sun Nov 30 07:56:42 EST 2014 , 4 , 2 , 2 , 181817 : { BUY 5405.46@0.80470892} 181816 : { BUY 5405.46@0.80470892} 181815 : { SELL 19503.24@0.8079342} 181814 : { SELL 19503.24@0.8079342} 
Sun Nov 30 07:59:43 EST 2014 , 4 , 2 , 2 , 181817 : { BUY 5405.46@0.80470892} 181816 : { BUY 5405.46@0.80470892} 181815 : { SELL 19503.24@0.8079342} 181814 : { SELL 19503.24@0.8079342} 
Sun Nov 30 08:02:44 EST 2014 , 4 , 2 , 2 , 181817 : { BUY 5405.46@0.80470892} 181816 : { BUY 5405.46@0.80470892} 181815 : { SELL 19503.24@0.8079342} 181814 : { SELL 19503.24@0.8079342} 
Sun Nov 30 08:05:45 EST 2014 , 4 , 2 , 2 , 181817 : { BUY 5405.46@0.80470892} 181816 : { BUY 5405.46@0.80470892} 181815 : { SELL 19503.24@0.8079342} 181814 : { SELL 19503.24@0.8079342} 
Sun Nov 30 08:08:46 EST 2014 , 4 , 2 , 2 , 181817 : { BUY 5405.46@0.80470892} 181816 : { BUY 5405.46@0.80470892} 181815 : { SELL 19503.24@0.8079342} 181814 : { SELL 19503.24@0.8079342} 
Sun Nov 30 08:11:47 EST 2014 , 4 , 2 , 2 , 181817 : { BUY 5405.46@0.80470892} 181816 : { BUY 5405.46@0.80470892} 181815 : { SELL 19503.24@0.8079342} 181814 : { SELL 19503.24@0.8079342} 
Sun Nov 30 08:14:48 EST 2014 , 4 , 2 , 2 , 181817 : { BUY 5405.46@0.80470892} 181816 : { BUY 5405.46@0.80470892} 181815 : { SELL 19503.24@0.8079342} 181814 : { SELL 19503.24@0.8079342} 
Sun Nov 30 08:17:49 EST 2014 , 4 , 2 , 2 , 181817 : { BUY 5405.46@0.80470892} 181816 : { BUY 5405.46@0.80470892} 181815 : { SELL 19503.24@0.8079342} 181814 : { SELL 19503.24@0.8079342} 
Sun Nov 30 08:20:50 EST 2014 , 4 , 2 , 2 , 181817 : { BUY 5405.46@0.80470892} 181816 : { BUY 5405.46@0.80470892} 181815 : { SELL 19503.24@0.8079342} 181814 : { SELL 19503.24@0.8079342} 
Sun Nov 30 08:23:51 EST 2014 , 4 , 2 , 2 , 181817 : { BUY 5405.46@0.80470892} 181816 : { BUY 5405.46@0.80470892} 181815 : { SELL 19503.24@0.8079342} 181814 : { SELL 19503.24@0.8079342} 
Sun Nov 30 08:26:52 EST 2014 , 4 , 2 , 2 , 181817 : { BUY 5405.46@0.80470892} 181816 : { BUY 5405.46@0.80470892} 181815 : { SELL 19503.24@0.8079342} 181814 : { SELL 19503.24@0.8079342} 
Sun Nov 30 08:29:53 EST 2014 , 4 , 2 , 2 , 181817 : { BUY 5405.46@0.80470892} 181816 : { BUY 5405.46@0.80470892} 181815 : { SELL 19503.24@0.8079342} 181814 : { SELL 19503.24@0.8079342} 
Sun Nov 30 08:32:54 EST 2014 , 4 , 2 , 2 , 181817 : { BUY 5405.46@0.80470892} 181816 : { BUY 5405.46@0.80470892} 181815 : { SELL 19503.24@0.8079342} 181814 : { SELL 19503.24@0.8079342} 
Sun Nov 30 08:35:55 EST 2014 , 4 , 2 , 2 , 181817 : { BUY 5405.46@0.80470892} 181816 : { BUY 5405.46@0.80470892} 181815 : { SELL 19503.24@0.8079342} 181814 : { SELL 19503.24@0.8079342} 
Sun Nov 30 08:38:56 EST 2014 , 4 , 2 , 2 , 181817 : { BUY 5405.46@0.80470892} 181816 : { BUY 5405.46@0.80470892} 181815 : { SELL 19503.24@0.8079342} 181814 : { SELL 19503.24@0.8079342} 
Sun Nov 30 08:41:57 EST 2014 , 4 , 2 , 2 , 181817 : { BUY 5405.46@0.80470892} 181816 : { BUY 5405.46@0.80470892} 181815 : { SELL 19503.24@0.8079342} 181814 : { SELL 19503.24@0.8079342} 
Sun Nov 30 08:44:58 EST 2014 , 4 , 2 , 2 , 181817 : { BUY 5405.46@0.80470892} 181816 : { BUY 5405.46@0.80470892} 181815 : { SELL 19503.24@0.8079342} 181814 : { SELL 19503.24@0.8079342} 
Sun Nov 30 08:47:59 EST 2014 , 4 , 2 , 2 , 181817 : { BUY 5405.46@0.80470892} 181816 : { BUY 5405.46@0.80470892} 181815 : { SELL 19503.24@0.8079342} 181814 : { SELL 19503.24@0.8079342} 
Sun Nov 30 08:51:01 EST 2014 , 4 , 2 , 2 , 181817 : { BUY 5405.46@0.80470892} 181816 : { BUY 5405.46@0.80470892} 181815 : { SELL 19503.24@0.8079342} 181814 : { SELL 19503.24@0.8079342} 
Sun Nov 30 08:54:01 EST 2014 , 4 , 2 , 2 , 181817 : { BUY 5405.46@0.80470892} 181816 : { BUY 5405.46@0.80470892} 181815 : { SELL 19503.24@0.8079342} 181814 : { SELL 19503.24@0.8079342} 
Sun Nov 30 08:57:02 EST 2014 , 4 , 2 , 2 , 181817 : { BUY 5405.46@0.80470892} 181816 : { BUY 5405.46@0.80470892} 181815 : { SELL 19503.24@0.8079342} 181814 : { SELL 19503.24@0.8079342} 
Sun Nov 30 09:00:03 EST 2014 , 4 , 2 , 2 , 181817 : { BUY 5405.46@0.80470892} 181816 : { BUY 5405.46@0.80470892} 181815 : { SELL 19503.24@0.8079342} 181814 : { SELL 19503.24@0.8079342} 
Sun Nov 30 09:03:04 EST 2014 , 4 , 2 , 2 , 181817 : { BUY 5405.46@0.80470892} 181816 : { BUY 5405.46@0.80470892} 181815 : { SELL 19503.24@0.8079342} 181814 : { SELL 19503.24@0.8079342} 
Sun Nov 30 09:06:05 EST 2014 , 4 , 2 , 2 , 181817 : { BUY 5405.46@0.80470892} 181816 : { BUY 5405.46@0.80470892} 181815 : { SELL 19503.24@0.8079342} 181814 : { SELL 19503.24@0.8079342} 
Sun Nov 30 09:09:06 EST 2014 , 4 , 2 , 2 , 181817 : { BUY 5405.46@0.80470892} 181816 : { BUY 5405.46@0.80470892} 181815 : { SELL 19503.24@0.8079342} 181814 : { SELL 19503.24@0.8079342} 
Sun Nov 30 09:12:07 EST 2014 , 4 , 2 , 2 , 181817 : { BUY 5405.46@0.80470892} 181816 : { BUY 5405.46@0.80470892} 181815 : { SELL 19503.24@0.8079342} 181814 : { SELL 19503.24@0.8079342} 
Sun Nov 30 09:15:08 EST 2014 , 4 , 2 , 2 , 181817 : { BUY 5405.46@0.80470892} 181816 : { BUY 5405.46@0.80470892} 181815 : { SELL 19503.24@0.8079342} 181814 : { SELL 19503.24@0.8079342} 
Sun Nov 30 09:18:09 EST 2014 , 4 , 2 , 2 , 181817 : { BUY 5405.46@0.80470892} 181816 : { BUY 5405.46@0.80470892} 181815 : { SELL 19503.24@0.8079342} 181814 : { SELL 19503.24@0.8079342} 
Sun Nov 30 09:21:10 EST 2014 , 4 , 2 , 2 , 181817 : { BUY 5405.46@0.80470892} 181816 : { BUY 5405.46@0.80470892} 181815 : { SELL 19503.24@0.8079342} 181814 : { SELL 19503.24@0.8079342} 
Sun Nov 30 09:24:11 EST 2014 , 4 , 2 , 2 , 181817 : { BUY 5405.46@0.80470892} 181816 : { BUY 5405.46@0.80470892} 181815 : { SELL 19503.24@0.8079342} 181814 : { SELL 19503.24@0.8079342} 
Sun Nov 30 09:27:12 EST 2014 , 4 , 2 , 2 , 181817 : { BUY 5405.46@0.80470892} 181816 : { BUY 5405.46@0.80470892} 181815 : { SELL 19503.24@0.8079342} 181814 : { SELL 19503.24@0.8079342} 
Sun Nov 30 09:30:13 EST 2014 , 4 , 2 , 2 , 181817 : { BUY 5405.46@0.80470892} 181816 : { BUY 5405.46@0.80470892} 181815 : { SELL 19503.24@0.8079342} 181814 : { SELL 19503.24@0.8079342} 
Sun Nov 30 09:33:15 EST 2014 , 4 , 2 , 2 , 181817 : { BUY 5405.46@0.80470892} 181816 : { BUY 5405.46@0.80470892} 181815 : { SELL 19503.24@0.8079342} 181814 : { SELL 19503.24@0.8079342} 
Sun Nov 30 09:36:15 EST 2014 , 4 , 2 , 2 , 181817 : { BUY 5405.46@0.80470892} 181816 : { BUY 5405.46@0.80470892} 181815 : { SELL 19503.24@0.8079342} 181814 : { SELL 19503.24@0.8079342} 
Sun Nov 30 09:39:16 EST 2014 , 4 , 2 , 2 , 181817 : { BUY 5405.46@0.80470892} 181816 : { BUY 5405.46@0.80470892} 181815 : { SELL 19503.24@0.8079342} 181814 : { SELL 19503.24@0.8079342} 
Sun Nov 30 09:42:17 EST 2014 , 4 , 2 , 2 , 181817 : { BUY 5405.46@0.80470892} 181816 : { BUY 5405.46@0.80470892} 181815 : { SELL 19503.24@0.8079342} 181814 : { SELL 19503.24@0.8079342} 
Sun Nov 30 09:45:18 EST 2014 , 4 , 2 , 2 , 181817 : { BUY 5405.46@0.80470892} 181816 : { BUY 5405.46@0.80470892} 181815 : { SELL 19503.24@0.8079342} 181814 : { SELL 19503.24@0.8079342} 
Sun Nov 30 09:48:20 EST 2014 , 4 , 2 , 2 , 181817 : { BUY 5405.46@0.80470892} 181816 : { BUY 5405.46@0.80470892} 181815 : { SELL 19503.24@0.8079342} 181814 : { SELL 19503.24@0.8079342} 
Sun Nov 30 09:51:20 EST 2014 , 4 , 2 , 2 , 181817 : { BUY 5405.46@0.80470892} 181816 : { BUY 5405.46@0.80470892} 181815 : { SELL 19503.24@0.8079342} 181814 : { SELL 19503.24@0.8079342} 
Sun Nov 30 09:54:21 EST 2014 , 4 , 2 , 2 , 181817 : { BUY 5405.46@0.80470892} 181816 : { BUY 5405.46@0.80470892} 181815 : { SELL 19503.24@0.8079342} 181814 : { SELL 19503.24@0.8079342} 
Sun Nov 30 09:57:22 EST 2014 , 4 , 2 , 2 , 181817 : { BUY 5405.46@0.80470892} 181816 : { BUY 5405.46@0.80470892} 181815 : { SELL 19503.24@0.8079342} 181814 : { SELL 19503.24@0.8079342} 
Sun Nov 30 10:00:23 EST 2014 , 4 , 2 , 2 , 181817 : { BUY 5405.46@0.80470892} 181816 : { BUY 5405.46@0.80470892} 181815 : { SELL 19503.24@0.8079342} 181814 : { SELL 19503.24@0.8079342} 
Sun Nov 30 10:03:24 EST 2014 , 4 , 2 , 2 , 181817 : { BUY 5405.46@0.80470892} 181816 : { BUY 5405.46@0.80470892} 181815 : { SELL 19503.24@0.8079342} 181814 : { SELL 19503.24@0.8079342} 
Sun Nov 30 10:06:25 EST 2014 , 4 , 2 , 2 , 181817 : { BUY 5405.46@0.80470892} 181816 : { BUY 5405.46@0.80470892} 181815 : { SELL 19503.24@0.8079342} 181814 : { SELL 19503.24@0.8079342} 
Sun Nov 30 10:09:26 EST 2014 , 4 , 2 , 2 , 181817 : { BUY 5405.46@0.80470892} 181816 : { BUY 5405.46@0.80470892} 181815 : { SELL 19503.24@0.8079342} 181814 : { SELL 19503.24@0.8079342} 
Sun Nov 30 10:12:27 EST 2014 , 4 , 2 , 2 , 181817 : { BUY 5405.46@0.80470892} 181816 : { BUY 5405.46@0.80470892} 181815 : { SELL 19503.24@0.8079342} 181814 : { SELL 19503.24@0.8079342} 
Sun Nov 30 10:15:28 EST 2014 , 4 , 2 , 2 , 181817 : { BUY 5405.46@0.80470892} 181816 : { BUY 5405.46@0.80470892} 181815 : { SELL 19503.24@0.8079342} 181814 : { SELL 19503.24@0.8079342} 
Sun Nov 30 10:18:29 EST 2014 , 4 , 2 , 2 , 181817 : { BUY 5405.46@0.80470892} 181816 : { BUY 5405.46@0.80470892} 181815 : { SELL 19503.24@0.8079342} 181814 : { SELL 19503.24@0.8079342} 
Sun Nov 30 10:21:30 EST 2014 , 4 , 2 , 2 , 181817 : { BUY 5405.46@0.80470892} 181816 : { BUY 5405.46@0.80470892} 181815 : { SELL 19503.24@0.8079342} 181814 : { SELL 19503.24@0.8079342} 
Sun Nov 30 10:24:31 EST 2014 , 4 , 2 , 2 , 181817 : { BUY 5405.46@0.80470892} 181816 : { BUY 5405.46@0.80470892} 181815 : { SELL 19503.24@0.8079342} 181814 : { SELL 19503.24@0.8079342} 
Sun Nov 30 10:27:32 EST 2014 , 4 , 2 , 2 , 181817 : { BUY 5405.46@0.80470892} 181816 : { BUY 5405.46@0.80470892} 181815 : { SELL 19503.24@0.8079342} 181814 : { SELL 19503.24@0.8079342} 
Sun Nov 30 10:30:33 EST 2014 , 4 , 2 , 2 , 181817 : { BUY 5405.46@0.80470892} 181816 : { BUY 5405.46@0.80470892} 181815 : { SELL 19503.24@0.8079342} 181814 : { SELL 19503.24@0.8079342} 
Sun Nov 30 10:33:35 EST 2014 , 4 , 2 , 2 , 181817 : { BUY 5405.46@0.80470892} 181816 : { BUY 5405.46@0.80470892} 181815 : { SELL 19503.24@0.8079342} 181814 : { SELL 19503.24@0.8079342} 
Sun Nov 30 10:36:35 EST 2014 , 4 , 2 , 2 , 181817 : { BUY 5405.46@0.80470892} 181816 : { BUY 5405.46@0.80470892} 181815 : { SELL 19503.24@0.8079342} 181814 : { SELL 19503.24@0.8079342} 
Sun Nov 30 10:39:36 EST 2014 , 4 , 2 , 2 , 181817 : { BUY 5405.46@0.80470892} 181816 : { BUY 5405.46@0.80470892} 181815 : { SELL 19503.24@0.8079342} 181814 : { SELL 19503.24@0.8079342} 
Sun Nov 30 10:42:37 EST 2014 , 4 , 2 , 2 , 181817 : { BUY 5405.46@0.80470892} 181816 : { BUY 5405.46@0.80470892} 181815 : { SELL 19503.24@0.8079342} 181814 : { SELL 19503.24@0.8079342} 
Sun Nov 30 10:45:38 EST 2014 , 4 , 2 , 2 , 181817 : { BUY 5405.46@0.80470892} 181816 : { BUY 5405.46@0.80470892} 181815 : { SELL 19503.24@0.8079342} 181814 : { SELL 19503.24@0.8079342} 
Sun Nov 30 10:48:39 EST 2014 , 4 , 2 , 2 , 181817 : { BUY 5405.46@0.80470892} 181816 : { BUY 5405.46@0.80470892} 181815 : { SELL 19503.24@0.8079342} 181814 : { SELL 19503.24@0.8079342} 
Sun Nov 30 10:51:41 EST 2014 , 4 , 2 , 2 , 181817 : { BUY 5405.46@0.80470892} 181816 : { BUY 5405.46@0.80470892} 181815 : { SELL 19503.24@0.8079342} 181814 : { SELL 19503.24@0.8079342} 
Sun Nov 30 10:54:41 EST 2014 , 4 , 2 , 2 , 181817 : { BUY 5405.46@0.80470892} 181816 : { BUY 5405.46@0.80470892} 181815 : { SELL 19503.24@0.8079342} 181814 : { SELL 19503.24@0.8079342} 
Sun Nov 30 10:57:42 EST 2014 , 4 , 2 , 2 , 181817 : { BUY 5405.46@0.80470892} 181816 : { BUY 5405.46@0.80470892} 181815 : { SELL 19503.24@0.8079342} 181814 : { SELL 19503.24@0.8079342} 
Sun Nov 30 11:00:43 EST 2014 , 4 , 2 , 2 , 181817 : { BUY 5405.46@0.80470892} 181816 : { BUY 5405.46@0.80470892} 181815 : { SELL 19503.24@0.8079342} 181814 : { SELL 19503.24@0.8079342} 
Sun Nov 30 11:03:44 EST 2014 , 4 , 2 , 2 , 181817 : { BUY 5405.46@0.80470892} 181816 : { BUY 5405.46@0.80470892} 181815 : { SELL 19503.24@0.8079342} 181814 : { SELL 19503.24@0.8079342} 
Sun Nov 30 11:06:45 EST 2014 , 4 , 2 , 2 , 181817 : { BUY 5405.46@0.80470892} 181816 : { BUY 5405.46@0.80470892} 181815 : { SELL 19503.24@0.8079342} 181814 : { SELL 19503.24@0.8079342} 
Sun Nov 30 11:09:46 EST 2014 , 4 , 2 , 2 , 181817 : { BUY 5405.46@0.80470892} 181816 : { BUY 5405.46@0.80470892} 181815 : { SELL 19503.24@0.8079342} 181814 : { SELL 19503.24@0.8079342} 
Sun Nov 30 11:12:47 EST 2014 , 4 , 2 , 2 , 181817 : { BUY 5405.46@0.80470892} 181816 : { BUY 5405.46@0.80470892} 181815 : { SELL 19503.24@0.8079342} 181814 : { SELL 19503.24@0.8079342} 
Sun Nov 30 11:15:48 EST 2014 , 4 , 2 , 2 , 181817 : { BUY 5405.46@0.80470892} 181816 : { BUY 5405.46@0.80470892} 181815 : { SELL 19503.24@0.8079342} 181814 : { SELL 19503.24@0.8079342} 
Sun Nov 30 11:18:49 EST 2014 , 4 , 2 , 2 , 181817 : { BUY 5405.46@0.80470892} 181816 : { BUY 5405.46@0.80470892} 181815 : { SELL 19503.24@0.8079342} 181814 : { SELL 19503.24@0.8079342} 
Sun Nov 30 11:21:50 EST 2014 , 4 , 2 , 2 , 181817 : { BUY 5405.46@0.80470892} 181816 : { BUY 5405.46@0.80470892} 181815 : { SELL 19503.24@0.8079342} 181814 : { SELL 19503.24@0.8079342} 
Sun Nov 30 11:24:51 EST 2014 , 4 , 2 , 2 , 181817 : { BUY 5405.46@0.80470892} 181816 : { BUY 5405.46@0.80470892} 181815 : { SELL 19503.24@0.8079342} 181814 : { SELL 19503.24@0.8079342} 
Sun Nov 30 11:27:52 EST 2014 , 4 , 2 , 2 , 181817 : { BUY 5405.46@0.80470892} 181816 : { BUY 5405.46@0.80470892} 181815 : { SELL 19503.24@0.8079342} 181814 : { SELL 19503.24@0.8079342} 
Sun Nov 30 11:30:53 EST 2014 , 4 , 2 , 2 , 181817 : { BUY 5405.46@0.80470892} 181816 : { BUY 5405.46@0.80470892} 181815 : { SELL 19503.24@0.8079342} 181814 : { SELL 19503.24@0.8079342} 
Sun Nov 30 11:33:54 EST 2014 , 4 , 2 , 2 , 181817 : { BUY 5405.46@0.80470892} 181816 : { BUY 5405.46@0.80470892} 181815 : { SELL 19503.24@0.8079342} 181814 : { SELL 19503.24@0.8079342} 
Sun Nov 30 11:36:55 EST 2014 , 4 , 2 , 2 , 181817 : { BUY 5405.46@0.80470892} 181816 : { BUY 5405.46@0.80470892} 181815 : { SELL 19503.24@0.8079342} 181814 : { SELL 19503.24@0.8079342} 
Sun Nov 30 11:39:56 EST 2014 , 4 , 2 , 2 , 181817 : { BUY 5405.46@0.80470892} 181816 : { BUY 5405.46@0.80470892} 181815 : { SELL 19503.24@0.8079342} 181814 : { SELL 19503.24@0.8079342} 
Sun Nov 30 11:42:57 EST 2014 , 4 , 2 , 2 , 181817 : { BUY 5405.46@0.80470892} 181816 : { BUY 5405.46@0.80470892} 181815 : { SELL 19503.24@0.8079342} 181814 : { SELL 19503.24@0.8079342} 
Sun Nov 30 11:45:59 EST 2014 , 4 , 2 , 2 , 181817 : { BUY 5405.46@0.80470892} 181816 : { BUY 5405.46@0.80470892} 181815 : { SELL 19503.24@0.8079342} 181814 : { SELL 19503.24@0.8079342} 
Sun Nov 30 11:49:00 EST 2014 , 4 , 2 , 2 , 181817 : { BUY 5405.46@0.80470892} 181816 : { BUY 5405.46@0.80470892} 181815 : { SELL 19503.24@0.8079342} 181814 : { SELL 19503.24@0.8079342} 
Sun Nov 30 11:52:00 EST 2014 , 4 , 2 , 2 , 181817 : { BUY 5405.46@0.80470892} 181816 : { BUY 5405.46@0.80470892} 181815 : { SELL 19503.24@0.8079342} 181814 : { SELL 19503.24@0.8079342} 
Sun Nov 30 11:55:01 EST 2014 , 4 , 2 , 2 , 181817 : { BUY 5405.46@0.80470892} 181816 : { BUY 5405.46@0.80470892} 181815 : { SELL 19503.24@0.8079342} 181814 : { SELL 19503.24@0.8079342} 
Sun Nov 30 11:58:02 EST 2014 , 4 , 2 , 2 , 181817 : { BUY 5405.46@0.80470892} 181816 : { BUY 5405.46@0.80470892} 181815 : { SELL 19503.24@0.8079342} 181814 : { SELL 19503.24@0.8079342} 
Sun Nov 30 12:01:03 EST 2014 , 4 , 2 , 2 , 181817 : { BUY 5405.46@0.80470892} 181816 : { BUY 5405.46@0.80470892} 181815 : { SELL 19503.24@0.8079342} 181814 : { SELL 19503.24@0.8079342} 
Sun Nov 30 12:04:04 EST 2014 , 4 , 2 , 2 , 181817 : { BUY 5405.46@0.80470892} 181816 : { BUY 5405.46@0.80470892} 181815 : { SELL 19503.24@0.8079342} 181814 : { SELL 19503.24@0.8079342} 
Sun Nov 30 12:07:05 EST 2014 , 4 , 2 , 2 , 181817 : { BUY 5405.46@0.80470892} 181816 : { BUY 5405.46@0.80470892} 181815 : { SELL 19503.24@0.8079342} 181814 : { SELL 19503.24@0.8079342} 
Sun Nov 30 12:10:06 EST 2014 , 4 , 2 , 2 , 181817 : { BUY 5405.46@0.80470892} 181816 : { BUY 5405.46@0.80470892} 181815 : { SELL 19503.24@0.8079342} 181814 : { SELL 19503.24@0.8079342} 
Sun Nov 30 12:13:07 EST 2014 , 4 , 2 , 2 , 181817 : { BUY 5405.46@0.80470892} 181816 : { BUY 5405.46@0.80470892} 181815 : { SELL 19503.24@0.8079342} 181814 : { SELL 19503.24@0.8079342} 
Sun Nov 30 12:16:08 EST 2014 , 4 , 2 , 2 , 181817 : { BUY 5405.46@0.80470892} 181816 : { BUY 5405.46@0.80470892} 181815 : { SELL 19503.24@0.8079342} 181814 : { SELL 19503.24@0.8079342} 
Sun Nov 30 12:19:09 EST 2014 , 4 , 2 , 2 , 181817 : { BUY 5405.46@0.80470892} 181816 : { BUY 5405.46@0.80470892} 181815 : { SELL 19503.24@0.8079342} 181814 : { SELL 19503.24@0.8079342} 
Sun Nov 30 12:22:10 EST 2014 , 4 , 2 , 2 , 181817 : { BUY 5405.46@0.80470892} 181816 : { BUY 5405.46@0.80470892} 181815 : { SELL 19503.24@0.8079342} 181814 : { SELL 19503.24@0.8079342} 
Sun Nov 30 12:25:11 EST 2014 , 4 , 2 , 2 , 181817 : { BUY 5405.46@0.80470892} 181816 : { BUY 5405.46@0.80470892} 181815 : { SELL 19503.24@0.8079342} 181814 : { SELL 19503.24@0.8079342} 
Sun Nov 30 12:28:12 EST 2014 , 4 , 2 , 2 , 181817 : { BUY 5405.46@0.80470892} 181816 : { BUY 5405.46@0.80470892} 181815 : { SELL 19503.24@0.8079342} 181814 : { SELL 19503.24@0.8079342} 
Sun Nov 30 12:31:13 EST 2014 , 4 , 2 , 2 , 181817 : { BUY 5405.46@0.80470892} 181816 : { BUY 5405.46@0.80470892} 181815 : { SELL 19503.24@0.8079342} 181814 : { SELL 19503.24@0.8079342} 
Sun Nov 30 12:34:14 EST 2014 , 4 , 2 , 2 , 181817 : { BUY 5405.46@0.80470892} 181816 : { BUY 5405.46@0.80470892} 181815 : { SELL 19503.24@0.8079342} 181814 : { SELL 19503.24@0.8079342} 
Sun Nov 30 12:37:15 EST 2014 , 4 , 2 , 2 , 181817 : { BUY 5405.46@0.80470892} 181816 : { BUY 5405.46@0.80470892} 181815 : { SELL 19503.24@0.8079342} 181814 : { SELL 19503.24@0.8079342} 
Sun Nov 30 12:40:16 EST 2014 , 4 , 2 , 2 , 181817 : { BUY 5405.46@0.80470892} 181816 : { BUY 5405.46@0.80470892} 181815 : { SELL 19503.24@0.8079342} 181814 : { SELL 19503.24@0.8079342} 
Sun Nov 30 12:43:18 EST 2014 , 4 , 2 , 2 , 181817 : { BUY 5405.46@0.80470892} 181816 : { BUY 5405.46@0.80470892} 181815 : { SELL 19503.24@0.8079342} 181814 : { SELL 19503.24@0.8079342} 
Sun Nov 30 12:46:18 EST 2014 , 4 , 2 , 2 , 181817 : { BUY 5405.46@0.80470892} 181816 : { BUY 5405.46@0.80470892} 181815 : { SELL 19503.24@0.8079342} 181814 : { SELL 19503.24@0.8079342} 
Sun Nov 30 12:49:19 EST 2014 , 4 , 2 , 2 , 181817 : { BUY 5405.46@0.80470892} 181816 : { BUY 5405.46@0.80470892} 181815 : { SELL 19503.24@0.8079342} 181814 : { SELL 19503.24@0.8079342} 
Sun Nov 30 12:52:20 EST 2014 , 4 , 2 , 2 , 181817 : { BUY 5405.46@0.80470892} 181816 : { BUY 5405.46@0.80470892} 181815 : { SELL 19503.24@0.8079342} 181814 : { SELL 19503.24@0.8079342} 
Sun Nov 30 12:55:21 EST 2014 , 4 , 2 , 2 , 181817 : { BUY 5405.46@0.80470892} 181816 : { BUY 5405.46@0.80470892} 181815 : { SELL 19503.24@0.8079342} 181814 : { SELL 19503.24@0.8079342} 
Sun Nov 30 12:58:23 EST 2014 , 4 , 2 , 2 , 181817 : { BUY 5405.46@0.80470892} 181816 : { BUY 5405.46@0.80470892} 181815 : { SELL 19503.24@0.8079342} 181814 : { SELL 19503.24@0.8079342} 
Sun Nov 30 13:01:23 EST 2014 , 4 , 2 , 2 , 181817 : { BUY 5405.46@0.80470892} 181816 : { BUY 5405.46@0.80470892} 181815 : { SELL 19503.24@0.8079342} 181814 : { SELL 19503.24@0.8079342} 
Sun Nov 30 13:04:24 EST 2014 , 4 , 2 , 2 , 181817 : { BUY 5405.46@0.80470892} 181816 : { BUY 5405.46@0.80470892} 181815 : { SELL 19503.24@0.8079342} 181814 : { SELL 19503.24@0.8079342} 
Sun Nov 30 13:07:25 EST 2014 , 4 , 2 , 2 , 181817 : { BUY 5405.46@0.80470892} 181816 : { BUY 5405.46@0.80470892} 181815 : { SELL 19503.24@0.8079342} 181814 : { SELL 19503.24@0.8079342} 
Sun Nov 30 13:10:27 EST 2014 , 4 , 2 , 2 , 181817 : { BUY 5405.46@0.80470892} 181816 : { BUY 5405.46@0.80470892} 181815 : { SELL 19503.24@0.8079342} 181814 : { SELL 19503.24@0.8079342} 
Sun Nov 30 13:13:27 EST 2014 , 4 , 2 , 2 , 181817 : { BUY 5405.46@0.80470892} 181816 : { BUY 5405.46@0.80470892} 181815 : { SELL 19503.24@0.8079342} 181814 : { SELL 19503.24@0.8079342} 
Sun Nov 30 13:16:28 EST 2014 , 4 , 2 , 2 , 181817 : { BUY 5405.46@0.80470892} 181816 : { BUY 5405.46@0.80470892} 181815 : { SELL 19503.24@0.8079342} 181814 : { SELL 19503.24@0.8079342} 
Sun Nov 30 13:19:29 EST 2014 , 4 , 2 , 2 , 181817 : { BUY 5405.46@0.80470892} 181816 : { BUY 5405.46@0.80470892} 181815 : { SELL 19503.24@0.8079342} 181814 : { SELL 19503.24@0.8079342} 
Sun Nov 30 13:22:30 EST 2014 , 4 , 2 , 2 , 181817 : { BUY 5405.46@0.80470892} 181816 : { BUY 5405.46@0.80470892} 181815 : { SELL 19503.24@0.8079342} 181814 : { SELL 19503.24@0.8079342} 
Sun Nov 30 13:25:31 EST 2014 , 4 , 2 , 2 , 181817 : { BUY 5405.46@0.80470892} 181816 : { BUY 5405.46@0.80470892} 181815 : { SELL 19503.24@0.8079342} 181814 : { SELL 19503.24@0.8079342} 
Sun Nov 30 13:28:32 EST 2014 , 4 , 2 , 2 , 181817 : { BUY 5405.46@0.80470892} 181816 : { BUY 5405.46@0.80470892} 181815 : { SELL 19503.24@0.8079342} 181814 : { SELL 19503.24@0.8079342} 
Sun Nov 30 13:31:33 EST 2014 , 4 , 2 , 2 , 181817 : { BUY 5405.46@0.80470892} 181816 : { BUY 5405.46@0.80470892} 181815 : { SELL 19503.24@0.8079342} 181814 : { SELL 19503.24@0.8079342} 
Sun Nov 30 13:34:34 EST 2014 , 4 , 2 , 2 , 181817 : { BUY 5405.46@0.80470892} 181816 : { BUY 5405.46@0.80470892} 181815 : { SELL 19503.24@0.8079342} 181814 : { SELL 19503.24@0.8079342} 
Sun Nov 30 13:37:36 EST 2014 , 4 , 2 , 2 , 181817 : { BUY 5405.46@0.80470892} 181816 : { BUY 5405.46@0.80470892} 181815 : { SELL 19503.24@0.8079342} 181814 : { SELL 19503.24@0.8079342} 
Sun Nov 30 13:40:36 EST 2014 , 4 , 2 , 2 , 181817 : { BUY 5405.46@0.80470892} 181816 : { BUY 5405.46@0.80470892} 181815 : { SELL 19503.24@0.8079342} 181814 : { SELL 19503.24@0.8079342} 
Sun Nov 30 13:43:37 EST 2014 , 4 , 2 , 2 , 181817 : { BUY 5405.46@0.80470892} 181816 : { BUY 5405.46@0.80470892} 181815 : { SELL 19503.24@0.8079342} 181814 : { SELL 19503.24@0.8079342} 
Sun Nov 30 13:46:38 EST 2014 , 4 , 2 , 2 , 181817 : { BUY 5405.46@0.80470892} 181816 : { BUY 5405.46@0.80470892} 181815 : { SELL 19503.24@0.8079342} 181814 : { SELL 19503.24@0.8079342} 
Sun Nov 30 13:49:39 EST 2014 , 4 , 2 , 2 , 181817 : { BUY 5405.46@0.80470892} 181816 : { BUY 5405.46@0.80470892} 181815 : { SELL 19503.24@0.8079342} 181814 : { SELL 19503.24@0.8079342} 
Sun Nov 30 13:52:40 EST 2014 , 4 , 2 , 2 , 181817 : { BUY 5405.46@0.80470892} 181816 : { BUY 5405.46@0.80470892} 181815 : { SELL 19503.24@0.8079342} 181814 : { SELL 19503.24@0.8079342} 
Sun Nov 30 13:55:41 EST 2014 , 4 , 2 , 2 , 181817 : { BUY 5405.46@0.80470892} 181816 : { BUY 5405.46@0.80470892} 181815 : { SELL 19503.24@0.8079342} 181814 : { SELL 19503.24@0.8079342} 
Sun Nov 30 13:58:42 EST 2014 , 4 , 2 , 2 , 181817 : { BUY 5405.46@0.80470892} 181816 : { BUY 5405.46@0.80470892} 181815 : { SELL 19503.24@0.8079342} 181814 : { SELL 19503.24@0.8079342} 
Sun Nov 30 14:01:43 EST 2014 , 4 , 2 , 2 , 181817 : { BUY 5405.46@0.80470892} 181816 : { BUY 5405.46@0.80470892} 181815 : { SELL 19503.24@0.8079342} 181814 : { SELL 19503.24@0.8079342} 
Sun Nov 30 14:04:44 EST 2014 , 4 , 2 , 2 , 181817 : { BUY 5405.46@0.80470892} 181816 : { BUY 5405.46@0.80470892} 181815 : { SELL 19503.24@0.8079342} 181814 : { SELL 19503.24@0.8079342} 
Sun Nov 30 14:07:45 EST 2014 , 4 , 2 , 2 , 181817 : { BUY 5405.46@0.80470892} 181816 : { BUY 5405.46@0.80470892} 181815 : { SELL 19503.24@0.8079342} 181814 : { SELL 19503.24@0.8079342} 
Sun Nov 30 14:10:46 EST 2014 , 4 , 2 , 2 , 181817 : { BUY 5405.46@0.80470892} 181816 : { BUY 5405.46@0.80470892} 181815 : { SELL 19503.24@0.8079342} 181814 : { SELL 19503.24@0.8079342} 
Sun Nov 30 14:13:47 EST 2014 , 4 , 2 , 2 , 181817 : { BUY 5405.46@0.80470892} 181816 : { BUY 5405.46@0.80470892} 181815 : { SELL 19503.24@0.8079342} 181814 : { SELL 19503.24@0.8079342} 
Sun Nov 30 14:16:48 EST 2014 , 4 , 2 , 2 , 181817 : { BUY 5405.46@0.80470892} 181816 : { BUY 5405.46@0.80470892} 181815 : { SELL 19503.24@0.8079342} 181814 : { SELL 19503.24@0.8079342} 
Sun Nov 30 14:19:49 EST 2014 , 4 , 2 , 2 , 181817 : { BUY 5405.46@0.80470892} 181816 : { BUY 5405.46@0.80470892} 181815 : { SELL 19503.24@0.8079342} 181814 : { SELL 19503.24@0.8079342} 
Sun Nov 30 14:22:50 EST 2014 , 4 , 2 , 2 , 181817 : { BUY 5405.46@0.80470892} 181816 : { BUY 5405.46@0.80470892} 181815 : { SELL 19503.24@0.8079342} 181814 : { SELL 19503.24@0.8079342} 
Sun Nov 30 14:25:51 EST 2014 , 4 , 2 , 2 , 181817 : { BUY 5405.46@0.80470892} 181816 : { BUY 5405.46@0.80470892} 181815 : { SELL 19503.24@0.8079342} 181814 : { SELL 19503.24@0.8079342} 
Sun Nov 30 14:28:52 EST 2014 , 4 , 2 , 2 , 181817 : { BUY 5405.46@0.80470892} 181816 : { BUY 5405.46@0.80470892} 181815 : { SELL 19503.24@0.8079342} 181814 : { SELL 19503.24@0.8079342} 
Sun Nov 30 14:31:53 EST 2014 , 4 , 2 , 2 , 181817 : { BUY 5405.46@0.80470892} 181816 : { BUY 5405.46@0.80470892} 181815 : { SELL 19503.24@0.8079342} 181814 : { SELL 19503.24@0.8079342} 
Sun Nov 30 14:34:54 EST 2014 , 4 , 2 , 2 , 181817 : { BUY 5405.46@0.80470892} 181816 : { BUY 5405.46@0.80470892} 181815 : { SELL 19503.24@0.8079342} 181814 : { SELL 19503.24@0.8079342} 
Sun Nov 30 14:37:55 EST 2014 , 4 , 2 , 2 , 181817 : { BUY 5405.46@0.80470892} 181816 : { BUY 5405.46@0.80470892} 181815 : { SELL 19503.24@0.8079342} 181814 : { SELL 19503.24@0.8079342} 
Sun Nov 30 14:40:57 EST 2014 , 4 , 2 , 2 , 181817 : { BUY 5405.46@0.80470892} 181816 : { BUY 5405.46@0.80470892} 181815 : { SELL 19503.24@0.8079342} 181814 : { SELL 19503.24@0.8079342} 
Sun Nov 30 14:43:58 EST 2014 , 4 , 2 , 2 , 181817 : { BUY 5405.46@0.80470892} 181816 : { BUY 5405.46@0.80470892} 181815 : { SELL 19503.24@0.8079342} 181814 : { SELL 19503.24@0.8079342} 
Sun Nov 30 14:46:59 EST 2014 , 4 , 2 , 2 , 181817 : { BUY 5405.46@0.80470892} 181816 : { BUY 5405.46@0.80470892} 181815 : { SELL 19503.24@0.8079342} 181814 : { SELL 19503.24@0.8079342} 
Sun Nov 30 14:50:00 EST 2014 , 4 , 2 , 2 , 181817 : { BUY 5405.46@0.80470892} 181816 : { BUY 5405.46@0.80470892} 181815 : { SELL 19503.24@0.8079342} 181814 : { SELL 19503.24@0.8079342} 
Sun Nov 30 14:53:00 EST 2014 , 4 , 2 , 2 , 181817 : { BUY 5405.46@0.80470892} 181816 : { BUY 5405.46@0.80470892} 181815 : { SELL 19503.24@0.8079342} 181814 : { SELL 19503.24@0.8079342} 
Sun Nov 30 14:56:01 EST 2014 , 4 , 2 , 2 , 181817 : { BUY 5405.46@0.80470892} 181816 : { BUY 5405.46@0.80470892} 181815 : { SELL 19503.24@0.8079342} 181814 : { SELL 19503.24@0.8079342} 
Sun Nov 30 14:59:02 EST 2014 , 4 , 2 , 2 , 181817 : { BUY 5405.46@0.80470892} 181816 : { BUY 5405.46@0.80470892} 181815 : { SELL 19503.24@0.8079342} 181814 : { SELL 19503.24@0.8079342} 
Sun Nov 30 15:02:03 EST 2014 , 4 , 2 , 2 , 181817 : { BUY 5405.46@0.80470892} 181816 : { BUY 5405.46@0.80470892} 181815 : { SELL 19503.24@0.8079342} 181814 : { SELL 19503.24@0.8079342} 
Sun Nov 30 15:05:05 EST 2014 , 4 , 2 , 2 , 181817 : { BUY 5405.46@0.80470892} 181816 : { BUY 5405.46@0.80470892} 181815 : { SELL 19503.24@0.8079342} 181814 : { SELL 19503.24@0.8079342} 
Sun Nov 30 15:08:05 EST 2014 , 4 , 2 , 2 , 181817 : { BUY 5405.46@0.80470892} 181816 : { BUY 5405.46@0.80470892} 181815 : { SELL 19503.24@0.8079342} 181814 : { SELL 19503.24@0.8079342} 
Sun Nov 30 15:11:06 EST 2014 , 4 , 2 , 2 , 181817 : { BUY 5405.46@0.80470892} 181816 : { BUY 5405.46@0.80470892} 181815 : { SELL 19503.24@0.8079342} 181814 : { SELL 19503.24@0.8079342} 
Sun Nov 30 15:14:07 EST 2014 , 4 , 2 , 2 , 181817 : { BUY 5405.46@0.80470892} 181816 : { BUY 5405.46@0.80470892} 181815 : { SELL 19503.24@0.8079342} 181814 : { SELL 19503.24@0.8079342} 
Sun Nov 30 15:17:08 EST 2014 , 4 , 2 , 2 , 181817 : { BUY 5405.46@0.80470892} 181816 : { BUY 5405.46@0.80470892} 181815 : { SELL 19503.24@0.8079342} 181814 : { SELL 19503.24@0.8079342} 
Sun Nov 30 15:20:09 EST 2014 , 4 , 2 , 2 , 181817 : { BUY 5405.46@0.80470892} 181816 : { BUY 5405.46@0.80470892} 181815 : { SELL 19503.24@0.8079342} 181814 : { SELL 19503.24@0.8079342} 
Sun Nov 30 15:23:11 EST 2014 , 4 , 2 , 2 , 181817 : { BUY 5405.46@0.80470892} 181816 : { BUY 5405.46@0.80470892} 181815 : { SELL 19503.24@0.8079342} 181814 : { SELL 19503.24@0.8079342} 
Sun Nov 30 15:26:11 EST 2014 , 4 , 2 , 2 , 181817 : { BUY 5405.46@0.80470892} 181816 : { BUY 5405.46@0.80470892} 181815 : { SELL 19503.24@0.8079342} 181814 : { SELL 19503.24@0.8079342} 
Sun Nov 30 15:29:12 EST 2014 , 4 , 2 , 2 , 181817 : { BUY 5405.46@0.80470892} 181816 : { BUY 5405.46@0.80470892} 181815 : { SELL 19503.24@0.8079342} 181814 : { SELL 19503.24@0.8079342} 
Sun Nov 30 15:32:14 EST 2014 , 4 , 2 , 2 , 181817 : { BUY 5405.46@0.80470892} 181816 : { BUY 5405.46@0.80470892} 181815 : { SELL 19503.24@0.8079342} 181814 : { SELL 19503.24@0.8079342} 
Sun Nov 30 15:35:15 EST 2014 , 4 , 2 , 2 , 181817 : { BUY 5405.46@0.80470892} 181816 : { BUY 5405.46@0.80470892} 181815 : { SELL 19503.24@0.8079342} 181814 : { SELL 19503.24@0.8079342} 
Sun Nov 30 15:38:16 EST 2014 , 4 , 2 , 2 , 181817 : { BUY 5405.46@0.80470892} 181816 : { BUY 5405.46@0.80470892} 181815 : { SELL 19503.24@0.8079342} 181814 : { SELL 19503.24@0.8079342} 
Sun Nov 30 15:41:16 EST 2014 , 4 , 2 , 2 , 181817 : { BUY 5405.46@0.80470892} 181816 : { BUY 5405.46@0.80470892} 181815 : { SELL 19503.24@0.8079342} 181814 : { SELL 19503.24@0.8079342} 
Sun Nov 30 15:44:18 EST 2014 , 4 , 2 , 2 , 181817 : { BUY 5405.46@0.80470892} 181816 : { BUY 5405.46@0.80470892} 181815 : { SELL 19503.24@0.8079342} 181814 : { SELL 19503.24@0.8079342} 
Sun Nov 30 15:47:18 EST 2014 , 4 , 2 , 2 , 181817 : { BUY 5405.46@0.80470892} 181816 : { BUY 5405.46@0.80470892} 181815 : { SELL 19503.24@0.8079342} 181814 : { SELL 19503.24@0.8079342} 
Sun Nov 30 15:50:19 EST 2014 , 4 , 2 , 2 , 181817 : { BUY 5405.46@0.80470892} 181816 : { BUY 5405.46@0.80470892} 181815 : { SELL 19503.24@0.8079342} 181814 : { SELL 19503.24@0.8079342} 
Sun Nov 30 15:53:21 EST 2014 , 4 , 2 , 2 , 181817 : { BUY 5405.46@0.80470892} 181816 : { BUY 5405.46@0.80470892} 181815 : { SELL 19503.24@0.8079342} 181814 : { SELL 19503.24@0.8079342} 
Sun Nov 30 15:56:21 EST 2014 , 4 , 2 , 2 , 181817 : { BUY 5405.46@0.80470892} 181816 : { BUY 5405.46@0.80470892} 181815 : { SELL 19503.24@0.8079342} 181814 : { SELL 19503.24@0.8079342} 
Sun Nov 30 15:59:22 EST 2014 , 4 , 2 , 2 , 181817 : { BUY 5405.46@0.80470892} 181816 : { BUY 5405.46@0.80470892} 181815 : { SELL 19503.24@0.8079342} 181814 : { SELL 19503.24@0.8079342} 
Sun Nov 30 16:02:24 EST 2014 , 4 , 2 , 2 , 181817 : { BUY 5405.46@0.80470892} 181816 : { BUY 5405.46@0.80470892} 181815 : { SELL 19503.24@0.8079342} 181814 : { SELL 19503.24@0.8079342} 
Sun Nov 30 16:05:24 EST 2014 , 4 , 2 , 2 , 181817 : { BUY 5405.46@0.80470892} 181816 : { BUY 5405.46@0.80470892} 181815 : { SELL 19503.24@0.8079342} 181814 : { SELL 19503.24@0.8079342} 
Sun Nov 30 16:08:26 EST 2014 , 4 , 2 , 2 , 181817 : { BUY 5405.46@0.80470892} 181816 : { BUY 5405.46@0.80470892} 181815 : { SELL 19503.24@0.8079342} 181814 : { SELL 19503.24@0.8079342} 
Sun Nov 30 16:11:26 EST 2014 , 4 , 2 , 2 , 181817 : { BUY 5405.46@0.80470892} 181816 : { BUY 5405.46@0.80470892} 181815 : { SELL 19503.24@0.8079342} 181814 : { SELL 19503.24@0.8079342} 
Sun Nov 30 16:14:27 EST 2014 , 4 , 2 , 2 , 181817 : { BUY 5405.46@0.80470892} 181816 : { BUY 5405.46@0.80470892} 181815 : { SELL 19503.24@0.8079342} 181814 : { SELL 19503.24@0.8079342} 
Sun Nov 30 16:17:28 EST 2014 , 4 , 2 , 2 , 181817 : { BUY 5405.46@0.80470892} 181816 : { BUY 5405.46@0.80470892} 181815 : { SELL 19503.24@0.8079342} 181814 : { SELL 19503.24@0.8079342} 
Sun Nov 30 16:20:29 EST 2014 , 4 , 2 , 2 , 181817 : { BUY 5405.46@0.80470892} 181816 : { BUY 5405.46@0.80470892} 181815 : { SELL 19503.24@0.8079342} 181814 : { SELL 19503.24@0.8079342} 
Sun Nov 30 16:23:31 EST 2014 , 4 , 2 , 2 , 181817 : { BUY 5405.46@0.80470892} 181816 : { BUY 5405.46@0.80470892} 181815 : { SELL 19503.24@0.8079342} 181814 : { SELL 19503.24@0.8079342} 
Sun Nov 30 16:26:32 EST 2014 , 4 , 2 , 2 , 181817 : { BUY 5405.46@0.80470892} 181816 : { BUY 5405.46@0.80470892} 181815 : { SELL 19503.24@0.8079342} 181814 : { SELL 19503.24@0.8079342} 
Sun Nov 30 16:29:33 EST 2014 , 4 , 2 , 2 , 181817 : { BUY 5405.46@0.80470892} 181816 : { BUY 5405.46@0.80470892} 181815 : { SELL 19503.24@0.8079342} 181814 : { SELL 19503.24@0.8079342} 
Sun Nov 30 16:32:33 EST 2014 , 4 , 2 , 2 , 181817 : { BUY 5405.46@0.80470892} 181816 : { BUY 5405.46@0.80470892} 181815 : { SELL 19503.24@0.8079342} 181814 : { SELL 19503.24@0.8079342} 
Sun Nov 30 16:35:35 EST 2014 , 4 , 2 , 2 , 181817 : { BUY 5405.46@0.80470892} 181816 : { BUY 5405.46@0.80470892} 181815 : { SELL 19503.24@0.8079342} 181814 : { SELL 19503.24@0.8079342} 
Sun Nov 30 16:38:35 EST 2014 , 4 , 2 , 2 , 181817 : { BUY 5405.46@0.80470892} 181816 : { BUY 5405.46@0.80470892} 181815 : { SELL 19503.24@0.8079342} 181814 : { SELL 19503.24@0.8079342} 
Sun Nov 30 16:41:36 EST 2014 , 4 , 2 , 2 , 181817 : { BUY 5405.46@0.80470892} 181816 : { BUY 5405.46@0.80470892} 181815 : { SELL 19503.24@0.8079342} 181814 : { SELL 19503.24@0.8079342} 
Sun Nov 30 16:44:38 EST 2014 , 4 , 2 , 2 , 181817 : { BUY 5405.46@0.80470892} 181816 : { BUY 5405.46@0.80470892} 181815 : { SELL 19503.24@0.8079342} 181814 : { SELL 19503.24@0.8079342} 
Sun Nov 30 16:47:39 EST 2014 , 4 , 2 , 2 , 181817 : { BUY 5405.46@0.80470892} 181816 : { BUY 5405.46@0.80470892} 181815 : { SELL 19503.24@0.8079342} 181814 : { SELL 19503.24@0.8079342} 
Sun Nov 30 16:50:39 EST 2014 , 4 , 2 , 2 , 181817 : { BUY 5405.46@0.80470892} 181816 : { BUY 5405.46@0.80470892} 181815 : { SELL 19503.24@0.8079342} 181814 : { SELL 19503.24@0.8079342} 
Sun Nov 30 16:53:41 EST 2014 , 4 , 2 , 2 , 181817 : { BUY 5405.46@0.80470892} 181816 : { BUY 5405.46@0.80470892} 181815 : { SELL 19503.24@0.8079342} 181814 : { SELL 19503.24@0.8079342} 
Sun Nov 30 16:56:42 EST 2014 , 4 , 2 , 2 , 181817 : { BUY 5405.46@0.80470892} 181816 : { BUY 5405.46@0.80470892} 181815 : { SELL 19503.24@0.8079342} 181814 : { SELL 19503.24@0.8079342} 
Sun Nov 30 16:59:42 EST 2014 , 4 , 2 , 2 , 181817 : { BUY 5405.46@0.80470892} 181816 : { BUY 5405.46@0.80470892} 181815 : { SELL 19503.24@0.8079342} 181814 : { SELL 19503.24@0.8079342} 
Sun Nov 30 17:02:43 EST 2014 , 4 , 2 , 2 , 181817 : { BUY 5405.46@0.80470892} 181816 : { BUY 5405.46@0.80470892} 181815 : { SELL 19503.24@0.8079342} 181814 : { SELL 19503.24@0.8079342} 
Sun Nov 30 17:05:44 EST 2014 , 4 , 2 , 2 , 181817 : { BUY 5405.46@0.80470892} 181816 : { BUY 5405.46@0.80470892} 181815 : { SELL 19503.24@0.8079342} 181814 : { SELL 19503.24@0.8079342} 
Sun Nov 30 17:08:45 EST 2014 , 4 , 2 , 2 , 181817 : { BUY 5405.46@0.80470892} 181816 : { BUY 5405.46@0.80470892} 181815 : { SELL 19503.24@0.8079342} 181814 : { SELL 19503.24@0.8079342} 
Sun Nov 30 17:11:46 EST 2014 , 4 , 2 , 2 , 181817 : { BUY 5405.46@0.80470892} 181816 : { BUY 5405.46@0.80470892} 181815 : { SELL 19503.24@0.8079342} 181814 : { SELL 19503.24@0.8079342} 
Sun Nov 30 17:14:48 EST 2014 , 4 , 2 , 2 , 181817 : { BUY 5405.46@0.80470892} 181816 : { BUY 5405.46@0.80470892} 181815 : { SELL 19503.24@0.8079342} 181814 : { SELL 19503.24@0.8079342} 
Sun Nov 30 17:17:48 EST 2014 , 4 , 2 , 2 , 181817 : { BUY 5405.46@0.80470892} 181816 : { BUY 5405.46@0.80470892} 181815 : { SELL 19503.24@0.8079342} 181814 : { SELL 19503.24@0.8079342} 
Sun Nov 30 17:20:50 EST 2014 , 4 , 2 , 2 , 181817 : { BUY 5405.46@0.80470892} 181816 : { BUY 5405.46@0.80470892} 181815 : { SELL 19503.24@0.8079342} 181814 : { SELL 19503.24@0.8079342} 
Sun Nov 30 17:23:51 EST 2014 , 4 , 2 , 2 , 181817 : { BUY 5405.46@0.80470892} 181816 : { BUY 5405.46@0.80470892} 181815 : { SELL 19503.24@0.8079342} 181814 : { SELL 19503.24@0.8079342} 
Sun Nov 30 17:26:52 EST 2014 , 4 , 2 , 2 , 181817 : { BUY 5405.46@0.80470892} 181816 : { BUY 5405.46@0.80470892} 181815 : { SELL 19503.24@0.8079342} 181814 : { SELL 19503.24@0.8079342} 
Sun Nov 30 17:29:52 EST 2014 , 4 , 2 , 2 , 181817 : { BUY 5405.46@0.80470892} 181816 : { BUY 5405.46@0.80470892} 181815 : { SELL 19503.24@0.8079342} 181814 : { SELL 19503.24@0.8079342} 
Sun Nov 30 17:32:53 EST 2014 , 4 , 2 , 2 , 181817 : { BUY 5405.46@0.80470892} 181816 : { BUY 5405.46@0.80470892} 181815 : { SELL 19503.24@0.8079342} 181814 : { SELL 19503.24@0.8079342} 
Sun Nov 30 17:35:54 EST 2014 , 4 , 2 , 2 , 181817 : { BUY 5405.46@0.80470892} 181816 : { BUY 5405.46@0.80470892} 181815 : { SELL 19503.24@0.8079342} 181814 : { SELL 19503.24@0.8079342} 
Sun Nov 30 17:38:56 EST 2014 , 4 , 2 , 2 , 181817 : { BUY 5405.46@0.80470892} 181816 : { BUY 5405.46@0.80470892} 181815 : { SELL 19503.24@0.8079342} 181814 : { SELL 19503.24@0.8079342} 
Sun Nov 30 17:41:56 EST 2014 , 4 , 2 , 2 , 181817 : { BUY 5405.46@0.80470892} 181816 : { BUY 5405.46@0.80470892} 181815 : { SELL 19503.24@0.8079342} 181814 : { SELL 19503.24@0.8079342} 
Sun Nov 30 17:44:58 EST 2014 , 4 , 2 , 2 , 181817 : { BUY 5405.46@0.80470892} 181816 : { BUY 5405.46@0.80470892} 181815 : { SELL 19503.24@0.8079342} 181814 : { SELL 19503.24@0.8079342} 
Sun Nov 30 17:47:59 EST 2014 , 4 , 2 , 2 , 181817 : { BUY 5405.46@0.80470892} 181816 : { BUY 5405.46@0.80470892} 181815 : { SELL 19503.24@0.8079342} 181814 : { SELL 19503.24@0.8079342} 
Sun Nov 30 17:50:59 EST 2014 , 4 , 2 , 2 , 181817 : { BUY 5405.46@0.80470892} 181816 : { BUY 5405.46@0.80470892} 181815 : { SELL 19503.24@0.8079342} 181814 : { SELL 19503.24@0.8079342} 
Sun Nov 30 17:54:00 EST 2014 , 4 , 2 , 2 , 181817 : { BUY 5405.46@0.80470892} 181816 : { BUY 5405.46@0.80470892} 181815 : { SELL 19503.24@0.8079342} 181814 : { SELL 19503.24@0.8079342} 
Sun Nov 30 17:57:02 EST 2014 , 4 , 2 , 2 , 181817 : { BUY 5405.46@0.80470892} 181816 : { BUY 5405.46@0.80470892} 181815 : { SELL 19503.24@0.8079342} 181814 : { SELL 19503.24@0.8079342} 
Sun Nov 30 18:00:03 EST 2014 , 4 , 2 , 2 , 181817 : { BUY 5405.46@0.80470892} 181816 : { BUY 5405.46@0.80470892} 181815 : { SELL 19503.24@0.8079342} 181814 : { SELL 19503.24@0.8079342} 
Sun Nov 30 18:03:04 EST 2014 , 4 , 2 , 2 , 181817 : { BUY 5405.46@0.80470892} 181816 : { BUY 5405.46@0.80470892} 181815 : { SELL 19503.24@0.8079342} 181814 : { SELL 19503.24@0.8079342} 
Sun Nov 30 18:06:04 EST 2014 , 4 , 2 , 2 , 181817 : { BUY 5405.46@0.80470892} 181816 : { BUY 5405.46@0.80470892} 181815 : { SELL 19503.24@0.8079342} 181814 : { SELL 19503.24@0.8079342} 
Sun Nov 30 18:09:05 EST 2014 , 4 , 2 , 2 , 181817 : { BUY 5405.46@0.80470892} 181816 : { BUY 5405.46@0.80470892} 181815 : { SELL 19503.24@0.8079342} 181814 : { SELL 19503.24@0.8079342} 
Sun Nov 30 18:12:06 EST 2014 , 4 , 2 , 2 , 181817 : { BUY 5405.46@0.80470892} 181816 : { BUY 5405.46@0.80470892} 181815 : { SELL 19503.24@0.8079342} 181814 : { SELL 19503.24@0.8079342} 
Sun Nov 30 18:15:08 EST 2014 , 4 , 2 , 2 , 181817 : { BUY 5405.46@0.80470892} 181816 : { BUY 5405.46@0.80470892} 181815 : { SELL 19503.24@0.8079342} 181814 : { SELL 19503.24@0.8079342} 
Sun Nov 30 18:18:08 EST 2014 , 4 , 2 , 2 , 181817 : { BUY 5405.46@0.80470892} 181816 : { BUY 5405.46@0.80470892} 181815 : { SELL 19503.24@0.8079342} 181814 : { SELL 19503.24@0.8079342} 
Sun Nov 30 18:21:10 EST 2014 , 4 , 2 , 2 , 181817 : { BUY 5405.46@0.80470892} 181816 : { BUY 5405.46@0.80470892} 181815 : { SELL 19503.24@0.8079342} 181814 : { SELL 19503.24@0.8079342} 
Sun Nov 30 18:24:11 EST 2014 , 4 , 2 , 2 , 181817 : { BUY 5405.46@0.80470892} 181816 : { BUY 5405.46@0.80470892} 181815 : { SELL 19503.24@0.8079342} 181814 : { SELL 19503.24@0.8079342} 
Sun Nov 30 18:27:11 EST 2014 , 4 , 2 , 2 , 181817 : { BUY 5405.46@0.80470892} 181816 : { BUY 5405.46@0.80470892} 181815 : { SELL 19503.24@0.8079342} 181814 : { SELL 19503.24@0.8079342} 
Sun Nov 30 18:30:12 EST 2014 , 4 , 2 , 2 , 181817 : { BUY 5405.46@0.80470892} 181816 : { BUY 5405.46@0.80470892} 181815 : { SELL 19503.24@0.8079342} 181814 : { SELL 19503.24@0.8079342} 
Sun Nov 30 18:33:14 EST 2014 , 4 , 2 , 2 , 181817 : { BUY 5405.46@0.80470892} 181816 : { BUY 5405.46@0.80470892} 181815 : { SELL 19503.24@0.8079342} 181814 : { SELL 19503.24@0.8079342} 
Sun Nov 30 18:36:15 EST 2014 , 4 , 2 , 2 , 181817 : { BUY 5405.46@0.80470892} 181816 : { BUY 5405.46@0.80470892} 181815 : { SELL 19503.24@0.8079342} 181814 : { SELL 19503.24@0.8079342} 
Sun Nov 30 18:39:16 EST 2014 , 4 , 2 , 2 , 181817 : { BUY 5405.46@0.80470892} 181816 : { BUY 5405.46@0.80470892} 181815 : { SELL 19503.24@0.8079342} 181814 : { SELL 19503.24@0.8079342} 
Sun Nov 30 18:42:17 EST 2014 , 4 , 2 , 2 , 181817 : { BUY 5405.46@0.80470892} 181816 : { BUY 5405.46@0.80470892} 181815 : { SELL 19503.24@0.8079342} 181814 : { SELL 19503.24@0.8079342} 
Sun Nov 30 18:45:18 EST 2014 , 4 , 2 , 2 , 181817 : { BUY 5405.46@0.80470892} 181816 : { BUY 5405.46@0.80470892} 181815 : { SELL 19503.24@0.8079342} 181814 : { SELL 19503.24@0.8079342} 
Sun Nov 30 18:48:19 EST 2014 , 4 , 2 , 2 , 181817 : { BUY 5405.46@0.80470892} 181816 : { BUY 5405.46@0.80470892} 181815 : { SELL 19503.24@0.8079342} 181814 : { SELL 19503.24@0.8079342} 
Sun Nov 30 18:51:20 EST 2014 , 4 , 2 , 2 , 181817 : { BUY 5405.46@0.80470892} 181816 : { BUY 5405.46@0.80470892} 181815 : { SELL 19503.24@0.8079342} 181814 : { SELL 19503.24@0.8079342} 
Sun Nov 30 18:54:21 EST 2014 , 4 , 2 , 2 , 181817 : { BUY 5405.46@0.80470892} 181816 : { BUY 5405.46@0.80470892} 181815 : { SELL 19503.24@0.8079342} 181814 : { SELL 19503.24@0.8079342} 
Sun Nov 30 18:57:22 EST 2014 , 4 , 2 , 2 , 181817 : { BUY 5405.46@0.80470892} 181816 : { BUY 5405.46@0.80470892} 181815 : { SELL 19503.24@0.8079342} 181814 : { SELL 19503.24@0.8079342} 
Sun Nov 30 19:00:23 EST 2014 , 4 , 2 , 2 , 181817 : { BUY 5405.46@0.80470892} 181816 : { BUY 5405.46@0.80470892} 181815 : { SELL 19503.24@0.8079342} 181814 : { SELL 19503.24@0.8079342} 
Sun Nov 30 19:03:24 EST 2014 , 4 , 2 , 2 , 181817 : { BUY 5405.46@0.80470892} 181816 : { BUY 5405.46@0.80470892} 181815 : { SELL 19503.24@0.8079342} 181814 : { SELL 19503.24@0.8079342} 
Sun Nov 30 19:06:24 EST 2014 , 4 , 2 , 2 , 181817 : { BUY 5405.46@0.80470892} 181816 : { BUY 5405.46@0.80470892} 181815 : { SELL 19503.24@0.8079342} 181814 : { SELL 19503.24@0.8079342} 
Sun Nov 30 19:09:26 EST 2014 , 4 , 2 , 2 , 181817 : { BUY 5405.46@0.80470892} 181816 : { BUY 5405.46@0.80470892} 181815 : { SELL 19503.24@0.8079342} 181814 : { SELL 19503.24@0.8079342} 
Sun Nov 30 19:12:27 EST 2014 , 4 , 2 , 2 , 181817 : { BUY 5405.46@0.80470892} 181816 : { BUY 5405.46@0.80470892} 181815 : { SELL 19503.24@0.8079342} 181814 : { SELL 19503.24@0.8079342} 
Sun Nov 30 19:15:28 EST 2014 , 4 , 2 , 2 , 181817 : { BUY 5405.46@0.80470892} 181816 : { BUY 5405.46@0.80470892} 181815 : { SELL 19503.24@0.8079342} 181814 : { SELL 19503.24@0.8079342} 
Sun Nov 30 19:18:28 EST 2014 , 4 , 2 , 2 , 181817 : { BUY 5405.46@0.80470892} 181816 : { BUY 5405.46@0.80470892} 181815 : { SELL 19503.24@0.8079342} 181814 : { SELL 19503.24@0.8079342} 
Sun Nov 30 19:21:30 EST 2014 , 4 , 2 , 2 , 181817 : { BUY 5405.46@0.80470892} 181816 : { BUY 5405.46@0.80470892} 181815 : { SELL 19503.24@0.8079342} 181814 : { SELL 19503.24@0.8079342} 
Sun Nov 30 19:24:31 EST 2014 , 4 , 2 , 2 , 181817 : { BUY 5405.46@0.80470892} 181816 : { BUY 5405.46@0.80470892} 181815 : { SELL 19503.24@0.8079342} 181814 : { SELL 19503.24@0.8079342} 
Sun Nov 30 19:27:32 EST 2014 , 4 , 2 , 2 , 181817 : { BUY 5405.46@0.80470892} 181816 : { BUY 5405.46@0.80470892} 181815 : { SELL 19503.24@0.8079342} 181814 : { SELL 19503.24@0.8079342} 
Sun Nov 30 19:30:33 EST 2014 , 4 , 2 , 2 , 181817 : { BUY 5405.46@0.80470892} 181816 : { BUY 5405.46@0.80470892} 181815 : { SELL 19503.24@0.8079342} 181814 : { SELL 19503.24@0.8079342} 
Sun Nov 30 19:33:34 EST 2014 , 4 , 2 , 2 , 181817 : { BUY 5405.46@0.80470892} 181816 : { BUY 5405.46@0.80470892} 181815 : { SELL 19503.24@0.8079342} 181814 : { SELL 19503.24@0.8079342} 
Sun Nov 30 19:36:35 EST 2014 , 4 , 2 , 2 , 181817 : { BUY 5405.46@0.80470892} 181816 : { BUY 5405.46@0.80470892} 181815 : { SELL 19503.24@0.8079342} 181814 : { SELL 19503.24@0.8079342} 
Sun Nov 30 19:39:36 EST 2014 , 4 , 2 , 2 , 181817 : { BUY 5405.46@0.80470892} 181816 : { BUY 5405.46@0.80470892} 181815 : { SELL 19503.24@0.8079342} 181814 : { SELL 19503.24@0.8079342} 
Sun Nov 30 19:42:37 EST 2014 , 4 , 2 , 2 , 181817 : { BUY 5405.46@0.80470892} 181816 : { BUY 5405.46@0.80470892} 181815 : { SELL 19503.24@0.8079342} 181814 : { SELL 19503.24@0.8079342} 
Sun Nov 30 19:45:38 EST 2014 , 4 , 2 , 2 , 181817 : { BUY 5405.46@0.80470892} 181816 : { BUY 5405.46@0.80470892} 181815 : { SELL 19503.24@0.8079342} 181814 : { SELL 19503.24@0.8079342} 
Sun Nov 30 19:48:39 EST 2014 , 4 , 2 , 2 , 181817 : { BUY 5405.46@0.80470892} 181816 : { BUY 5405.46@0.80470892} 181815 : { SELL 19503.24@0.8079342} 181814 : { SELL 19503.24@0.8079342} 
Sun Nov 30 19:51:40 EST 2014 , 4 , 2 , 2 , 181817 : { BUY 5405.46@0.80470892} 181816 : { BUY 5405.46@0.80470892} 181815 : { SELL 19503.24@0.8079342} 181814 : { SELL 19503.24@0.8079342} 
Sun Nov 30 19:54:41 EST 2014 , 4 , 2 , 2 , 181817 : { BUY 5405.46@0.80470892} 181816 : { BUY 5405.46@0.80470892} 181815 : { SELL 19503.24@0.8079342} 181814 : { SELL 19503.24@0.8079342} 
Sun Nov 30 19:57:42 EST 2014 , 4 , 2 , 2 , 181817 : { BUY 5405.46@0.80470892} 181816 : { BUY 5405.46@0.80470892} 181815 : { SELL 19503.24@0.8079342} 181814 : { SELL 19503.24@0.8079342} 
Sun Nov 30 20:00:43 EST 2014 , 4 , 2 , 2 , 181817 : { BUY 5405.46@0.80470892} 181816 : { BUY 5405.46@0.80470892} 181815 : { SELL 19503.24@0.8079342} 181814 : { SELL 19503.24@0.8079342} 
Sun Nov 30 20:03:44 EST 2014 , 4 , 2 , 2 , 181817 : { BUY 5405.46@0.80470892} 181816 : { BUY 5405.46@0.80470892} 181815 : { SELL 19503.24@0.8079342} 181814 : { SELL 19503.24@0.8079342} 
Sun Nov 30 20:06:45 EST 2014 , 4 , 2 , 2 , 181817 : { BUY 5405.46@0.80470892} 181816 : { BUY 5405.46@0.80470892} 181815 : { SELL 19503.24@0.8079342} 181814 : { SELL 19503.24@0.8079342} 
Sun Nov 30 20:09:46 EST 2014 , 4 , 2 , 2 , 181817 : { BUY 5405.46@0.80470892} 181816 : { BUY 5405.46@0.80470892} 181815 : { SELL 19503.24@0.8079342} 181814 : { SELL 19503.24@0.8079342} 
Sun Nov 30 20:12:46 EST 2014 , 4 , 2 , 2 , 181817 : { BUY 5405.46@0.80470892} 181816 : { BUY 5405.46@0.80470892} 181815 : { SELL 19503.24@0.8079342} 181814 : { SELL 19503.24@0.8079342} 
Sun Nov 30 20:15:48 EST 2014 , 4 , 2 , 2 , 181817 : { BUY 5405.46@0.80470892} 181816 : { BUY 5405.46@0.80470892} 181815 : { SELL 19503.24@0.8079342} 181814 : { SELL 19503.24@0.8079342} 
Sun Nov 30 20:18:49 EST 2014 , 4 , 2 , 2 , 181817 : { BUY 5405.46@0.80470892} 181816 : { BUY 5405.46@0.80470892} 181815 : { SELL 19503.24@0.8079342} 181814 : { SELL 19503.24@0.8079342} 
Sun Nov 30 20:21:50 EST 2014 , 4 , 2 , 2 , 181817 : { BUY 5405.46@0.80470892} 181816 : { BUY 5405.46@0.80470892} 181815 : { SELL 19503.24@0.8079342} 181814 : { SELL 19503.24@0.8079342} 
Sun Nov 30 20:24:51 EST 2014 , 4 , 2 , 2 , 181817 : { BUY 5405.46@0.80470892} 181816 : { BUY 5405.46@0.80470892} 181815 : { SELL 19503.24@0.8079342} 181814 : { SELL 19503.24@0.8079342} 
Sun Nov 30 20:27:52 EST 2014 , 4 , 2 , 2 , 181817 : { BUY 5405.46@0.80470892} 181816 : { BUY 5405.46@0.80470892} 181815 : { SELL 19503.24@0.8079342} 181814 : { SELL 19503.24@0.8079342} 
Sun Nov 30 20:30:53 EST 2014 , 4 , 2 , 2 , 181817 : { BUY 5405.46@0.80470892} 181816 : { BUY 5405.46@0.80470892} 181815 : { SELL 19503.24@0.8079342} 181814 : { SELL 19503.24@0.8079342} 
Sun Nov 30 20:33:54 EST 2014 , 4 , 2 , 2 , 181817 : { BUY 5405.46@0.80470892} 181816 : { BUY 5405.46@0.80470892} 181815 : { SELL 19503.24@0.8079342} 181814 : { SELL 19503.24@0.8079342} 
Sun Nov 30 20:36:55 EST 2014 , 4 , 2 , 2 , 181817 : { BUY 5405.46@0.80470892} 181816 : { BUY 5405.46@0.80470892} 181815 : { SELL 19503.24@0.8079342} 181814 : { SELL 19503.24@0.8079342} 
Sun Nov 30 20:39:56 EST 2014 , 4 , 2 , 2 , 181817 : { BUY 5405.46@0.80470892} 181816 : { BUY 5405.46@0.80470892} 181815 : { SELL 19503.24@0.8079342} 181814 : { SELL 19503.24@0.8079342} 
Sun Nov 30 20:42:57 EST 2014 , 4 , 2 , 2 , 181817 : { BUY 5405.46@0.80470892} 181816 : { BUY 5405.46@0.80470892} 181815 : { SELL 19503.24@0.8079342} 181814 : { SELL 19503.24@0.8079342} 
Sun Nov 30 20:45:58 EST 2014 , 4 , 2 , 2 , 181817 : { BUY 5405.46@0.80470892} 181816 : { BUY 5405.46@0.80470892} 181815 : { SELL 19503.24@0.8079342} 181814 : { SELL 19503.24@0.8079342} 
Sun Nov 30 20:48:59 EST 2014 , 4 , 2 , 2 , 181817 : { BUY 5405.46@0.80470892} 181816 : { BUY 5405.46@0.80470892} 181815 : { SELL 19503.24@0.8079342} 181814 : { SELL 19503.24@0.8079342} 
Sun Nov 30 20:52:00 EST 2014 , 4 , 2 , 2 , 181817 : { BUY 5405.46@0.80470892} 181816 : { BUY 5405.46@0.80470892} 181815 : { SELL 19503.24@0.8079342} 181814 : { SELL 19503.24@0.8079342} 
Sun Nov 30 20:55:01 EST 2014 , 4 , 2 , 2 , 181817 : { BUY 5405.46@0.80470892} 181816 : { BUY 5405.46@0.80470892} 181815 : { SELL 19503.24@0.8079342} 181814 : { SELL 19503.24@0.8079342} 
Sun Nov 30 20:58:02 EST 2014 , 4 , 2 , 2 , 181817 : { BUY 5405.46@0.80470892} 181816 : { BUY 5405.46@0.80470892} 181815 : { SELL 19503.24@0.8079342} 181814 : { SELL 19503.24@0.8079342} 
Sun Nov 30 21:01:03 EST 2014 , 4 , 2 , 2 , 181817 : { BUY 5405.46@0.80470892} 181816 : { BUY 5405.46@0.80470892} 181815 : { SELL 19503.24@0.8079342} 181814 : { SELL 19503.24@0.8079342} 
Sun Nov 30 21:04:04 EST 2014 , 4 , 2 , 2 , 181817 : { BUY 5405.46@0.80470892} 181816 : { BUY 5405.46@0.80470892} 181815 : { SELL 19503.24@0.8079342} 181814 : { SELL 19503.24@0.8079342} 
Sun Nov 30 21:07:05 EST 2014 , 4 , 2 , 2 , 181817 : { BUY 5405.46@0.80470892} 181816 : { BUY 5405.46@0.80470892} 181815 : { SELL 19503.24@0.8079342} 181814 : { SELL 19503.24@0.8079342} 
Sun Nov 30 21:10:06 EST 2014 , 4 , 2 , 2 , 181817 : { BUY 5405.46@0.80470892} 181816 : { BUY 5405.46@0.80470892} 181815 : { SELL 19503.24@0.8079342} 181814 : { SELL 19503.24@0.8079342} 
Sun Nov 30 21:13:07 EST 2014 , 4 , 2 , 2 , 181817 : { BUY 5405.46@0.80470892} 181816 : { BUY 5405.46@0.80470892} 181815 : { SELL 19503.24@0.8079342} 181814 : { SELL 19503.24@0.8079342} 
Sun Nov 30 21:16:08 EST 2014 , 4 , 2 , 2 , 181817 : { BUY 5405.46@0.80470892} 181816 : { BUY 5405.46@0.80470892} 181815 : { SELL 19503.24@0.8079342} 181814 : { SELL 19503.24@0.8079342} 
Sun Nov 30 21:19:09 EST 2014 , 4 , 2 , 2 , 181817 : { BUY 5405.46@0.80470892} 181816 : { BUY 5405.46@0.80470892} 181815 : { SELL 19503.24@0.8079342} 181814 : { SELL 19503.24@0.8079342} 
Sun Nov 30 21:22:10 EST 2014 , 4 , 2 , 2 , 181817 : { BUY 5405.46@0.80470892} 181816 : { BUY 5405.46@0.80470892} 181815 : { SELL 19503.24@0.8079342} 181814 : { SELL 19503.24@0.8079342} 
Sun Nov 30 21:25:11 EST 2014 , 4 , 2 , 2 , 181817 : { BUY 5405.46@0.80470892} 181816 : { BUY 5405.46@0.80470892} 181815 : { SELL 19503.24@0.8079342} 181814 : { SELL 19503.24@0.8079342} 
Sun Nov 30 21:28:12 EST 2014 , 4 , 2 , 2 , 181817 : { BUY 5405.46@0.80470892} 181816 : { BUY 5405.46@0.80470892} 181815 : { SELL 19503.24@0.8079342} 181814 : { SELL 19503.24@0.8079342} 
Sun Nov 30 21:31:13 EST 2014 , 4 , 2 , 2 , 181817 : { BUY 5405.46@0.80470892} 181816 : { BUY 5405.46@0.80470892} 181815 : { SELL 19503.24@0.8079342} 181814 : { SELL 19503.24@0.8079342} 
Sun Nov 30 21:34:14 EST 2014 , 4 , 2 , 2 , 181817 : { BUY 5405.46@0.80470892} 181816 : { BUY 5405.46@0.80470892} 181815 : { SELL 19503.24@0.8079342} 181814 : { SELL 19503.24@0.8079342} 
Sun Nov 30 21:37:15 EST 2014 , 4 , 2 , 2 , 181817 : { BUY 5405.46@0.80470892} 181816 : { BUY 5405.46@0.80470892} 181815 : { SELL 19503.24@0.8079342} 181814 : { SELL 19503.24@0.8079342} 
Sun Nov 30 21:40:16 EST 2014 , 4 , 2 , 2 , 181817 : { BUY 5405.46@0.80470892} 181816 : { BUY 5405.46@0.80470892} 181815 : { SELL 19503.24@0.8079342} 181814 : { SELL 19503.24@0.8079342} 
Sun Nov 30 21:43:17 EST 2014 , 4 , 2 , 2 , 181817 : { BUY 5405.46@0.80470892} 181816 : { BUY 5405.46@0.80470892} 181815 : { SELL 19503.24@0.8079342} 181814 : { SELL 19503.24@0.8079342} 
Sun Nov 30 21:46:18 EST 2014 , 4 , 2 , 2 , 181817 : { BUY 5405.46@0.80470892} 181816 : { BUY 5405.46@0.80470892} 181815 : { SELL 19503.24@0.8079342} 181814 : { SELL 19503.24@0.8079342} 
Sun Nov 30 21:49:19 EST 2014 , 4 , 2 , 2 , 181817 : { BUY 5405.46@0.80470892} 181816 : { BUY 5405.46@0.80470892} 181815 : { SELL 19503.24@0.8079342} 181814 : { SELL 19503.24@0.8079342} 
Sun Nov 30 21:52:20 EST 2014 , 4 , 2 , 2 , 181817 : { BUY 5405.46@0.80470892} 181816 : { BUY 5405.46@0.80470892} 181815 : { SELL 19503.24@0.8079342} 181814 : { SELL 19503.24@0.8079342} 
Sun Nov 30 21:55:21 EST 2014 , 4 , 2 , 2 , 181817 : { BUY 5405.46@0.80470892} 181816 : { BUY 5405.46@0.80470892} 181815 : { SELL 19503.24@0.8079342} 181814 : { SELL 19503.24@0.8079342} 
Sun Nov 30 21:58:22 EST 2014 , 4 , 2 , 2 , 181817 : { BUY 5405.46@0.80470892} 181816 : { BUY 5405.46@0.80470892} 181815 : { SELL 19503.24@0.8079342} 181814 : { SELL 19503.24@0.8079342} 
Sun Nov 30 22:01:23 EST 2014 , 4 , 2 , 2 , 181817 : { BUY 5405.46@0.80470892} 181816 : { BUY 5405.46@0.80470892} 181815 : { SELL 19503.24@0.8079342} 181814 : { SELL 19503.24@0.8079342} 
Sun Nov 30 22:04:24 EST 2014 , 4 , 2 , 2 , 181817 : { BUY 5405.46@0.80470892} 181816 : { BUY 5405.46@0.80470892} 181815 : { SELL 19503.24@0.8079342} 181814 : { SELL 19503.24@0.8079342} 
Sun Nov 30 22:07:25 EST 2014 , 4 , 2 , 2 , 181817 : { BUY 5405.46@0.80470892} 181816 : { BUY 5405.46@0.80470892} 181815 : { SELL 19503.24@0.8079342} 181814 : { SELL 19503.24@0.8079342} 
Sun Nov 30 22:10:26 EST 2014 , 4 , 2 , 2 , 181817 : { BUY 5405.46@0.80470892} 181816 : { BUY 5405.46@0.80470892} 181815 : { SELL 19503.24@0.8079342} 181814 : { SELL 19503.24@0.8079342} 
Sun Nov 30 22:13:27 EST 2014 , 4 , 2 , 2 , 181817 : { BUY 5405.46@0.80470892} 181816 : { BUY 5405.46@0.80470892} 181815 : { SELL 19503.24@0.8079342} 181814 : { SELL 19503.24@0.8079342} 
Sun Nov 30 22:16:28 EST 2014 , 4 , 2 , 2 , 181817 : { BUY 5405.46@0.80470892} 181816 : { BUY 5405.46@0.80470892} 181815 : { SELL 19503.24@0.8079342} 181814 : { SELL 19503.24@0.8079342} 
Sun Nov 30 22:19:29 EST 2014 , 4 , 2 , 2 , 181817 : { BUY 5405.46@0.80470892} 181816 : { BUY 5405.46@0.80470892} 181815 : { SELL 19503.24@0.8079342} 181814 : { SELL 19503.24@0.8079342} 
Sun Nov 30 22:22:30 EST 2014 , 4 , 2 , 2 , 181817 : { BUY 5405.46@0.80470892} 181816 : { BUY 5405.46@0.80470892} 181815 : { SELL 19503.24@0.8079342} 181814 : { SELL 19503.24@0.8079342} 
Sun Nov 30 22:25:31 EST 2014 , 4 , 2 , 2 , 181817 : { BUY 5405.46@0.80470892} 181816 : { BUY 5405.46@0.80470892} 181815 : { SELL 19503.24@0.8079342} 181814 : { SELL 19503.24@0.8079342} 
Sun Nov 30 22:28:32 EST 2014 , 4 , 2 , 2 , 181817 : { BUY 5405.46@0.80470892} 181816 : { BUY 5405.46@0.80470892} 181815 : { SELL 19503.24@0.8079342} 181814 : { SELL 19503.24@0.8079342} 
Sun Nov 30 22:31:33 EST 2014 , 4 , 2 , 2 , 181817 : { BUY 5405.46@0.80470892} 181816 : { BUY 5405.46@0.80470892} 181815 : { SELL 19503.24@0.8079342} 181814 : { SELL 19503.24@0.8079342} 
Sun Nov 30 22:34:34 EST 2014 , 4 , 2 , 2 , 181817 : { BUY 5405.46@0.80470892} 181816 : { BUY 5405.46@0.80470892} 181815 : { SELL 19503.24@0.8079342} 181814 : { SELL 19503.24@0.8079342} 
Sun Nov 30 22:37:35 EST 2014 , 4 , 2 , 2 , 181817 : { BUY 5405.46@0.80470892} 181816 : { BUY 5405.46@0.80470892} 181815 : { SELL 19503.24@0.8079342} 181814 : { SELL 19503.24@0.8079342} 
Sun Nov 30 22:40:36 EST 2014 , 4 , 2 , 2 , 181817 : { BUY 5405.46@0.80470892} 181816 : { BUY 5405.46@0.80470892} 181815 : { SELL 19503.24@0.8079342} 181814 : { SELL 19503.24@0.8079342} 
Sun Nov 30 22:43:37 EST 2014 , 4 , 2 , 2 , 181817 : { BUY 5405.46@0.80470892} 181816 : { BUY 5405.46@0.80470892} 181815 : { SELL 19503.24@0.8079342} 181814 : { SELL 19503.24@0.8079342} 
Sun Nov 30 22:46:38 EST 2014 , 4 , 2 , 2 , 181817 : { BUY 5405.46@0.80470892} 181816 : { BUY 5405.46@0.80470892} 181815 : { SELL 19503.24@0.8079342} 181814 : { SELL 19503.24@0.8079342} 
Sun Nov 30 22:49:39 EST 2014 , 4 , 2 , 2 , 181817 : { BUY 5405.46@0.80470892} 181816 : { BUY 5405.46@0.80470892} 181815 : { SELL 19503.24@0.8079342} 181814 : { SELL 19503.24@0.8079342} 
Sun Nov 30 22:52:40 EST 2014 , 4 , 2 , 2 , 181817 : { BUY 5405.46@0.80470892} 181816 : { BUY 5405.46@0.80470892} 181815 : { SELL 19503.24@0.8079342} 181814 : { SELL 19503.24@0.8079342} 
Sun Nov 30 22:55:41 EST 2014 , 4 , 2 , 2 , 181817 : { BUY 5405.46@0.80470892} 181816 : { BUY 5405.46@0.80470892} 181815 : { SELL 19503.24@0.8079342} 181814 : { SELL 19503.24@0.8079342} 
Sun Nov 30 22:58:42 EST 2014 , 4 , 2 , 2 , 181817 : { BUY 5405.46@0.80470892} 181816 : { BUY 5405.46@0.80470892} 181815 : { SELL 19503.24@0.8079342} 181814 : { SELL 19503.24@0.8079342} 
Sun Nov 30 23:01:43 EST 2014 , 4 , 2 , 2 , 181817 : { BUY 5405.46@0.80470892} 181816 : { BUY 5405.46@0.80470892} 181815 : { SELL 19503.24@0.8079342} 181814 : { SELL 19503.24@0.8079342} 
Sun Nov 30 23:04:44 EST 2014 , 4 , 2 , 2 , 181817 : { BUY 5405.46@0.80470892} 181816 : { BUY 5405.46@0.80470892} 181815 : { SELL 19503.24@0.8079342} 181814 : { SELL 19503.24@0.8079342} 
Sun Nov 30 23:07:45 EST 2014 , 4 , 2 , 2 , 181817 : { BUY 5405.46@0.80470892} 181816 : { BUY 5405.46@0.80470892} 181815 : { SELL 19503.24@0.8079342} 181814 : { SELL 19503.24@0.8079342} 
Sun Nov 30 23:10:46 EST 2014 , 4 , 2 , 2 , 181817 : { BUY 5405.46@0.80470892} 181816 : { BUY 5405.46@0.80470892} 181815 : { SELL 19503.24@0.8079342} 181814 : { SELL 19503.24@0.8079342} 
Sun Nov 30 23:13:47 EST 2014 , 4 , 2 , 2 , 181817 : { BUY 5405.46@0.80470892} 181816 : { BUY 5405.46@0.80470892} 181815 : { SELL 19503.24@0.8079342} 181814 : { SELL 19503.24@0.8079342} 
Sun Nov 30 23:16:48 EST 2014 , 4 , 2 , 2 , 181817 : { BUY 5405.46@0.80470892} 181816 : { BUY 5405.46@0.80470892} 181815 : { SELL 19503.24@0.8079342} 181814 : { SELL 19503.24@0.8079342} 
Sun Nov 30 23:19:49 EST 2014 , 4 , 2 , 2 , 181817 : { BUY 5405.46@0.80470892} 181816 : { BUY 5405.46@0.80470892} 181815 : { SELL 19503.24@0.8079342} 181814 : { SELL 19503.24@0.8079342} 
Sun Nov 30 23:22:50 EST 2014 , 4 , 2 , 2 , 181817 : { BUY 5405.46@0.80470892} 181816 : { BUY 5405.46@0.80470892} 181815 : { SELL 19503.24@0.8079342} 181814 : { SELL 19503.24@0.8079342} 
Sun Nov 30 23:25:51 EST 2014 , 4 , 2 , 2 , 181817 : { BUY 5405.46@0.80470892} 181816 : { BUY 5405.46@0.80470892} 181815 : { SELL 19503.24@0.8079342} 181814 : { SELL 19503.24@0.8079342} 
Sun Nov 30 23:28:52 EST 2014 , 4 , 2 , 2 , 181817 : { BUY 5405.46@0.80470892} 181816 : { BUY 5405.46@0.80470892} 181815 : { SELL 19503.24@0.8079342} 181814 : { SELL 19503.24@0.8079342} 
Sun Nov 30 23:31:53 EST 2014 , 4 , 2 , 2 , 181817 : { BUY 5405.46@0.80470892} 181816 : { BUY 5405.46@0.80470892} 181815 : { SELL 19503.24@0.8079342} 181814 : { SELL 19503.24@0.8079342} 
Sun Nov 30 23:34:54 EST 2014 , 4 , 2 , 2 , 181817 : { BUY 5405.46@0.80470892} 181816 : { BUY 5405.46@0.80470892} 181815 : { SELL 19503.24@0.8079342} 181814 : { SELL 19503.24@0.8079342} 
Sun Nov 30 23:37:55 EST 2014 , 4 , 2 , 2 , 181817 : { BUY 5405.46@0.80470892} 181816 : { BUY 5405.46@0.80470892} 181815 : { SELL 19503.24@0.8079342} 181814 : { SELL 19503.24@0.8079342} 
Sun Nov 30 23:40:56 EST 2014 , 4 , 2 , 2 , 181817 : { BUY 5405.46@0.80470892} 181816 : { BUY 5405.46@0.80470892} 181815 : { SELL 19503.24@0.8079342} 181814 : { SELL 19503.24@0.8079342} 
Sun Nov 30 23:43:57 EST 2014 , 4 , 2 , 2 , 181817 : { BUY 5405.46@0.80470892} 181816 : { BUY 5405.46@0.80470892} 181815 : { SELL 19503.24@0.8079342} 181814 : { SELL 19503.24@0.8079342} 
Sun Nov 30 23:46:58 EST 2014 , 4 , 2 , 2 , 181817 : { BUY 5405.46@0.80470892} 181816 : { BUY 5405.46@0.80470892} 181815 : { SELL 19503.24@0.8079342} 181814 : { SELL 19503.24@0.8079342} 
Sun Nov 30 23:49:59 EST 2014 , 4 , 2 , 2 , 181817 : { BUY 5405.46@0.80470892} 181816 : { BUY 5405.46@0.80470892} 181815 : { SELL 19503.24@0.8079342} 181814 : { SELL 19503.24@0.8079342} 
Sun Nov 30 23:53:00 EST 2014 , 4 , 2 , 2 , 181817 : { BUY 5405.46@0.80470892} 181816 : { BUY 5405.46@0.80470892} 181815 : { SELL 19503.24@0.8079342} 181814 : { SELL 19503.24@0.8079342} 
Sun Nov 30 23:56:01 EST 2014 , 4 , 2 , 2 , 181817 : { BUY 5405.46@0.80470892} 181816 : { BUY 5405.46@0.80470892} 181815 : { SELL 19503.24@0.8079342} 181814 : { SELL 19503.24@0.8079342} 
Sun Nov 30 23:59:02 EST 2014 , 4 , 2 , 2 , 181817 : { BUY 5405.46@0.80470892} 181816 : { BUY 5405.46@0.80470892} 181815 : { SELL 19503.24@0.8079342} 181814 : { SELL 19503.24@0.8079342} 
Mon Dec 01 00:02:03 EST 2014 , 4 , 2 , 2 , 181817 : { BUY 5405.46@0.80470892} 181816 : { BUY 5405.46@0.80470892} 181815 : { SELL 19503.24@0.8079342} 181814 : { SELL 19503.24@0.8079342} 
Mon Dec 01 00:05:04 EST 2014 , 4 , 2 , 2 , 181817 : { BUY 5405.46@0.80470892} 181816 : { BUY 5405.46@0.80470892} 181815 : { SELL 19503.24@0.8079342} 181814 : { SELL 19503.24@0.8079342} 
Mon Dec 01 00:08:05 EST 2014 , 4 , 2 , 2 , 181817 : { BUY 5405.46@0.80470892} 181816 : { BUY 5405.46@0.80470892} 181815 : { SELL 19503.24@0.8079342} 181814 : { SELL 19503.24@0.8079342} 
Mon Dec 01 00:11:06 EST 2014 , 4 , 2 , 2 , 181817 : { BUY 5405.46@0.80470892} 181816 : { BUY 5405.46@0.80470892} 181815 : { SELL 19503.24@0.8079342} 181814 : { SELL 19503.24@0.8079342} 
Mon Dec 01 00:14:07 EST 2014 , 4 , 2 , 2 , 181817 : { BUY 5405.46@0.80470892} 181816 : { BUY 5405.46@0.80470892} 181815 : { SELL 19503.24@0.8079342} 181814 : { SELL 19503.24@0.8079342} 
Mon Dec 01 00:17:08 EST 2014 , 4 , 2 , 2 , 181817 : { BUY 5405.46@0.80470892} 181816 : { BUY 5405.46@0.80470892} 181815 : { SELL 19503.24@0.8079342} 181814 : { SELL 19503.24@0.8079342} 
Mon Dec 01 00:20:09 EST 2014 , 4 , 2 , 2 , 181817 : { BUY 5405.46@0.80470892} 181816 : { BUY 5405.46@0.80470892} 181815 : { SELL 19503.24@0.8079342} 181814 : { SELL 19503.24@0.8079342} 
Mon Dec 01 00:23:10 EST 2014 , 4 , 2 , 2 , 181817 : { BUY 5405.46@0.80470892} 181816 : { BUY 5405.46@0.80470892} 181815 : { SELL 19503.24@0.8079342} 181814 : { SELL 19503.24@0.8079342} 
Mon Dec 01 00:26:11 EST 2014 , 4 , 2 , 2 , 181817 : { BUY 5405.46@0.80470892} 181816 : { BUY 5405.46@0.80470892} 181815 : { SELL 19503.24@0.8079342} 181814 : { SELL 19503.24@0.8079342} 
Mon Dec 01 00:29:12 EST 2014 , 4 , 2 , 2 , 181817 : { BUY 5405.46@0.80470892} 181816 : { BUY 5405.46@0.80470892} 181815 : { SELL 19503.24@0.8079342} 181814 : { SELL 19503.24@0.8079342} 
Mon Dec 01 00:32:13 EST 2014 , 4 , 2 , 2 , 181817 : { BUY 5405.46@0.80470892} 181816 : { BUY 5405.46@0.80470892} 181815 : { SELL 19503.24@0.8079342} 181814 : { SELL 19503.24@0.8079342} 
Mon Dec 01 00:35:14 EST 2014 , 4 , 2 , 2 , 181817 : { BUY 5405.46@0.80470892} 181816 : { BUY 5405.46@0.80470892} 181815 : { SELL 19503.24@0.8079342} 181814 : { SELL 19503.24@0.8079342} 
Mon Dec 01 00:38:15 EST 2014 , 4 , 2 , 2 , 181817 : { BUY 5405.46@0.80470892} 181816 : { BUY 5405.46@0.80470892} 181815 : { SELL 19503.24@0.8079342} 181814 : { SELL 19503.24@0.8079342} 
Mon Dec 01 00:41:16 EST 2014 , 4 , 2 , 2 , 181817 : { BUY 5405.46@0.80470892} 181816 : { BUY 5405.46@0.80470892} 181815 : { SELL 19503.24@0.8079342} 181814 : { SELL 19503.24@0.8079342} 
Mon Dec 01 00:44:17 EST 2014 , 4 , 2 , 2 , 181817 : { BUY 5405.46@0.80470892} 181816 : { BUY 5405.46@0.80470892} 181815 : { SELL 19503.24@0.8079342} 181814 : { SELL 19503.24@0.8079342} 
Mon Dec 01 00:47:18 EST 2014 , 4 , 2 , 2 , 181817 : { BUY 5405.46@0.80470892} 181816 : { BUY 5405.46@0.80470892} 181815 : { SELL 19503.24@0.8079342} 181814 : { SELL 19503.24@0.8079342} 
Mon Dec 01 00:50:19 EST 2014 , 4 , 2 , 2 , 181817 : { BUY 5405.46@0.80470892} 181816 : { BUY 5405.46@0.80470892} 181815 : { SELL 19503.24@0.8079342} 181814 : { SELL 19503.24@0.8079342} 
Mon Dec 01 00:53:20 EST 2014 , 4 , 2 , 2 , 181817 : { BUY 5405.46@0.80470892} 181816 : { BUY 5405.46@0.80470892} 181815 : { SELL 19503.24@0.8079342} 181814 : { SELL 19503.24@0.8079342} 
Mon Dec 01 00:56:21 EST 2014 , 4 , 2 , 2 , 181817 : { BUY 5405.46@0.80470892} 181816 : { BUY 5405.46@0.80470892} 181815 : { SELL 19503.24@0.8079342} 181814 : { SELL 19503.24@0.8079342} 
Mon Dec 01 00:59:22 EST 2014 , 4 , 2 , 2 , 181817 : { BUY 5405.46@0.80470892} 181816 : { BUY 5405.46@0.80470892} 181815 : { SELL 19503.24@0.8079342} 181814 : { SELL 19503.24@0.8079342} 
Mon Dec 01 01:02:23 EST 2014 , 4 , 2 , 2 , 181817 : { BUY 5405.46@0.80470892} 181816 : { BUY 5405.46@0.80470892} 181815 : { SELL 19503.24@0.8079342} 181814 : { SELL 19503.24@0.8079342} 
Mon Dec 01 01:05:24 EST 2014 , 4 , 2 , 2 , 181817 : { BUY 5405.46@0.80470892} 181816 : { BUY 5405.46@0.80470892} 181815 : { SELL 19503.24@0.8079342} 181814 : { SELL 19503.24@0.8079342} 
Mon Dec 01 01:08:25 EST 2014 , 4 , 2 , 2 , 181817 : { BUY 5405.46@0.80470892} 181816 : { BUY 5405.46@0.80470892} 181815 : { SELL 19503.24@0.8079342} 181814 : { SELL 19503.24@0.8079342} 
Mon Dec 01 01:11:26 EST 2014 , 4 , 2 , 2 , 181817 : { BUY 5405.46@0.80470892} 181816 : { BUY 5405.46@0.80470892} 181815 : { SELL 19503.24@0.8079342} 181814 : { SELL 19503.24@0.8079342} 
Mon Dec 01 01:14:27 EST 2014 , 4 , 2 , 2 , 181817 : { BUY 5405.46@0.80470892} 181816 : { BUY 5405.46@0.80470892} 181815 : { SELL 19503.24@0.8079342} 181814 : { SELL 19503.24@0.8079342} 
Mon Dec 01 01:17:28 EST 2014 , 4 , 2 , 2 , 181817 : { BUY 5405.46@0.80470892} 181816 : { BUY 5405.46@0.80470892} 181815 : { SELL 19503.24@0.8079342} 181814 : { SELL 19503.24@0.8079342} 
Mon Dec 01 01:20:29 EST 2014 , 4 , 2 , 2 , 181817 : { BUY 5405.46@0.80470892} 181816 : { BUY 5405.46@0.80470892} 181815 : { SELL 19503.24@0.8079342} 181814 : { SELL 19503.24@0.8079342} 
Mon Dec 01 01:23:30 EST 2014 , 4 , 2 , 2 , 181817 : { BUY 5405.46@0.80470892} 181816 : { BUY 5405.46@0.80470892} 181815 : { SELL 19503.24@0.8079342} 181814 : { SELL 19503.24@0.8079342} 
Mon Dec 01 01:26:31 EST 2014 , 4 , 2 , 2 , 181817 : { BUY 5405.46@0.80470892} 181816 : { BUY 5405.46@0.80470892} 181815 : { SELL 19503.24@0.8079342} 181814 : { SELL 19503.24@0.8079342} 
Mon Dec 01 01:29:32 EST 2014 , 4 , 2 , 2 , 181817 : { BUY 5405.46@0.80470892} 181816 : { BUY 5405.46@0.80470892} 181815 : { SELL 19503.24@0.8079342} 181814 : { SELL 19503.24@0.8079342} 
Mon Dec 01 01:32:33 EST 2014 , 4 , 2 , 2 , 181817 : { BUY 5405.46@0.80470892} 181816 : { BUY 5405.46@0.80470892} 181815 : { SELL 19503.24@0.8079342} 181814 : { SELL 19503.24@0.8079342} 
Mon Dec 01 01:35:34 EST 2014 , 4 , 2 , 2 , 181817 : { BUY 5405.46@0.80470892} 181816 : { BUY 5405.46@0.80470892} 181815 : { SELL 19503.24@0.8079342} 181814 : { SELL 19503.24@0.8079342} 
Mon Dec 01 01:38:35 EST 2014 , 4 , 2 , 2 , 181817 : { BUY 5405.46@0.80470892} 181816 : { BUY 5405.46@0.80470892} 181815 : { SELL 19503.24@0.8079342} 181814 : { SELL 19503.24@0.8079342} 
Mon Dec 01 01:41:36 EST 2014 , 4 , 2 , 2 , 181817 : { BUY 5405.46@0.80470892} 181816 : { BUY 5405.46@0.80470892} 181815 : { SELL 19503.24@0.8079342} 181814 : { SELL 19503.24@0.8079342} 
Mon Dec 01 01:44:37 EST 2014 , 4 , 2 , 2 , 181817 : { BUY 5405.46@0.80470892} 181816 : { BUY 5405.46@0.80470892} 181815 : { SELL 19503.24@0.8079342} 181814 : { SELL 19503.24@0.8079342} 
Mon Dec 01 01:47:38 EST 2014 , 4 , 2 , 2 , 181817 : { BUY 5405.46@0.80470892} 181816 : { BUY 5405.46@0.80470892} 181815 : { SELL 19503.24@0.8079342} 181814 : { SELL 19503.24@0.8079342} 
Mon Dec 01 01:50:39 EST 2014 , 4 , 2 , 2 , 181817 : { BUY 5405.46@0.80470892} 181816 : { BUY 5405.46@0.80470892} 181815 : { SELL 19503.24@0.8079342} 181814 : { SELL 19503.24@0.8079342} 
Mon Dec 01 01:53:40 EST 2014 , 4 , 2 , 2 , 181817 : { BUY 5405.46@0.80470892} 181816 : { BUY 5405.46@0.80470892} 181815 : { SELL 19503.24@0.8079342} 181814 : { SELL 19503.24@0.8079342} 
Mon Dec 01 01:56:41 EST 2014 , 4 , 2 , 2 , 181817 : { BUY 5405.46@0.80470892} 181816 : { BUY 5405.46@0.80470892} 181815 : { SELL 19503.24@0.8079342} 181814 : { SELL 19503.24@0.8079342} 
Mon Dec 01 01:59:42 EST 2014 , 4 , 2 , 2 , 181817 : { BUY 5405.46@0.80470892} 181816 : { BUY 5405.46@0.80470892} 181815 : { SELL 19503.24@0.8079342} 181814 : { SELL 19503.24@0.8079342} 
Mon Dec 01 02:02:43 EST 2014 , 4 , 2 , 2 , 181817 : { BUY 5405.46@0.80470892} 181816 : { BUY 5405.46@0.80470892} 181815 : { SELL 19503.24@0.8079342} 181814 : { SELL 19503.24@0.8079342} 
Mon Dec 01 02:05:44 EST 2014 , 4 , 2 , 2 , 181817 : { BUY 5405.46@0.80470892} 181816 : { BUY 5405.46@0.80470892} 181815 : { SELL 19503.24@0.8079342} 181814 : { SELL 19503.24@0.8079342} 
Mon Dec 01 02:08:45 EST 2014 , 4 , 2 , 2 , 181817 : { BUY 5405.46@0.80470892} 181816 : { BUY 5405.46@0.80470892} 181815 : { SELL 19503.24@0.8079342} 181814 : { SELL 19503.24@0.8079342} 
Mon Dec 01 02:11:46 EST 2014 , 4 , 2 , 2 , 181817 : { BUY 5405.46@0.80470892} 181816 : { BUY 5405.46@0.80470892} 181815 : { SELL 19503.24@0.8079342} 181814 : { SELL 19503.24@0.8079342} 
Mon Dec 01 02:14:47 EST 2014 , 4 , 2 , 2 , 181817 : { BUY 5405.46@0.80470892} 181816 : { BUY 5405.46@0.80470892} 181815 : { SELL 19503.24@0.8079342} 181814 : { SELL 19503.24@0.8079342} 
Mon Dec 01 02:17:48 EST 2014 , 4 , 2 , 2 , 181817 : { BUY 5405.46@0.80470892} 181816 : { BUY 5405.46@0.80470892} 181815 : { SELL 19503.24@0.8079342} 181814 : { SELL 19503.24@0.8079342} 
Mon Dec 01 02:20:49 EST 2014 , 4 , 2 , 2 , 181817 : { BUY 5405.46@0.80470892} 181816 : { BUY 5405.46@0.80470892} 181815 : { SELL 19503.24@0.8079342} 181814 : { SELL 19503.24@0.8079342} 
Mon Dec 01 02:23:50 EST 2014 , 4 , 2 , 2 , 181817 : { BUY 5405.46@0.80470892} 181816 : { BUY 5405.46@0.80470892} 181815 : { SELL 19503.24@0.8079342} 181814 : { SELL 19503.24@0.8079342} 
Mon Dec 01 02:26:51 EST 2014 , 4 , 2 , 2 , 181817 : { BUY 5405.46@0.80470892} 181816 : { BUY 5405.46@0.80470892} 181815 : { SELL 19503.24@0.8079342} 181814 : { SELL 19503.24@0.8079342} 
Mon Dec 01 02:29:52 EST 2014 , 4 , 2 , 2 , 181817 : { BUY 5405.46@0.80470892} 181816 : { BUY 5405.46@0.80470892} 181815 : { SELL 19503.24@0.8079342} 181814 : { SELL 19503.24@0.8079342} 
Mon Dec 01 02:32:53 EST 2014 , 4 , 2 , 2 , 181817 : { BUY 5405.46@0.80470892} 181816 : { BUY 5405.46@0.80470892} 181815 : { SELL 19503.24@0.8079342} 181814 : { SELL 19503.24@0.8079342} 
Mon Dec 01 02:35:54 EST 2014 , 4 , 2 , 2 , 181817 : { BUY 5405.46@0.80470892} 181816 : { BUY 5405.46@0.80470892} 181815 : { SELL 19503.24@0.8079342} 181814 : { SELL 19503.24@0.8079342} 
Mon Dec 01 02:38:55 EST 2014 , 4 , 2 , 2 , 181817 : { BUY 5405.46@0.80470892} 181816 : { BUY 5405.46@0.80470892} 181815 : { SELL 19503.24@0.8079342} 181814 : { SELL 19503.24@0.8079342} 
Mon Dec 01 02:41:56 EST 2014 , 4 , 2 , 2 , 181817 : { BUY 5405.46@0.80470892} 181816 : { BUY 5405.46@0.80470892} 181815 : { SELL 19503.24@0.8079342} 181814 : { SELL 19503.24@0.8079342} 
Mon Dec 01 02:44:57 EST 2014 , 4 , 2 , 2 , 181817 : { BUY 5405.46@0.80470892} 181816 : { BUY 5405.46@0.80470892} 181815 : { SELL 19503.24@0.8079342} 181814 : { SELL 19503.24@0.8079342} 
Mon Dec 01 02:47:58 EST 2014 , 4 , 2 , 2 , 181817 : { BUY 5405.46@0.80470892} 181816 : { BUY 5405.46@0.80470892} 181815 : { SELL 19503.24@0.8079342} 181814 : { SELL 19503.24@0.8079342} 
Mon Dec 01 02:50:59 EST 2014 , 4 , 2 , 2 , 181817 : { BUY 5405.46@0.80470892} 181816 : { BUY 5405.46@0.80470892} 181815 : { SELL 19503.24@0.8079342} 181814 : { SELL 19503.24@0.8079342} 
Mon Dec 01 02:54:00 EST 2014 , 4 , 2 , 2 , 181817 : { BUY 5405.46@0.80470892} 181816 : { BUY 5405.46@0.80470892} 181815 : { SELL 19503.24@0.8079342} 181814 : { SELL 19503.24@0.8079342} 
Mon Dec 01 02:57:01 EST 2014 , 4 , 2 , 2 , 181817 : { BUY 5405.46@0.80470892} 181816 : { BUY 5405.46@0.80470892} 181815 : { SELL 19503.24@0.8079342} 181814 : { SELL 19503.24@0.8079342} 
Mon Dec 01 03:00:02 EST 2014 , 4 , 2 , 2 , 181817 : { BUY 5405.46@0.80470892} 181816 : { BUY 5405.46@0.80470892} 181815 : { SELL 19503.24@0.8079342} 181814 : { SELL 19503.24@0.8079342} 
Mon Dec 01 03:03:03 EST 2014 , 4 , 2 , 2 , 181817 : { BUY 5405.46@0.80470892} 181816 : { BUY 5405.46@0.80470892} 181815 : { SELL 19503.24@0.8079342} 181814 : { SELL 19503.24@0.8079342} 
Mon Dec 01 03:06:04 EST 2014 , 4 , 2 , 2 , 181817 : { BUY 5405.46@0.80470892} 181816 : { BUY 5405.46@0.80470892} 181815 : { SELL 19503.24@0.8079342} 181814 : { SELL 19503.24@0.8079342} 
Mon Dec 01 03:09:05 EST 2014 , 4 , 2 , 2 , 181817 : { BUY 5405.46@0.80470892} 181816 : { BUY 5405.46@0.80470892} 181815 : { SELL 19503.24@0.8079342} 181814 : { SELL 19503.24@0.8079342} 
Mon Dec 01 03:12:06 EST 2014 , 4 , 2 , 2 , 181817 : { BUY 5405.46@0.80470892} 181816 : { BUY 5405.46@0.80470892} 181815 : { SELL 19503.24@0.8079342} 181814 : { SELL 19503.24@0.8079342} 
Mon Dec 01 03:15:07 EST 2014 , 4 , 2 , 2 , 181817 : { BUY 5405.46@0.80470892} 181816 : { BUY 5405.46@0.80470892} 181815 : { SELL 19503.24@0.8079342} 181814 : { SELL 19503.24@0.8079342} 
Mon Dec 01 03:18:08 EST 2014 , 4 , 2 , 2 , 181817 : { BUY 5405.46@0.80470892} 181816 : { BUY 5405.46@0.80470892} 181815 : { SELL 19503.24@0.8079342} 181814 : { SELL 19503.24@0.8079342} 
Mon Dec 01 03:21:09 EST 2014 , 4 , 2 , 2 , 181817 : { BUY 5405.46@0.80470892} 181816 : { BUY 5405.46@0.80470892} 181815 : { SELL 19503.24@0.8079342} 181814 : { SELL 19503.24@0.8079342} 
Mon Dec 01 03:24:10 EST 2014 , 4 , 2 , 2 , 181817 : { BUY 5405.46@0.80470892} 181816 : { BUY 5405.46@0.80470892} 181815 : { SELL 19503.24@0.8079342} 181814 : { SELL 19503.24@0.8079342} 
Mon Dec 01 03:27:11 EST 2014 , 4 , 2 , 2 , 181817 : { BUY 5405.46@0.80470892} 181816 : { BUY 5405.46@0.80470892} 181815 : { SELL 19503.24@0.8079342} 181814 : { SELL 19503.24@0.8079342} 
Mon Dec 01 03:30:12 EST 2014 , 4 , 2 , 2 , 181817 : { BUY 5405.46@0.80470892} 181816 : { BUY 5405.46@0.80470892} 181815 : { SELL 19503.24@0.8079342} 181814 : { SELL 19503.24@0.8079342} 
Mon Dec 01 03:33:13 EST 2014 , 4 , 2 , 2 , 181817 : { BUY 5405.46@0.80470892} 181816 : { BUY 5405.46@0.80470892} 181815 : { SELL 19503.24@0.8079342} 181814 : { SELL 19503.24@0.8079342} 
Mon Dec 01 03:36:14 EST 2014 , 4 , 2 , 2 , 181817 : { BUY 5405.46@0.80470892} 181816 : { BUY 5405.46@0.80470892} 181815 : { SELL 19503.24@0.8079342} 181814 : { SELL 19503.24@0.8079342} 
Mon Dec 01 03:39:15 EST 2014 , 4 , 2 , 2 , 181817 : { BUY 5405.46@0.80470892} 181816 : { BUY 5405.46@0.80470892} 181815 : { SELL 19503.24@0.8079342} 181814 : { SELL 19503.24@0.8079342} 
Mon Dec 01 03:42:16 EST 2014 , 4 , 2 , 2 , 181817 : { BUY 5405.46@0.80470892} 181816 : { BUY 5405.46@0.80470892} 181815 : { SELL 19503.24@0.8079342} 181814 : { SELL 19503.24@0.8079342} 
Mon Dec 01 03:45:17 EST 2014 , 4 , 2 , 2 , 181817 : { BUY 5405.46@0.80470892} 181816 : { BUY 5405.46@0.80470892} 181815 : { SELL 19503.24@0.8079342} 181814 : { SELL 19503.24@0.8079342} 
Mon Dec 01 03:48:18 EST 2014 , 4 , 2 , 2 , 181817 : { BUY 5405.46@0.80470892} 181816 : { BUY 5405.46@0.80470892} 181815 : { SELL 19503.24@0.8079342} 181814 : { SELL 19503.24@0.8079342} 
Mon Dec 01 03:51:19 EST 2014 , 4 , 2 , 2 , 181817 : { BUY 5405.46@0.80470892} 181816 : { BUY 5405.46@0.80470892} 181815 : { SELL 19503.24@0.8079342} 181814 : { SELL 19503.24@0.8079342} 
Mon Dec 01 03:54:20 EST 2014 , 4 , 2 , 2 , 181817 : { BUY 5405.46@0.80470892} 181816 : { BUY 5405.46@0.80470892} 181815 : { SELL 19503.24@0.8079342} 181814 : { SELL 19503.24@0.8079342} 
Mon Dec 01 03:57:21 EST 2014 , 4 , 2 , 2 , 181817 : { BUY 5405.46@0.80470892} 181816 : { BUY 5405.46@0.80470892} 181815 : { SELL 19503.24@0.8079342} 181814 : { SELL 19503.24@0.8079342} 
Mon Dec 01 04:00:22 EST 2014 , 4 , 2 , 2 , 181817 : { BUY 5405.46@0.80470892} 181816 : { BUY 5405.46@0.80470892} 181815 : { SELL 19503.24@0.8079342} 181814 : { SELL 19503.24@0.8079342} 
Mon Dec 01 04:03:23 EST 2014 , 4 , 2 , 2 , 181817 : { BUY 5405.46@0.80470892} 181816 : { BUY 5405.46@0.80470892} 181815 : { SELL 19503.24@0.8079342} 181814 : { SELL 19503.24@0.8079342} 
Mon Dec 01 04:06:24 EST 2014 , 4 , 2 , 2 , 181817 : { BUY 5405.46@0.80470892} 181816 : { BUY 5405.46@0.80470892} 181815 : { SELL 19503.24@0.8079342} 181814 : { SELL 19503.24@0.8079342} 
Mon Dec 01 04:09:25 EST 2014 , 4 , 2 , 2 , 181817 : { BUY 5405.46@0.80470892} 181816 : { BUY 5405.46@0.80470892} 181815 : { SELL 19503.24@0.8079342} 181814 : { SELL 19503.24@0.8079342} 
Mon Dec 01 04:12:26 EST 2014 , 4 , 2 , 2 , 181817 : { BUY 5405.46@0.80470892} 181816 : { BUY 5405.46@0.80470892} 181815 : { SELL 19503.24@0.8079342} 181814 : { SELL 19503.24@0.8079342} 
Mon Dec 01 04:15:27 EST 2014 , 4 , 2 , 2 , 181817 : { BUY 5405.46@0.80470892} 181816 : { BUY 5405.46@0.80470892} 181815 : { SELL 19503.24@0.8079342} 181814 : { SELL 19503.24@0.8079342} 
Mon Dec 01 04:18:28 EST 2014 , 4 , 2 , 2 , 181817 : { BUY 5405.46@0.80470892} 181816 : { BUY 5405.46@0.80470892} 181815 : { SELL 19503.24@0.8079342} 181814 : { SELL 19503.24@0.8079342} 
Mon Dec 01 04:21:29 EST 2014 , 4 , 2 , 2 , 181817 : { BUY 5405.46@0.80470892} 181816 : { BUY 5405.46@0.80470892} 181815 : { SELL 19503.24@0.8079342} 181814 : { SELL 19503.24@0.8079342} 
Mon Dec 01 04:24:30 EST 2014 , 4 , 2 , 2 , 181817 : { BUY 5405.46@0.80470892} 181816 : { BUY 5405.46@0.80470892} 181815 : { SELL 19503.24@0.8079342} 181814 : { SELL 19503.24@0.8079342} 
Mon Dec 01 04:27:31 EST 2014 , 4 , 2 , 2 , 181817 : { BUY 5405.46@0.80470892} 181816 : { BUY 5405.46@0.80470892} 181815 : { SELL 19503.24@0.8079342} 181814 : { SELL 19503.24@0.8079342} 
Mon Dec 01 04:30:32 EST 2014 , 4 , 2 , 2 , 181817 : { BUY 5405.46@0.80470892} 181816 : { BUY 5405.46@0.80470892} 181815 : { SELL 19503.24@0.8079342} 181814 : { SELL 19503.24@0.8079342} 
Mon Dec 01 04:33:33 EST 2014 , 4 , 2 , 2 , 181817 : { BUY 5405.46@0.80470892} 181816 : { BUY 5405.46@0.80470892} 181815 : { SELL 19503.24@0.8079342} 181814 : { SELL 19503.24@0.8079342} 
Mon Dec 01 04:36:34 EST 2014 , 4 , 2 , 2 , 181817 : { BUY 5405.46@0.80470892} 181816 : { BUY 5405.46@0.80470892} 181815 : { SELL 19503.24@0.8079342} 181814 : { SELL 19503.24@0.8079342} 
Mon Dec 01 04:39:35 EST 2014 , 4 , 2 , 2 , 181817 : { BUY 5405.46@0.80470892} 181816 : { BUY 5405.46@0.80470892} 181815 : { SELL 19503.24@0.8079342} 181814 : { SELL 19503.24@0.8079342} 
Mon Dec 01 04:42:36 EST 2014 , 4 , 2 , 2 , 181817 : { BUY 5405.46@0.80470892} 181816 : { BUY 5405.46@0.80470892} 181815 : { SELL 19503.24@0.8079342} 181814 : { SELL 19503.24@0.8079342} 
Mon Dec 01 04:45:37 EST 2014 , 4 , 2 , 2 , 181817 : { BUY 5405.46@0.80470892} 181816 : { BUY 5405.46@0.80470892} 181815 : { SELL 19503.24@0.8079342} 181814 : { SELL 19503.24@0.8079342} 
Mon Dec 01 04:48:38 EST 2014 , 4 , 2 , 2 , 181817 : { BUY 5405.46@0.80470892} 181816 : { BUY 5405.46@0.80470892} 181815 : { SELL 19503.24@0.8079342} 181814 : { SELL 19503.24@0.8079342} 
Mon Dec 01 04:51:39 EST 2014 , 4 , 2 , 2 , 181817 : { BUY 5405.46@0.80470892} 181816 : { BUY 5405.46@0.80470892} 181815 : { SELL 19503.24@0.8079342} 181814 : { SELL 19503.24@0.8079342} 
Mon Dec 01 04:54:40 EST 2014 , 4 , 2 , 2 , 181817 : { BUY 5405.46@0.80470892} 181816 : { BUY 5405.46@0.80470892} 181815 : { SELL 19503.24@0.8079342} 181814 : { SELL 19503.24@0.8079342} 
Mon Dec 01 04:57:41 EST 2014 , 4 , 2 , 2 , 181817 : { BUY 5405.46@0.80470892} 181816 : { BUY 5405.46@0.80470892} 181815 : { SELL 19503.24@0.8079342} 181814 : { SELL 19503.24@0.8079342} 
Mon Dec 01 05:00:42 EST 2014 , 4 , 2 , 2 , 181817 : { BUY 5405.46@0.80470892} 181816 : { BUY 5405.46@0.80470892} 181815 : { SELL 19503.24@0.8079342} 181814 : { SELL 19503.24@0.8079342} 
Mon Dec 01 05:03:43 EST 2014 , 4 , 2 , 2 , 181817 : { BUY 5405.46@0.80470892} 181816 : { BUY 5405.46@0.80470892} 181815 : { SELL 19503.24@0.8079342} 181814 : { SELL 19503.24@0.8079342} 
Mon Dec 01 05:06:44 EST 2014 , 4 , 2 , 2 , 181817 : { BUY 5405.46@0.80470892} 181816 : { BUY 5405.46@0.80470892} 181815 : { SELL 19503.24@0.8079342} 181814 : { SELL 19503.24@0.8079342} 
Mon Dec 01 05:09:45 EST 2014 , 4 , 2 , 2 , 181817 : { BUY 5405.46@0.80470892} 181816 : { BUY 5405.46@0.80470892} 181815 : { SELL 19503.24@0.8079342} 181814 : { SELL 19503.24@0.8079342} 
Mon Dec 01 05:12:46 EST 2014 , 4 , 2 , 2 , 181817 : { BUY 5405.46@0.80470892} 181816 : { BUY 5405.46@0.80470892} 181815 : { SELL 19503.24@0.8079342} 181814 : { SELL 19503.24@0.8079342} 
Mon Dec 01 05:15:47 EST 2014 , 4 , 2 , 2 , 181817 : { BUY 5405.46@0.80470892} 181816 : { BUY 5405.46@0.80470892} 181815 : { SELL 19503.24@0.8079342} 181814 : { SELL 19503.24@0.8079342} 
Mon Dec 01 05:18:48 EST 2014 , 4 , 2 , 2 , 181817 : { BUY 5405.46@0.80470892} 181816 : { BUY 5405.46@0.80470892} 181815 : { SELL 19503.24@0.8079342} 181814 : { SELL 19503.24@0.8079342} 
Mon Dec 01 05:21:49 EST 2014 , 4 , 2 , 2 , 181817 : { BUY 5405.46@0.80470892} 181816 : { BUY 5405.46@0.80470892} 181815 : { SELL 19503.24@0.8079342} 181814 : { SELL 19503.24@0.8079342} 
Mon Dec 01 05:24:50 EST 2014 , 4 , 2 , 2 , 181817 : { BUY 5405.46@0.80470892} 181816 : { BUY 5405.46@0.80470892} 181815 : { SELL 19503.24@0.8079342} 181814 : { SELL 19503.24@0.8079342} 
Mon Dec 01 05:27:51 EST 2014 , 4 , 2 , 2 , 181817 : { BUY 5405.46@0.80470892} 181816 : { BUY 5405.46@0.80470892} 181815 : { SELL 19503.24@0.8079342} 181814 : { SELL 19503.24@0.8079342} 
Mon Dec 01 05:30:52 EST 2014 , 4 , 2 , 2 , 181817 : { BUY 5405.46@0.80470892} 181816 : { BUY 5405.46@0.80470892} 181815 : { SELL 19503.24@0.8079342} 181814 : { SELL 19503.24@0.8079342} 
Mon Dec 01 05:33:53 EST 2014 , 4 , 2 , 2 , 181817 : { BUY 5405.46@0.80470892} 181816 : { BUY 5405.46@0.80470892} 181815 : { SELL 19503.24@0.8079342} 181814 : { SELL 19503.24@0.8079342} 
Mon Dec 01 05:36:54 EST 2014 , 4 , 2 , 2 , 181817 : { BUY 5405.46@0.80470892} 181816 : { BUY 5405.46@0.80470892} 181815 : { SELL 19503.24@0.8079342} 181814 : { SELL 19503.24@0.8079342} 
Mon Dec 01 05:39:55 EST 2014 , 4 , 2 , 2 , 181817 : { BUY 5405.46@0.80470892} 181816 : { BUY 5405.46@0.80470892} 181815 : { SELL 19503.24@0.8079342} 181814 : { SELL 19503.24@0.8079342} 
Mon Dec 01 05:42:56 EST 2014 , 4 , 2 , 2 , 181817 : { BUY 5405.46@0.80470892} 181816 : { BUY 5405.46@0.80470892} 181815 : { SELL 19503.24@0.8079342} 181814 : { SELL 19503.24@0.8079342} 
Mon Dec 01 05:45:57 EST 2014 , 4 , 2 , 2 , 181817 : { BUY 5405.46@0.80470892} 181816 : { BUY 5405.46@0.80470892} 181815 : { SELL 19503.24@0.8079342} 181814 : { SELL 19503.24@0.8079342} 
Mon Dec 01 05:48:58 EST 2014 , 4 , 2 , 2 , 181817 : { BUY 5405.46@0.80470892} 181816 : { BUY 5405.46@0.80470892} 181815 : { SELL 19503.24@0.8079342} 181814 : { SELL 19503.24@0.8079342} 
Mon Dec 01 05:51:59 EST 2014 , 4 , 2 , 2 , 181817 : { BUY 5405.46@0.80470892} 181816 : { BUY 5405.46@0.80470892} 181815 : { SELL 19503.24@0.8079342} 181814 : { SELL 19503.24@0.8079342} 
Mon Dec 01 05:55:00 EST 2014 , 4 , 2 , 2 , 181817 : { BUY 5405.46@0.80470892} 181816 : { BUY 5405.46@0.80470892} 181815 : { SELL 19503.24@0.8079342} 181814 : { SELL 19503.24@0.8079342} 
Mon Dec 01 05:58:01 EST 2014 , 4 , 2 , 2 , 181817 : { BUY 5405.46@0.80470892} 181816 : { BUY 5405.46@0.80470892} 181815 : { SELL 19503.24@0.8079342} 181814 : { SELL 19503.24@0.8079342} 
Mon Dec 01 06:01:02 EST 2014 , 4 , 2 , 2 , 181817 : { BUY 5405.46@0.80470892} 181816 : { BUY 5405.46@0.80470892} 181815 : { SELL 19503.24@0.8079342} 181814 : { SELL 19503.24@0.8079342} 
Mon Dec 01 06:04:03 EST 2014 , 4 , 2 , 2 , 181817 : { BUY 5405.46@0.80470892} 181816 : { BUY 5405.46@0.80470892} 181815 : { SELL 19503.24@0.8079342} 181814 : { SELL 19503.24@0.8079342} 
Mon Dec 01 06:07:04 EST 2014 , 4 , 2 , 2 , 181817 : { BUY 5405.46@0.80470892} 181816 : { BUY 5405.46@0.80470892} 181815 : { SELL 19503.24@0.8079342} 181814 : { SELL 19503.24@0.8079342} 
Mon Dec 01 06:10:05 EST 2014 , 4 , 2 , 2 , 181817 : { BUY 5405.46@0.80470892} 181816 : { BUY 5405.46@0.80470892} 181815 : { SELL 19503.24@0.8079342} 181814 : { SELL 19503.24@0.8079342} 
Mon Dec 01 06:13:06 EST 2014 , 4 , 2 , 2 , 181817 : { BUY 5405.46@0.80470892} 181816 : { BUY 5405.46@0.80470892} 181815 : { SELL 19503.24@0.8079342} 181814 : { SELL 19503.24@0.8079342} 
Mon Dec 01 06:16:07 EST 2014 , 4 , 2 , 2 , 181817 : { BUY 5405.46@0.80470892} 181816 : { BUY 5405.46@0.80470892} 181815 : { SELL 19503.24@0.8079342} 181814 : { SELL 19503.24@0.8079342} 
Mon Dec 01 06:19:08 EST 2014 , 4 , 2 , 2 , 181817 : { BUY 5405.46@0.80470892} 181816 : { BUY 5405.46@0.80470892} 181815 : { SELL 19503.24@0.8079342} 181814 : { SELL 19503.24@0.8079342} 
Mon Dec 01 06:22:09 EST 2014 , 4 , 2 , 2 , 181817 : { BUY 5405.46@0.80470892} 181816 : { BUY 5405.46@0.80470892} 181815 : { SELL 19503.24@0.8079342} 181814 : { SELL 19503.24@0.8079342} 
Mon Dec 01 06:25:10 EST 2014 , 4 , 2 , 2 , 181817 : { BUY 5405.46@0.80470892} 181816 : { BUY 5405.46@0.80470892} 181815 : { SELL 19503.24@0.8079342} 181814 : { SELL 19503.24@0.8079342} 
Mon Dec 01 06:28:11 EST 2014 , 4 , 2 , 2 , 181817 : { BUY 5405.46@0.80470892} 181816 : { BUY 5405.46@0.80470892} 181815 : { SELL 19503.24@0.8079342} 181814 : { SELL 19503.24@0.8079342} 
Mon Dec 01 06:31:12 EST 2014 , 4 , 2 , 2 , 181817 : { BUY 5405.46@0.80470892} 181816 : { BUY 5405.46@0.80470892} 181815 : { SELL 19503.24@0.8079342} 181814 : { SELL 19503.24@0.8079342} 
Mon Dec 01 06:34:13 EST 2014 , 4 , 2 , 2 , 181817 : { BUY 5405.46@0.80470892} 181816 : { BUY 5405.46@0.80470892} 181815 : { SELL 19503.24@0.8079342} 181814 : { SELL 19503.24@0.8079342} 
Mon Dec 01 06:37:14 EST 2014 , 4 , 2 , 2 , 181817 : { BUY 5405.46@0.80470892} 181816 : { BUY 5405.46@0.80470892} 181815 : { SELL 19503.24@0.8079342} 181814 : { SELL 19503.24@0.8079342} 
Mon Dec 01 06:40:15 EST 2014 , 4 , 2 , 2 , 181817 : { BUY 5405.46@0.80470892} 181816 : { BUY 5405.46@0.80470892} 181815 : { SELL 19503.24@0.8079342} 181814 : { SELL 19503.24@0.8079342} 
Mon Dec 01 06:43:16 EST 2014 , 4 , 2 , 2 , 181817 : { BUY 5405.46@0.80470892} 181816 : { BUY 5405.46@0.80470892} 181815 : { SELL 19503.24@0.8079342} 181814 : { SELL 19503.24@0.8079342} 
Mon Dec 01 06:46:17 EST 2014 , 4 , 2 , 2 , 181817 : { BUY 5405.46@0.80470892} 181816 : { BUY 5405.46@0.80470892} 181815 : { SELL 19503.24@0.8079342} 181814 : { SELL 19503.24@0.8079342} 
Mon Dec 01 06:49:18 EST 2014 , 4 , 2 , 2 , 181817 : { BUY 5405.46@0.80470892} 181816 : { BUY 5405.46@0.80470892} 181815 : { SELL 19503.24@0.8079342} 181814 : { SELL 19503.24@0.8079342} 
Mon Dec 01 06:52:19 EST 2014 , 4 , 2 , 2 , 181817 : { BUY 5405.46@0.80470892} 181816 : { BUY 5405.46@0.80470892} 181815 : { SELL 19503.24@0.8079342} 181814 : { SELL 19503.24@0.8079342} 
Mon Dec 01 06:55:20 EST 2014 , 4 , 2 , 2 , 181817 : { BUY 5405.46@0.80470892} 181816 : { BUY 5405.46@0.80470892} 181815 : { SELL 19503.24@0.8079342} 181814 : { SELL 19503.24@0.8079342} 
Mon Dec 01 06:58:21 EST 2014 , 4 , 2 , 2 , 181817 : { BUY 5405.46@0.80470892} 181816 : { BUY 5405.46@0.80470892} 181815 : { SELL 19503.24@0.8079342} 181814 : { SELL 19503.24@0.8079342} 
Mon Dec 01 07:01:22 EST 2014 , 4 , 2 , 2 , 181817 : { BUY 5405.46@0.80470892} 181816 : { BUY 5405.46@0.80470892} 181815 : { SELL 19503.24@0.8079342} 181814 : { SELL 19503.24@0.8079342} 
Mon Dec 01 07:04:23 EST 2014 , 4 , 2 , 2 , 181817 : { BUY 5405.46@0.80470892} 181816 : { BUY 5405.46@0.80470892} 181815 : { SELL 19503.24@0.8079342} 181814 : { SELL 19503.24@0.8079342} 
Mon Dec 01 07:07:24 EST 2014 , 4 , 2 , 2 , 181817 : { BUY 5405.46@0.80470892} 181816 : { BUY 5405.46@0.80470892} 181815 : { SELL 19503.24@0.8079342} 181814 : { SELL 19503.24@0.8079342} 
Mon Dec 01 07:10:25 EST 2014 , 4 , 2 , 2 , 181817 : { BUY 5405.46@0.80470892} 181816 : { BUY 5405.46@0.80470892} 181815 : { SELL 19503.24@0.8079342} 181814 : { SELL 19503.24@0.8079342} 
Mon Dec 01 07:13:26 EST 2014 , 4 , 2 , 2 , 181817 : { BUY 5405.46@0.80470892} 181816 : { BUY 5405.46@0.80470892} 181815 : { SELL 19503.24@0.8079342} 181814 : { SELL 19503.24@0.8079342} 
Mon Dec 01 07:16:27 EST 2014 , 4 , 2 , 2 , 181817 : { BUY 5405.46@0.80470892} 181816 : { BUY 5405.46@0.80470892} 181815 : { SELL 19503.24@0.8079342} 181814 : { SELL 19503.24@0.8079342} 
Mon Dec 01 07:19:28 EST 2014 , 4 , 2 , 2 , 181817 : { BUY 5405.46@0.80470892} 181816 : { BUY 5405.46@0.80470892} 181815 : { SELL 19503.24@0.8079342} 181814 : { SELL 19503.24@0.8079342} 
Mon Dec 01 07:22:29 EST 2014 , 4 , 2 , 2 , 181817 : { BUY 5405.46@0.80470892} 181816 : { BUY 5405.46@0.80470892} 181815 : { SELL 19503.24@0.8079342} 181814 : { SELL 19503.24@0.8079342} 
Mon Dec 01 07:25:30 EST 2014 , 4 , 2 , 2 , 181817 : { BUY 5405.46@0.80470892} 181816 : { BUY 5405.46@0.80470892} 181815 : { SELL 19503.24@0.8079342} 181814 : { SELL 19503.24@0.8079342} 
Mon Dec 01 07:28:31 EST 2014 , 4 , 2 , 2 , 181817 : { BUY 5405.46@0.80470892} 181816 : { BUY 5405.46@0.80470892} 181815 : { SELL 19503.24@0.8079342} 181814 : { SELL 19503.24@0.8079342} 
Mon Dec 01 07:31:32 EST 2014 , 4 , 2 , 2 , 181817 : { BUY 5405.46@0.80470892} 181816 : { BUY 5405.46@0.80470892} 181815 : { SELL 19503.24@0.8079342} 181814 : { SELL 19503.24@0.8079342} 
Mon Dec 01 07:34:33 EST 2014 , 4 , 2 , 2 , 181817 : { BUY 5405.46@0.80470892} 181816 : { BUY 5405.46@0.80470892} 181815 : { SELL 19503.24@0.8079342} 181814 : { SELL 19503.24@0.8079342} 
Mon Dec 01 07:37:34 EST 2014 , 4 , 2 , 2 , 181817 : { BUY 5405.46@0.80470892} 181816 : { BUY 5405.46@0.80470892} 181815 : { SELL 19503.24@0.8079342} 181814 : { SELL 19503.24@0.8079342} 
Mon Dec 01 07:40:35 EST 2014 , 4 , 2 , 2 , 181817 : { BUY 5405.46@0.80470892} 181816 : { BUY 5405.46@0.80470892} 181815 : { SELL 19503.24@0.8079342} 181814 : { SELL 19503.24@0.8079342} 
Mon Dec 01 07:43:36 EST 2014 , 4 , 2 , 2 , 181817 : { BUY 5405.46@0.80470892} 181816 : { BUY 5405.46@0.80470892} 181815 : { SELL 19503.24@0.8079342} 181814 : { SELL 19503.24@0.8079342} 
Mon Dec 01 07:46:37 EST 2014 , 4 , 2 , 2 , 181817 : { BUY 5405.46@0.80470892} 181816 : { BUY 5405.46@0.80470892} 181815 : { SELL 19503.24@0.8079342} 181814 : { SELL 19503.24@0.8079342} 
Mon Dec 01 07:49:38 EST 2014 , 4 , 2 , 2 , 181817 : { BUY 5405.46@0.80470892} 181816 : { BUY 5405.46@0.80470892} 181815 : { SELL 19503.24@0.8079342} 181814 : { SELL 19503.24@0.8079342} 
Mon Dec 01 07:52:39 EST 2014 , 4 , 2 , 2 , 181817 : { BUY 5405.46@0.80470892} 181816 : { BUY 5405.46@0.80470892} 181815 : { SELL 19503.24@0.8079342} 181814 : { SELL 19503.24@0.8079342} 
Mon Dec 01 07:55:40 EST 2014 , 4 , 2 , 2 , 181817 : { BUY 5405.46@0.80470892} 181816 : { BUY 5405.46@0.80470892} 181815 : { SELL 19503.24@0.8079342} 181814 : { SELL 19503.24@0.8079342} 
Mon Dec 01 07:58:41 EST 2014 , 4 , 2 , 2 , 181817 : { BUY 5405.46@0.80470892} 181816 : { BUY 5405.46@0.80470892} 181815 : { SELL 19503.24@0.8079342} 181814 : { SELL 19503.24@0.8079342} 
Mon Dec 01 08:01:42 EST 2014 , 4 , 2 , 2 , 181817 : { BUY 5405.46@0.80470892} 181816 : { BUY 5405.46@0.80470892} 181815 : { SELL 19503.24@0.8079342} 181814 : { SELL 19503.24@0.8079342} 
Mon Dec 01 08:04:43 EST 2014 , 4 , 2 , 2 , 181817 : { BUY 5405.46@0.80470892} 181816 : { BUY 5405.46@0.80470892} 181815 : { SELL 19503.24@0.8079342} 181814 : { SELL 19503.24@0.8079342} 
Mon Dec 01 08:07:44 EST 2014 , 4 , 2 , 2 , 181817 : { BUY 5405.46@0.80470892} 181816 : { BUY 5405.46@0.80470892} 181815 : { SELL 19503.24@0.8079342} 181814 : { SELL 19503.24@0.8079342} 
Mon Dec 01 08:10:45 EST 2014 , 4 , 2 , 2 , 181817 : { BUY 5405.46@0.80470892} 181816 : { BUY 5405.46@0.80470892} 181815 : { SELL 19503.24@0.8079342} 181814 : { SELL 19503.24@0.8079342} 
Mon Dec 01 08:13:46 EST 2014 , 4 , 2 , 2 , 181817 : { BUY 5405.46@0.80470892} 181816 : { BUY 5405.46@0.80470892} 181815 : { SELL 19503.24@0.8079342} 181814 : { SELL 19503.24@0.8079342} 
Mon Dec 01 08:16:47 EST 2014 , 4 , 2 , 2 , 181817 : { BUY 5405.46@0.80470892} 181816 : { BUY 5405.46@0.80470892} 181815 : { SELL 19503.24@0.8079342} 181814 : { SELL 19503.24@0.8079342} 
Mon Dec 01 08:19:48 EST 2014 , 4 , 2 , 2 , 181817 : { BUY 5405.46@0.80470892} 181816 : { BUY 5405.46@0.80470892} 181815 : { SELL 19503.24@0.8079342} 181814 : { SELL 19503.24@0.8079342} 
Mon Dec 01 08:22:49 EST 2014 , 4 , 2 , 2 , 181817 : { BUY 5405.46@0.80470892} 181816 : { BUY 5405.46@0.80470892} 181815 : { SELL 19503.24@0.8079342} 181814 : { SELL 19503.24@0.8079342} 
Mon Dec 01 08:25:50 EST 2014 , 4 , 2 , 2 , 181817 : { BUY 5405.46@0.80470892} 181816 : { BUY 5405.46@0.80470892} 181815 : { SELL 19503.24@0.8079342} 181814 : { SELL 19503.24@0.8079342} 
Mon Dec 01 08:28:51 EST 2014 , 4 , 2 , 2 , 181817 : { BUY 5405.46@0.80470892} 181816 : { BUY 5405.46@0.80470892} 181815 : { SELL 19503.24@0.8079342} 181814 : { SELL 19503.24@0.8079342} 
Mon Dec 01 08:31:52 EST 2014 , 4 , 2 , 2 , 181817 : { BUY 5405.46@0.80470892} 181816 : { BUY 5405.46@0.80470892} 181815 : { SELL 19503.24@0.8079342} 181814 : { SELL 19503.24@0.8079342} 
Mon Dec 01 08:34:53 EST 2014 , 4 , 2 , 2 , 181817 : { BUY 5405.46@0.80470892} 181816 : { BUY 5405.46@0.80470892} 181815 : { SELL 19503.24@0.8079342} 181814 : { SELL 19503.24@0.8079342} 
Mon Dec 01 08:37:54 EST 2014 , 4 , 2 , 2 , 181817 : { BUY 5405.46@0.80470892} 181816 : { BUY 5405.46@0.80470892} 181815 : { SELL 19503.24@0.8079342} 181814 : { SELL 19503.24@0.8079342} 
Mon Dec 01 08:40:55 EST 2014 , 4 , 2 , 2 , 181817 : { BUY 5405.46@0.80470892} 181816 : { BUY 5405.46@0.80470892} 181815 : { SELL 19503.24@0.8079342} 181814 : { SELL 19503.24@0.8079342} 
Mon Dec 01 08:43:56 EST 2014 , 4 , 2 , 2 , 181817 : { BUY 5405.46@0.80470892} 181816 : { BUY 5405.46@0.80470892} 181815 : { SELL 19503.24@0.8079342} 181814 : { SELL 19503.24@0.8079342} 
Mon Dec 01 08:46:57 EST 2014 , 4 , 2 , 2 , 181817 : { BUY 5405.46@0.80470892} 181816 : { BUY 5405.46@0.80470892} 181815 : { SELL 19503.24@0.8079342} 181814 : { SELL 19503.24@0.8079342} 
Mon Dec 01 08:49:58 EST 2014 , 4 , 2 , 2 , 181817 : { BUY 5405.46@0.80470892} 181816 : { BUY 5405.46@0.80470892} 181815 : { SELL 19503.24@0.8079342} 181814 : { SELL 19503.24@0.8079342} 
Mon Dec 01 08:52:59 EST 2014 , 4 , 2 , 2 , 181817 : { BUY 5405.46@0.80470892} 181816 : { BUY 5405.46@0.80470892} 181815 : { SELL 19503.24@0.8079342} 181814 : { SELL 19503.24@0.8079342} 
Mon Dec 01 08:56:00 EST 2014 , 4 , 2 , 2 , 181817 : { BUY 5405.46@0.80470892} 181816 : { BUY 5405.46@0.80470892} 181815 : { SELL 19503.24@0.8079342} 181814 : { SELL 19503.24@0.8079342} 
Mon Dec 01 08:59:01 EST 2014 , 4 , 2 , 2 , 181817 : { BUY 5405.46@0.80470892} 181816 : { BUY 5405.46@0.80470892} 181815 : { SELL 19503.24@0.8079342} 181814 : { SELL 19503.24@0.8079342} 
Mon Dec 01 09:02:02 EST 2014 , 4 , 2 , 2 , 181817 : { BUY 5405.46@0.80470892} 181816 : { BUY 5405.46@0.80470892} 181815 : { SELL 19503.24@0.8079342} 181814 : { SELL 19503.24@0.8079342} 
Mon Dec 01 09:05:03 EST 2014 , 4 , 2 , 2 , 181817 : { BUY 5405.46@0.80470892} 181816 : { BUY 5405.46@0.80470892} 181815 : { SELL 19503.24@0.8079342} 181814 : { SELL 19503.24@0.8079342} 
Mon Dec 01 09:08:04 EST 2014 , 4 , 2 , 2 , 181817 : { BUY 5405.46@0.80470892} 181816 : { BUY 5405.46@0.80470892} 181815 : { SELL 19503.24@0.8079342} 181814 : { SELL 19503.24@0.8079342} 
Mon Dec 01 09:11:05 EST 2014 , 4 , 2 , 2 , 181817 : { BUY 5405.46@0.80470892} 181816 : { BUY 5405.46@0.80470892} 181815 : { SELL 19503.24@0.8079342} 181814 : { SELL 19503.24@0.8079342} 
Mon Dec 01 09:14:06 EST 2014 , 4 , 2 , 2 , 181817 : { BUY 5405.46@0.80470892} 181816 : { BUY 5405.46@0.80470892} 181815 : { SELL 19503.24@0.8079342} 181814 : { SELL 19503.24@0.8079342} 
Mon Dec 01 09:17:07 EST 2014 , 4 , 2 , 2 , 181817 : { BUY 5405.46@0.80470892} 181816 : { BUY 5405.46@0.80470892} 181815 : { SELL 19503.24@0.8079342} 181814 : { SELL 19503.24@0.8079342} 
Mon Dec 01 09:20:08 EST 2014 , 4 , 2 , 2 , 181817 : { BUY 5405.46@0.80470892} 181816 : { BUY 5405.46@0.80470892} 181815 : { SELL 19503.24@0.8079342} 181814 : { SELL 19503.24@0.8079342} 
Mon Dec 01 09:23:09 EST 2014 , 4 , 2 , 2 , 181817 : { BUY 5405.46@0.80470892} 181816 : { BUY 5405.46@0.80470892} 181815 : { SELL 19503.24@0.8079342} 181814 : { SELL 19503.24@0.8079342} 
Mon Dec 01 09:26:10 EST 2014 , 4 , 2 , 2 , 181817 : { BUY 5405.46@0.80470892} 181816 : { BUY 5405.46@0.80470892} 181815 : { SELL 19503.24@0.8079342} 181814 : { SELL 19503.24@0.8079342} 
Mon Dec 01 09:29:11 EST 2014 , 4 , 2 , 2 , 181817 : { BUY 5405.46@0.80470892} 181816 : { BUY 5405.46@0.80470892} 181815 : { SELL 19503.24@0.8079342} 181814 : { SELL 19503.24@0.8079342} 
Mon Dec 01 09:32:12 EST 2014 , 4 , 2 , 2 , 181817 : { BUY 5405.46@0.80470892} 181816 : { BUY 5405.46@0.80470892} 181815 : { SELL 19503.24@0.8079342} 181814 : { SELL 19503.24@0.8079342} 
Mon Dec 01 09:35:13 EST 2014 , 4 , 2 , 2 , 181817 : { BUY 5405.46@0.80470892} 181816 : { BUY 5405.46@0.80470892} 181815 : { SELL 19503.24@0.8079342} 181814 : { SELL 19503.24@0.8079342} 
Mon Dec 01 09:38:14 EST 2014 , 4 , 2 , 2 , 181817 : { BUY 5405.46@0.80470892} 181816 : { BUY 5405.46@0.80470892} 181815 : { SELL 19503.24@0.8079342} 181814 : { SELL 19503.24@0.8079342} 
Mon Dec 01 09:41:15 EST 2014 , 4 , 2 , 2 , 181817 : { BUY 5405.46@0.80470892} 181816 : { BUY 5405.46@0.80470892} 181815 : { SELL 19503.24@0.8079342} 181814 : { SELL 19503.24@0.8079342} 
Mon Dec 01 09:44:16 EST 2014 , 4 , 2 , 2 , 181817 : { BUY 5405.46@0.80470892} 181816 : { BUY 5405.46@0.80470892} 181815 : { SELL 19503.24@0.8079342} 181814 : { SELL 19503.24@0.8079342} 
Mon Dec 01 09:47:17 EST 2014 , 4 , 2 , 2 , 181817 : { BUY 5405.46@0.80470892} 181816 : { BUY 5405.46@0.80470892} 181815 : { SELL 19503.24@0.8079342} 181814 : { SELL 19503.24@0.8079342} 
Mon Dec 01 09:50:18 EST 2014 , 4 , 2 , 2 , 181817 : { BUY 5405.46@0.80470892} 181816 : { BUY 5405.46@0.80470892} 181815 : { SELL 19503.24@0.8079342} 181814 : { SELL 19503.24@0.8079342} 
Mon Dec 01 09:53:19 EST 2014 , 4 , 2 , 2 , 181817 : { BUY 5405.46@0.80470892} 181816 : { BUY 5405.46@0.80470892} 181815 : { SELL 19503.24@0.8079342} 181814 : { SELL 19503.24@0.8079342} 
Mon Dec 01 09:56:20 EST 2014 , 4 , 2 , 2 , 181817 : { BUY 5405.46@0.80470892} 181816 : { BUY 5405.46@0.80470892} 181815 : { SELL 19503.24@0.8079342} 181814 : { SELL 19503.24@0.8079342} 
Mon Dec 01 09:59:21 EST 2014 , 4 , 2 , 2 , 181817 : { BUY 5405.46@0.80470892} 181816 : { BUY 5405.46@0.80470892} 181815 : { SELL 19503.24@0.8079342} 181814 : { SELL 19503.24@0.8079342} 
Mon Dec 01 10:02:22 EST 2014 , 4 , 2 , 2 , 181817 : { BUY 5405.46@0.80470892} 181816 : { BUY 5405.46@0.80470892} 181815 : { SELL 19503.24@0.8079342} 181814 : { SELL 19503.24@0.8079342} 
Mon Dec 01 10:05:23 EST 2014 , 4 , 2 , 2 , 181817 : { BUY 5405.46@0.80470892} 181816 : { BUY 5405.46@0.80470892} 181815 : { SELL 19503.24@0.8079342} 181814 : { SELL 19503.24@0.8079342} 
Mon Dec 01 10:08:24 EST 2014 , 4 , 2 , 2 , 181817 : { BUY 5405.46@0.80470892} 181816 : { BUY 5405.46@0.80470892} 181815 : { SELL 19503.24@0.8079342} 181814 : { SELL 19503.24@0.8079342} 
Mon Dec 01 10:11:25 EST 2014 , 4 , 2 , 2 , 181817 : { BUY 5405.46@0.80470892} 181816 : { BUY 5405.46@0.80470892} 181815 : { SELL 19503.24@0.8079342} 181814 : { SELL 19503.24@0.8079342} 
Mon Dec 01 10:14:26 EST 2014 , 4 , 2 , 2 , 181817 : { BUY 5405.46@0.80470892} 181816 : { BUY 5405.46@0.80470892} 181815 : { SELL 19503.24@0.8079342} 181814 : { SELL 19503.24@0.8079342} 
Mon Dec 01 10:17:27 EST 2014 , 4 , 2 , 2 , 181817 : { BUY 5405.46@0.80470892} 181816 : { BUY 5405.46@0.80470892} 181815 : { SELL 19503.24@0.8079342} 181814 : { SELL 19503.24@0.8079342} 
Mon Dec 01 10:20:28 EST 2014 , 4 , 2 , 2 , 181817 : { BUY 5405.46@0.80470892} 181816 : { BUY 5405.46@0.80470892} 181815 : { SELL 19503.24@0.8079342} 181814 : { SELL 19503.24@0.8079342} 
Mon Dec 01 10:23:29 EST 2014 , 4 , 2 , 2 , 181817 : { BUY 5405.46@0.80470892} 181816 : { BUY 5405.46@0.80470892} 181815 : { SELL 19503.24@0.8079342} 181814 : { SELL 19503.24@0.8079342} 
Mon Dec 01 10:26:30 EST 2014 , 4 , 2 , 2 , 181817 : { BUY 5405.46@0.80470892} 181816 : { BUY 5405.46@0.80470892} 181815 : { SELL 19503.24@0.8079342} 181814 : { SELL 19503.24@0.8079342} 
Mon Dec 01 10:29:31 EST 2014 , 4 , 2 , 2 , 181817 : { BUY 5405.46@0.80470892} 181816 : { BUY 5405.46@0.80470892} 181815 : { SELL 19503.24@0.8079342} 181814 : { SELL 19503.24@0.8079342} 
Mon Dec 01 10:32:32 EST 2014 , 4 , 2 , 2 , 181817 : { BUY 5405.46@0.80470892} 181816 : { BUY 5405.46@0.80470892} 181815 : { SELL 19503.24@0.8079342} 181814 : { SELL 19503.24@0.8079342} 
Mon Dec 01 10:35:33 EST 2014 , 4 , 2 , 2 , 181817 : { BUY 5405.46@0.80470892} 181816 : { BUY 5405.46@0.80470892} 181815 : { SELL 19503.24@0.8079342} 181814 : { SELL 19503.24@0.8079342} 
Mon Dec 01 10:38:34 EST 2014 , 4 , 2 , 2 , 181817 : { BUY 5405.46@0.80470892} 181816 : { BUY 5405.46@0.80470892} 181815 : { SELL 19503.24@0.8079342} 181814 : { SELL 19503.24@0.8079342} 
Mon Dec 01 10:41:35 EST 2014 , 4 , 2 , 2 , 181817 : { BUY 5405.46@0.80470892} 181816 : { BUY 5405.46@0.80470892} 181815 : { SELL 19503.24@0.8079342} 181814 : { SELL 19503.24@0.8079342} 
Mon Dec 01 10:44:36 EST 2014 , 4 , 2 , 2 , 181817 : { BUY 5405.46@0.80470892} 181816 : { BUY 5405.46@0.80470892} 181815 : { SELL 19503.24@0.8079342} 181814 : { SELL 19503.24@0.8079342} 
Mon Dec 01 10:47:37 EST 2014 , 4 , 2 , 2 , 181817 : { BUY 5405.46@0.80470892} 181816 : { BUY 5405.46@0.80470892} 181815 : { SELL 19503.24@0.8079342} 181814 : { SELL 19503.24@0.8079342} 
Mon Dec 01 10:50:38 EST 2014 , 4 , 2 , 2 , 181817 : { BUY 5405.46@0.80470892} 181816 : { BUY 5405.46@0.80470892} 181815 : { SELL 19503.24@0.8079342} 181814 : { SELL 19503.24@0.8079342} 
Mon Dec 01 10:53:39 EST 2014 , 4 , 2 , 2 , 181817 : { BUY 5405.46@0.80470892} 181816 : { BUY 5405.46@0.80470892} 181815 : { SELL 19503.24@0.8079342} 181814 : { SELL 19503.24@0.8079342} 
Mon Dec 01 10:56:40 EST 2014 , 4 , 2 , 2 , 181817 : { BUY 5405.46@0.80470892} 181816 : { BUY 5405.46@0.80470892} 181815 : { SELL 19503.24@0.8079342} 181814 : { SELL 19503.24@0.8079342} 
Mon Dec 01 10:59:41 EST 2014 , 4 , 2 , 2 , 181817 : { BUY 5405.46@0.80470892} 181816 : { BUY 5405.46@0.80470892} 181815 : { SELL 19503.24@0.8079342} 181814 : { SELL 19503.24@0.8079342} 
Mon Dec 01 11:02:42 EST 2014 , 4 , 2 , 2 , 181817 : { BUY 5405.46@0.80470892} 181816 : { BUY 5405.46@0.80470892} 181815 : { SELL 19503.24@0.8079342} 181814 : { SELL 19503.24@0.8079342} 
Mon Dec 01 11:05:43 EST 2014 , 4 , 2 , 2 , 181817 : { BUY 5405.46@0.80470892} 181816 : { BUY 5405.46@0.80470892} 181815 : { SELL 19503.24@0.8079342} 181814 : { SELL 19503.24@0.8079342} 
Mon Dec 01 11:08:44 EST 2014 , 4 , 2 , 2 , 181817 : { BUY 5405.46@0.80470892} 181816 : { BUY 5405.46@0.80470892} 181815 : { SELL 19503.24@0.8079342} 181814 : { SELL 19503.24@0.8079342} 
Mon Dec 01 11:11:45 EST 2014 , 4 , 2 , 2 , 181817 : { BUY 5405.46@0.80470892} 181816 : { BUY 5405.46@0.80470892} 181815 : { SELL 19503.24@0.8079342} 181814 : { SELL 19503.24@0.8079342} 
Mon Dec 01 11:14:46 EST 2014 , 4 , 2 , 2 , 181817 : { BUY 5405.46@0.80470892} 181816 : { BUY 5405.46@0.80470892} 181815 : { SELL 19503.24@0.8079342} 181814 : { SELL 19503.24@0.8079342} 
Mon Dec 01 11:17:47 EST 2014 , 4 , 2 , 2 , 181817 : { BUY 5405.46@0.80470892} 181816 : { BUY 5405.46@0.80470892} 181815 : { SELL 19503.24@0.8079342} 181814 : { SELL 19503.24@0.8079342} 
Mon Dec 01 11:20:48 EST 2014 , 4 , 2 , 2 , 181817 : { BUY 5405.46@0.80470892} 181816 : { BUY 5405.46@0.80470892} 181815 : { SELL 19503.24@0.8079342} 181814 : { SELL 19503.24@0.8079342} 
Mon Dec 01 11:23:49 EST 2014 , 4 , 2 , 2 , 181817 : { BUY 5405.46@0.80470892} 181816 : { BUY 5405.46@0.80470892} 181815 : { SELL 19503.24@0.8079342} 181814 : { SELL 19503.24@0.8079342} 
Mon Dec 01 11:26:50 EST 2014 , 4 , 2 , 2 , 181817 : { BUY 5405.46@0.80470892} 181816 : { BUY 5405.46@0.80470892} 181815 : { SELL 19503.24@0.8079342} 181814 : { SELL 19503.24@0.8079342} 
Mon Dec 01 11:29:51 EST 2014 , 4 , 2 , 2 , 181817 : { BUY 5405.46@0.80470892} 181816 : { BUY 5405.46@0.80470892} 181815 : { SELL 19503.24@0.8079342} 181814 : { SELL 19503.24@0.8079342} 
Mon Dec 01 11:32:52 EST 2014 , 4 , 2 , 2 , 181817 : { BUY 5405.46@0.80470892} 181816 : { BUY 5405.46@0.80470892} 181815 : { SELL 19503.24@0.8079342} 181814 : { SELL 19503.24@0.8079342} 
Mon Dec 01 11:35:53 EST 2014 , 4 , 2 , 2 , 181817 : { BUY 5405.46@0.80470892} 181816 : { BUY 5405.46@0.80470892} 181815 : { SELL 19503.24@0.8079342} 181814 : { SELL 19503.24@0.8079342} 
Mon Dec 01 11:38:54 EST 2014 , 4 , 2 , 2 , 181817 : { BUY 5405.46@0.80470892} 181816 : { BUY 5405.46@0.80470892} 181815 : { SELL 19503.24@0.8079342} 181814 : { SELL 19503.24@0.8079342} 
Mon Dec 01 11:41:55 EST 2014 , 4 , 2 , 2 , 181817 : { BUY 5405.46@0.80470892} 181816 : { BUY 5405.46@0.80470892} 181815 : { SELL 19503.24@0.8079342} 181814 : { SELL 19503.24@0.8079342} 
Mon Dec 01 11:44:56 EST 2014 , 4 , 2 , 2 , 181817 : { BUY 5405.46@0.80470892} 181816 : { BUY 5405.46@0.80470892} 181815 : { SELL 19503.24@0.8079342} 181814 : { SELL 19503.24@0.8079342} 
Mon Dec 01 11:47:57 EST 2014 , 4 , 2 , 2 , 181817 : { BUY 5405.46@0.80470892} 181816 : { BUY 5405.46@0.80470892} 181815 : { SELL 19503.24@0.8079342} 181814 : { SELL 19503.24@0.8079342} 
Mon Dec 01 11:50:58 EST 2014 , 4 , 2 , 2 , 181817 : { BUY 5405.46@0.80470892} 181816 : { BUY 5405.46@0.80470892} 181815 : { SELL 19503.24@0.8079342} 181814 : { SELL 19503.24@0.8079342} 
Mon Dec 01 11:53:59 EST 2014 , 4 , 2 , 2 , 181817 : { BUY 5405.46@0.80470892} 181816 : { BUY 5405.46@0.80470892} 181815 : { SELL 19503.24@0.8079342} 181814 : { SELL 19503.24@0.8079342} 
Mon Dec 01 11:57:00 EST 2014 , 4 , 2 , 2 , 181817 : { BUY 5405.46@0.80470892} 181816 : { BUY 5405.46@0.80470892} 181815 : { SELL 19503.24@0.8079342} 181814 : { SELL 19503.24@0.8079342} 
Mon Dec 01 12:00:01 EST 2014 , 4 , 2 , 2 , 181817 : { BUY 5405.46@0.80470892} 181816 : { BUY 5405.46@0.80470892} 181815 : { SELL 19503.24@0.8079342} 181814 : { SELL 19503.24@0.8079342} 
Mon Dec 01 12:03:02 EST 2014 , 4 , 2 , 2 , 181817 : { BUY 5405.46@0.80470892} 181816 : { BUY 5405.46@0.80470892} 181815 : { SELL 19503.24@0.8079342} 181814 : { SELL 19503.24@0.8079342} 
Mon Dec 01 12:06:03 EST 2014 , 4 , 2 , 2 , 181817 : { BUY 5405.46@0.80470892} 181816 : { BUY 5405.46@0.80470892} 181815 : { SELL 19503.24@0.8079342} 181814 : { SELL 19503.24@0.8079342} 
Mon Dec 01 12:09:04 EST 2014 , 4 , 2 , 2 , 181817 : { BUY 5405.46@0.80470892} 181816 : { BUY 5405.46@0.80470892} 181815 : { SELL 19503.24@0.8079342} 181814 : { SELL 19503.24@0.8079342} 
Mon Dec 01 12:12:05 EST 2014 , 4 , 2 , 2 , 181817 : { BUY 5405.46@0.80470892} 181816 : { BUY 5405.46@0.80470892} 181815 : { SELL 19503.24@0.8079342} 181814 : { SELL 19503.24@0.8079342} 
Mon Dec 01 12:15:06 EST 2014 , 4 , 2 , 2 , 181817 : { BUY 5405.46@0.80470892} 181816 : { BUY 5405.46@0.80470892} 181815 : { SELL 19503.24@0.8079342} 181814 : { SELL 19503.24@0.8079342} 
Mon Dec 01 12:18:07 EST 2014 , 4 , 2 , 2 , 181817 : { BUY 5405.46@0.80470892} 181816 : { BUY 5405.46@0.80470892} 181815 : { SELL 19503.24@0.8079342} 181814 : { SELL 19503.24@0.8079342} 
Mon Dec 01 12:21:08 EST 2014 , 4 , 2 , 2 , 181817 : { BUY 5405.46@0.80470892} 181816 : { BUY 5405.46@0.80470892} 181815 : { SELL 19503.24@0.8079342} 181814 : { SELL 19503.24@0.8079342} 
Mon Dec 01 12:24:09 EST 2014 , 4 , 2 , 2 , 181817 : { BUY 5405.46@0.80470892} 181816 : { BUY 5405.46@0.80470892} 181815 : { SELL 19503.24@0.8079342} 181814 : { SELL 19503.24@0.8079342} 
Mon Dec 01 12:27:10 EST 2014 , 4 , 2 , 2 , 181817 : { BUY 5405.46@0.80470892} 181816 : { BUY 5405.46@0.80470892} 181815 : { SELL 19503.24@0.8079342} 181814 : { SELL 19503.24@0.8079342} 
Mon Dec 01 12:30:11 EST 2014 , 4 , 2 , 2 , 181817 : { BUY 5405.46@0.80470892} 181816 : { BUY 5405.46@0.80470892} 181815 : { SELL 19503.24@0.8079342} 181814 : { SELL 19503.24@0.8079342} 
Mon Dec 01 12:33:12 EST 2014 , 4 , 2 , 2 , 181817 : { BUY 5405.46@0.80470892} 181816 : { BUY 5405.46@0.80470892} 181815 : { SELL 19503.24@0.8079342} 181814 : { SELL 19503.24@0.8079342} 
Mon Dec 01 12:36:13 EST 2014 , 4 , 2 , 2 , 181817 : { BUY 5405.46@0.80470892} 181816 : { BUY 5405.46@0.80470892} 181815 : { SELL 19503.24@0.8079342} 181814 : { SELL 19503.24@0.8079342} 
Mon Dec 01 12:39:14 EST 2014 , 4 , 2 , 2 , 181817 : { BUY 5405.46@0.80470892} 181816 : { BUY 5405.46@0.80470892} 181815 : { SELL 19503.24@0.8079342} 181814 : { SELL 19503.24@0.8079342} 
Mon Dec 01 12:42:15 EST 2014 , 4 , 2 , 2 , 181817 : { BUY 5405.46@0.80470892} 181816 : { BUY 5405.46@0.80470892} 181815 : { SELL 19503.24@0.8079342} 181814 : { SELL 19503.24@0.8079342} 
Mon Dec 01 12:45:16 EST 2014 , 4 , 2 , 2 , 181817 : { BUY 5405.46@0.80470892} 181816 : { BUY 5405.46@0.80470892} 181815 : { SELL 19503.24@0.8079342} 181814 : { SELL 19503.24@0.8079342} 
Mon Dec 01 12:48:17 EST 2014 , 4 , 2 , 2 , 181817 : { BUY 5405.46@0.80470892} 181816 : { BUY 5405.46@0.80470892} 181815 : { SELL 19503.24@0.8079342} 181814 : { SELL 19503.24@0.8079342} 
Mon Dec 01 12:51:18 EST 2014 , 4 , 2 , 2 , 181817 : { BUY 5405.46@0.80470892} 181816 : { BUY 5405.46@0.80470892} 181815 : { SELL 19503.24@0.8079342} 181814 : { SELL 19503.24@0.8079342} 
Mon Dec 01 12:54:19 EST 2014 , 4 , 2 , 2 , 181817 : { BUY 5405.46@0.80470892} 181816 : { BUY 5405.46@0.80470892} 181815 : { SELL 19503.24@0.8079342} 181814 : { SELL 19503.24@0.8079342} 
Mon Dec 01 12:57:20 EST 2014 , 4 , 2 , 2 , 181817 : { BUY 5405.46@0.80470892} 181816 : { BUY 5405.46@0.80470892} 181815 : { SELL 19503.24@0.8079342} 181814 : { SELL 19503.24@0.8079342} 
Mon Dec 01 13:00:21 EST 2014 , 4 , 2 , 2 , 181817 : { BUY 5405.46@0.80470892} 181816 : { BUY 5405.46@0.80470892} 181815 : { SELL 19503.24@0.8079342} 181814 : { SELL 19503.24@0.8079342} 
Mon Dec 01 13:03:22 EST 2014 , 4 , 2 , 2 , 181817 : { BUY 5405.46@0.80470892} 181816 : { BUY 5405.46@0.80470892} 181815 : { SELL 19503.24@0.8079342} 181814 : { SELL 19503.24@0.8079342} 
Mon Dec 01 13:06:23 EST 2014 , 4 , 2 , 2 , 181817 : { BUY 5405.46@0.80470892} 181816 : { BUY 5405.46@0.80470892} 181815 : { SELL 19503.24@0.8079342} 181814 : { SELL 19503.24@0.8079342} 
Mon Dec 01 13:09:24 EST 2014 , 4 , 2 , 2 , 181817 : { BUY 5405.46@0.80470892} 181816 : { BUY 5405.46@0.80470892} 181815 : { SELL 19503.24@0.8079342} 181814 : { SELL 19503.24@0.8079342} 
Mon Dec 01 13:12:25 EST 2014 , 4 , 2 , 2 , 181817 : { BUY 5405.46@0.80470892} 181816 : { BUY 5405.46@0.80470892} 181815 : { SELL 19503.24@0.8079342} 181814 : { SELL 19503.24@0.8079342} 
Mon Dec 01 13:15:26 EST 2014 , 4 , 2 , 2 , 181817 : { BUY 5405.46@0.80470892} 181816 : { BUY 5405.46@0.80470892} 181815 : { SELL 19503.24@0.8079342} 181814 : { SELL 19503.24@0.8079342} 
Mon Dec 01 13:18:27 EST 2014 , 4 , 2 , 2 , 181817 : { BUY 5405.46@0.80470892} 181816 : { BUY 5405.46@0.80470892} 181815 : { SELL 19503.24@0.8079342} 181814 : { SELL 19503.24@0.8079342} 
Mon Dec 01 13:21:28 EST 2014 , 4 , 2 , 2 , 181817 : { BUY 5405.46@0.80470892} 181816 : { BUY 5405.46@0.80470892} 181815 : { SELL 19503.24@0.8079342} 181814 : { SELL 19503.24@0.8079342} 
Mon Dec 01 13:24:29 EST 2014 , 4 , 2 , 2 , 181817 : { BUY 5405.46@0.80470892} 181816 : { BUY 5405.46@0.80470892} 181815 : { SELL 19503.24@0.8079342} 181814 : { SELL 19503.24@0.8079342} 
Mon Dec 01 13:27:30 EST 2014 , 4 , 2 , 2 , 181817 : { BUY 5405.46@0.80470892} 181816 : { BUY 5405.46@0.80470892} 181815 : { SELL 19503.24@0.8079342} 181814 : { SELL 19503.24@0.8079342} 
Mon Dec 01 13:30:31 EST 2014 , 4 , 2 , 2 , 181817 : { BUY 5405.46@0.80470892} 181816 : { BUY 5405.46@0.80470892} 181815 : { SELL 19503.24@0.8079342} 181814 : { SELL 19503.24@0.8079342} 
Mon Dec 01 13:33:32 EST 2014 , 4 , 2 , 2 , 181817 : { BUY 5405.46@0.80470892} 181816 : { BUY 5405.46@0.80470892} 181815 : { SELL 19503.24@0.8079342} 181814 : { SELL 19503.24@0.8079342} 
Mon Dec 01 13:36:33 EST 2014 , 4 , 2 , 2 , 181817 : { BUY 5405.46@0.80470892} 181816 : { BUY 5405.46@0.80470892} 181815 : { SELL 19503.24@0.8079342} 181814 : { SELL 19503.24@0.8079342} 
Mon Dec 01 13:39:34 EST 2014 , 4 , 2 , 2 , 181817 : { BUY 5405.46@0.80470892} 181816 : { BUY 5405.46@0.80470892} 181815 : { SELL 19503.24@0.8079342} 181814 : { SELL 19503.24@0.8079342} 
Mon Dec 01 13:42:35 EST 2014 , 4 , 2 , 2 , 181817 : { BUY 5405.46@0.80470892} 181816 : { BUY 5405.46@0.80470892} 181815 : { SELL 19503.24@0.8079342} 181814 : { SELL 19503.24@0.8079342} 
Mon Dec 01 13:45:36 EST 2014 , 4 , 2 , 2 , 181817 : { BUY 5405.46@0.80470892} 181816 : { BUY 5405.46@0.80470892} 181815 : { SELL 19503.24@0.8079342} 181814 : { SELL 19503.24@0.8079342} 
Mon Dec 01 13:48:37 EST 2014 , 4 , 2 , 2 , 181817 : { BUY 5405.46@0.80470892} 181816 : { BUY 5405.46@0.80470892} 181815 : { SELL 19503.24@0.8079342} 181814 : { SELL 19503.24@0.8079342} 
Mon Dec 01 13:51:38 EST 2014 , 4 , 2 , 2 , 181817 : { BUY 5405.46@0.80470892} 181816 : { BUY 5405.46@0.80470892} 181815 : { SELL 19503.24@0.8079342} 181814 : { SELL 19503.24@0.8079342} 
Mon Dec 01 13:54:39 EST 2014 , 4 , 2 , 2 , 181817 : { BUY 5405.46@0.80470892} 181816 : { BUY 5405.46@0.80470892} 181815 : { SELL 19503.24@0.8079342} 181814 : { SELL 19503.24@0.8079342} 
Mon Dec 01 13:57:40 EST 2014 , 4 , 2 , 2 , 181817 : { BUY 5405.46@0.80470892} 181816 : { BUY 5405.46@0.80470892} 181815 : { SELL 19503.24@0.8079342} 181814 : { SELL 19503.24@0.8079342} 
Mon Dec 01 14:00:41 EST 2014 , 4 , 2 , 2 , 181817 : { BUY 5405.46@0.80470892} 181816 : { BUY 5405.46@0.80470892} 181815 : { SELL 19503.24@0.8079342} 181814 : { SELL 19503.24@0.8079342} 
Mon Dec 01 14:03:42 EST 2014 , 4 , 2 , 2 , 181817 : { BUY 5405.46@0.80470892} 181816 : { BUY 5405.46@0.80470892} 181815 : { SELL 19503.24@0.8079342} 181814 : { SELL 19503.24@0.8079342} 
Mon Dec 01 14:06:43 EST 2014 , 4 , 2 , 2 , 181817 : { BUY 5405.46@0.80470892} 181816 : { BUY 5405.46@0.80470892} 181815 : { SELL 19503.24@0.8079342} 181814 : { SELL 19503.24@0.8079342} 
Mon Dec 01 14:09:44 EST 2014 , 4 , 2 , 2 , 181817 : { BUY 5405.46@0.80470892} 181816 : { BUY 5405.46@0.80470892} 181815 : { SELL 19503.24@0.8079342} 181814 : { SELL 19503.24@0.8079342} 
Mon Dec 01 14:12:45 EST 2014 , 4 , 2 , 2 , 181817 : { BUY 5405.46@0.80470892} 181816 : { BUY 5405.46@0.80470892} 181815 : { SELL 19503.24@0.8079342} 181814 : { SELL 19503.24@0.8079342} 
Mon Dec 01 14:15:46 EST 2014 , 4 , 2 , 2 , 181817 : { BUY 5405.46@0.80470892} 181816 : { BUY 5405.46@0.80470892} 181815 : { SELL 19503.24@0.8079342} 181814 : { SELL 19503.24@0.8079342} 
Mon Dec 01 14:18:47 EST 2014 , 4 , 2 , 2 , 181817 : { BUY 5405.46@0.80470892} 181816 : { BUY 5405.46@0.80470892} 181815 : { SELL 19503.24@0.8079342} 181814 : { SELL 19503.24@0.8079342} 
Mon Dec 01 14:21:48 EST 2014 , 4 , 2 , 2 , 181817 : { BUY 5405.46@0.80470892} 181816 : { BUY 5405.46@0.80470892} 181815 : { SELL 19503.24@0.8079342} 181814 : { SELL 19503.24@0.8079342} 
Mon Dec 01 14:24:49 EST 2014 , 4 , 2 , 2 , 181817 : { BUY 5405.46@0.80470892} 181816 : { BUY 5405.46@0.80470892} 181815 : { SELL 19503.24@0.8079342} 181814 : { SELL 19503.24@0.8079342} 
Mon Dec 01 14:27:50 EST 2014 , 4 , 2 , 2 , 181817 : { BUY 5405.46@0.80470892} 181816 : { BUY 5405.46@0.80470892} 181815 : { SELL 19503.24@0.8079342} 181814 : { SELL 19503.24@0.8079342} 
Mon Dec 01 14:30:51 EST 2014 , 4 , 2 , 2 , 181817 : { BUY 5405.46@0.80470892} 181816 : { BUY 5405.46@0.80470892} 181815 : { SELL 19503.24@0.8079342} 181814 : { SELL 19503.24@0.8079342} 
Mon Dec 01 14:33:52 EST 2014 , 4 , 2 , 2 , 181817 : { BUY 5405.46@0.80470892} 181816 : { BUY 5405.46@0.80470892} 181815 : { SELL 19503.24@0.8079342} 181814 : { SELL 19503.24@0.8079342} 
Mon Dec 01 14:36:53 EST 2014 , 4 , 2 , 2 , 181817 : { BUY 5405.46@0.80470892} 181816 : { BUY 5405.46@0.80470892} 181815 : { SELL 19503.24@0.8079342} 181814 : { SELL 19503.24@0.8079342} 
Mon Dec 01 14:39:54 EST 2014 , 4 , 2 , 2 , 181817 : { BUY 5405.46@0.80470892} 181816 : { BUY 5405.46@0.80470892} 181815 : { SELL 19503.24@0.8079342} 181814 : { SELL 19503.24@0.8079342} 
Mon Dec 01 14:42:55 EST 2014 , 4 , 2 , 2 , 181817 : { BUY 5405.46@0.80470892} 181816 : { BUY 5405.46@0.80470892} 181815 : { SELL 19503.24@0.8079342} 181814 : { SELL 19503.24@0.8079342} 
Mon Dec 01 14:45:56 EST 2014 , 4 , 2 , 2 , 181817 : { BUY 5405.46@0.80470892} 181816 : { BUY 5405.46@0.80470892} 181815 : { SELL 19503.24@0.8079342} 181814 : { SELL 19503.24@0.8079342} 
Mon Dec 01 14:48:57 EST 2014 , 4 , 2 , 2 , 181817 : { BUY 5405.46@0.80470892} 181816 : { BUY 5405.46@0.80470892} 181815 : { SELL 19503.24@0.8079342} 181814 : { SELL 19503.24@0.8079342} 
Mon Dec 01 14:51:58 EST 2014 , 4 , 2 , 2 , 181817 : { BUY 5405.46@0.80470892} 181816 : { BUY 5405.46@0.80470892} 181815 : { SELL 19503.24@0.8079342} 181814 : { SELL 19503.24@0.8079342} 
Mon Dec 01 14:55:00 EST 2014 , 4 , 2 , 2 , 181817 : { BUY 5405.46@0.80470892} 181816 : { BUY 5405.46@0.80470892} 181815 : { SELL 19503.24@0.8079342} 181814 : { SELL 19503.24@0.8079342} 
Mon Dec 01 14:58:00 EST 2014 , 4 , 2 , 2 , 181817 : { BUY 5405.46@0.80470892} 181816 : { BUY 5405.46@0.80470892} 181815 : { SELL 19503.24@0.8079342} 181814 : { SELL 19503.24@0.8079342} 
Mon Dec 01 15:01:01 EST 2014 , 4 , 2 , 2 , 181817 : { BUY 5405.46@0.80470892} 181816 : { BUY 5405.46@0.80470892} 181815 : { SELL 19503.24@0.8079342} 181814 : { SELL 19503.24@0.8079342} 
Mon Dec 01 15:04:02 EST 2014 , 4 , 2 , 2 , 181817 : { BUY 5405.46@0.80470892} 181816 : { BUY 5405.46@0.80470892} 181815 : { SELL 19503.24@0.8079342} 181814 : { SELL 19503.24@0.8079342} 
Mon Dec 01 15:07:03 EST 2014 , 4 , 2 , 2 , 181817 : { BUY 5405.46@0.80470892} 181816 : { BUY 5405.46@0.80470892} 181815 : { SELL 19503.24@0.8079342} 181814 : { SELL 19503.24@0.8079342} 
Mon Dec 01 15:10:04 EST 2014 , 4 , 2 , 2 , 181817 : { BUY 5405.46@0.80470892} 181816 : { BUY 5405.46@0.80470892} 181815 : { SELL 19503.24@0.8079342} 181814 : { SELL 19503.24@0.8079342} 
Mon Dec 01 15:13:05 EST 2014 , 4 , 2 , 2 , 181817 : { BUY 5405.46@0.80470892} 181816 : { BUY 5405.46@0.80470892} 181815 : { SELL 19503.24@0.8079342} 181814 : { SELL 19503.24@0.8079342} 
Mon Dec 01 15:16:06 EST 2014 , 4 , 2 , 2 , 181817 : { BUY 5405.46@0.80470892} 181816 : { BUY 5405.46@0.80470892} 181815 : { SELL 19503.24@0.8079342} 181814 : { SELL 19503.24@0.8079342} 
Mon Dec 01 15:19:07 EST 2014 , 4 , 2 , 2 , 181817 : { BUY 5405.46@0.80470892} 181816 : { BUY 5405.46@0.80470892} 181815 : { SELL 19503.24@0.8079342} 181814 : { SELL 19503.24@0.8079342} 
Mon Dec 01 15:22:08 EST 2014 , 4 , 2 , 2 , 181817 : { BUY 5405.46@0.80470892} 181816 : { BUY 5405.46@0.80470892} 181815 : { SELL 19503.24@0.8079342} 181814 : { SELL 19503.24@0.8079342} 
Mon Dec 01 15:25:09 EST 2014 , 4 , 2 , 2 , 181817 : { BUY 5405.46@0.80470892} 181816 : { BUY 5405.46@0.80470892} 181815 : { SELL 19503.24@0.8079342} 181814 : { SELL 19503.24@0.8079342} 
Mon Dec 01 15:28:10 EST 2014 , 4 , 2 , 2 , 181817 : { BUY 5405.46@0.80470892} 181816 : { BUY 5405.46@0.80470892} 181815 : { SELL 19503.24@0.8079342} 181814 : { SELL 19503.24@0.8079342} 
Mon Dec 01 15:31:11 EST 2014 , 4 , 2 , 2 , 181817 : { BUY 5405.46@0.80470892} 181816 : { BUY 5405.46@0.80470892} 181815 : { SELL 19503.24@0.8079342} 181814 : { SELL 19503.24@0.8079342} 
Mon Dec 01 15:34:12 EST 2014 , 4 , 2 , 2 , 181817 : { BUY 5405.46@0.80470892} 181816 : { BUY 5405.46@0.80470892} 181815 : { SELL 19503.24@0.8079342} 181814 : { SELL 19503.24@0.8079342} 
Mon Dec 01 15:37:13 EST 2014 , 4 , 2 , 2 , 181817 : { BUY 5405.46@0.80470892} 181816 : { BUY 5405.46@0.80470892} 181815 : { SELL 19503.24@0.8079342} 181814 : { SELL 19503.24@0.8079342} 
Mon Dec 01 15:40:14 EST 2014 , 4 , 2 , 2 , 181817 : { BUY 5405.46@0.80470892} 181816 : { BUY 5405.46@0.80470892} 181815 : { SELL 19503.24@0.8079342} 181814 : { SELL 19503.24@0.8079342} 
Mon Dec 01 15:43:15 EST 2014 , 4 , 2 , 2 , 181817 : { BUY 5405.46@0.80470892} 181816 : { BUY 5405.46@0.80470892} 181815 : { SELL 19503.24@0.8079342} 181814 : { SELL 19503.24@0.8079342} 
Mon Dec 01 15:46:16 EST 2014 , 4 , 2 , 2 , 181817 : { BUY 5405.46@0.80470892} 181816 : { BUY 5405.46@0.80470892} 181815 : { SELL 19503.24@0.8079342} 181814 : { SELL 19503.24@0.8079342} 
Mon Dec 01 15:49:17 EST 2014 , 4 , 2 , 2 , 181817 : { BUY 5405.46@0.80470892} 181816 : { BUY 5405.46@0.80470892} 181815 : { SELL 19503.24@0.8079342} 181814 : { SELL 19503.24@0.8079342} 
Mon Dec 01 15:52:18 EST 2014 , 4 , 2 , 2 , 181817 : { BUY 5405.46@0.80470892} 181816 : { BUY 5405.46@0.80470892} 181815 : { SELL 19503.24@0.8079342} 181814 : { SELL 19503.24@0.8079342} 
Mon Dec 01 15:55:19 EST 2014 , 4 , 2 , 2 , 181817 : { BUY 5405.46@0.80470892} 181816 : { BUY 5405.46@0.80470892} 181815 : { SELL 19503.24@0.8079342} 181814 : { SELL 19503.24@0.8079342} 
Mon Dec 01 15:58:20 EST 2014 , 4 , 2 , 2 , 181817 : { BUY 5405.46@0.80470892} 181816 : { BUY 5405.46@0.80470892} 181815 : { SELL 19503.24@0.8079342} 181814 : { SELL 19503.24@0.8079342} 
Mon Dec 01 16:01:21 EST 2014 , 4 , 2 , 2 , 181817 : { BUY 5405.46@0.80470892} 181816 : { BUY 5405.46@0.80470892} 181815 : { SELL 19503.24@0.8079342} 181814 : { SELL 19503.24@0.8079342} 
Mon Dec 01 16:04:22 EST 2014 , 4 , 2 , 2 , 181817 : { BUY 5405.46@0.80470892} 181816 : { BUY 5405.46@0.80470892} 181815 : { SELL 19503.24@0.8079342} 181814 : { SELL 19503.24@0.8079342} 
Mon Dec 01 16:07:23 EST 2014 , 4 , 2 , 2 , 181817 : { BUY 5405.46@0.80470892} 181816 : { BUY 5405.46@0.80470892} 181815 : { SELL 19503.24@0.8079342} 181814 : { SELL 19503.24@0.8079342} 
Mon Dec 01 16:10:24 EST 2014 , 4 , 2 , 2 , 181817 : { BUY 5405.46@0.80470892} 181816 : { BUY 5405.46@0.80470892} 181815 : { SELL 19503.24@0.8079342} 181814 : { SELL 19503.24@0.8079342} 
Mon Dec 01 16:13:25 EST 2014 , 4 , 2 , 2 , 181817 : { BUY 5405.46@0.80470892} 181816 : { BUY 5405.46@0.80470892} 181815 : { SELL 19503.24@0.8079342} 181814 : { SELL 19503.24@0.8079342} 
Mon Dec 01 16:16:26 EST 2014 , 4 , 2 , 2 , 181817 : { BUY 5405.46@0.80470892} 181816 : { BUY 5405.46@0.80470892} 181815 : { SELL 19503.24@0.8079342} 181814 : { SELL 19503.24@0.8079342} 
Mon Dec 01 16:19:27 EST 2014 , 4 , 2 , 2 , 181817 : { BUY 5405.46@0.80470892} 181816 : { BUY 5405.46@0.80470892} 181815 : { SELL 19503.24@0.8079342} 181814 : { SELL 19503.24@0.8079342} 
Mon Dec 01 16:22:28 EST 2014 , 4 , 2 , 2 , 181817 : { BUY 5405.46@0.80470892} 181816 : { BUY 5405.46@0.80470892} 181815 : { SELL 19503.24@0.8079342} 181814 : { SELL 19503.24@0.8079342} 
Mon Dec 01 16:25:29 EST 2014 , 4 , 2 , 2 , 181817 : { BUY 5405.46@0.80470892} 181816 : { BUY 5405.46@0.80470892} 181815 : { SELL 19503.24@0.8079342} 181814 : { SELL 19503.24@0.8079342} 
Mon Dec 01 16:28:30 EST 2014 , 4 , 2 , 2 , 181817 : { BUY 5405.46@0.80470892} 181816 : { BUY 5405.46@0.80470892} 181815 : { SELL 19503.24@0.8079342} 181814 : { SELL 19503.24@0.8079342} 
Mon Dec 01 16:31:31 EST 2014 , 4 , 2 , 2 , 181817 : { BUY 5405.46@0.80470892} 181816 : { BUY 5405.46@0.80470892} 181815 : { SELL 19503.24@0.8079342} 181814 : { SELL 19503.24@0.8079342} 
Mon Dec 01 16:34:32 EST 2014 , 4 , 2 , 2 , 181817 : { BUY 5405.46@0.80470892} 181816 : { BUY 5405.46@0.80470892} 181815 : { SELL 19503.24@0.8079342} 181814 : { SELL 19503.24@0.8079342} 
Mon Dec 01 16:37:33 EST 2014 , 4 , 2 , 2 , 181817 : { BUY 5405.46@0.80470892} 181816 : { BUY 5405.46@0.80470892} 181815 : { SELL 19503.24@0.8079342} 181814 : { SELL 19503.24@0.8079342} 
Mon Dec 01 16:40:34 EST 2014 , 4 , 2 , 2 , 181817 : { BUY 5405.46@0.80470892} 181816 : { BUY 5405.46@0.80470892} 181815 : { SELL 19503.24@0.8079342} 181814 : { SELL 19503.24@0.8079342} 
Mon Dec 01 16:43:35 EST 2014 , 4 , 2 , 2 , 181817 : { BUY 5405.46@0.80470892} 181816 : { BUY 5405.46@0.80470892} 181815 : { SELL 19503.24@0.8079342} 181814 : { SELL 19503.24@0.8079342} 
Mon Dec 01 16:46:36 EST 2014 , 4 , 2 , 2 , 181817 : { BUY 5405.46@0.80470892} 181816 : { BUY 5405.46@0.80470892} 181815 : { SELL 19503.24@0.8079342} 181814 : { SELL 19503.24@0.8079342} 
Mon Dec 01 16:49:37 EST 2014 , 4 , 2 , 2 , 181817 : { BUY 5405.46@0.80470892} 181816 : { BUY 5405.46@0.80470892} 181815 : { SELL 19503.24@0.8079342} 181814 : { SELL 19503.24@0.8079342} 
Mon Dec 01 16:52:38 EST 2014 , 4 , 2 , 2 , 181817 : { BUY 5405.46@0.80470892} 181816 : { BUY 5405.46@0.80470892} 181815 : { SELL 19503.24@0.8079342} 181814 : { SELL 19503.24@0.8079342} 
Mon Dec 01 16:55:39 EST 2014 , 4 , 2 , 2 , 181817 : { BUY 5405.46@0.80470892} 181816 : { BUY 5405.46@0.80470892} 181815 : { SELL 19503.24@0.8079342} 181814 : { SELL 19503.24@0.8079342} 
Mon Dec 01 16:58:40 EST 2014 , 4 , 2 , 2 , 181817 : { BUY 5405.46@0.80470892} 181816 : { BUY 5405.46@0.80470892} 181815 : { SELL 19503.24@0.8079342} 181814 : { SELL 19503.24@0.8079342} 
Mon Dec 01 17:01:41 EST 2014 , 4 , 2 , 2 , 181817 : { BUY 5405.46@0.80470892} 181816 : { BUY 5405.46@0.80470892} 181815 : { SELL 19503.24@0.8079342} 181814 : { SELL 19503.24@0.8079342} 
Mon Dec 01 17:04:42 EST 2014 , 4 , 2 , 2 , 181817 : { BUY 5405.46@0.80470892} 181816 : { BUY 5405.46@0.80470892} 181815 : { SELL 19503.24@0.8079342} 181814 : { SELL 19503.24@0.8079342} 
Mon Dec 01 17:07:43 EST 2014 , 4 , 2 , 2 , 181817 : { BUY 5405.46@0.80470892} 181816 : { BUY 5405.46@0.80470892} 181815 : { SELL 19503.24@0.8079342} 181814 : { SELL 19503.24@0.8079342} 
Mon Dec 01 17:10:44 EST 2014 , 4 , 2 , 2 , 181817 : { BUY 5405.46@0.80470892} 181816 : { BUY 5405.46@0.80470892} 181815 : { SELL 19503.24@0.8079342} 181814 : { SELL 19503.24@0.8079342} 
Mon Dec 01 17:13:45 EST 2014 , 4 , 2 , 2 , 181817 : { BUY 5405.46@0.80470892} 181816 : { BUY 5405.46@0.80470892} 181815 : { SELL 19503.24@0.8079342} 181814 : { SELL 19503.24@0.8079342} 
Mon Dec 01 17:16:46 EST 2014 , 4 , 2 , 2 , 181817 : { BUY 5405.46@0.80470892} 181816 : { BUY 5405.46@0.80470892} 181815 : { SELL 19503.24@0.8079342} 181814 : { SELL 19503.24@0.8079342} 
Mon Dec 01 17:19:47 EST 2014 , 4 , 2 , 2 , 181817 : { BUY 5405.46@0.80470892} 181816 : { BUY 5405.46@0.80470892} 181815 : { SELL 19503.24@0.8079342} 181814 : { SELL 19503.24@0.8079342} 
Mon Dec 01 17:22:48 EST 2014 , 4 , 2 , 2 , 181817 : { BUY 5405.46@0.80470892} 181816 : { BUY 5405.46@0.80470892} 181815 : { SELL 19503.24@0.8079342} 181814 : { SELL 19503.24@0.8079342} 
Mon Dec 01 17:25:49 EST 2014 , 4 , 2 , 2 , 181817 : { BUY 5405.46@0.80470892} 181816 : { BUY 5405.46@0.80470892} 181815 : { SELL 19503.24@0.8079342} 181814 : { SELL 19503.24@0.8079342} 
Mon Dec 01 17:28:50 EST 2014 , 4 , 2 , 2 , 181817 : { BUY 5405.46@0.80470892} 181816 : { BUY 5405.46@0.80470892} 181815 : { SELL 19503.24@0.8079342} 181814 : { SELL 19503.24@0.8079342} 
Mon Dec 01 17:31:51 EST 2014 , 4 , 2 , 2 , 181817 : { BUY 5405.46@0.80470892} 181816 : { BUY 5405.46@0.80470892} 181815 : { SELL 19503.24@0.8079342} 181814 : { SELL 19503.24@0.8079342} 
Mon Dec 01 17:34:52 EST 2014 , 4 , 2 , 2 , 181817 : { BUY 5405.46@0.80470892} 181816 : { BUY 5405.46@0.80470892} 181815 : { SELL 19503.24@0.8079342} 181814 : { SELL 19503.24@0.8079342} 
Mon Dec 01 17:37:53 EST 2014 , 4 , 2 , 2 , 181817 : { BUY 5405.46@0.80470892} 181816 : { BUY 5405.46@0.80470892} 181815 : { SELL 19503.24@0.8079342} 181814 : { SELL 19503.24@0.8079342} 
Mon Dec 01 17:40:54 EST 2014 , 4 , 2 , 2 , 181817 : { BUY 5405.46@0.80470892} 181816 : { BUY 5405.46@0.80470892} 181815 : { SELL 19503.24@0.8079342} 181814 : { SELL 19503.24@0.8079342} 
Mon Dec 01 17:43:55 EST 2014 , 4 , 2 , 2 , 181817 : { BUY 5405.46@0.80470892} 181816 : { BUY 5405.46@0.80470892} 181815 : { SELL 19503.24@0.8079342} 181814 : { SELL 19503.24@0.8079342} 
Mon Dec 01 17:46:56 EST 2014 , 4 , 2 , 2 , 181817 : { BUY 5405.46@0.80470892} 181816 : { BUY 5405.46@0.80470892} 181815 : { SELL 19503.24@0.8079342} 181814 : { SELL 19503.24@0.8079342} 
Mon Dec 01 17:49:57 EST 2014 , 4 , 2 , 2 , 181817 : { BUY 5405.46@0.80470892} 181816 : { BUY 5405.46@0.80470892} 181815 : { SELL 19503.24@0.8079342} 181814 : { SELL 19503.24@0.8079342} 
Mon Dec 01 17:52:58 EST 2014 , 4 , 2 , 2 , 181817 : { BUY 5405.46@0.80470892} 181816 : { BUY 5405.46@0.80470892} 181815 : { SELL 19503.24@0.8079342} 181814 : { SELL 19503.24@0.8079342} 
Mon Dec 01 17:55:59 EST 2014 , 4 , 2 , 2 , 181817 : { BUY 5405.46@0.80470892} 181816 : { BUY 5405.46@0.80470892} 181815 : { SELL 19503.24@0.8079342} 181814 : { SELL 19503.24@0.8079342} 
Mon Dec 01 17:59:00 EST 2014 , 4 , 2 , 2 , 181817 : { BUY 5405.46@0.80470892} 181816 : { BUY 5405.46@0.80470892} 181815 : { SELL 19503.24@0.8079342} 181814 : { SELL 19503.24@0.8079342} 
Mon Dec 01 18:02:01 EST 2014 , 4 , 2 , 2 , 181817 : { BUY 5405.46@0.80470892} 181816 : { BUY 5405.46@0.80470892} 181815 : { SELL 19503.24@0.8079342} 181814 : { SELL 19503.24@0.8079342} 
Mon Dec 01 18:05:02 EST 2014 , 4 , 2 , 2 , 181817 : { BUY 5405.46@0.80470892} 181816 : { BUY 5405.46@0.80470892} 181815 : { SELL 19503.24@0.8079342} 181814 : { SELL 19503.24@0.8079342} 
Mon Dec 01 18:08:03 EST 2014 , 4 , 2 , 2 , 181817 : { BUY 5405.46@0.80470892} 181816 : { BUY 5405.46@0.80470892} 181815 : { SELL 19503.24@0.8079342} 181814 : { SELL 19503.24@0.8079342} 
Mon Dec 01 18:11:04 EST 2014 , 4 , 2 , 2 , 181817 : { BUY 5405.46@0.80470892} 181816 : { BUY 5405.46@0.80470892} 181815 : { SELL 19503.24@0.8079342} 181814 : { SELL 19503.24@0.8079342} 
Mon Dec 01 18:14:05 EST 2014 , 4 , 2 , 2 , 181817 : { BUY 5405.46@0.80470892} 181816 : { BUY 5405.46@0.80470892} 181815 : { SELL 19503.24@0.8079342} 181814 : { SELL 19503.24@0.8079342} 
Mon Dec 01 18:17:06 EST 2014 , 4 , 2 , 2 , 181817 : { BUY 5405.46@0.80470892} 181816 : { BUY 5405.46@0.80470892} 181815 : { SELL 19503.24@0.8079342} 181814 : { SELL 19503.24@0.8079342} 
Mon Dec 01 18:20:07 EST 2014 , 4 , 2 , 2 , 181817 : { BUY 5405.46@0.80470892} 181816 : { BUY 5405.46@0.80470892} 181815 : { SELL 19503.24@0.8079342} 181814 : { SELL 19503.24@0.8079342} 
Mon Dec 01 18:23:08 EST 2014 , 4 , 2 , 2 , 181817 : { BUY 5405.46@0.80470892} 181816 : { BUY 5405.46@0.80470892} 181815 : { SELL 19503.24@0.8079342} 181814 : { SELL 19503.24@0.8079342} 
Mon Dec 01 18:26:09 EST 2014 , 4 , 2 , 2 , 181817 : { BUY 5405.46@0.80470892} 181816 : { BUY 5405.46@0.80470892} 181815 : { SELL 19503.24@0.8079342} 181814 : { SELL 19503.24@0.8079342} 
Mon Dec 01 18:29:10 EST 2014 , 4 , 2 , 2 , 181817 : { BUY 5405.46@0.80470892} 181816 : { BUY 5405.46@0.80470892} 181815 : { SELL 19503.24@0.8079342} 181814 : { SELL 19503.24@0.8079342} 
Mon Dec 01 18:32:11 EST 2014 , 4 , 2 , 2 , 181817 : { BUY 5405.46@0.80470892} 181816 : { BUY 5405.46@0.80470892} 181815 : { SELL 19503.24@0.8079342} 181814 : { SELL 19503.24@0.8079342} 
Mon Dec 01 18:35:12 EST 2014 , 4 , 2 , 2 , 181817 : { BUY 5405.46@0.80470892} 181816 : { BUY 5405.46@0.80470892} 181815 : { SELL 19503.24@0.8079342} 181814 : { SELL 19503.24@0.8079342} 
Mon Dec 01 18:38:13 EST 2014 , 4 , 2 , 2 , 181817 : { BUY 5405.46@0.80470892} 181816 : { BUY 5405.46@0.80470892} 181815 : { SELL 19503.24@0.8079342} 181814 : { SELL 19503.24@0.8079342} 
Mon Dec 01 18:41:14 EST 2014 , 4 , 2 , 2 , 181817 : { BUY 5405.46@0.80470892} 181816 : { BUY 5405.46@0.80470892} 181815 : { SELL 19503.24@0.8079342} 181814 : { SELL 19503.24@0.8079342} 
Mon Dec 01 18:44:15 EST 2014 , 4 , 2 , 2 , 181817 : { BUY 5405.46@0.80470892} 181816 : { BUY 5405.46@0.80470892} 181815 : { SELL 19503.24@0.8079342} 181814 : { SELL 19503.24@0.8079342} 
Mon Dec 01 18:47:16 EST 2014 , 4 , 2 , 2 , 181817 : { BUY 5405.46@0.80470892} 181816 : { BUY 5405.46@0.80470892} 181815 : { SELL 19503.24@0.8079342} 181814 : { SELL 19503.24@0.8079342} 
Mon Dec 01 18:50:17 EST 2014 , 4 , 2 , 2 , 181817 : { BUY 5405.46@0.80470892} 181816 : { BUY 5405.46@0.80470892} 181815 : { SELL 19503.24@0.8079342} 181814 : { SELL 19503.24@0.8079342} 
Mon Dec 01 18:53:18 EST 2014 , 4 , 2 , 2 , 181817 : { BUY 5405.46@0.80470892} 181816 : { BUY 5405.46@0.80470892} 181815 : { SELL 19503.24@0.8079342} 181814 : { SELL 19503.24@0.8079342} 
Mon Dec 01 18:56:19 EST 2014 , 4 , 2 , 2 , 181817 : { BUY 5405.46@0.80470892} 181816 : { BUY 5405.46@0.80470892} 181815 : { SELL 19503.24@0.8079342} 181814 : { SELL 19503.24@0.8079342} 
Mon Dec 01 18:59:20 EST 2014 , 4 , 2 , 2 , 181817 : { BUY 5405.46@0.80470892} 181816 : { BUY 5405.46@0.80470892} 181815 : { SELL 19503.24@0.8079342} 181814 : { SELL 19503.24@0.8079342} 
Mon Dec 01 19:02:21 EST 2014 , 4 , 2 , 2 , 181817 : { BUY 5405.46@0.80470892} 181816 : { BUY 5405.46@0.80470892} 181815 : { SELL 19503.24@0.8079342} 181814 : { SELL 19503.24@0.8079342} 
Mon Dec 01 19:05:22 EST 2014 , 4 , 2 , 2 , 181817 : { BUY 5405.46@0.80470892} 181816 : { BUY 5405.46@0.80470892} 181815 : { SELL 19503.24@0.8079342} 181814 : { SELL 19503.24@0.8079342} 
Mon Dec 01 19:08:23 EST 2014 , 4 , 2 , 2 , 181817 : { BUY 5405.46@0.80470892} 181816 : { BUY 5405.46@0.80470892} 181815 : { SELL 19503.24@0.8079342} 181814 : { SELL 19503.24@0.8079342} 
Mon Dec 01 19:11:24 EST 2014 , 4 , 2 , 2 , 181817 : { BUY 5405.46@0.80470892} 181816 : { BUY 5405.46@0.80470892} 181815 : { SELL 19503.24@0.8079342} 181814 : { SELL 19503.24@0.8079342} 
Mon Dec 01 19:14:25 EST 2014 , 4 , 2 , 2 , 181817 : { BUY 5405.46@0.80470892} 181816 : { BUY 5405.46@0.80470892} 181815 : { SELL 19503.24@0.8079342} 181814 : { SELL 19503.24@0.8079342} 
Mon Dec 01 19:17:26 EST 2014 , 4 , 2 , 2 , 181817 : { BUY 5405.46@0.80470892} 181816 : { BUY 5405.46@0.80470892} 181815 : { SELL 19503.24@0.8079342} 181814 : { SELL 19503.24@0.8079342} 
Mon Dec 01 19:20:27 EST 2014 , 4 , 2 , 2 , 181817 : { BUY 5405.46@0.80470892} 181816 : { BUY 5405.46@0.80470892} 181815 : { SELL 19503.24@0.8079342} 181814 : { SELL 19503.24@0.8079342} 
Mon Dec 01 19:23:28 EST 2014 , 4 , 2 , 2 , 181817 : { BUY 5405.46@0.80470892} 181816 : { BUY 5405.46@0.80470892} 181815 : { SELL 19503.24@0.8079342} 181814 : { SELL 19503.24@0.8079342} 
Mon Dec 01 19:26:29 EST 2014 , 4 , 2 , 2 , 181817 : { BUY 5405.46@0.80470892} 181816 : { BUY 5405.46@0.80470892} 181815 : { SELL 19503.24@0.8079342} 181814 : { SELL 19503.24@0.8079342} 
Mon Dec 01 19:29:30 EST 2014 , 4 , 2 , 2 , 181817 : { BUY 5405.46@0.80470892} 181816 : { BUY 5405.46@0.80470892} 181815 : { SELL 19503.24@0.8079342} 181814 : { SELL 19503.24@0.8079342} 
Mon Dec 01 19:32:31 EST 2014 , 4 , 2 , 2 , 181817 : { BUY 5405.46@0.80470892} 181816 : { BUY 5405.46@0.80470892} 181815 : { SELL 19503.24@0.8079342} 181814 : { SELL 19503.24@0.8079342} 
Mon Dec 01 19:35:32 EST 2014 , 4 , 2 , 2 , 181817 : { BUY 5405.46@0.80470892} 181816 : { BUY 5405.46@0.80470892} 181815 : { SELL 19503.24@0.8079342} 181814 : { SELL 19503.24@0.8079342} 
Mon Dec 01 19:38:33 EST 2014 , 4 , 2 , 2 , 181817 : { BUY 5405.46@0.80470892} 181816 : { BUY 5405.46@0.80470892} 181815 : { SELL 19503.24@0.8079342} 181814 : { SELL 19503.24@0.8079342} 
Mon Dec 01 19:41:34 EST 2014 , 4 , 2 , 2 , 181817 : { BUY 5405.46@0.80470892} 181816 : { BUY 5405.46@0.80470892} 181815 : { SELL 19503.24@0.8079342} 181814 : { SELL 19503.24@0.8079342} 
Mon Dec 01 19:44:35 EST 2014 , 4 , 2 , 2 , 181817 : { BUY 5405.46@0.80470892} 181816 : { BUY 5405.46@0.80470892} 181815 : { SELL 19503.24@0.8079342} 181814 : { SELL 19503.24@0.8079342} 
Mon Dec 01 19:47:36 EST 2014 , 4 , 2 , 2 , 181817 : { BUY 5405.46@0.80470892} 181816 : { BUY 5405.46@0.80470892} 181815 : { SELL 19503.24@0.8079342} 181814 : { SELL 19503.24@0.8079342} 
Mon Dec 01 19:50:37 EST 2014 , 4 , 2 , 2 , 181817 : { BUY 5405.46@0.80470892} 181816 : { BUY 5405.46@0.80470892} 181815 : { SELL 19503.24@0.8079342} 181814 : { SELL 19503.24@0.8079342} 
Mon Dec 01 19:53:38 EST 2014 , 4 , 2 , 2 , 181817 : { BUY 5405.46@0.80470892} 181816 : { BUY 5405.46@0.80470892} 181815 : { SELL 19503.24@0.8079342} 181814 : { SELL 19503.24@0.8079342} 
Mon Dec 01 19:56:40 EST 2014 , 4 , 2 , 2 , 181817 : { BUY 5405.46@0.80470892} 181816 : { BUY 5405.46@0.80470892} 181815 : { SELL 19503.24@0.8079342} 181814 : { SELL 19503.24@0.8079342} 
Mon Dec 01 19:59:40 EST 2014 , 4 , 2 , 2 , 181817 : { BUY 5405.46@0.80470892} 181816 : { BUY 5405.46@0.80470892} 181815 : { SELL 19503.24@0.8079342} 181814 : { SELL 19503.24@0.8079342} 
Mon Dec 01 20:02:41 EST 2014 , 4 , 2 , 2 , 181817 : { BUY 5405.46@0.80470892} 181816 : { BUY 5405.46@0.80470892} 181815 : { SELL 19503.24@0.8079342} 181814 : { SELL 19503.24@0.8079342} 
Mon Dec 01 20:05:42 EST 2014 , 4 , 2 , 2 , 181817 : { BUY 5405.46@0.80470892} 181816 : { BUY 5405.46@0.80470892} 181815 : { SELL 19503.24@0.8079342} 181814 : { SELL 19503.24@0.8079342} 
Mon Dec 01 20:08:43 EST 2014 , 4 , 2 , 2 , 181817 : { BUY 5405.46@0.80470892} 181816 : { BUY 5405.46@0.80470892} 181815 : { SELL 19503.24@0.8079342} 181814 : { SELL 19503.24@0.8079342} 
Mon Dec 01 20:11:44 EST 2014 , 4 , 2 , 2 , 181817 : { BUY 5405.46@0.80470892} 181816 : { BUY 5405.46@0.80470892} 181815 : { SELL 19503.24@0.8079342} 181814 : { SELL 19503.24@0.8079342} 
Mon Dec 01 20:14:45 EST 2014 , 4 , 2 , 2 , 181817 : { BUY 5405.46@0.80470892} 181816 : { BUY 5405.46@0.80470892} 181815 : { SELL 19503.24@0.8079342} 181814 : { SELL 19503.24@0.8079342} 
Mon Dec 01 20:17:46 EST 2014 , 4 , 2 , 2 , 181817 : { BUY 5405.46@0.80470892} 181816 : { BUY 5405.46@0.80470892} 181815 : { SELL 19503.24@0.8079342} 181814 : { SELL 19503.24@0.8079342} 
Mon Dec 01 20:20:47 EST 2014 , 4 , 2 , 2 , 181817 : { BUY 5405.46@0.80470892} 181816 : { BUY 5405.46@0.80470892} 181815 : { SELL 19503.24@0.8079342} 181814 : { SELL 19503.24@0.8079342} 
Mon Dec 01 20:23:48 EST 2014 , 4 , 2 , 2 , 181817 : { BUY 5405.46@0.80470892} 181816 : { BUY 5405.46@0.80470892} 181815 : { SELL 19503.24@0.8079342} 181814 : { SELL 19503.24@0.8079342} 
Mon Dec 01 20:26:49 EST 2014 , 4 , 2 , 2 , 181817 : { BUY 5405.46@0.80470892} 181816 : { BUY 5405.46@0.80470892} 181815 : { SELL 19503.24@0.8079342} 181814 : { SELL 19503.24@0.8079342} 
Mon Dec 01 20:29:50 EST 2014 , 4 , 2 , 2 , 181817 : { BUY 5405.46@0.80470892} 181816 : { BUY 5405.46@0.80470892} 181815 : { SELL 19503.24@0.8079342} 181814 : { SELL 19503.24@0.8079342} 
Mon Dec 01 20:32:51 EST 2014 , 4 , 2 , 2 , 181817 : { BUY 5405.46@0.80470892} 181816 : { BUY 5405.46@0.80470892} 181815 : { SELL 19503.24@0.8079342} 181814 : { SELL 19503.24@0.8079342} 
Mon Dec 01 20:35:52 EST 2014 , 4 , 2 , 2 , 181817 : { BUY 5405.46@0.80470892} 181816 : { BUY 5405.46@0.80470892} 181815 : { SELL 19503.24@0.8079342} 181814 : { SELL 19503.24@0.8079342} 
Mon Dec 01 20:38:53 EST 2014 , 4 , 2 , 2 , 181817 : { BUY 5405.46@0.80470892} 181816 : { BUY 5405.46@0.80470892} 181815 : { SELL 19503.24@0.8079342} 181814 : { SELL 19503.24@0.8079342} 
Mon Dec 01 20:41:54 EST 2014 , 4 , 2 , 2 , 181817 : { BUY 5405.46@0.80470892} 181816 : { BUY 5405.46@0.80470892} 181815 : { SELL 19503.24@0.8079342} 181814 : { SELL 19503.24@0.8079342} 
Mon Dec 01 20:44:55 EST 2014 , 4 , 2 , 2 , 181817 : { BUY 5405.46@0.80470892} 181816 : { BUY 5405.46@0.80470892} 181815 : { SELL 19503.24@0.8079342} 181814 : { SELL 19503.24@0.8079342} 
Mon Dec 01 20:47:56 EST 2014 , 4 , 2 , 2 , 181817 : { BUY 5405.46@0.80470892} 181816 : { BUY 5405.46@0.80470892} 181815 : { SELL 19503.24@0.8079342} 181814 : { SELL 19503.24@0.8079342} 
Mon Dec 01 20:50:57 EST 2014 , 4 , 2 , 2 , 181817 : { BUY 5405.46@0.80470892} 181816 : { BUY 5405.46@0.80470892} 181815 : { SELL 19503.24@0.8079342} 181814 : { SELL 19503.24@0.8079342} 
Mon Dec 01 20:53:58 EST 2014 , 4 , 2 , 2 , 181817 : { BUY 5405.46@0.80470892} 181816 : { BUY 5405.46@0.80470892} 181815 : { SELL 19503.24@0.8079342} 181814 : { SELL 19503.24@0.8079342} 
Mon Dec 01 20:56:59 EST 2014 , 4 , 2 , 2 , 181817 : { BUY 5405.46@0.80470892} 181816 : { BUY 5405.46@0.80470892} 181815 : { SELL 19503.24@0.8079342} 181814 : { SELL 19503.24@0.8079342} 
Mon Dec 01 21:00:00 EST 2014 , 4 , 2 , 2 , 181817 : { BUY 5405.46@0.80470892} 181816 : { BUY 5405.46@0.80470892} 181815 : { SELL 19503.24@0.8079342} 181814 : { SELL 19503.24@0.8079342} 
Mon Dec 01 21:03:01 EST 2014 , 4 , 2 , 2 , 181817 : { BUY 5405.46@0.80470892} 181816 : { BUY 5405.46@0.80470892} 181815 : { SELL 19503.24@0.8079342} 181814 : { SELL 19503.24@0.8079342} 
Mon Dec 01 21:06:02 EST 2014 , 4 , 2 , 2 , 181817 : { BUY 5405.46@0.80470892} 181816 : { BUY 5405.46@0.80470892} 181815 : { SELL 19503.24@0.8079342} 181814 : { SELL 19503.24@0.8079342} 
Mon Dec 01 21:09:03 EST 2014 , 4 , 2 , 2 , 181817 : { BUY 5405.46@0.80470892} 181816 : { BUY 5405.46@0.80470892} 181815 : { SELL 19503.24@0.8079342} 181814 : { SELL 19503.24@0.8079342} 
Mon Dec 01 21:12:04 EST 2014 , 4 , 2 , 2 , 181817 : { BUY 5405.46@0.80470892} 181816 : { BUY 5405.46@0.80470892} 181815 : { SELL 19503.24@0.8079342} 181814 : { SELL 19503.24@0.8079342} 
Mon Dec 01 21:15:05 EST 2014 , 4 , 2 , 2 , 181817 : { BUY 5405.46@0.80470892} 181816 : { BUY 5405.46@0.80470892} 181815 : { SELL 19503.24@0.8079342} 181814 : { SELL 19503.24@0.8079342} 
Mon Dec 01 21:18:06 EST 2014 , 4 , 2 , 2 , 181817 : { BUY 5405.46@0.80470892} 181816 : { BUY 5405.46@0.80470892} 181815 : { SELL 19503.24@0.8079342} 181814 : { SELL 19503.24@0.8079342} 
Mon Dec 01 21:21:07 EST 2014 , 4 , 2 , 2 , 181817 : { BUY 5405.46@0.80470892} 181816 : { BUY 5405.46@0.80470892} 181815 : { SELL 19503.24@0.8079342} 181814 : { SELL 19503.24@0.8079342} 
Mon Dec 01 21:24:08 EST 2014 , 4 , 2 , 2 , 181817 : { BUY 5405.46@0.80470892} 181816 : { BUY 5405.46@0.80470892} 181815 : { SELL 19503.24@0.8079342} 181814 : { SELL 19503.24@0.8079342} 
Mon Dec 01 21:27:09 EST 2014 , 4 , 2 , 2 , 181817 : { BUY 5405.46@0.80470892} 181816 : { BUY 5405.46@0.80470892} 181815 : { SELL 19503.24@0.8079342} 181814 : { SELL 19503.24@0.8079342} 
Mon Dec 01 21:30:10 EST 2014 , 4 , 2 , 2 , 181817 : { BUY 5405.46@0.80470892} 181816 : { BUY 5405.46@0.80470892} 181815 : { SELL 19503.24@0.8079342} 181814 : { SELL 19503.24@0.8079342} 
Mon Dec 01 21:33:11 EST 2014 , 4 , 2 , 2 , 181817 : { BUY 5405.46@0.80470892} 181816 : { BUY 5405.46@0.80470892} 181815 : { SELL 19503.24@0.8079342} 181814 : { SELL 19503.24@0.8079342} 
Mon Dec 01 21:36:12 EST 2014 , 4 , 2 , 2 , 181817 : { BUY 5405.46@0.80470892} 181816 : { BUY 5405.46@0.80470892} 181815 : { SELL 19503.24@0.8079342} 181814 : { SELL 19503.24@0.8079342} 
Mon Dec 01 21:39:13 EST 2014 , 4 , 2 , 2 , 181817 : { BUY 5405.46@0.80470892} 181816 : { BUY 5405.46@0.80470892} 181815 : { SELL 19503.24@0.8079342} 181814 : { SELL 19503.24@0.8079342} 
Mon Dec 01 21:42:14 EST 2014 , 4 , 2 , 2 , 181817 : { BUY 5405.46@0.80470892} 181816 : { BUY 5405.46@0.80470892} 181815 : { SELL 19503.24@0.8079342} 181814 : { SELL 19503.24@0.8079342} 
Mon Dec 01 21:45:15 EST 2014 , 4 , 2 , 2 , 181817 : { BUY 5405.46@0.80470892} 181816 : { BUY 5405.46@0.80470892} 181815 : { SELL 19503.24@0.8079342} 181814 : { SELL 19503.24@0.8079342} 
Mon Dec 01 21:48:16 EST 2014 , 4 , 2 , 2 , 181817 : { BUY 5405.46@0.80470892} 181816 : { BUY 5405.46@0.80470892} 181815 : { SELL 19503.24@0.8079342} 181814 : { SELL 19503.24@0.8079342} 
Mon Dec 01 21:51:17 EST 2014 , 4 , 2 , 2 , 181817 : { BUY 5405.46@0.80470892} 181816 : { BUY 5405.46@0.80470892} 181815 : { SELL 19503.24@0.8079342} 181814 : { SELL 19503.24@0.8079342} 
Mon Dec 01 21:54:18 EST 2014 , 4 , 2 , 2 , 181817 : { BUY 5405.46@0.80470892} 181816 : { BUY 5405.46@0.80470892} 181815 : { SELL 19503.24@0.8079342} 181814 : { SELL 19503.24@0.8079342} 
Mon Dec 01 21:57:19 EST 2014 , 4 , 2 , 2 , 181817 : { BUY 5405.46@0.80470892} 181816 : { BUY 5405.46@0.80470892} 181815 : { SELL 19503.24@0.8079342} 181814 : { SELL 19503.24@0.8079342} 
Mon Dec 01 22:00:20 EST 2014 , 4 , 2 , 2 , 181817 : { BUY 5405.46@0.80470892} 181816 : { BUY 5405.46@0.80470892} 181815 : { SELL 19503.24@0.8079342} 181814 : { SELL 19503.24@0.8079342} 
Mon Dec 01 22:03:21 EST 2014 , 4 , 2 , 2 , 181817 : { BUY 5405.46@0.80470892} 181816 : { BUY 5405.46@0.80470892} 181815 : { SELL 19503.24@0.8079342} 181814 : { SELL 19503.24@0.8079342} 
Mon Dec 01 22:06:22 EST 2014 , 4 , 2 , 2 , 181817 : { BUY 5405.46@0.80470892} 181816 : { BUY 5405.46@0.80470892} 181815 : { SELL 19503.24@0.8079342} 181814 : { SELL 19503.24@0.8079342} 
Mon Dec 01 22:09:23 EST 2014 , 4 , 2 , 2 , 181817 : { BUY 5405.46@0.80470892} 181816 : { BUY 5405.46@0.80470892} 181815 : { SELL 19503.24@0.8079342} 181814 : { SELL 19503.24@0.8079342} 
Mon Dec 01 22:12:24 EST 2014 , 4 , 2 , 2 , 181817 : { BUY 5405.46@0.80470892} 181816 : { BUY 5405.46@0.80470892} 181815 : { SELL 19503.24@0.8079342} 181814 : { SELL 19503.24@0.8079342} 
Mon Dec 01 22:15:25 EST 2014 , 4 , 2 , 2 , 181817 : { BUY 5405.46@0.80470892} 181816 : { BUY 5405.46@0.80470892} 181815 : { SELL 19503.24@0.8079342} 181814 : { SELL 19503.24@0.8079342} 
Mon Dec 01 22:18:26 EST 2014 , 4 , 2 , 2 , 181817 : { BUY 5405.46@0.80470892} 181816 : { BUY 5405.46@0.80470892} 181815 : { SELL 19503.24@0.8079342} 181814 : { SELL 19503.24@0.8079342} 
Mon Dec 01 22:21:27 EST 2014 , 4 , 2 , 2 , 181817 : { BUY 5405.46@0.80470892} 181816 : { BUY 5405.46@0.80470892} 181815 : { SELL 19503.24@0.8079342} 181814 : { SELL 19503.24@0.8079342} 
Mon Dec 01 22:24:28 EST 2014 , 4 , 2 , 2 , 181817 : { BUY 5405.46@0.80470892} 181816 : { BUY 5405.46@0.80470892} 181815 : { SELL 19503.24@0.8079342} 181814 : { SELL 19503.24@0.8079342} 
Mon Dec 01 22:27:29 EST 2014 , 4 , 2 , 2 , 181817 : { BUY 5405.46@0.80470892} 181816 : { BUY 5405.46@0.80470892} 181815 : { SELL 19503.24@0.8079342} 181814 : { SELL 19503.24@0.8079342} 
Mon Dec 01 22:30:30 EST 2014 , 4 , 2 , 2 , 181817 : { BUY 5405.46@0.80470892} 181816 : { BUY 5405.46@0.80470892} 181815 : { SELL 19503.24@0.8079342} 181814 : { SELL 19503.24@0.8079342} 
Mon Dec 01 22:33:31 EST 2014 , 4 , 2 , 2 , 181817 : { BUY 5405.46@0.80470892} 181816 : { BUY 5405.46@0.80470892} 181815 : { SELL 19503.24@0.8079342} 181814 : { SELL 19503.24@0.8079342} 
Mon Dec 01 22:36:32 EST 2014 , 4 , 2 , 2 , 181817 : { BUY 5405.46@0.80470892} 181816 : { BUY 5405.46@0.80470892} 181815 : { SELL 19503.24@0.8079342} 181814 : { SELL 19503.24@0.8079342} 
Mon Dec 01 22:39:33 EST 2014 , 4 , 2 , 2 , 181817 : { BUY 5405.46@0.80470892} 181816 : { BUY 5405.46@0.80470892} 181815 : { SELL 19503.24@0.8079342} 181814 : { SELL 19503.24@0.8079342} 
Mon Dec 01 22:42:34 EST 2014 , 4 , 2 , 2 , 181817 : { BUY 5405.46@0.80470892} 181816 : { BUY 5405.46@0.80470892} 181815 : { SELL 19503.24@0.8079342} 181814 : { SELL 19503.24@0.8079342} 
Mon Dec 01 22:45:35 EST 2014 , 4 , 2 , 2 , 181817 : { BUY 5405.46@0.80470892} 181816 : { BUY 5405.46@0.80470892} 181815 : { SELL 19503.24@0.8079342} 181814 : { SELL 19503.24@0.8079342} 
Mon Dec 01 22:48:36 EST 2014 , 4 , 2 , 2 , 181817 : { BUY 5405.46@0.80470892} 181816 : { BUY 5405.46@0.80470892} 181815 : { SELL 19503.24@0.8079342} 181814 : { SELL 19503.24@0.8079342} 
Mon Dec 01 22:51:37 EST 2014 , 4 , 2 , 2 , 181817 : { BUY 5405.46@0.80470892} 181816 : { BUY 5405.46@0.80470892} 181815 : { SELL 19503.24@0.8079342} 181814 : { SELL 19503.24@0.8079342} 
Mon Dec 01 22:54:38 EST 2014 , 4 , 2 , 2 , 181817 : { BUY 5405.46@0.80470892} 181816 : { BUY 5405.46@0.80470892} 181815 : { SELL 19503.24@0.8079342} 181814 : { SELL 19503.24@0.8079342} 
Mon Dec 01 22:57:39 EST 2014 , 4 , 2 , 2 , 181817 : { BUY 5405.46@0.80470892} 181816 : { BUY 5405.46@0.80470892} 181815 : { SELL 19503.24@0.8079342} 181814 : { SELL 19503.24@0.8079342} 
Mon Dec 01 23:00:40 EST 2014 , 4 , 2 , 2 , 181817 : { BUY 5405.46@0.80470892} 181816 : { BUY 5405.46@0.80470892} 181815 : { SELL 19503.24@0.8079342} 181814 : { SELL 19503.24@0.8079342} 
Mon Dec 01 23:03:41 EST 2014 , 4 , 2 , 2 , 181817 : { BUY 5405.46@0.80470892} 181816 : { BUY 5405.46@0.80470892} 181815 : { SELL 19503.24@0.8079342} 181814 : { SELL 19503.24@0.8079342} 
Mon Dec 01 23:06:42 EST 2014 , 4 , 2 , 2 , 181817 : { BUY 5405.46@0.80470892} 181816 : { BUY 5405.46@0.80470892} 181815 : { SELL 19503.24@0.8079342} 181814 : { SELL 19503.24@0.8079342} 
Mon Dec 01 23:09:43 EST 2014 , 4 , 2 , 2 , 181817 : { BUY 5405.46@0.80470892} 181816 : { BUY 5405.46@0.80470892} 181815 : { SELL 19503.24@0.8079342} 181814 : { SELL 19503.24@0.8079342} 
Mon Dec 01 23:12:44 EST 2014 , 4 , 2 , 2 , 181817 : { BUY 5405.46@0.80470892} 181816 : { BUY 5405.46@0.80470892} 181815 : { SELL 19503.24@0.8079342} 181814 : { SELL 19503.24@0.8079342} 
Mon Dec 01 23:15:45 EST 2014 , 4 , 2 , 2 , 181817 : { BUY 5405.46@0.80470892} 181816 : { BUY 5405.46@0.80470892} 181815 : { SELL 19503.24@0.8079342} 181814 : { SELL 19503.24@0.8079342} 
Mon Dec 01 23:18:46 EST 2014 , 4 , 2 , 2 , 181817 : { BUY 5405.46@0.80470892} 181816 : { BUY 5405.46@0.80470892} 181815 : { SELL 19503.24@0.8079342} 181814 : { SELL 19503.24@0.8079342} 
Mon Dec 01 23:21:47 EST 2014 , 4 , 2 , 2 , 181817 : { BUY 5405.46@0.80470892} 181816 : { BUY 5405.46@0.80470892} 181815 : { SELL 19503.24@0.8079342} 181814 : { SELL 19503.24@0.8079342} 
Mon Dec 01 23:24:48 EST 2014 , 4 , 2 , 2 , 181817 : { BUY 5405.46@0.80470892} 181816 : { BUY 5405.46@0.80470892} 181815 : { SELL 19503.24@0.8079342} 181814 : { SELL 19503.24@0.8079342} 
Mon Dec 01 23:27:49 EST 2014 , 4 , 2 , 2 , 181817 : { BUY 5405.46@0.80470892} 181816 : { BUY 5405.46@0.80470892} 181815 : { SELL 19503.24@0.8079342} 181814 : { SELL 19503.24@0.8079342} 
Mon Dec 01 23:30:50 EST 2014 , 4 , 2 , 2 , 181817 : { BUY 5405.46@0.80470892} 181816 : { BUY 5405.46@0.80470892} 181815 : { SELL 19503.24@0.8079342} 181814 : { SELL 19503.24@0.8079342} 
Mon Dec 01 23:33:51 EST 2014 , 4 , 2 , 2 , 181817 : { BUY 5405.46@0.80470892} 181816 : { BUY 5405.46@0.80470892} 181815 : { SELL 19503.24@0.8079342} 181814 : { SELL 19503.24@0.8079342} 
Mon Dec 01 23:36:52 EST 2014 , 4 , 2 , 2 , 181817 : { BUY 5405.46@0.80470892} 181816 : { BUY 5405.46@0.80470892} 181815 : { SELL 19503.24@0.8079342} 181814 : { SELL 19503.24@0.8079342} 
Mon Dec 01 23:39:53 EST 2014 , 4 , 2 , 2 , 181817 : { BUY 5405.46@0.80470892} 181816 : { BUY 5405.46@0.80470892} 181815 : { SELL 19503.24@0.8079342} 181814 : { SELL 19503.24@0.8079342} 
Mon Dec 01 23:42:54 EST 2014 , 4 , 2 , 2 , 181817 : { BUY 5405.46@0.80470892} 181816 : { BUY 5405.46@0.80470892} 181815 : { SELL 19503.24@0.8079342} 181814 : { SELL 19503.24@0.8079342} 
Mon Dec 01 23:45:55 EST 2014 , 4 , 2 , 2 , 181817 : { BUY 5405.46@0.80470892} 181816 : { BUY 5405.46@0.80470892} 181815 : { SELL 19503.24@0.8079342} 181814 : { SELL 19503.24@0.8079342} 
Mon Dec 01 23:48:56 EST 2014 , 4 , 2 , 2 , 181817 : { BUY 5405.46@0.80470892} 181816 : { BUY 5405.46@0.80470892} 181815 : { SELL 19503.24@0.8079342} 181814 : { SELL 19503.24@0.8079342} 
Mon Dec 01 23:51:57 EST 2014 , 4 , 2 , 2 , 181817 : { BUY 5405.46@0.80470892} 181816 : { BUY 5405.46@0.80470892} 181815 : { SELL 19503.24@0.8079342} 181814 : { SELL 19503.24@0.8079342} 
Mon Dec 01 23:54:58 EST 2014 , 4 , 2 , 2 , 181817 : { BUY 5405.46@0.80470892} 181816 : { BUY 5405.46@0.80470892} 181815 : { SELL 19503.24@0.8079342} 181814 : { SELL 19503.24@0.8079342} 
Mon Dec 01 23:57:59 EST 2014 , 4 , 2 , 2 , 181817 : { BUY 5405.46@0.80470892} 181816 : { BUY 5405.46@0.80470892} 181815 : { SELL 19503.24@0.8079342} 181814 : { SELL 19503.24@0.8079342} 
Tue Dec 02 00:01:00 EST 2014 , 4 , 2 , 2 , 181817 : { BUY 5405.46@0.80470892} 181816 : { BUY 5405.46@0.80470892} 181815 : { SELL 19503.24@0.8079342} 181814 : { SELL 19503.24@0.8079342} 
Tue Dec 02 00:04:01 EST 2014 , 4 , 2 , 2 , 181817 : { BUY 5405.46@0.80470892} 181816 : { BUY 5405.46@0.80470892} 181815 : { SELL 19503.24@0.8079342} 181814 : { SELL 19503.24@0.8079342} 
Tue Dec 02 00:07:02 EST 2014 , 4 , 2 , 2 , 181817 : { BUY 5405.46@0.80470892} 181816 : { BUY 5405.46@0.80470892} 181815 : { SELL 19503.24@0.8079342} 181814 : { SELL 19503.24@0.8079342} 
Tue Dec 02 00:10:03 EST 2014 , 4 , 2 , 2 , 181817 : { BUY 5405.46@0.80470892} 181816 : { BUY 5405.46@0.80470892} 181815 : { SELL 19503.24@0.8079342} 181814 : { SELL 19503.24@0.8079342} 
Tue Dec 02 00:13:04 EST 2014 , 4 , 2 , 2 , 181817 : { BUY 5405.46@0.80470892} 181816 : { BUY 5405.46@0.80470892} 181815 : { SELL 19503.24@0.8079342} 181814 : { SELL 19503.24@0.8079342} 
Tue Dec 02 00:16:05 EST 2014 , 4 , 2 , 2 , 181817 : { BUY 5405.46@0.80470892} 181816 : { BUY 5405.46@0.80470892} 181815 : { SELL 19503.24@0.8079342} 181814 : { SELL 19503.24@0.8079342} 
Tue Dec 02 00:19:06 EST 2014 , 4 , 2 , 2 , 181817 : { BUY 5405.46@0.80470892} 181816 : { BUY 5405.46@0.80470892} 181815 : { SELL 19503.24@0.8079342} 181814 : { SELL 19503.24@0.8079342} 
Tue Dec 02 00:22:07 EST 2014 , 4 , 2 , 2 , 181817 : { BUY 5405.46@0.80470892} 181816 : { BUY 5405.46@0.80470892} 181815 : { SELL 19503.24@0.8079342} 181814 : { SELL 19503.24@0.8079342} 
Tue Dec 02 00:25:08 EST 2014 , 4 , 2 , 2 , 181817 : { BUY 5405.46@0.80470892} 181816 : { BUY 5405.46@0.80470892} 181815 : { SELL 19503.24@0.8079342} 181814 : { SELL 19503.24@0.8079342} 
Tue Dec 02 00:28:09 EST 2014 , 4 , 2 , 2 , 181817 : { BUY 5405.46@0.80470892} 181816 : { BUY 5405.46@0.80470892} 181815 : { SELL 19503.24@0.8079342} 181814 : { SELL 19503.24@0.8079342} 
Tue Dec 02 00:31:10 EST 2014 , 4 , 2 , 2 , 181817 : { BUY 5405.46@0.80470892} 181816 : { BUY 5405.46@0.80470892} 181815 : { SELL 19503.24@0.8079342} 181814 : { SELL 19503.24@0.8079342} 
Tue Dec 02 00:34:11 EST 2014 , 4 , 2 , 2 , 181817 : { BUY 5405.46@0.80470892} 181816 : { BUY 5405.46@0.80470892} 181815 : { SELL 19503.24@0.8079342} 181814 : { SELL 19503.24@0.8079342} 
Tue Dec 02 00:37:12 EST 2014 , 4 , 2 , 2 , 181817 : { BUY 5405.46@0.80470892} 181816 : { BUY 5405.46@0.80470892} 181815 : { SELL 19503.24@0.8079342} 181814 : { SELL 19503.24@0.8079342} 
Tue Dec 02 00:40:13 EST 2014 , 4 , 2 , 2 , 181817 : { BUY 5405.46@0.80470892} 181816 : { BUY 5405.46@0.80470892} 181815 : { SELL 19503.24@0.8079342} 181814 : { SELL 19503.24@0.8079342} 
Tue Dec 02 00:43:14 EST 2014 , 4 , 2 , 2 , 181817 : { BUY 5405.46@0.80470892} 181816 : { BUY 5405.46@0.80470892} 181815 : { SELL 19503.24@0.8079342} 181814 : { SELL 19503.24@0.8079342} 
Tue Dec 02 00:46:15 EST 2014 , 4 , 2 , 2 , 181817 : { BUY 5405.46@0.80470892} 181816 : { BUY 5405.46@0.80470892} 181815 : { SELL 19503.24@0.8079342} 181814 : { SELL 19503.24@0.8079342} 
Tue Dec 02 00:49:16 EST 2014 , 4 , 2 , 2 , 181817 : { BUY 5405.46@0.80470892} 181816 : { BUY 5405.46@0.80470892} 181815 : { SELL 19503.24@0.8079342} 181814 : { SELL 19503.24@0.8079342} 
Tue Dec 02 00:52:17 EST 2014 , 4 , 2 , 2 , 181817 : { BUY 5405.46@0.80470892} 181816 : { BUY 5405.46@0.80470892} 181815 : { SELL 19503.24@0.8079342} 181814 : { SELL 19503.24@0.8079342} 
Tue Dec 02 00:55:18 EST 2014 , 4 , 2 , 2 , 181817 : { BUY 5405.46@0.80470892} 181816 : { BUY 5405.46@0.80470892} 181815 : { SELL 19503.24@0.8079342} 181814 : { SELL 19503.24@0.8079342} 
Tue Dec 02 00:58:20 EST 2014 , 4 , 2 , 2 , 181817 : { BUY 5405.46@0.80470892} 181816 : { BUY 5405.46@0.80470892} 181815 : { SELL 19503.24@0.8079342} 181814 : { SELL 19503.24@0.8079342} 
Tue Dec 02 01:01:20 EST 2014 , 4 , 2 , 2 , 181817 : { BUY 5405.46@0.80470892} 181816 : { BUY 5405.46@0.80470892} 181815 : { SELL 19503.24@0.8079342} 181814 : { SELL 19503.24@0.8079342} 
Tue Dec 02 01:04:21 EST 2014 , 4 , 2 , 2 , 181817 : { BUY 5405.46@0.80470892} 181816 : { BUY 5405.46@0.80470892} 181815 : { SELL 19503.24@0.8079342} 181814 : { SELL 19503.24@0.8079342} 
Tue Dec 02 01:07:22 EST 2014 , 4 , 2 , 2 , 181817 : { BUY 5405.46@0.80470892} 181816 : { BUY 5405.46@0.80470892} 181815 : { SELL 19503.24@0.8079342} 181814 : { SELL 19503.24@0.8079342} 
Tue Dec 02 01:10:23 EST 2014 , 4 , 2 , 2 , 181817 : { BUY 5405.46@0.80470892} 181816 : { BUY 5405.46@0.80470892} 181815 : { SELL 19503.24@0.8079342} 181814 : { SELL 19503.24@0.8079342} 
Tue Dec 02 01:13:24 EST 2014 , 4 , 2 , 2 , 181817 : { BUY 5405.46@0.80470892} 181816 : { BUY 5405.46@0.80470892} 181815 : { SELL 19503.24@0.8079342} 181814 : { SELL 19503.24@0.8079342} 
Tue Dec 02 01:16:25 EST 2014 , 4 , 2 , 2 , 181817 : { BUY 5405.46@0.80470892} 181816 : { BUY 5405.46@0.80470892} 181815 : { SELL 19503.24@0.8079342} 181814 : { SELL 19503.24@0.8079342} 
Tue Dec 02 01:19:26 EST 2014 , 4 , 2 , 2 , 181817 : { BUY 5405.46@0.80470892} 181816 : { BUY 5405.46@0.80470892} 181815 : { SELL 19503.24@0.8079342} 181814 : { SELL 19503.24@0.8079342} 
Tue Dec 02 01:22:27 EST 2014 , 4 , 2 , 2 , 181817 : { BUY 5405.46@0.80470892} 181816 : { BUY 5405.46@0.80470892} 181815 : { SELL 19503.24@0.8079342} 181814 : { SELL 19503.24@0.8079342} 
Tue Dec 02 01:25:28 EST 2014 , 4 , 2 , 2 , 181817 : { BUY 5405.46@0.80470892} 181816 : { BUY 5405.46@0.80470892} 181815 : { SELL 19503.24@0.8079342} 181814 : { SELL 19503.24@0.8079342} 
Tue Dec 02 01:28:29 EST 2014 , 4 , 2 , 2 , 181817 : { BUY 5405.46@0.80470892} 181816 : { BUY 5405.46@0.80470892} 181815 : { SELL 19503.24@0.8079342} 181814 : { SELL 19503.24@0.8079342} 
Tue Dec 02 01:31:30 EST 2014 , 4 , 2 , 2 , 181817 : { BUY 5405.46@0.80470892} 181816 : { BUY 5405.46@0.80470892} 181815 : { SELL 19503.24@0.8079342} 181814 : { SELL 19503.24@0.8079342} 
Tue Dec 02 01:34:31 EST 2014 , 4 , 2 , 2 , 181817 : { BUY 5405.46@0.80470892} 181816 : { BUY 5405.46@0.80470892} 181815 : { SELL 19503.24@0.8079342} 181814 : { SELL 19503.24@0.8079342} 
Tue Dec 02 01:37:32 EST 2014 , 4 , 2 , 2 , 181817 : { BUY 5405.46@0.80470892} 181816 : { BUY 5405.46@0.80470892} 181815 : { SELL 19503.24@0.8079342} 181814 : { SELL 19503.24@0.8079342} 
Tue Dec 02 01:40:33 EST 2014 , 4 , 2 , 2 , 181817 : { BUY 5405.46@0.80470892} 181816 : { BUY 5405.46@0.80470892} 181815 : { SELL 19503.24@0.8079342} 181814 : { SELL 19503.24@0.8079342} 
Tue Dec 02 01:43:34 EST 2014 , 4 , 2 , 2 , 181817 : { BUY 5405.46@0.80470892} 181816 : { BUY 5405.46@0.80470892} 181815 : { SELL 19503.24@0.8079342} 181814 : { SELL 19503.24@0.8079342} 
Tue Dec 02 01:46:35 EST 2014 , 4 , 2 , 2 , 181817 : { BUY 5405.46@0.80470892} 181816 : { BUY 5405.46@0.80470892} 181815 : { SELL 19503.24@0.8079342} 181814 : { SELL 19503.24@0.8079342} 
Tue Dec 02 01:49:36 EST 2014 , 4 , 2 , 2 , 181817 : { BUY 5405.46@0.80470892} 181816 : { BUY 5405.46@0.80470892} 181815 : { SELL 19503.24@0.8079342} 181814 : { SELL 19503.24@0.8079342} 
Tue Dec 02 01:52:37 EST 2014 , 4 , 2 , 2 , 181817 : { BUY 5405.46@0.80470892} 181816 : { BUY 5405.46@0.80470892} 181815 : { SELL 19503.24@0.8079342} 181814 : { SELL 19503.24@0.8079342} 
Tue Dec 02 01:55:38 EST 2014 , 4 , 2 , 2 , 181817 : { BUY 5405.46@0.80470892} 181816 : { BUY 5405.46@0.80470892} 181815 : { SELL 19503.24@0.8079342} 181814 : { SELL 19503.24@0.8079342} 
Tue Dec 02 01:58:39 EST 2014 , 4 , 2 , 2 , 181817 : { BUY 5405.46@0.80470892} 181816 : { BUY 5405.46@0.80470892} 181815 : { SELL 19503.24@0.8079342} 181814 : { SELL 19503.24@0.8079342} 
Tue Dec 02 02:01:40 EST 2014 , 4 , 2 , 2 , 181817 : { BUY 5405.46@0.80470892} 181816 : { BUY 5405.46@0.80470892} 181815 : { SELL 19503.24@0.8079342} 181814 : { SELL 19503.24@0.8079342} 
Tue Dec 02 02:04:41 EST 2014 , 4 , 2 , 2 , 181817 : { BUY 5405.46@0.80470892} 181816 : { BUY 5405.46@0.80470892} 181815 : { SELL 19503.24@0.8079342} 181814 : { SELL 19503.24@0.8079342} 
Tue Dec 02 02:07:42 EST 2014 , 4 , 2 , 2 , 181817 : { BUY 5405.46@0.80470892} 181816 : { BUY 5405.46@0.80470892} 181815 : { SELL 19503.24@0.8079342} 181814 : { SELL 19503.24@0.8079342} 
Tue Dec 02 02:10:43 EST 2014 , 4 , 2 , 2 , 181817 : { BUY 5405.46@0.80470892} 181816 : { BUY 5405.46@0.80470892} 181815 : { SELL 19503.24@0.8079342} 181814 : { SELL 19503.24@0.8079342} 
Tue Dec 02 02:13:44 EST 2014 , 4 , 2 , 2 , 181817 : { BUY 5405.46@0.80470892} 181816 : { BUY 5405.46@0.80470892} 181815 : { SELL 19503.24@0.8079342} 181814 : { SELL 19503.24@0.8079342} 
Tue Dec 02 02:16:45 EST 2014 , 4 , 2 , 2 , 181817 : { BUY 5405.46@0.80470892} 181816 : { BUY 5405.46@0.80470892} 181815 : { SELL 19503.24@0.8079342} 181814 : { SELL 19503.24@0.8079342} 
Tue Dec 02 02:19:46 EST 2014 , 4 , 2 , 2 , 181817 : { BUY 5405.46@0.80470892} 181816 : { BUY 5405.46@0.80470892} 181815 : { SELL 19503.24@0.8079342} 181814 : { SELL 19503.24@0.8079342} 
Tue Dec 02 02:22:47 EST 2014 , 4 , 2 , 2 , 181817 : { BUY 5405.46@0.80470892} 181816 : { BUY 5405.46@0.80470892} 181815 : { SELL 19503.24@0.8079342} 181814 : { SELL 19503.24@0.8079342} 
Tue Dec 02 02:25:48 EST 2014 , 4 , 2 , 2 , 181817 : { BUY 5405.46@0.80470892} 181816 : { BUY 5405.46@0.80470892} 181815 : { SELL 19503.24@0.8079342} 181814 : { SELL 19503.24@0.8079342} 
Tue Dec 02 02:28:49 EST 2014 , 4 , 2 , 2 , 181817 : { BUY 5405.46@0.80470892} 181816 : { BUY 5405.46@0.80470892} 181815 : { SELL 19503.24@0.8079342} 181814 : { SELL 19503.24@0.8079342} 
Tue Dec 02 02:31:50 EST 2014 , 4 , 2 , 2 , 181817 : { BUY 5405.46@0.80470892} 181816 : { BUY 5405.46@0.80470892} 181815 : { SELL 19503.24@0.8079342} 181814 : { SELL 19503.24@0.8079342} 
Tue Dec 02 02:34:51 EST 2014 , 4 , 2 , 2 , 181817 : { BUY 5405.46@0.80470892} 181816 : { BUY 5405.46@0.80470892} 181815 : { SELL 19503.24@0.8079342} 181814 : { SELL 19503.24@0.8079342} 
Tue Dec 02 02:37:52 EST 2014 , 4 , 2 , 2 , 181817 : { BUY 5405.46@0.80470892} 181816 : { BUY 5405.46@0.80470892} 181815 : { SELL 19503.24@0.8079342} 181814 : { SELL 19503.24@0.8079342} 
Tue Dec 02 02:40:53 EST 2014 , 4 , 2 , 2 , 181817 : { BUY 5405.46@0.80470892} 181816 : { BUY 5405.46@0.80470892} 181815 : { SELL 19503.24@0.8079342} 181814 : { SELL 19503.24@0.8079342} 
Tue Dec 02 02:43:54 EST 2014 , 4 , 2 , 2 , 181817 : { BUY 5405.46@0.80470892} 181816 : { BUY 5405.46@0.80470892} 181815 : { SELL 19503.24@0.8079342} 181814 : { SELL 19503.24@0.8079342} 
Tue Dec 02 02:46:55 EST 2014 , 4 , 2 , 2 , 181817 : { BUY 5405.46@0.80470892} 181816 : { BUY 5405.46@0.80470892} 181815 : { SELL 19503.24@0.8079342} 181814 : { SELL 19503.24@0.8079342} 
Tue Dec 02 02:49:56 EST 2014 , 4 , 2 , 2 , 181817 : { BUY 5405.46@0.80470892} 181816 : { BUY 5405.46@0.80470892} 181815 : { SELL 19503.24@0.8079342} 181814 : { SELL 19503.24@0.8079342} 
Tue Dec 02 02:52:57 EST 2014 , 4 , 2 , 2 , 181817 : { BUY 5405.46@0.80470892} 181816 : { BUY 5405.46@0.80470892} 181815 : { SELL 19503.24@0.8079342} 181814 : { SELL 19503.24@0.8079342} 
Tue Dec 02 02:55:58 EST 2014 , 4 , 2 , 2 , 181817 : { BUY 5405.46@0.80470892} 181816 : { BUY 5405.46@0.80470892} 181815 : { SELL 19503.24@0.8079342} 181814 : { SELL 19503.24@0.8079342} 
Tue Dec 02 02:58:59 EST 2014 , 4 , 2 , 2 , 181817 : { BUY 5405.46@0.80470892} 181816 : { BUY 5405.46@0.80470892} 181815 : { SELL 19503.24@0.8079342} 181814 : { SELL 19503.24@0.8079342} 
Tue Dec 02 03:02:00 EST 2014 , 4 , 2 , 2 , 181817 : { BUY 5405.46@0.80470892} 181816 : { BUY 5405.46@0.80470892} 181815 : { SELL 19503.24@0.8079342} 181814 : { SELL 19503.24@0.8079342} 
Tue Dec 02 03:05:01 EST 2014 , 4 , 2 , 2 , 181817 : { BUY 5405.46@0.80470892} 181816 : { BUY 5405.46@0.80470892} 181815 : { SELL 19503.24@0.8079342} 181814 : { SELL 19503.24@0.8079342} 
Tue Dec 02 03:08:02 EST 2014 , 4 , 2 , 2 , 181817 : { BUY 5405.46@0.80470892} 181816 : { BUY 5405.46@0.80470892} 181815 : { SELL 19503.24@0.8079342} 181814 : { SELL 19503.24@0.8079342} 
Tue Dec 02 03:11:03 EST 2014 , 4 , 2 , 2 , 181817 : { BUY 5405.46@0.80470892} 181816 : { BUY 5405.46@0.80470892} 181815 : { SELL 19503.24@0.8079342} 181814 : { SELL 19503.24@0.8079342} 
Tue Dec 02 03:14:04 EST 2014 , 4 , 2 , 2 , 181817 : { BUY 5405.46@0.80470892} 181816 : { BUY 5405.46@0.80470892} 181815 : { SELL 19503.24@0.8079342} 181814 : { SELL 19503.24@0.8079342} 
Tue Dec 02 03:17:05 EST 2014 , 4 , 2 , 2 , 181817 : { BUY 5405.46@0.80470892} 181816 : { BUY 5405.46@0.80470892} 181815 : { SELL 19503.24@0.8079342} 181814 : { SELL 19503.24@0.8079342} 
Tue Dec 02 03:20:06 EST 2014 , 4 , 2 , 2 , 181817 : { BUY 5405.46@0.80470892} 181816 : { BUY 5405.46@0.80470892} 181815 : { SELL 19503.24@0.8079342} 181814 : { SELL 19503.24@0.8079342} 
Tue Dec 02 03:23:07 EST 2014 , 4 , 2 , 2 , 181817 : { BUY 5405.46@0.80470892} 181816 : { BUY 5405.46@0.80470892} 181815 : { SELL 19503.24@0.8079342} 181814 : { SELL 19503.24@0.8079342} 
Tue Dec 02 03:26:08 EST 2014 , 4 , 2 , 2 , 181817 : { BUY 5405.46@0.80470892} 181816 : { BUY 5405.46@0.80470892} 181815 : { SELL 19503.24@0.8079342} 181814 : { SELL 19503.24@0.8079342} 
Tue Dec 02 03:29:09 EST 2014 , 4 , 2 , 2 , 181817 : { BUY 5405.46@0.80470892} 181816 : { BUY 5405.46@0.80470892} 181815 : { SELL 19503.24@0.8079342} 181814 : { SELL 19503.24@0.8079342} 
Tue Dec 02 03:32:10 EST 2014 , 4 , 2 , 2 , 181817 : { BUY 5405.46@0.80470892} 181816 : { BUY 5405.46@0.80470892} 181815 : { SELL 19503.24@0.8079342} 181814 : { SELL 19503.24@0.8079342} 
Tue Dec 02 03:35:11 EST 2014 , 4 , 2 , 2 , 181817 : { BUY 5405.46@0.80470892} 181816 : { BUY 5405.46@0.80470892} 181815 : { SELL 19503.24@0.8079342} 181814 : { SELL 19503.24@0.8079342} 
Tue Dec 02 03:38:12 EST 2014 , 4 , 2 , 2 , 181817 : { BUY 5405.46@0.80470892} 181816 : { BUY 5405.46@0.80470892} 181815 : { SELL 19503.24@0.8079342} 181814 : { SELL 19503.24@0.8079342} 
Tue Dec 02 03:41:13 EST 2014 , 4 , 2 , 2 , 181817 : { BUY 5405.46@0.80470892} 181816 : { BUY 5405.46@0.80470892} 181815 : { SELL 19503.24@0.8079342} 181814 : { SELL 19503.24@0.8079342} 
Tue Dec 02 03:44:14 EST 2014 , 4 , 2 , 2 , 181817 : { BUY 5405.46@0.80470892} 181816 : { BUY 5405.46@0.80470892} 181815 : { SELL 19503.24@0.8079342} 181814 : { SELL 19503.24@0.8079342} 
Tue Dec 02 03:47:15 EST 2014 , 4 , 2 , 2 , 181817 : { BUY 5405.46@0.80470892} 181816 : { BUY 5405.46@0.80470892} 181815 : { SELL 19503.24@0.8079342} 181814 : { SELL 19503.24@0.8079342} 
Tue Dec 02 03:50:16 EST 2014 , 4 , 2 , 2 , 181817 : { BUY 5405.46@0.80470892} 181816 : { BUY 5405.46@0.80470892} 181815 : { SELL 19503.24@0.8079342} 181814 : { SELL 19503.24@0.8079342} 
Tue Dec 02 03:53:17 EST 2014 , 4 , 2 , 2 , 181817 : { BUY 5405.46@0.80470892} 181816 : { BUY 5405.46@0.80470892} 181815 : { SELL 19503.24@0.8079342} 181814 : { SELL 19503.24@0.8079342} 
Tue Dec 02 03:56:18 EST 2014 , 4 , 2 , 2 , 181817 : { BUY 5405.46@0.80470892} 181816 : { BUY 5405.46@0.80470892} 181815 : { SELL 19503.24@0.8079342} 181814 : { SELL 19503.24@0.8079342} 
Tue Dec 02 03:59:19 EST 2014 , 4 , 2 , 2 , 181817 : { BUY 5405.46@0.80470892} 181816 : { BUY 5405.46@0.80470892} 181815 : { SELL 19503.24@0.8079342} 181814 : { SELL 19503.24@0.8079342} 
Tue Dec 02 04:02:20 EST 2014 , 4 , 2 , 2 , 181817 : { BUY 5405.46@0.80470892} 181816 : { BUY 5405.46@0.80470892} 181815 : { SELL 19503.24@0.8079342} 181814 : { SELL 19503.24@0.8079342} 
Tue Dec 02 04:05:21 EST 2014 , 4 , 2 , 2 , 181817 : { BUY 5405.46@0.80470892} 181816 : { BUY 5405.46@0.80470892} 181815 : { SELL 19503.24@0.8079342} 181814 : { SELL 19503.24@0.8079342} 
Tue Dec 02 04:08:22 EST 2014 , 4 , 2 , 2 , 181817 : { BUY 5405.46@0.80470892} 181816 : { BUY 5405.46@0.80470892} 181815 : { SELL 19503.24@0.8079342} 181814 : { SELL 19503.24@0.8079342} 
Tue Dec 02 04:11:23 EST 2014 , 4 , 2 , 2 , 181817 : { BUY 5405.46@0.80470892} 181816 : { BUY 5405.46@0.80470892} 181815 : { SELL 19503.24@0.8079342} 181814 : { SELL 19503.24@0.8079342} 
Tue Dec 02 04:14:24 EST 2014 , 4 , 2 , 2 , 181817 : { BUY 5405.46@0.80470892} 181816 : { BUY 5405.46@0.80470892} 181815 : { SELL 19503.24@0.8079342} 181814 : { SELL 19503.24@0.8079342} 
Tue Dec 02 04:17:25 EST 2014 , 4 , 2 , 2 , 181817 : { BUY 5405.46@0.80470892} 181816 : { BUY 5405.46@0.80470892} 181815 : { SELL 19503.24@0.8079342} 181814 : { SELL 19503.24@0.8079342} 
Tue Dec 02 04:20:26 EST 2014 , 4 , 2 , 2 , 181817 : { BUY 5405.46@0.80470892} 181816 : { BUY 5405.46@0.80470892} 181815 : { SELL 19503.24@0.8079342} 181814 : { SELL 19503.24@0.8079342} 
Tue Dec 02 04:23:27 EST 2014 , 4 , 2 , 2 , 181817 : { BUY 5405.46@0.80470892} 181816 : { BUY 5405.46@0.80470892} 181815 : { SELL 19503.24@0.8079342} 181814 : { SELL 19503.24@0.8079342} 
Tue Dec 02 04:26:28 EST 2014 , 4 , 2 , 2 , 181817 : { BUY 5405.46@0.80470892} 181816 : { BUY 5405.46@0.80470892} 181815 : { SELL 19503.24@0.8079342} 181814 : { SELL 19503.24@0.8079342} 
Tue Dec 02 04:29:29 EST 2014 , 4 , 2 , 2 , 181817 : { BUY 5405.46@0.80470892} 181816 : { BUY 5405.46@0.80470892} 181815 : { SELL 19503.24@0.8079342} 181814 : { SELL 19503.24@0.8079342} 
Tue Dec 02 04:32:30 EST 2014 , 4 , 2 , 2 , 181817 : { BUY 5405.46@0.80470892} 181816 : { BUY 5405.46@0.80470892} 181815 : { SELL 19503.24@0.8079342} 181814 : { SELL 19503.24@0.8079342} 
Tue Dec 02 04:35:31 EST 2014 , 4 , 2 , 2 , 181817 : { BUY 5405.46@0.80470892} 181816 : { BUY 5405.46@0.80470892} 181815 : { SELL 19503.24@0.8079342} 181814 : { SELL 19503.24@0.8079342} 
Tue Dec 02 04:38:32 EST 2014 , 4 , 2 , 2 , 181817 : { BUY 5405.46@0.80470892} 181816 : { BUY 5405.46@0.80470892} 181815 : { SELL 19503.24@0.8079342} 181814 : { SELL 19503.24@0.8079342} 
Tue Dec 02 04:41:33 EST 2014 , 4 , 2 , 2 , 181817 : { BUY 5405.46@0.80470892} 181816 : { BUY 5405.46@0.80470892} 181815 : { SELL 19503.24@0.8079342} 181814 : { SELL 19503.24@0.8079342} 
Tue Dec 02 04:44:34 EST 2014 , 4 , 2 , 2 , 181817 : { BUY 5405.46@0.80470892} 181816 : { BUY 5405.46@0.80470892} 181815 : { SELL 19503.24@0.8079342} 181814 : { SELL 19503.24@0.8079342} 
Tue Dec 02 04:47:35 EST 2014 , 4 , 2 , 2 , 181817 : { BUY 5405.46@0.80470892} 181816 : { BUY 5405.46@0.80470892} 181815 : { SELL 19503.24@0.8079342} 181814 : { SELL 19503.24@0.8079342} 
Tue Dec 02 04:50:36 EST 2014 , 4 , 2 , 2 , 181817 : { BUY 5405.46@0.80470892} 181816 : { BUY 5405.46@0.80470892} 181815 : { SELL 19503.24@0.8079342} 181814 : { SELL 19503.24@0.8079342} 
Tue Dec 02 04:53:37 EST 2014 , 4 , 2 , 2 , 181817 : { BUY 5405.46@0.80470892} 181816 : { BUY 5405.46@0.80470892} 181815 : { SELL 19503.24@0.8079342} 181814 : { SELL 19503.24@0.8079342} 
Tue Dec 02 04:56:38 EST 2014 , 4 , 2 , 2 , 181817 : { BUY 5405.46@0.80470892} 181816 : { BUY 5405.46@0.80470892} 181815 : { SELL 19503.24@0.8079342} 181814 : { SELL 19503.24@0.8079342} 
Tue Dec 02 04:59:39 EST 2014 , 4 , 2 , 2 , 181817 : { BUY 5405.46@0.80470892} 181816 : { BUY 5405.46@0.80470892} 181815 : { SELL 19503.24@0.8079342} 181814 : { SELL 19503.24@0.8079342} 
Tue Dec 02 05:02:40 EST 2014 , 4 , 2 , 2 , 181817 : { BUY 5405.46@0.80470892} 181816 : { BUY 5405.46@0.80470892} 181815 : { SELL 19503.24@0.8079342} 181814 : { SELL 19503.24@0.8079342} 
Tue Dec 02 05:05:41 EST 2014 , 4 , 2 , 2 , 181817 : { BUY 5405.46@0.80470892} 181816 : { BUY 5405.46@0.80470892} 181815 : { SELL 19503.24@0.8079342} 181814 : { SELL 19503.24@0.8079342} 
Tue Dec 02 05:08:42 EST 2014 , 4 , 2 , 2 , 181817 : { BUY 5405.46@0.80470892} 181816 : { BUY 5405.46@0.80470892} 181815 : { SELL 19503.24@0.8079342} 181814 : { SELL 19503.24@0.8079342} 
Tue Dec 02 05:11:43 EST 2014 , 4 , 2 , 2 , 181817 : { BUY 5405.46@0.80470892} 181816 : { BUY 5405.46@0.80470892} 181815 : { SELL 19503.24@0.8079342} 181814 : { SELL 19503.24@0.8079342} 
Tue Dec 02 05:14:44 EST 2014 , 4 , 2 , 2 , 181817 : { BUY 5405.46@0.80470892} 181816 : { BUY 5405.46@0.80470892} 181815 : { SELL 19503.24@0.8079342} 181814 : { SELL 19503.24@0.8079342} 
Tue Dec 02 05:17:45 EST 2014 , 4 , 2 , 2 , 181817 : { BUY 5405.46@0.80470892} 181816 : { BUY 5405.46@0.80470892} 181815 : { SELL 19503.24@0.8079342} 181814 : { SELL 19503.24@0.8079342} 
Tue Dec 02 05:20:46 EST 2014 , 4 , 2 , 2 , 181817 : { BUY 5405.46@0.80470892} 181816 : { BUY 5405.46@0.80470892} 181815 : { SELL 19503.24@0.8079342} 181814 : { SELL 19503.24@0.8079342} 
Tue Dec 02 05:23:47 EST 2014 , 4 , 2 , 2 , 181817 : { BUY 5405.46@0.80470892} 181816 : { BUY 5405.46@0.80470892} 181815 : { SELL 19503.24@0.8079342} 181814 : { SELL 19503.24@0.8079342} 
Tue Dec 02 05:26:48 EST 2014 , 4 , 2 , 2 , 181817 : { BUY 5405.46@0.80470892} 181816 : { BUY 5405.46@0.80470892} 181815 : { SELL 19503.24@0.8079342} 181814 : { SELL 19503.24@0.8079342} 
Tue Dec 02 05:29:49 EST 2014 , 4 , 2 , 2 , 181817 : { BUY 5405.46@0.80470892} 181816 : { BUY 5405.46@0.80470892} 181815 : { SELL 19503.24@0.8079342} 181814 : { SELL 19503.24@0.8079342} 
Tue Dec 02 05:32:50 EST 2014 , 4 , 2 , 2 , 181817 : { BUY 5405.46@0.80470892} 181816 : { BUY 5405.46@0.80470892} 181815 : { SELL 19503.24@0.8079342} 181814 : { SELL 19503.24@0.8079342} 
Tue Dec 02 05:35:51 EST 2014 , 4 , 2 , 2 , 181817 : { BUY 5405.46@0.80470892} 181816 : { BUY 5405.46@0.80470892} 181815 : { SELL 19503.24@0.8079342} 181814 : { SELL 19503.24@0.8079342} 
Tue Dec 02 05:38:52 EST 2014 , 4 , 2 , 2 , 181817 : { BUY 5405.46@0.80470892} 181816 : { BUY 5405.46@0.80470892} 181815 : { SELL 19503.24@0.8079342} 181814 : { SELL 19503.24@0.8079342} 
Tue Dec 02 05:41:53 EST 2014 , 4 , 2 , 2 , 181817 : { BUY 5405.46@0.80470892} 181816 : { BUY 5405.46@0.80470892} 181815 : { SELL 19503.24@0.8079342} 181814 : { SELL 19503.24@0.8079342} 
Tue Dec 02 05:44:54 EST 2014 , 4 , 2 , 2 , 181817 : { BUY 5405.46@0.80470892} 181816 : { BUY 5405.46@0.80470892} 181815 : { SELL 19503.24@0.8079342} 181814 : { SELL 19503.24@0.8079342} 
Tue Dec 02 05:47:55 EST 2014 , 4 , 2 , 2 , 181817 : { BUY 5405.46@0.80470892} 181816 : { BUY 5405.46@0.80470892} 181815 : { SELL 19503.24@0.8079342} 181814 : { SELL 19503.24@0.8079342} 
Tue Dec 02 05:50:56 EST 2014 , 4 , 2 , 2 , 181817 : { BUY 5405.46@0.80470892} 181816 : { BUY 5405.46@0.80470892} 181815 : { SELL 19503.24@0.8079342} 181814 : { SELL 19503.24@0.8079342} 
Tue Dec 02 05:53:57 EST 2014 , 4 , 2 , 2 , 181817 : { BUY 5405.46@0.80470892} 181816 : { BUY 5405.46@0.80470892} 181815 : { SELL 19503.24@0.8079342} 181814 : { SELL 19503.24@0.8079342} 
Tue Dec 02 05:56:58 EST 2014 , 4 , 2 , 2 , 181817 : { BUY 5405.46@0.80470892} 181816 : { BUY 5405.46@0.80470892} 181815 : { SELL 19503.24@0.8079342} 181814 : { SELL 19503.24@0.8079342} 
Tue Dec 02 06:00:00 EST 2014 , 4 , 2 , 2 , 181817 : { BUY 5405.46@0.80470892} 181816 : { BUY 5405.46@0.80470892} 181815 : { SELL 19503.24@0.8079342} 181814 : { SELL 19503.24@0.8079342} 
Tue Dec 02 06:03:00 EST 2014 , 4 , 2 , 2 , 181817 : { BUY 5405.46@0.80470892} 181816 : { BUY 5405.46@0.80470892} 181815 : { SELL 19503.24@0.8079342} 181814 : { SELL 19503.24@0.8079342} 
Tue Dec 02 06:06:01 EST 2014 , 4 , 2 , 2 , 181817 : { BUY 5405.46@0.80470892} 181816 : { BUY 5405.46@0.80470892} 181815 : { SELL 19503.24@0.8079342} 181814 : { SELL 19503.24@0.8079342} 
Tue Dec 02 06:09:02 EST 2014 , 4 , 2 , 2 , 181817 : { BUY 5405.46@0.80470892} 181816 : { BUY 5405.46@0.80470892} 181815 : { SELL 19503.24@0.8079342} 181814 : { SELL 19503.24@0.8079342} 
Tue Dec 02 06:12:03 EST 2014 , 4 , 2 , 2 , 181817 : { BUY 5405.46@0.80470892} 181816 : { BUY 5405.46@0.80470892} 181815 : { SELL 19503.24@0.8079342} 181814 : { SELL 19503.24@0.8079342} 
Tue Dec 02 06:15:04 EST 2014 , 4 , 2 , 2 , 181817 : { BUY 5405.46@0.80470892} 181816 : { BUY 5405.46@0.80470892} 181815 : { SELL 19503.24@0.8079342} 181814 : { SELL 19503.24@0.8079342} 
Tue Dec 02 06:18:05 EST 2014 , 4 , 2 , 2 , 181817 : { BUY 5405.46@0.80470892} 181816 : { BUY 5405.46@0.80470892} 181815 : { SELL 19503.24@0.8079342} 181814 : { SELL 19503.24@0.8079342} 
Tue Dec 02 06:21:06 EST 2014 , 4 , 2 , 2 , 181817 : { BUY 5405.46@0.80470892} 181816 : { BUY 5405.46@0.80470892} 181815 : { SELL 19503.24@0.8079342} 181814 : { SELL 19503.24@0.8079342} 
Tue Dec 02 06:24:07 EST 2014 , 4 , 2 , 2 , 181817 : { BUY 5405.46@0.80470892} 181816 : { BUY 5405.46@0.80470892} 181815 : { SELL 19503.24@0.8079342} 181814 : { SELL 19503.24@0.8079342} 
Tue Dec 02 06:27:08 EST 2014 , 4 , 2 , 2 , 181817 : { BUY 5405.46@0.80470892} 181816 : { BUY 5405.46@0.80470892} 181815 : { SELL 19503.24@0.8079342} 181814 : { SELL 19503.24@0.8079342} 
Tue Dec 02 06:30:09 EST 2014 , 4 , 2 , 2 , 181817 : { BUY 5405.46@0.80470892} 181816 : { BUY 5405.46@0.80470892} 181815 : { SELL 19503.24@0.8079342} 181814 : { SELL 19503.24@0.8079342} 
Tue Dec 02 06:33:10 EST 2014 , 4 , 2 , 2 , 181817 : { BUY 5405.46@0.80470892} 181816 : { BUY 5405.46@0.80470892} 181815 : { SELL 19503.24@0.8079342} 181814 : { SELL 19503.24@0.8079342} 
Tue Dec 02 06:36:11 EST 2014 , 4 , 2 , 2 , 181817 : { BUY 5405.46@0.80470892} 181816 : { BUY 5405.46@0.80470892} 181815 : { SELL 19503.24@0.8079342} 181814 : { SELL 19503.24@0.8079342} 
Tue Dec 02 06:39:12 EST 2014 , 4 , 2 , 2 , 181817 : { BUY 5405.46@0.80470892} 181816 : { BUY 5405.46@0.80470892} 181815 : { SELL 19503.24@0.8079342} 181814 : { SELL 19503.24@0.8079342} 
Tue Dec 02 06:42:13 EST 2014 , 4 , 2 , 2 , 181817 : { BUY 5405.46@0.80470892} 181816 : { BUY 5405.46@0.80470892} 181815 : { SELL 19503.24@0.8079342} 181814 : { SELL 19503.24@0.8079342} 
Tue Dec 02 06:45:14 EST 2014 , 4 , 2 , 2 , 181817 : { BUY 5405.46@0.80470892} 181816 : { BUY 5405.46@0.80470892} 181815 : { SELL 19503.24@0.8079342} 181814 : { SELL 19503.24@0.8079342} 
Tue Dec 02 06:48:15 EST 2014 , 4 , 2 , 2 , 181817 : { BUY 5405.46@0.80470892} 181816 : { BUY 5405.46@0.80470892} 181815 : { SELL 19503.24@0.8079342} 181814 : { SELL 19503.24@0.8079342} 
Tue Dec 02 06:51:16 EST 2014 , 4 , 2 , 2 , 181817 : { BUY 5405.46@0.80470892} 181816 : { BUY 5405.46@0.80470892} 181815 : { SELL 19503.24@0.8079342} 181814 : { SELL 19503.24@0.8079342} 
Tue Dec 02 06:54:17 EST 2014 , 4 , 2 , 2 , 181817 : { BUY 5405.46@0.80470892} 181816 : { BUY 5405.46@0.80470892} 181815 : { SELL 19503.24@0.8079342} 181814 : { SELL 19503.24@0.8079342} 
Tue Dec 02 06:57:18 EST 2014 , 4 , 2 , 2 , 181817 : { BUY 5405.46@0.80470892} 181816 : { BUY 5405.46@0.80470892} 181815 : { SELL 19503.24@0.8079342} 181814 : { SELL 19503.24@0.8079342} 
Tue Dec 02 07:00:19 EST 2014 , 4 , 2 , 2 , 181817 : { BUY 5405.46@0.80470892} 181816 : { BUY 5405.46@0.80470892} 181815 : { SELL 19503.24@0.8079342} 181814 : { SELL 19503.24@0.8079342} 
Tue Dec 02 07:03:20 EST 2014 , 4 , 2 , 2 , 181817 : { BUY 5405.46@0.80470892} 181816 : { BUY 5405.46@0.80470892} 181815 : { SELL 19503.24@0.8079342} 181814 : { SELL 19503.24@0.8079342} 
Tue Dec 02 07:06:21 EST 2014 , 4 , 2 , 2 , 181817 : { BUY 5405.46@0.80470892} 181816 : { BUY 5405.46@0.80470892} 181815 : { SELL 19503.24@0.8079342} 181814 : { SELL 19503.24@0.8079342} 
Tue Dec 02 07:09:22 EST 2014 , 4 , 2 , 2 , 181817 : { BUY 5405.46@0.80470892} 181816 : { BUY 5405.46@0.80470892} 181815 : { SELL 19503.24@0.8079342} 181814 : { SELL 19503.24@0.8079342} 
Tue Dec 02 07:12:23 EST 2014 , 4 , 2 , 2 , 181817 : { BUY 5405.46@0.80470892} 181816 : { BUY 5405.46@0.80470892} 181815 : { SELL 19503.24@0.8079342} 181814 : { SELL 19503.24@0.8079342} 
Tue Dec 02 07:15:24 EST 2014 , 4 , 2 , 2 , 181817 : { BUY 5405.46@0.80470892} 181816 : { BUY 5405.46@0.80470892} 181815 : { SELL 19503.24@0.8079342} 181814 : { SELL 19503.24@0.8079342} 
Tue Dec 02 07:18:25 EST 2014 , 4 , 2 , 2 , 181817 : { BUY 5405.46@0.80470892} 181816 : { BUY 5405.46@0.80470892} 181815 : { SELL 19503.24@0.8079342} 181814 : { SELL 19503.24@0.8079342} 
Tue Dec 02 07:21:26 EST 2014 , 4 , 2 , 2 , 181817 : { BUY 5405.46@0.80470892} 181816 : { BUY 5405.46@0.80470892} 181815 : { SELL 19503.24@0.8079342} 181814 : { SELL 19503.24@0.8079342} 
Tue Dec 02 07:24:27 EST 2014 , 4 , 2 , 2 , 181817 : { BUY 5405.46@0.80470892} 181816 : { BUY 5405.46@0.80470892} 181815 : { SELL 19503.24@0.8079342} 181814 : { SELL 19503.24@0.8079342} 
Tue Dec 02 07:27:28 EST 2014 , 4 , 2 , 2 , 181817 : { BUY 5405.46@0.80470892} 181816 : { BUY 5405.46@0.80470892} 181815 : { SELL 19503.24@0.8079342} 181814 : { SELL 19503.24@0.8079342} 
Tue Dec 02 07:30:29 EST 2014 , 4 , 2 , 2 , 181817 : { BUY 5405.46@0.80470892} 181816 : { BUY 5405.46@0.80470892} 181815 : { SELL 19503.24@0.8079342} 181814 : { SELL 19503.24@0.8079342} 
Tue Dec 02 07:33:30 EST 2014 , 4 , 2 , 2 , 181817 : { BUY 5405.46@0.80470892} 181816 : { BUY 5405.46@0.80470892} 181815 : { SELL 19503.24@0.8079342} 181814 : { SELL 19503.24@0.8079342} 
Tue Dec 02 07:36:31 EST 2014 , 4 , 2 , 2 , 181817 : { BUY 5405.46@0.80470892} 181816 : { BUY 5405.46@0.80470892} 181815 : { SELL 19503.24@0.8079342} 181814 : { SELL 19503.24@0.8079342} 
Tue Dec 02 07:39:32 EST 2014 , 4 , 2 , 2 , 181817 : { BUY 5405.46@0.80470892} 181816 : { BUY 5405.46@0.80470892} 181815 : { SELL 19503.24@0.8079342} 181814 : { SELL 19503.24@0.8079342} 
Tue Dec 02 07:42:33 EST 2014 , 4 , 2 , 2 , 181817 : { BUY 5405.46@0.80470892} 181816 : { BUY 5405.46@0.80470892} 181815 : { SELL 19503.24@0.8079342} 181814 : { SELL 19503.24@0.8079342} 
Tue Dec 02 07:45:34 EST 2014 , 4 , 2 , 2 , 181817 : { BUY 5405.46@0.80470892} 181816 : { BUY 5405.46@0.80470892} 181815 : { SELL 19503.24@0.8079342} 181814 : { SELL 19503.24@0.8079342} 
Tue Dec 02 07:48:35 EST 2014 , 4 , 2 , 2 , 181817 : { BUY 5405.46@0.80470892} 181816 : { BUY 5405.46@0.80470892} 181815 : { SELL 19503.24@0.8079342} 181814 : { SELL 19503.24@0.8079342} 
Tue Dec 02 07:51:36 EST 2014 , 4 , 2 , 2 , 181817 : { BUY 5405.46@0.80470892} 181816 : { BUY 5405.46@0.80470892} 181815 : { SELL 19503.24@0.8079342} 181814 : { SELL 19503.24@0.8079342} 
Tue Dec 02 07:54:37 EST 2014 , 4 , 2 , 2 , 181817 : { BUY 5405.46@0.80470892} 181816 : { BUY 5405.46@0.80470892} 181815 : { SELL 19503.24@0.8079342} 181814 : { SELL 19503.24@0.8079342} 
Tue Dec 02 07:57:38 EST 2014 , 4 , 2 , 2 , 181817 : { BUY 5405.46@0.80470892} 181816 : { BUY 5405.46@0.80470892} 181815 : { SELL 19503.24@0.8079342} 181814 : { SELL 19503.24@0.8079342} 
Tue Dec 02 08:00:39 EST 2014 , 4 , 2 , 2 , 181817 : { BUY 5405.46@0.80470892} 181816 : { BUY 5405.46@0.80470892} 181815 : { SELL 19503.24@0.8079342} 181814 : { SELL 19503.24@0.8079342} 
Tue Dec 02 08:03:40 EST 2014 , 4 , 2 , 2 , 181817 : { BUY 5405.46@0.80470892} 181816 : { BUY 5405.46@0.80470892} 181815 : { SELL 19503.24@0.8079342} 181814 : { SELL 19503.24@0.8079342} 
Tue Dec 02 08:06:41 EST 2014 , 4 , 2 , 2 , 181817 : { BUY 5405.46@0.80470892} 181816 : { BUY 5405.46@0.80470892} 181815 : { SELL 19503.24@0.8079342} 181814 : { SELL 19503.24@0.8079342} 
Tue Dec 02 08:09:42 EST 2014 , 4 , 2 , 2 , 181817 : { BUY 5405.46@0.80470892} 181816 : { BUY 5405.46@0.80470892} 181815 : { SELL 19503.24@0.8079342} 181814 : { SELL 19503.24@0.8079342} 
Tue Dec 02 08:12:43 EST 2014 , 4 , 2 , 2 , 181817 : { BUY 5405.46@0.80470892} 181816 : { BUY 5405.46@0.80470892} 181815 : { SELL 19503.24@0.8079342} 181814 : { SELL 19503.24@0.8079342} 
Tue Dec 02 08:15:44 EST 2014 , 4 , 2 , 2 , 181817 : { BUY 5405.46@0.80470892} 181816 : { BUY 5405.46@0.80470892} 181815 : { SELL 19503.24@0.8079342} 181814 : { SELL 19503.24@0.8079342} 
Tue Dec 02 08:18:45 EST 2014 , 4 , 2 , 2 , 181817 : { BUY 5405.46@0.80470892} 181816 : { BUY 5405.46@0.80470892} 181815 : { SELL 19503.24@0.8079342} 181814 : { SELL 19503.24@0.8079342} 
Tue Dec 02 08:21:46 EST 2014 , 4 , 2 , 2 , 181817 : { BUY 5405.46@0.80470892} 181816 : { BUY 5405.46@0.80470892} 181815 : { SELL 19503.24@0.8079342} 181814 : { SELL 19503.24@0.8079342} 
Tue Dec 02 08:24:47 EST 2014 , 4 , 2 , 2 , 181817 : { BUY 5405.46@0.80470892} 181816 : { BUY 5405.46@0.80470892} 181815 : { SELL 19503.24@0.8079342} 181814 : { SELL 19503.24@0.8079342} 
Tue Dec 02 08:27:48 EST 2014 , 4 , 2 , 2 , 181817 : { BUY 5405.46@0.80470892} 181816 : { BUY 5405.46@0.80470892} 181815 : { SELL 19503.24@0.8079342} 181814 : { SELL 19503.24@0.8079342} 
Tue Dec 02 08:30:49 EST 2014 , 4 , 2 , 2 , 181817 : { BUY 5405.46@0.80470892} 181816 : { BUY 5405.46@0.80470892} 181815 : { SELL 19503.24@0.8079342} 181814 : { SELL 19503.24@0.8079342} 
Tue Dec 02 08:33:50 EST 2014 , 4 , 2 , 2 , 181817 : { BUY 5405.46@0.80470892} 181816 : { BUY 5405.46@0.80470892} 181815 : { SELL 19503.24@0.8079342} 181814 : { SELL 19503.24@0.8079342} 
Tue Dec 02 08:36:51 EST 2014 , 4 , 2 , 2 , 181817 : { BUY 5405.46@0.80470892} 181816 : { BUY 5405.46@0.80470892} 181815 : { SELL 19503.24@0.8079342} 181814 : { SELL 19503.24@0.8079342} 
Tue Dec 02 08:39:52 EST 2014 , 4 , 2 , 2 , 181817 : { BUY 5405.46@0.80470892} 181816 : { BUY 5405.46@0.80470892} 181815 : { SELL 19503.24@0.8079342} 181814 : { SELL 19503.24@0.8079342} 
Tue Dec 02 08:42:53 EST 2014 , 4 , 2 , 2 , 181817 : { BUY 5405.46@0.80470892} 181816 : { BUY 5405.46@0.80470892} 181815 : { SELL 19503.24@0.8079342} 181814 : { SELL 19503.24@0.8079342} 
Tue Dec 02 08:45:54 EST 2014 , 4 , 2 , 2 , 181817 : { BUY 5405.46@0.80470892} 181816 : { BUY 5405.46@0.80470892} 181815 : { SELL 19503.24@0.8079342} 181814 : { SELL 19503.24@0.8079342} 
Tue Dec 02 08:48:55 EST 2014 , 4 , 2 , 2 , 181817 : { BUY 5405.46@0.80470892} 181816 : { BUY 5405.46@0.80470892} 181815 : { SELL 19503.24@0.8079342} 181814 : { SELL 19503.24@0.8079342} 
Tue Dec 02 08:51:56 EST 2014 , 4 , 2 , 2 , 181817 : { BUY 5405.46@0.80470892} 181816 : { BUY 5405.46@0.80470892} 181815 : { SELL 19503.24@0.8079342} 181814 : { SELL 19503.24@0.8079342} 
Tue Dec 02 08:54:57 EST 2014 , 4 , 2 , 2 , 181817 : { BUY 5405.46@0.80470892} 181816 : { BUY 5405.46@0.80470892} 181815 : { SELL 19503.24@0.8079342} 181814 : { SELL 19503.24@0.8079342} 
Tue Dec 02 08:57:58 EST 2014 , 4 , 2 , 2 , 181817 : { BUY 5405.46@0.80470892} 181816 : { BUY 5405.46@0.80470892} 181815 : { SELL 19503.24@0.8079342} 181814 : { SELL 19503.24@0.8079342} 
Tue Dec 02 09:00:59 EST 2014 , 4 , 2 , 2 , 181817 : { BUY 5405.46@0.80470892} 181816 : { BUY 5405.46@0.80470892} 181815 : { SELL 19503.24@0.8079342} 181814 : { SELL 19503.24@0.8079342} 
Tue Dec 02 09:04:00 EST 2014 , 4 , 2 , 2 , 181817 : { BUY 5405.46@0.80470892} 181816 : { BUY 5405.46@0.80470892} 181815 : { SELL 19503.24@0.8079342} 181814 : { SELL 19503.24@0.8079342} 
Tue Dec 02 09:07:01 EST 2014 , 4 , 2 , 2 , 181817 : { BUY 5405.46@0.80470892} 181816 : { BUY 5405.46@0.80470892} 181815 : { SELL 19503.24@0.8079342} 181814 : { SELL 19503.24@0.8079342} 
Tue Dec 02 09:10:02 EST 2014 , 4 , 2 , 2 , 181817 : { BUY 5405.46@0.80470892} 181816 : { BUY 5405.46@0.80470892} 181815 : { SELL 19503.24@0.8079342} 181814 : { SELL 19503.24@0.8079342} 
Tue Dec 02 09:13:03 EST 2014 , 4 , 2 , 2 , 181817 : { BUY 5405.46@0.80470892} 181816 : { BUY 5405.46@0.80470892} 181815 : { SELL 19503.24@0.8079342} 181814 : { SELL 19503.24@0.8079342} 
Tue Dec 02 09:16:04 EST 2014 , 4 , 2 , 2 , 181817 : { BUY 5405.46@0.80470892} 181816 : { BUY 5405.46@0.80470892} 181815 : { SELL 19503.24@0.8079342} 181814 : { SELL 19503.24@0.8079342} 
Tue Dec 02 09:19:05 EST 2014 , 4 , 2 , 2 , 181817 : { BUY 5405.46@0.80470892} 181816 : { BUY 5405.46@0.80470892} 181815 : { SELL 19503.24@0.8079342} 181814 : { SELL 19503.24@0.8079342} 
Tue Dec 02 09:22:06 EST 2014 , 4 , 2 , 2 , 181817 : { BUY 5405.46@0.80470892} 181816 : { BUY 5405.46@0.80470892} 181815 : { SELL 19503.24@0.8079342} 181814 : { SELL 19503.24@0.8079342} 
Tue Dec 02 09:25:07 EST 2014 , 4 , 2 , 2 , 181817 : { BUY 5405.46@0.80470892} 181816 : { BUY 5405.46@0.80470892} 181815 : { SELL 19503.24@0.8079342} 181814 : { SELL 19503.24@0.8079342} 
Tue Dec 02 09:28:08 EST 2014 , 4 , 2 , 2 , 181817 : { BUY 5405.46@0.80470892} 181816 : { BUY 5405.46@0.80470892} 181815 : { SELL 19503.24@0.8079342} 181814 : { SELL 19503.24@0.8079342} 
Tue Dec 02 09:31:09 EST 2014 , 4 , 2 , 2 , 181817 : { BUY 5405.46@0.80470892} 181816 : { BUY 5405.46@0.80470892} 181815 : { SELL 19503.24@0.8079342} 181814 : { SELL 19503.24@0.8079342} 
Tue Dec 02 09:34:10 EST 2014 , 4 , 2 , 2 , 181817 : { BUY 5405.46@0.80470892} 181816 : { BUY 5405.46@0.80470892} 181815 : { SELL 19503.24@0.8079342} 181814 : { SELL 19503.24@0.8079342} 
Tue Dec 02 09:37:11 EST 2014 , 4 , 2 , 2 , 181817 : { BUY 5405.46@0.80470892} 181816 : { BUY 5405.46@0.80470892} 181815 : { SELL 19503.24@0.8079342} 181814 : { SELL 19503.24@0.8079342} 
Tue Dec 02 09:40:12 EST 2014 , 4 , 2 , 2 , 181817 : { BUY 5405.46@0.80470892} 181816 : { BUY 5405.46@0.80470892} 181815 : { SELL 19503.24@0.8079342} 181814 : { SELL 19503.24@0.8079342} 
Tue Dec 02 09:43:13 EST 2014 , 4 , 2 , 2 , 181817 : { BUY 5405.46@0.80470892} 181816 : { BUY 5405.46@0.80470892} 181815 : { SELL 19503.24@0.8079342} 181814 : { SELL 19503.24@0.8079342} 
Tue Dec 02 09:46:14 EST 2014 , 4 , 2 , 2 , 181817 : { BUY 5405.46@0.80470892} 181816 : { BUY 5405.46@0.80470892} 181815 : { SELL 19503.24@0.8079342} 181814 : { SELL 19503.24@0.8079342} 
Tue Dec 02 09:49:15 EST 2014 , 4 , 2 , 2 , 181817 : { BUY 5405.46@0.80470892} 181816 : { BUY 5405.46@0.80470892} 181815 : { SELL 19503.24@0.8079342} 181814 : { SELL 19503.24@0.8079342} 
Tue Dec 02 09:52:16 EST 2014 , 4 , 2 , 2 , 181817 : { BUY 5405.46@0.80470892} 181816 : { BUY 5405.46@0.80470892} 181815 : { SELL 19503.24@0.8079342} 181814 : { SELL 19503.24@0.8079342} 
Tue Dec 02 09:55:17 EST 2014 , 4 , 2 , 2 , 181817 : { BUY 5405.46@0.80470892} 181816 : { BUY 5405.46@0.80470892} 181815 : { SELL 19503.24@0.8079342} 181814 : { SELL 19503.24@0.8079342} 
Tue Dec 02 09:58:18 EST 2014 , 4 , 2 , 2 , 181817 : { BUY 5405.46@0.80470892} 181816 : { BUY 5405.46@0.80470892} 181815 : { SELL 19503.24@0.8079342} 181814 : { SELL 19503.24@0.8079342} 
Tue Dec 02 10:01:19 EST 2014 , 4 , 2 , 2 , 181817 : { BUY 5405.46@0.80470892} 181816 : { BUY 5405.46@0.80470892} 181815 : { SELL 19503.24@0.8079342} 181814 : { SELL 19503.24@0.8079342} 
Tue Dec 02 10:04:20 EST 2014 , 4 , 2 , 2 , 181817 : { BUY 5405.46@0.80470892} 181816 : { BUY 5405.46@0.80470892} 181815 : { SELL 19503.24@0.8079342} 181814 : { SELL 19503.24@0.8079342} 
Tue Dec 02 10:07:21 EST 2014 , 4 , 2 , 2 , 181817 : { BUY 5405.46@0.80470892} 181816 : { BUY 5405.46@0.80470892} 181815 : { SELL 19503.24@0.8079342} 181814 : { SELL 19503.24@0.8079342} 
Tue Dec 02 10:10:22 EST 2014 , 4 , 2 , 2 , 181817 : { BUY 5405.46@0.80470892} 181816 : { BUY 5405.46@0.80470892} 181815 : { SELL 19503.24@0.8079342} 181814 : { SELL 19503.24@0.8079342} 
Tue Dec 02 10:13:23 EST 2014 , 4 , 2 , 2 , 181817 : { BUY 5405.46@0.80470892} 181816 : { BUY 5405.46@0.80470892} 181815 : { SELL 19503.24@0.8079342} 181814 : { SELL 19503.24@0.8079342} 
Tue Dec 02 10:16:24 EST 2014 , 4 , 2 , 2 , 181817 : { BUY 5405.46@0.80470892} 181816 : { BUY 5405.46@0.80470892} 181815 : { SELL 19503.24@0.8079342} 181814 : { SELL 19503.24@0.8079342} 
Tue Dec 02 10:19:25 EST 2014 , 4 , 2 , 2 , 181817 : { BUY 5405.46@0.80470892} 181816 : { BUY 5405.46@0.80470892} 181815 : { SELL 19503.24@0.8079342} 181814 : { SELL 19503.24@0.8079342} 
Tue Dec 02 10:22:26 EST 2014 , 4 , 2 , 2 , 181817 : { BUY 5405.46@0.80470892} 181816 : { BUY 5405.46@0.80470892} 181815 : { SELL 19503.24@0.8079342} 181814 : { SELL 19503.24@0.8079342} 
Tue Dec 02 10:25:27 EST 2014 , 4 , 2 , 2 , 181817 : { BUY 5405.46@0.80470892} 181816 : { BUY 5405.46@0.80470892} 181815 : { SELL 19503.24@0.8079342} 181814 : { SELL 19503.24@0.8079342} 
Tue Dec 02 10:28:28 EST 2014 , 4 , 2 , 2 , 181817 : { BUY 5405.46@0.80470892} 181816 : { BUY 5405.46@0.80470892} 181815 : { SELL 19503.24@0.8079342} 181814 : { SELL 19503.24@0.8079342} 
Tue Dec 02 10:31:29 EST 2014 , 4 , 2 , 2 , 181817 : { BUY 5405.46@0.80470892} 181816 : { BUY 5405.46@0.80470892} 181815 : { SELL 19503.24@0.8079342} 181814 : { SELL 19503.24@0.8079342} 
Tue Dec 02 10:34:30 EST 2014 , 4 , 2 , 2 , 181817 : { BUY 5405.46@0.80470892} 181816 : { BUY 5405.46@0.80470892} 181815 : { SELL 19503.24@0.8079342} 181814 : { SELL 19503.24@0.8079342} 
Tue Dec 02 10:37:31 EST 2014 , 4 , 2 , 2 , 181817 : { BUY 5405.46@0.80470892} 181816 : { BUY 5405.46@0.80470892} 181815 : { SELL 19503.24@0.8079342} 181814 : { SELL 19503.24@0.8079342} 
Tue Dec 02 10:40:32 EST 2014 , 4 , 2 , 2 , 181817 : { BUY 5405.46@0.80470892} 181816 : { BUY 5405.46@0.80470892} 181815 : { SELL 19503.24@0.8079342} 181814 : { SELL 19503.24@0.8079342} 
Tue Dec 02 10:43:33 EST 2014 , 4 , 2 , 2 , 181817 : { BUY 5405.46@0.80470892} 181816 : { BUY 5405.46@0.80470892} 181815 : { SELL 19503.24@0.8079342} 181814 : { SELL 19503.24@0.8079342} 
Tue Dec 02 10:46:34 EST 2014 , 4 , 2 , 2 , 181817 : { BUY 5405.46@0.80470892} 181816 : { BUY 5405.46@0.80470892} 181815 : { SELL 19503.24@0.8079342} 181814 : { SELL 19503.24@0.8079342} 
Tue Dec 02 10:49:35 EST 2014 , 4 , 2 , 2 , 181817 : { BUY 5405.46@0.80470892} 181816 : { BUY 5405.46@0.80470892} 181815 : { SELL 19503.24@0.8079342} 181814 : { SELL 19503.24@0.8079342} 
Tue Dec 02 10:52:36 EST 2014 , 4 , 2 , 2 , 181817 : { BUY 5405.46@0.80470892} 181816 : { BUY 5405.46@0.80470892} 181815 : { SELL 19503.24@0.8079342} 181814 : { SELL 19503.24@0.8079342} 
Tue Dec 02 10:55:37 EST 2014 , 4 , 2 , 2 , 181817 : { BUY 5405.46@0.80470892} 181816 : { BUY 5405.46@0.80470892} 181815 : { SELL 19503.24@0.8079342} 181814 : { SELL 19503.24@0.8079342} 
Tue Dec 02 10:58:38 EST 2014 , 4 , 2 , 2 , 181817 : { BUY 5405.46@0.80470892} 181816 : { BUY 5405.46@0.80470892} 181815 : { SELL 19503.24@0.8079342} 181814 : { SELL 19503.24@0.8079342} 
Tue Dec 02 11:01:40 EST 2014 , 4 , 2 , 2 , 181817 : { BUY 5405.46@0.80470892} 181816 : { BUY 5405.46@0.80470892} 181815 : { SELL 19503.24@0.8079342} 181814 : { SELL 19503.24@0.8079342} 
Tue Dec 02 11:04:40 EST 2014 , 4 , 2 , 2 , 181817 : { BUY 5405.46@0.80470892} 181816 : { BUY 5405.46@0.80470892} 181815 : { SELL 19503.24@0.8079342} 181814 : { SELL 19503.24@0.8079342} 
Tue Dec 02 11:07:41 EST 2014 , 4 , 2 , 2 , 181817 : { BUY 5405.46@0.80470892} 181816 : { BUY 5405.46@0.80470892} 181815 : { SELL 19503.24@0.8079342} 181814 : { SELL 19503.24@0.8079342} 
Tue Dec 02 11:10:42 EST 2014 , 4 , 2 , 2 , 181817 : { BUY 5405.46@0.80470892} 181816 : { BUY 5405.46@0.80470892} 181815 : { SELL 19503.24@0.8079342} 181814 : { SELL 19503.24@0.8079342} 
Tue Dec 02 11:13:43 EST 2014 , 4 , 2 , 2 , 181817 : { BUY 5405.46@0.80470892} 181816 : { BUY 5405.46@0.80470892} 181815 : { SELL 19503.24@0.8079342} 181814 : { SELL 19503.24@0.8079342} 
Tue Dec 02 11:16:44 EST 2014 , 4 , 2 , 2 , 181817 : { BUY 5405.46@0.80470892} 181816 : { BUY 5405.46@0.80470892} 181815 : { SELL 19503.24@0.8079342} 181814 : { SELL 19503.24@0.8079342} 
Tue Dec 02 11:19:45 EST 2014 , 4 , 2 , 2 , 181817 : { BUY 5405.46@0.80470892} 181816 : { BUY 5405.46@0.80470892} 181815 : { SELL 19503.24@0.8079342} 181814 : { SELL 19503.24@0.8079342} 
Tue Dec 02 11:22:46 EST 2014 , 4 , 2 , 2 , 181817 : { BUY 5405.46@0.80470892} 181816 : { BUY 5405.46@0.80470892} 181815 : { SELL 19503.24@0.8079342} 181814 : { SELL 19503.24@0.8079342} 
Tue Dec 02 11:25:47 EST 2014 , 4 , 2 , 2 , 181817 : { BUY 5405.46@0.80470892} 181816 : { BUY 5405.46@0.80470892} 181815 : { SELL 19503.24@0.8079342} 181814 : { SELL 19503.24@0.8079342} 
Tue Dec 02 11:28:48 EST 2014 , 4 , 2 , 2 , 181817 : { BUY 5405.46@0.80470892} 181816 : { BUY 5405.46@0.80470892} 181815 : { SELL 19503.24@0.8079342} 181814 : { SELL 19503.24@0.8079342} 
Tue Dec 02 11:31:49 EST 2014 , 4 , 2 , 2 , 181817 : { BUY 5405.46@0.80470892} 181816 : { BUY 5405.46@0.80470892} 181815 : { SELL 19503.24@0.8079342} 181814 : { SELL 19503.24@0.8079342} 
Tue Dec 02 11:34:50 EST 2014 , 4 , 2 , 2 , 181817 : { BUY 5405.46@0.80470892} 181816 : { BUY 5405.46@0.80470892} 181815 : { SELL 19503.24@0.8079342} 181814 : { SELL 19503.24@0.8079342} 
Tue Dec 02 11:37:51 EST 2014 , 4 , 2 , 2 , 181817 : { BUY 5405.46@0.80470892} 181816 : { BUY 5405.46@0.80470892} 181815 : { SELL 19503.24@0.8079342} 181814 : { SELL 19503.24@0.8079342} 
Tue Dec 02 11:40:52 EST 2014 , 4 , 2 , 2 , 181817 : { BUY 5405.46@0.80470892} 181816 : { BUY 5405.46@0.80470892} 181815 : { SELL 19503.24@0.8079342} 181814 : { SELL 19503.24@0.8079342} 
Tue Dec 02 11:43:53 EST 2014 , 4 , 2 , 2 , 181817 : { BUY 5405.46@0.80470892} 181816 : { BUY 5405.46@0.80470892} 181815 : { SELL 19503.24@0.8079342} 181814 : { SELL 19503.24@0.8079342} 
Tue Dec 02 11:46:54 EST 2014 , 4 , 2 , 2 , 181817 : { BUY 5405.46@0.80470892} 181816 : { BUY 5405.46@0.80470892} 181815 : { SELL 19503.24@0.8079342} 181814 : { SELL 19503.24@0.8079342} 
Tue Dec 02 11:49:55 EST 2014 , 4 , 2 , 2 , 181817 : { BUY 5405.46@0.80470892} 181816 : { BUY 5405.46@0.80470892} 181815 : { SELL 19503.24@0.8079342} 181814 : { SELL 19503.24@0.8079342} 
Tue Dec 02 11:52:56 EST 2014 , 4 , 2 , 2 , 181817 : { BUY 5405.46@0.80470892} 181816 : { BUY 5405.46@0.80470892} 181815 : { SELL 19503.24@0.8079342} 181814 : { SELL 19503.24@0.8079342} 
Tue Dec 02 11:55:57 EST 2014 , 4 , 2 , 2 , 181817 : { BUY 5405.46@0.80470892} 181816 : { BUY 5405.46@0.80470892} 181815 : { SELL 19503.24@0.8079342} 181814 : { SELL 19503.24@0.8079342} 
Tue Dec 02 11:58:58 EST 2014 , 4 , 2 , 2 , 181817 : { BUY 5405.46@0.80470892} 181816 : { BUY 5405.46@0.80470892} 181815 : { SELL 19503.24@0.8079342} 181814 : { SELL 19503.24@0.8079342} 
Tue Dec 02 12:01:59 EST 2014 , 4 , 2 , 2 , 181817 : { BUY 5405.46@0.80470892} 181816 : { BUY 5405.46@0.80470892} 181815 : { SELL 19503.24@0.8079342} 181814 : { SELL 19503.24@0.8079342} 
Tue Dec 02 12:05:00 EST 2014 , 4 , 2 , 2 , 181817 : { BUY 5405.46@0.80470892} 181816 : { BUY 5405.46@0.80470892} 181815 : { SELL 19503.24@0.8079342} 181814 : { SELL 19503.24@0.8079342} 
Tue Dec 02 12:08:01 EST 2014 , 4 , 2 , 2 , 181817 : { BUY 5405.46@0.80470892} 181816 : { BUY 5405.46@0.80470892} 181815 : { SELL 19503.24@0.8079342} 181814 : { SELL 19503.24@0.8079342} 
Tue Dec 02 12:11:02 EST 2014 , 4 , 2 , 2 , 181817 : { BUY 5405.46@0.80470892} 181816 : { BUY 5405.46@0.80470892} 181815 : { SELL 19503.24@0.8079342} 181814 : { SELL 19503.24@0.8079342} 
Tue Dec 02 12:14:03 EST 2014 , 4 , 2 , 2 , 181817 : { BUY 5405.46@0.80470892} 181816 : { BUY 5405.46@0.80470892} 181815 : { SELL 19503.24@0.8079342} 181814 : { SELL 19503.24@0.8079342} 
Tue Dec 02 12:17:04 EST 2014 , 4 , 2 , 2 , 181817 : { BUY 5405.46@0.80470892} 181816 : { BUY 5405.46@0.80470892} 181815 : { SELL 19503.24@0.8079342} 181814 : { SELL 19503.24@0.8079342} 
Tue Dec 02 12:20:05 EST 2014 , 4 , 2 , 2 , 181817 : { BUY 5405.46@0.80470892} 181816 : { BUY 5405.46@0.80470892} 181815 : { SELL 19503.24@0.8079342} 181814 : { SELL 19503.24@0.8079342} 
Tue Dec 02 12:23:06 EST 2014 , 4 , 2 , 2 , 181817 : { BUY 5405.46@0.80470892} 181816 : { BUY 5405.46@0.80470892} 181815 : { SELL 19503.24@0.8079342} 181814 : { SELL 19503.24@0.8079342} 
Tue Dec 02 12:26:07 EST 2014 , 4 , 2 , 2 , 181817 : { BUY 5405.46@0.80470892} 181816 : { BUY 5405.46@0.80470892} 181815 : { SELL 19503.24@0.8079342} 181814 : { SELL 19503.24@0.8079342} 
Tue Dec 02 12:29:08 EST 2014 , 4 , 2 , 2 , 181817 : { BUY 5405.46@0.80470892} 181816 : { BUY 5405.46@0.80470892} 181815 : { SELL 19503.24@0.8079342} 181814 : { SELL 19503.24@0.8079342} 
Tue Dec 02 12:32:09 EST 2014 , 4 , 2 , 2 , 181817 : { BUY 5405.46@0.80470892} 181816 : { BUY 5405.46@0.80470892} 181815 : { SELL 19503.24@0.8079342} 181814 : { SELL 19503.24@0.8079342} 
Tue Dec 02 12:35:10 EST 2014 , 4 , 2 , 2 , 181817 : { BUY 5405.46@0.80470892} 181816 : { BUY 5405.46@0.80470892} 181815 : { SELL 19503.24@0.8079342} 181814 : { SELL 19503.24@0.8079342} 
Tue Dec 02 12:38:11 EST 2014 , 4 , 2 , 2 , 181817 : { BUY 5405.46@0.80470892} 181816 : { BUY 5405.46@0.80470892} 181815 : { SELL 19503.24@0.8079342} 181814 : { SELL 19503.24@0.8079342} 
Tue Dec 02 12:41:12 EST 2014 , 4 , 2 , 2 , 181817 : { BUY 5405.46@0.80470892} 181816 : { BUY 5405.46@0.80470892} 181815 : { SELL 19503.24@0.8079342} 181814 : { SELL 19503.24@0.8079342} 
Tue Dec 02 12:44:13 EST 2014 , 4 , 2 , 2 , 181817 : { BUY 5405.46@0.80470892} 181816 : { BUY 5405.46@0.80470892} 181815 : { SELL 19503.24@0.8079342} 181814 : { SELL 19503.24@0.8079342} 
Tue Dec 02 12:47:14 EST 2014 , 4 , 2 , 2 , 181817 : { BUY 5405.46@0.80470892} 181816 : { BUY 5405.46@0.80470892} 181815 : { SELL 19503.24@0.8079342} 181814 : { SELL 19503.24@0.8079342} 
Tue Dec 02 12:50:15 EST 2014 , 4 , 2 , 2 , 181817 : { BUY 5405.46@0.80470892} 181816 : { BUY 5405.46@0.80470892} 181815 : { SELL 19503.24@0.8079342} 181814 : { SELL 19503.24@0.8079342} 
Tue Dec 02 12:53:16 EST 2014 , 4 , 2 , 2 , 181817 : { BUY 5405.46@0.80470892} 181816 : { BUY 5405.46@0.80470892} 181815 : { SELL 19503.24@0.8079342} 181814 : { SELL 19503.24@0.8079342} 
Tue Dec 02 12:56:17 EST 2014 , 4 , 2 , 2 , 181817 : { BUY 5405.46@0.80470892} 181816 : { BUY 5405.46@0.80470892} 181815 : { SELL 19503.24@0.8079342} 181814 : { SELL 19503.24@0.8079342} 
Tue Dec 02 12:59:18 EST 2014 , 4 , 2 , 2 , 181817 : { BUY 5405.46@0.80470892} 181816 : { BUY 5405.46@0.80470892} 181815 : { SELL 19503.24@0.8079342} 181814 : { SELL 19503.24@0.8079342} 
Tue Dec 02 13:02:19 EST 2014 , 4 , 2 , 2 , 181817 : { BUY 5405.46@0.80470892} 181816 : { BUY 5405.46@0.80470892} 181815 : { SELL 19503.24@0.8079342} 181814 : { SELL 19503.24@0.8079342} 
Tue Dec 02 13:05:20 EST 2014 , 4 , 2 , 2 , 181817 : { BUY 5405.46@0.80470892} 181816 : { BUY 5405.46@0.80470892} 181815 : { SELL 19503.24@0.8079342} 181814 : { SELL 19503.24@0.8079342} 
Tue Dec 02 13:08:21 EST 2014 , 4 , 2 , 2 , 181817 : { BUY 5405.46@0.80470892} 181816 : { BUY 5405.46@0.80470892} 181815 : { SELL 19503.24@0.8079342} 181814 : { SELL 19503.24@0.8079342} 
Tue Dec 02 13:11:22 EST 2014 , 4 , 2 , 2 , 181817 : { BUY 5405.46@0.80470892} 181816 : { BUY 5405.46@0.80470892} 181815 : { SELL 19503.24@0.8079342} 181814 : { SELL 19503.24@0.8079342} 
Tue Dec 02 13:14:23 EST 2014 , 4 , 2 , 2 , 181817 : { BUY 5405.46@0.80470892} 181816 : { BUY 5405.46@0.80470892} 181815 : { SELL 19503.24@0.8079342} 181814 : { SELL 19503.24@0.8079342} 
Tue Dec 02 13:17:24 EST 2014 , 4 , 2 , 2 , 181817 : { BUY 5405.46@0.80470892} 181816 : { BUY 5405.46@0.80470892} 181815 : { SELL 19503.24@0.8079342} 181814 : { SELL 19503.24@0.8079342} 
Tue Dec 02 13:20:25 EST 2014 , 4 , 2 , 2 , 181817 : { BUY 5405.46@0.80470892} 181816 : { BUY 5405.46@0.80470892} 181815 : { SELL 19503.24@0.8079342} 181814 : { SELL 19503.24@0.8079342} 
Tue Dec 02 13:23:26 EST 2014 , 4 , 2 , 2 , 181817 : { BUY 5405.46@0.80470892} 181816 : { BUY 5405.46@0.80470892} 181815 : { SELL 19503.24@0.8079342} 181814 : { SELL 19503.24@0.8079342} 
Tue Dec 02 13:26:27 EST 2014 , 4 , 2 , 2 , 181817 : { BUY 5405.46@0.80470892} 181816 : { BUY 5405.46@0.80470892} 181815 : { SELL 19503.24@0.8079342} 181814 : { SELL 19503.24@0.8079342} 
Tue Dec 02 13:29:28 EST 2014 , 4 , 2 , 2 , 181817 : { BUY 5405.46@0.80470892} 181816 : { BUY 5405.46@0.80470892} 181815 : { SELL 19503.24@0.8079342} 181814 : { SELL 19503.24@0.8079342} 
Tue Dec 02 13:32:29 EST 2014 , 4 , 2 , 2 , 181817 : { BUY 5405.46@0.80470892} 181816 : { BUY 5405.46@0.80470892} 181815 : { SELL 19503.24@0.8079342} 181814 : { SELL 19503.24@0.8079342} 
Tue Dec 02 13:35:30 EST 2014 , 4 , 2 , 2 , 181817 : { BUY 5405.46@0.80470892} 181816 : { BUY 5405.46@0.80470892} 181815 : { SELL 19503.24@0.8079342} 181814 : { SELL 19503.24@0.8079342} 
Tue Dec 02 13:38:31 EST 2014 , 4 , 2 , 2 , 181817 : { BUY 5405.46@0.80470892} 181816 : { BUY 5405.46@0.80470892} 181815 : { SELL 19503.24@0.8079342} 181814 : { SELL 19503.24@0.8079342} 
Tue Dec 02 13:41:32 EST 2014 , 4 , 2 , 2 , 181817 : { BUY 5405.46@0.80470892} 181816 : { BUY 5405.46@0.80470892} 181815 : { SELL 19503.24@0.8079342} 181814 : { SELL 19503.24@0.8079342} 
Tue Dec 02 13:44:33 EST 2014 , 4 , 2 , 2 , 181817 : { BUY 5405.46@0.80470892} 181816 : { BUY 5405.46@0.80470892} 181815 : { SELL 19503.24@0.8079342} 181814 : { SELL 19503.24@0.8079342} 
Tue Dec 02 13:47:34 EST 2014 , 4 , 2 , 2 , 181817 : { BUY 5405.46@0.80470892} 181816 : { BUY 5405.46@0.80470892} 181815 : { SELL 19503.24@0.8079342} 181814 : { SELL 19503.24@0.8079342} 
Tue Dec 02 13:50:35 EST 2014 , 4 , 2 , 2 , 181817 : { BUY 5405.46@0.80470892} 181816 : { BUY 5405.46@0.80470892} 181815 : { SELL 19503.24@0.8079342} 181814 : { SELL 19503.24@0.8079342} 
Tue Dec 02 13:53:36 EST 2014 , 4 , 2 , 2 , 181817 : { BUY 5405.46@0.80470892} 181816 : { BUY 5405.46@0.80470892} 181815 : { SELL 19503.24@0.8079342} 181814 : { SELL 19503.24@0.8079342} 
Tue Dec 02 13:56:37 EST 2014 , 4 , 2 , 2 , 181817 : { BUY 5405.46@0.80470892} 181816 : { BUY 5405.46@0.80470892} 181815 : { SELL 19503.24@0.8079342} 181814 : { SELL 19503.24@0.8079342} 
Tue Dec 02 13:59:38 EST 2014 , 4 , 2 , 2 , 181817 : { BUY 5405.46@0.80470892} 181816 : { BUY 5405.46@0.80470892} 181815 : { SELL 19503.24@0.8079342} 181814 : { SELL 19503.24@0.8079342} 
Tue Dec 02 14:02:39 EST 2014 , 4 , 2 , 2 , 181817 : { BUY 5405.46@0.80470892} 181816 : { BUY 5405.46@0.80470892} 181815 : { SELL 19503.24@0.8079342} 181814 : { SELL 19503.24@0.8079342} 
Tue Dec 02 14:05:40 EST 2014 , 4 , 2 , 2 , 181817 : { BUY 5405.46@0.80470892} 181816 : { BUY 5405.46@0.80470892} 181815 : { SELL 19503.24@0.8079342} 181814 : { SELL 19503.24@0.8079342} 
Tue Dec 02 14:08:41 EST 2014 , 4 , 2 , 2 , 181817 : { BUY 5405.46@0.80470892} 181816 : { BUY 5405.46@0.80470892} 181815 : { SELL 19503.24@0.8079342} 181814 : { SELL 19503.24@0.8079342} 
Tue Dec 02 14:11:42 EST 2014 , 4 , 2 , 2 , 181817 : { BUY 5405.46@0.80470892} 181816 : { BUY 5405.46@0.80470892} 181815 : { SELL 19503.24@0.8079342} 181814 : { SELL 19503.24@0.8079342} 
Tue Dec 02 14:14:43 EST 2014 , 4 , 2 , 2 , 181817 : { BUY 5405.46@0.80470892} 181816 : { BUY 5405.46@0.80470892} 181815 : { SELL 19503.24@0.8079342} 181814 : { SELL 19503.24@0.8079342} 
Tue Dec 02 14:17:44 EST 2014 , 4 , 2 , 2 , 181817 : { BUY 5405.46@0.80470892} 181816 : { BUY 5405.46@0.80470892} 181815 : { SELL 19503.24@0.8079342} 181814 : { SELL 19503.24@0.8079342} 
Tue Dec 02 14:20:45 EST 2014 , 4 , 2 , 2 , 181817 : { BUY 5405.46@0.80470892} 181816 : { BUY 5405.46@0.80470892} 181815 : { SELL 19503.24@0.8079342} 181814 : { SELL 19503.24@0.8079342} 
Tue Dec 02 14:23:46 EST 2014 , 4 , 2 , 2 , 181817 : { BUY 5405.46@0.80470892} 181816 : { BUY 5405.46@0.80470892} 181815 : { SELL 19503.24@0.8079342} 181814 : { SELL 19503.24@0.8079342} 
Tue Dec 02 14:26:47 EST 2014 , 4 , 2 , 2 , 181817 : { BUY 5405.46@0.80470892} 181816 : { BUY 5405.46@0.80470892} 181815 : { SELL 19503.24@0.8079342} 181814 : { SELL 19503.24@0.8079342} 
Tue Dec 02 14:29:48 EST 2014 , 4 , 2 , 2 , 181817 : { BUY 5405.46@0.80470892} 181816 : { BUY 5405.46@0.80470892} 181815 : { SELL 19503.24@0.8079342} 181814 : { SELL 19503.24@0.8079342} 
Tue Dec 02 14:32:49 EST 2014 , 4 , 2 , 2 , 181817 : { BUY 5405.46@0.80470892} 181816 : { BUY 5405.46@0.80470892} 181815 : { SELL 19503.24@0.8079342} 181814 : { SELL 19503.24@0.8079342} 
Tue Dec 02 14:35:50 EST 2014 , 4 , 2 , 2 , 181817 : { BUY 5405.46@0.80470892} 181816 : { BUY 5405.46@0.80470892} 181815 : { SELL 19503.24@0.8079342} 181814 : { SELL 19503.24@0.8079342} 
Tue Dec 02 14:38:51 EST 2014 , 4 , 2 , 2 , 181817 : { BUY 5405.46@0.80470892} 181816 : { BUY 5405.46@0.80470892} 181815 : { SELL 19503.24@0.8079342} 181814 : { SELL 19503.24@0.8079342} 
Tue Dec 02 14:41:52 EST 2014 , 4 , 2 , 2 , 181817 : { BUY 5405.46@0.80470892} 181816 : { BUY 5405.46@0.80470892} 181815 : { SELL 19503.24@0.8079342} 181814 : { SELL 19503.24@0.8079342} 
Tue Dec 02 14:44:53 EST 2014 , 4 , 2 , 2 , 181817 : { BUY 5405.46@0.80470892} 181816 : { BUY 5405.46@0.80470892} 181815 : { SELL 19503.24@0.8079342} 181814 : { SELL 19503.24@0.8079342} 
Tue Dec 02 14:47:54 EST 2014 , 4 , 2 , 2 , 181817 : { BUY 5405.46@0.80470892} 181816 : { BUY 5405.46@0.80470892} 181815 : { SELL 19503.24@0.8079342} 181814 : { SELL 19503.24@0.8079342} 
Tue Dec 02 14:50:55 EST 2014 , 4 , 2 , 2 , 181817 : { BUY 5405.46@0.80470892} 181816 : { BUY 5405.46@0.80470892} 181815 : { SELL 19503.24@0.8079342} 181814 : { SELL 19503.24@0.8079342} 
Tue Dec 02 14:53:56 EST 2014 , 4 , 2 , 2 , 181817 : { BUY 5405.46@0.80470892} 181816 : { BUY 5405.46@0.80470892} 181815 : { SELL 19503.24@0.8079342} 181814 : { SELL 19503.24@0.8079342} 
Tue Dec 02 14:56:57 EST 2014 , 4 , 2 , 2 , 181817 : { BUY 5405.46@0.80470892} 181816 : { BUY 5405.46@0.80470892} 181815 : { SELL 19503.24@0.8079342} 181814 : { SELL 19503.24@0.8079342} 
Tue Dec 02 14:59:58 EST 2014 , 4 , 2 , 2 , 181817 : { BUY 5405.46@0.80470892} 181816 : { BUY 5405.46@0.80470892} 181815 : { SELL 19503.24@0.8079342} 181814 : { SELL 19503.24@0.8079342} 
Tue Dec 02 15:02:59 EST 2014 , 4 , 2 , 2 , 181817 : { BUY 5405.46@0.80470892} 181816 : { BUY 5405.46@0.80470892} 181815 : { SELL 19503.24@0.8079342} 181814 : { SELL 19503.24@0.8079342} 
Tue Dec 02 15:06:00 EST 2014 , 4 , 2 , 2 , 181817 : { BUY 5405.46@0.80470892} 181816 : { BUY 5405.46@0.80470892} 181815 : { SELL 19503.24@0.8079342} 181814 : { SELL 19503.24@0.8079342} 
Tue Dec 02 15:09:01 EST 2014 , 4 , 2 , 2 , 181817 : { BUY 5405.46@0.80470892} 181816 : { BUY 5405.46@0.80470892} 181815 : { SELL 19503.24@0.8079342} 181814 : { SELL 19503.24@0.8079342} 
Tue Dec 02 15:12:02 EST 2014 , 4 , 2 , 2 , 181817 : { BUY 5405.46@0.80470892} 181816 : { BUY 5405.46@0.80470892} 181815 : { SELL 19503.24@0.8079342} 181814 : { SELL 19503.24@0.8079342} 
Tue Dec 02 15:15:03 EST 2014 , 4 , 2 , 2 , 181817 : { BUY 5405.46@0.80470892} 181816 : { BUY 5405.46@0.80470892} 181815 : { SELL 19503.24@0.8079342} 181814 : { SELL 19503.24@0.8079342} 
Tue Dec 02 15:18:04 EST 2014 , 4 , 2 , 2 , 181817 : { BUY 5405.46@0.80470892} 181816 : { BUY 5405.46@0.80470892} 181815 : { SELL 19503.24@0.8079342} 181814 : { SELL 19503.24@0.8079342} 
Tue Dec 02 15:21:05 EST 2014 , 4 , 2 , 2 , 181817 : { BUY 5405.46@0.80470892} 181816 : { BUY 5405.46@0.80470892} 181815 : { SELL 19503.24@0.8079342} 181814 : { SELL 19503.24@0.8079342} 
Tue Dec 02 15:24:06 EST 2014 , 4 , 2 , 2 , 181817 : { BUY 5405.46@0.80470892} 181816 : { BUY 5405.46@0.80470892} 181815 : { SELL 19503.24@0.8079342} 181814 : { SELL 19503.24@0.8079342} 
Tue Dec 02 15:27:07 EST 2014 , 4 , 2 , 2 , 181817 : { BUY 5405.46@0.80470892} 181816 : { BUY 5405.46@0.80470892} 181815 : { SELL 19503.24@0.8079342} 181814 : { SELL 19503.24@0.8079342} 
Tue Dec 02 15:30:08 EST 2014 , 4 , 2 , 2 , 181817 : { BUY 5405.46@0.80470892} 181816 : { BUY 5405.46@0.80470892} 181815 : { SELL 19503.24@0.8079342} 181814 : { SELL 19503.24@0.8079342} 
Tue Dec 02 15:33:09 EST 2014 , 4 , 2 , 2 , 181817 : { BUY 5405.46@0.80470892} 181816 : { BUY 5405.46@0.80470892} 181815 : { SELL 19503.24@0.8079342} 181814 : { SELL 19503.24@0.8079342} 
Tue Dec 02 15:36:10 EST 2014 , 4 , 2 , 2 , 181817 : { BUY 5405.46@0.80470892} 181816 : { BUY 5405.46@0.80470892} 181815 : { SELL 19503.24@0.8079342} 181814 : { SELL 19503.24@0.8079342} 
Tue Dec 02 15:39:11 EST 2014 , 4 , 2 , 2 , 181817 : { BUY 5405.46@0.80470892} 181816 : { BUY 5405.46@0.80470892} 181815 : { SELL 19503.24@0.8079342} 181814 : { SELL 19503.24@0.8079342} 
Tue Dec 02 15:42:12 EST 2014 , 4 , 2 , 2 , 181817 : { BUY 5405.46@0.80470892} 181816 : { BUY 5405.46@0.80470892} 181815 : { SELL 19503.24@0.8079342} 181814 : { SELL 19503.24@0.8079342} 
Tue Dec 02 15:45:13 EST 2014 , 4 , 2 , 2 , 181817 : { BUY 5405.46@0.80470892} 181816 : { BUY 5405.46@0.80470892} 181815 : { SELL 19503.24@0.8079342} 181814 : { SELL 19503.24@0.8079342} 
Tue Dec 02 15:48:14 EST 2014 , 4 , 2 , 2 , 181817 : { BUY 5405.46@0.80470892} 181816 : { BUY 5405.46@0.80470892} 181815 : { SELL 19503.24@0.8079342} 181814 : { SELL 19503.24@0.8079342} 
Tue Dec 02 15:51:15 EST 2014 , 4 , 2 , 2 , 181817 : { BUY 5405.46@0.80470892} 181816 : { BUY 5405.46@0.80470892} 181815 : { SELL 19503.24@0.8079342} 181814 : { SELL 19503.24@0.8079342} 
Tue Dec 02 15:54:16 EST 2014 , 4 , 2 , 2 , 181817 : { BUY 5405.46@0.80470892} 181816 : { BUY 5405.46@0.80470892} 181815 : { SELL 19503.24@0.8079342} 181814 : { SELL 19503.24@0.8079342} 
Tue Dec 02 15:57:17 EST 2014 , 4 , 2 , 2 , 181817 : { BUY 5405.46@0.80470892} 181816 : { BUY 5405.46@0.80470892} 181815 : { SELL 19503.24@0.8079342} 181814 : { SELL 19503.24@0.8079342} 
Tue Dec 02 16:00:18 EST 2014 , 4 , 2 , 2 , 181817 : { BUY 5405.46@0.80470892} 181816 : { BUY 5405.46@0.80470892} 181815 : { SELL 19503.24@0.8079342} 181814 : { SELL 19503.24@0.8079342} 
Tue Dec 02 16:03:20 EST 2014 , 4 , 2 , 2 , 181817 : { BUY 5405.46@0.80470892} 181816 : { BUY 5405.46@0.80470892} 181815 : { SELL 19503.24@0.8079342} 181814 : { SELL 19503.24@0.8079342} 
Tue Dec 02 16:06:20 EST 2014 , 4 , 2 , 2 , 181817 : { BUY 5405.46@0.80470892} 181816 : { BUY 5405.46@0.80470892} 181815 : { SELL 19503.24@0.8079342} 181814 : { SELL 19503.24@0.8079342} 
Tue Dec 02 16:09:21 EST 2014 , 4 , 2 , 2 , 181817 : { BUY 5405.46@0.80470892} 181816 : { BUY 5405.46@0.80470892} 181815 : { SELL 19503.24@0.8079342} 181814 : { SELL 19503.24@0.8079342} 
Tue Dec 02 16:12:22 EST 2014 , 4 , 2 , 2 , 181817 : { BUY 5405.46@0.80470892} 181816 : { BUY 5405.46@0.80470892} 181815 : { SELL 19503.24@0.8079342} 181814 : { SELL 19503.24@0.8079342} 
Tue Dec 02 16:15:23 EST 2014 , 4 , 2 , 2 , 181817 : { BUY 5405.46@0.80470892} 181816 : { BUY 5405.46@0.80470892} 181815 : { SELL 19503.24@0.8079342} 181814 : { SELL 19503.24@0.8079342} 
Tue Dec 02 16:18:24 EST 2014 , 4 , 2 , 2 , 181817 : { BUY 5405.46@0.80470892} 181816 : { BUY 5405.46@0.80470892} 181815 : { SELL 19503.24@0.8079342} 181814 : { SELL 19503.24@0.8079342} 
Tue Dec 02 16:21:25 EST 2014 , 4 , 2 , 2 , 181817 : { BUY 5405.46@0.80470892} 181816 : { BUY 5405.46@0.80470892} 181815 : { SELL 19503.24@0.8079342} 181814 : { SELL 19503.24@0.8079342} 
Tue Dec 02 16:24:26 EST 2014 , 4 , 2 , 2 , 181817 : { BUY 5405.46@0.80470892} 181816 : { BUY 5405.46@0.80470892} 181815 : { SELL 19503.24@0.8079342} 181814 : { SELL 19503.24@0.8079342} 
Tue Dec 02 16:27:27 EST 2014 , 4 , 2 , 2 , 181817 : { BUY 5405.46@0.80470892} 181816 : { BUY 5405.46@0.80470892} 181815 : { SELL 19503.24@0.8079342} 181814 : { SELL 19503.24@0.8079342} 
Tue Dec 02 16:30:28 EST 2014 , 4 , 2 , 2 , 181817 : { BUY 5405.46@0.80470892} 181816 : { BUY 5405.46@0.80470892} 181815 : { SELL 19503.24@0.8079342} 181814 : { SELL 19503.24@0.8079342} 
Tue Dec 02 16:33:29 EST 2014 , 4 , 2 , 2 , 181817 : { BUY 5405.46@0.80470892} 181816 : { BUY 5405.46@0.80470892} 181815 : { SELL 19503.24@0.8079342} 181814 : { SELL 19503.24@0.8079342} 
Tue Dec 02 16:36:30 EST 2014 , 4 , 2 , 2 , 181817 : { BUY 5405.46@0.80470892} 181816 : { BUY 5405.46@0.80470892} 181815 : { SELL 19503.24@0.8079342} 181814 : { SELL 19503.24@0.8079342} 
Tue Dec 02 16:39:31 EST 2014 , 4 , 2 , 2 , 181817 : { BUY 5405.46@0.80470892} 181816 : { BUY 5405.46@0.80470892} 181815 : { SELL 19503.24@0.8079342} 181814 : { SELL 19503.24@0.8079342} 
Tue Dec 02 16:42:32 EST 2014 , 4 , 2 , 2 , 181817 : { BUY 5405.46@0.80470892} 181816 : { BUY 5405.46@0.80470892} 181815 : { SELL 19503.24@0.8079342} 181814 : { SELL 19503.24@0.8079342} 
Tue Dec 02 16:45:33 EST 2014 , 4 , 2 , 2 , 181817 : { BUY 5405.46@0.80470892} 181816 : { BUY 5405.46@0.80470892} 181815 : { SELL 19503.24@0.8079342} 181814 : { SELL 19503.24@0.8079342} 
Tue Dec 02 16:48:34 EST 2014 , 4 , 2 , 2 , 181817 : { BUY 5405.46@0.80470892} 181816 : { BUY 5405.46@0.80470892} 181815 : { SELL 19503.24@0.8079342} 181814 : { SELL 19503.24@0.8079342} 
Tue Dec 02 16:51:35 EST 2014 , 4 , 2 , 2 , 181817 : { BUY 5405.46@0.80470892} 181816 : { BUY 5405.46@0.80470892} 181815 : { SELL 19503.24@0.8079342} 181814 : { SELL 19503.24@0.8079342} 
Tue Dec 02 16:54:36 EST 2014 , 4 , 2 , 2 , 181817 : { BUY 5405.46@0.80470892} 181816 : { BUY 5405.46@0.80470892} 181815 : { SELL 19503.24@0.8079342} 181814 : { SELL 19503.24@0.8079342} 
Tue Dec 02 16:57:37 EST 2014 , 4 , 2 , 2 , 181817 : { BUY 5405.46@0.80470892} 181816 : { BUY 5405.46@0.80470892} 181815 : { SELL 19503.24@0.8079342} 181814 : { SELL 19503.24@0.8079342} 
Tue Dec 02 17:00:38 EST 2014 , 4 , 2 , 2 , 181817 : { BUY 5405.46@0.80470892} 181816 : { BUY 5405.46@0.80470892} 181815 : { SELL 19503.24@0.8079342} 181814 : { SELL 19503.24@0.8079342} 
Tue Dec 02 17:03:39 EST 2014 , 4 , 2 , 2 , 181817 : { BUY 5405.46@0.80470892} 181816 : { BUY 5405.46@0.80470892} 181815 : { SELL 19503.24@0.8079342} 181814 : { SELL 19503.24@0.8079342} 
Tue Dec 02 17:06:40 EST 2014 , 4 , 2 , 2 , 181817 : { BUY 5405.46@0.80470892} 181816 : { BUY 5405.46@0.80470892} 181815 : { SELL 19503.24@0.8079342} 181814 : { SELL 19503.24@0.8079342} 
Tue Dec 02 17:09:41 EST 2014 , 4 , 2 , 2 , 181817 : { BUY 5405.46@0.80470892} 181816 : { BUY 5405.46@0.80470892} 181815 : { SELL 19503.24@0.8079342} 181814 : { SELL 19503.24@0.8079342} 
Tue Dec 02 17:12:42 EST 2014 , 4 , 2 , 2 , 181817 : { BUY 5405.46@0.80470892} 181816 : { BUY 5405.46@0.80470892} 181815 : { SELL 19503.24@0.8079342} 181814 : { SELL 19503.24@0.8079342} 
Tue Dec 02 17:15:43 EST 2014 , 4 , 2 , 2 , 181817 : { BUY 5405.46@0.80470892} 181816 : { BUY 5405.46@0.80470892} 181815 : { SELL 19503.24@0.8079342} 181814 : { SELL 19503.24@0.8079342} 
Tue Dec 02 17:18:44 EST 2014 , 4 , 2 , 2 , 181817 : { BUY 5405.46@0.80470892} 181816 : { BUY 5405.46@0.80470892} 181815 : { SELL 19503.24@0.8079342} 181814 : { SELL 19503.24@0.8079342} 
Tue Dec 02 17:21:45 EST 2014 , 4 , 2 , 2 , 181817 : { BUY 5405.46@0.80470892} 181816 : { BUY 5405.46@0.80470892} 181815 : { SELL 19503.24@0.8079342} 181814 : { SELL 19503.24@0.8079342} 
Tue Dec 02 17:24:46 EST 2014 , 4 , 2 , 2 , 181817 : { BUY 5405.46@0.80470892} 181816 : { BUY 5405.46@0.80470892} 181815 : { SELL 19503.24@0.8079342} 181814 : { SELL 19503.24@0.8079342} 
Tue Dec 02 17:27:47 EST 2014 , 4 , 2 , 2 , 181817 : { BUY 5405.46@0.80470892} 181816 : { BUY 5405.46@0.80470892} 181815 : { SELL 19503.24@0.8079342} 181814 : { SELL 19503.24@0.8079342} 
Tue Dec 02 17:30:48 EST 2014 , 4 , 2 , 2 , 181817 : { BUY 5405.46@0.80470892} 181816 : { BUY 5405.46@0.80470892} 181815 : { SELL 19503.24@0.8079342} 181814 : { SELL 19503.24@0.8079342} 
Tue Dec 02 17:33:49 EST 2014 , 4 , 2 , 2 , 181817 : { BUY 5405.46@0.80470892} 181816 : { BUY 5405.46@0.80470892} 181815 : { SELL 19503.24@0.8079342} 181814 : { SELL 19503.24@0.8079342} 
Tue Dec 02 17:36:50 EST 2014 , 4 , 2 , 2 , 181817 : { BUY 5405.46@0.80470892} 181816 : { BUY 5405.46@0.80470892} 181815 : { SELL 19503.24@0.8079342} 181814 : { SELL 19503.24@0.8079342} 
Tue Dec 02 17:39:51 EST 2014 , 4 , 2 , 2 , 181817 : { BUY 5405.46@0.80470892} 181816 : { BUY 5405.46@0.80470892} 181815 : { SELL 19503.24@0.8079342} 181814 : { SELL 19503.24@0.8079342} 
Tue Dec 02 17:42:52 EST 2014 , 4 , 2 , 2 , 181817 : { BUY 5405.46@0.80470892} 181816 : { BUY 5405.46@0.80470892} 181815 : { SELL 19503.24@0.8079342} 181814 : { SELL 19503.24@0.8079342} 
Tue Dec 02 17:45:53 EST 2014 , 4 , 2 , 2 , 181817 : { BUY 5405.46@0.80470892} 181816 : { BUY 5405.46@0.80470892} 181815 : { SELL 19503.24@0.8079342} 181814 : { SELL 19503.24@0.8079342} 
Tue Dec 02 17:48:54 EST 2014 , 4 , 2 , 2 , 181817 : { BUY 5405.46@0.80470892} 181816 : { BUY 5405.46@0.80470892} 181815 : { SELL 19503.24@0.8079342} 181814 : { SELL 19503.24@0.8079342} 
Tue Dec 02 17:51:55 EST 2014 , 4 , 2 , 2 , 181817 : { BUY 5405.46@0.80470892} 181816 : { BUY 5405.46@0.80470892} 181815 : { SELL 19503.24@0.8079342} 181814 : { SELL 19503.24@0.8079342} 
Tue Dec 02 17:54:56 EST 2014 , 4 , 2 , 2 , 181817 : { BUY 5405.46@0.80470892} 181816 : { BUY 5405.46@0.80470892} 181815 : { SELL 19503.24@0.8079342} 181814 : { SELL 19503.24@0.8079342} 
Tue Dec 02 17:57:57 EST 2014 , 4 , 2 , 2 , 181817 : { BUY 5405.46@0.80470892} 181816 : { BUY 5405.46@0.80470892} 181815 : { SELL 19503.24@0.8079342} 181814 : { SELL 19503.24@0.8079342} 
Tue Dec 02 18:00:58 EST 2014 , 4 , 2 , 2 , 181817 : { BUY 5405.46@0.80470892} 181816 : { BUY 5405.46@0.80470892} 181815 : { SELL 19503.24@0.8079342} 181814 : { SELL 19503.24@0.8079342} 
Tue Dec 02 18:03:59 EST 2014 , 4 , 2 , 2 , 181817 : { BUY 5405.46@0.80470892} 181816 : { BUY 5405.46@0.80470892} 181815 : { SELL 19503.24@0.8079342} 181814 : { SELL 19503.24@0.8079342} 
Tue Dec 02 18:07:00 EST 2014 , 4 , 2 , 2 , 181817 : { BUY 5405.46@0.80470892} 181816 : { BUY 5405.46@0.80470892} 181815 : { SELL 19503.24@0.8079342} 181814 : { SELL 19503.24@0.8079342} 
Tue Dec 02 18:10:01 EST 2014 , 4 , 2 , 2 , 181817 : { BUY 5405.46@0.80470892} 181816 : { BUY 5405.46@0.80470892} 181815 : { SELL 19503.24@0.8079342} 181814 : { SELL 19503.24@0.8079342} 
Tue Dec 02 18:13:02 EST 2014 , 4 , 2 , 2 , 181817 : { BUY 5405.46@0.80470892} 181816 : { BUY 5405.46@0.80470892} 181815 : { SELL 19503.24@0.8079342} 181814 : { SELL 19503.24@0.8079342} 
Tue Dec 02 18:16:03 EST 2014 , 4 , 2 , 2 , 181817 : { BUY 5405.46@0.80470892} 181816 : { BUY 5405.46@0.80470892} 181815 : { SELL 19503.24@0.8079342} 181814 : { SELL 19503.24@0.8079342} 
Tue Dec 02 18:19:04 EST 2014 , 4 , 2 , 2 , 181817 : { BUY 5405.46@0.80470892} 181816 : { BUY 5405.46@0.80470892} 181815 : { SELL 19503.24@0.8079342} 181814 : { SELL 19503.24@0.8079342} 
Tue Dec 02 18:22:05 EST 2014 , 4 , 2 , 2 , 181817 : { BUY 5405.46@0.80470892} 181816 : { BUY 5405.46@0.80470892} 181815 : { SELL 19503.24@0.8079342} 181814 : { SELL 19503.24@0.8079342} 
Tue Dec 02 18:25:06 EST 2014 , 4 , 2 , 2 , 181817 : { BUY 5405.46@0.80470892} 181816 : { BUY 5405.46@0.80470892} 181815 : { SELL 19503.24@0.8079342} 181814 : { SELL 19503.24@0.8079342} 
Tue Dec 02 18:28:07 EST 2014 , 4 , 2 , 2 , 181817 : { BUY 5405.46@0.80470892} 181816 : { BUY 5405.46@0.80470892} 181815 : { SELL 19503.24@0.8079342} 181814 : { SELL 19503.24@0.8079342} 
Tue Dec 02 18:31:08 EST 2014 , 4 , 2 , 2 , 181817 : { BUY 5405.46@0.80470892} 181816 : { BUY 5405.46@0.80470892} 181815 : { SELL 19503.24@0.8079342} 181814 : { SELL 19503.24@0.8079342} 
Tue Dec 02 18:34:09 EST 2014 , 4 , 2 , 2 , 181817 : { BUY 5405.46@0.80470892} 181816 : { BUY 5405.46@0.80470892} 181815 : { SELL 19503.24@0.8079342} 181814 : { SELL 19503.24@0.8079342} 
Tue Dec 02 18:37:10 EST 2014 , 4 , 2 , 2 , 181817 : { BUY 5405.46@0.80470892} 181816 : { BUY 5405.46@0.80470892} 181815 : { SELL 19503.24@0.8079342} 181814 : { SELL 19503.24@0.8079342} 
Tue Dec 02 18:40:11 EST 2014 , 4 , 2 , 2 , 181817 : { BUY 5405.46@0.80470892} 181816 : { BUY 5405.46@0.80470892} 181815 : { SELL 19503.24@0.8079342} 181814 : { SELL 19503.24@0.8079342} 
Tue Dec 02 18:43:12 EST 2014 , 4 , 2 , 2 , 181817 : { BUY 5405.46@0.80470892} 181816 : { BUY 5405.46@0.80470892} 181815 : { SELL 19503.24@0.8079342} 181814 : { SELL 19503.24@0.8079342} 
Tue Dec 02 18:46:13 EST 2014 , 4 , 2 , 2 , 181817 : { BUY 5405.46@0.80470892} 181816 : { BUY 5405.46@0.80470892} 181815 : { SELL 19503.24@0.8079342} 181814 : { SELL 19503.24@0.8079342} 
Tue Dec 02 18:49:14 EST 2014 , 4 , 2 , 2 , 181817 : { BUY 5405.46@0.80470892} 181816 : { BUY 5405.46@0.80470892} 181815 : { SELL 19503.24@0.8079342} 181814 : { SELL 19503.24@0.8079342} 
Tue Dec 02 18:52:15 EST 2014 , 4 , 2 , 2 , 181817 : { BUY 5405.46@0.80470892} 181816 : { BUY 5405.46@0.80470892} 181815 : { SELL 19503.24@0.8079342} 181814 : { SELL 19503.24@0.8079342} 
Tue Dec 02 18:55:16 EST 2014 , 4 , 2 , 2 , 181817 : { BUY 5405.46@0.80470892} 181816 : { BUY 5405.46@0.80470892} 181815 : { SELL 19503.24@0.8079342} 181814 : { SELL 19503.24@0.8079342} 
Tue Dec 02 18:58:17 EST 2014 , 4 , 2 , 2 , 181817 : { BUY 5405.46@0.80470892} 181816 : { BUY 5405.46@0.80470892} 181815 : { SELL 19503.24@0.8079342} 181814 : { SELL 19503.24@0.8079342} 
Tue Dec 02 19:01:18 EST 2014 , 4 , 2 , 2 , 181817 : { BUY 5405.46@0.80470892} 181816 : { BUY 5405.46@0.80470892} 181815 : { SELL 19503.24@0.8079342} 181814 : { SELL 19503.24@0.8079342} 
Tue Dec 02 19:04:19 EST 2014 , 4 , 2 , 2 , 181817 : { BUY 5405.46@0.80470892} 181816 : { BUY 5405.46@0.80470892} 181815 : { SELL 19503.24@0.8079342} 181814 : { SELL 19503.24@0.8079342} 
Tue Dec 02 19:07:20 EST 2014 , 4 , 2 , 2 , 181817 : { BUY 5405.46@0.80470892} 181816 : { BUY 5405.46@0.80470892} 181815 : { SELL 19503.24@0.8079342} 181814 : { SELL 19503.24@0.8079342} 
Tue Dec 02 19:10:21 EST 2014 , 4 , 2 , 2 , 181817 : { BUY 5405.46@0.80470892} 181816 : { BUY 5405.46@0.80470892} 181815 : { SELL 19503.24@0.8079342} 181814 : { SELL 19503.24@0.8079342} 
Tue Dec 02 19:13:22 EST 2014 , 4 , 2 , 2 , 181817 : { BUY 5405.46@0.80470892} 181816 : { BUY 5405.46@0.80470892} 181815 : { SELL 19503.24@0.8079342} 181814 : { SELL 19503.24@0.8079342} 
Tue Dec 02 19:16:23 EST 2014 , 4 , 2 , 2 , 181817 : { BUY 5405.46@0.80470892} 181816 : { BUY 5405.46@0.80470892} 181815 : { SELL 19503.24@0.8079342} 181814 : { SELL 19503.24@0.8079342} 
Tue Dec 02 19:19:24 EST 2014 , 4 , 2 , 2 , 181817 : { BUY 5405.46@0.80470892} 181816 : { BUY 5405.46@0.80470892} 181815 : { SELL 19503.24@0.8079342} 181814 : { SELL 19503.24@0.8079342} 
Tue Dec 02 19:22:25 EST 2014 , 4 , 2 , 2 , 181817 : { BUY 5405.46@0.80470892} 181816 : { BUY 5405.46@0.80470892} 181815 : { SELL 19503.24@0.8079342} 181814 : { SELL 19503.24@0.8079342} 
Tue Dec 02 19:25:26 EST 2014 , 4 , 2 , 2 , 181817 : { BUY 5405.46@0.80470892} 181816 : { BUY 5405.46@0.80470892} 181815 : { SELL 19503.24@0.8079342} 181814 : { SELL 19503.24@0.8079342} 
Tue Dec 02 19:28:27 EST 2014 , 4 , 2 , 2 , 181817 : { BUY 5405.46@0.80470892} 181816 : { BUY 5405.46@0.80470892} 181815 : { SELL 19503.24@0.8079342} 181814 : { SELL 19503.24@0.8079342} 
Tue Dec 02 19:31:28 EST 2014 , 4 , 2 , 2 , 181817 : { BUY 5405.46@0.80470892} 181816 : { BUY 5405.46@0.80470892} 181815 : { SELL 19503.24@0.8079342} 181814 : { SELL 19503.24@0.8079342} 
Tue Dec 02 19:34:29 EST 2014 , 4 , 2 , 2 , 181817 : { BUY 5405.46@0.80470892} 181816 : { BUY 5405.46@0.80470892} 181815 : { SELL 19503.24@0.8079342} 181814 : { SELL 19503.24@0.8079342} 
Tue Dec 02 19:37:30 EST 2014 , 4 , 2 , 2 , 181817 : { BUY 5405.46@0.80470892} 181816 : { BUY 5405.46@0.80470892} 181815 : { SELL 19503.24@0.8079342} 181814 : { SELL 19503.24@0.8079342} 
Tue Dec 02 19:40:31 EST 2014 , 4 , 2 , 2 , 181817 : { BUY 5405.46@0.80470892} 181816 : { BUY 5405.46@0.80470892} 181815 : { SELL 19503.24@0.8079342} 181814 : { SELL 19503.24@0.8079342} 
Tue Dec 02 19:43:32 EST 2014 , 4 , 2 , 2 , 181817 : { BUY 5405.46@0.80470892} 181816 : { BUY 5405.46@0.80470892} 181815 : { SELL 19503.24@0.8079342} 181814 : { SELL 19503.24@0.8079342} 
Tue Dec 02 19:46:33 EST 2014 , 4 , 2 , 2 , 181817 : { BUY 5405.46@0.80470892} 181816 : { BUY 5405.46@0.80470892} 181815 : { SELL 19503.24@0.8079342} 181814 : { SELL 19503.24@0.8079342} 
Tue Dec 02 19:49:34 EST 2014 , 4 , 2 , 2 , 181817 : { BUY 5405.46@0.80470892} 181816 : { BUY 5405.46@0.80470892} 181815 : { SELL 19503.24@0.8079342} 181814 : { SELL 19503.24@0.8079342} 
Tue Dec 02 19:52:35 EST 2014 , 4 , 2 , 2 , 181817 : { BUY 5405.46@0.80470892} 181816 : { BUY 5405.46@0.80470892} 181815 : { SELL 19503.24@0.8079342} 181814 : { SELL 19503.24@0.8079342} 
Tue Dec 02 19:55:36 EST 2014 , 4 , 2 , 2 , 181817 : { BUY 5405.46@0.80470892} 181816 : { BUY 5405.46@0.80470892} 181815 : { SELL 19503.24@0.8079342} 181814 : { SELL 19503.24@0.8079342} 
Tue Dec 02 19:58:37 EST 2014 , 4 , 2 , 2 , 181817 : { BUY 5405.46@0.80470892} 181816 : { BUY 5405.46@0.80470892} 181815 : { SELL 19503.24@0.8079342} 181814 : { SELL 19503.24@0.8079342} 
Tue Dec 02 20:01:38 EST 2014 , 4 , 2 , 2 , 181817 : { BUY 5405.46@0.80470892} 181816 : { BUY 5405.46@0.80470892} 181815 : { SELL 19503.24@0.8079342} 181814 : { SELL 19503.24@0.8079342} 
Tue Dec 02 20:04:39 EST 2014 , 4 , 2 , 2 , 181817 : { BUY 5405.46@0.80470892} 181816 : { BUY 5405.46@0.80470892} 181815 : { SELL 19503.24@0.8079342} 181814 : { SELL 19503.24@0.8079342} 
Tue Dec 02 20:07:40 EST 2014 , 4 , 2 , 2 , 181817 : { BUY 5405.46@0.80470892} 181816 : { BUY 5405.46@0.80470892} 181815 : { SELL 19503.24@0.8079342} 181814 : { SELL 19503.24@0.8079342} 
Tue Dec 02 20:10:41 EST 2014 , 4 , 2 , 2 , 181817 : { BUY 5405.46@0.80470892} 181816 : { BUY 5405.46@0.80470892} 181815 : { SELL 19503.24@0.8079342} 181814 : { SELL 19503.24@0.8079342} 
Tue Dec 02 20:13:42 EST 2014 , 4 , 2 , 2 , 181817 : { BUY 5405.46@0.80470892} 181816 : { BUY 5405.46@0.80470892} 181815 : { SELL 19503.24@0.8079342} 181814 : { SELL 19503.24@0.8079342} 
Tue Dec 02 20:16:43 EST 2014 , 4 , 2 , 2 , 181817 : { BUY 5405.46@0.80470892} 181816 : { BUY 5405.46@0.80470892} 181815 : { SELL 19503.24@0.8079342} 181814 : { SELL 19503.24@0.8079342} 
Tue Dec 02 20:19:44 EST 2014 , 4 , 2 , 2 , 181817 : { BUY 5405.46@0.80470892} 181816 : { BUY 5405.46@0.80470892} 181815 : { SELL 19503.24@0.8079342} 181814 : { SELL 19503.24@0.8079342} 
Tue Dec 02 20:22:45 EST 2014 , 4 , 2 , 2 , 181817 : { BUY 5405.46@0.80470892} 181816 : { BUY 5405.46@0.80470892} 181815 : { SELL 19503.24@0.8079342} 181814 : { SELL 19503.24@0.8079342} 
Tue Dec 02 20:25:46 EST 2014 , 4 , 2 , 2 , 181817 : { BUY 5405.46@0.80470892} 181816 : { BUY 5405.46@0.80470892} 181815 : { SELL 19503.24@0.8079342} 181814 : { SELL 19503.24@0.8079342} 
Tue Dec 02 20:28:47 EST 2014 , 4 , 2 , 2 , 181817 : { BUY 5405.46@0.80470892} 181816 : { BUY 5405.46@0.80470892} 181815 : { SELL 19503.24@0.8079342} 181814 : { SELL 19503.24@0.8079342} 
Tue Dec 02 20:31:48 EST 2014 , 4 , 2 , 2 , 181817 : { BUY 5405.46@0.80470892} 181816 : { BUY 5405.46@0.80470892} 181815 : { SELL 19503.24@0.8079342} 181814 : { SELL 19503.24@0.8079342} 
Tue Dec 02 20:34:49 EST 2014 , 4 , 2 , 2 , 181817 : { BUY 5405.46@0.80470892} 181816 : { BUY 5405.46@0.80470892} 181815 : { SELL 19503.24@0.8079342} 181814 : { SELL 19503.24@0.8079342} 
Tue Dec 02 20:37:50 EST 2014 , 4 , 2 , 2 , 181817 : { BUY 5405.46@0.80470892} 181816 : { BUY 5405.46@0.80470892} 181815 : { SELL 19503.24@0.8079342} 181814 : { SELL 19503.24@0.8079342} 
Tue Dec 02 20:40:51 EST 2014 , 4 , 2 , 2 , 181817 : { BUY 5405.46@0.80470892} 181816 : { BUY 5405.46@0.80470892} 181815 : { SELL 19503.24@0.8079342} 181814 : { SELL 19503.24@0.8079342} 
Tue Dec 02 20:43:52 EST 2014 , 4 , 2 , 2 , 181817 : { BUY 5405.46@0.80470892} 181816 : { BUY 5405.46@0.80470892} 181815 : { SELL 19503.24@0.8079342} 181814 : { SELL 19503.24@0.8079342} 
Tue Dec 02 20:46:53 EST 2014 , 4 , 2 , 2 , 181817 : { BUY 5405.46@0.80470892} 181816 : { BUY 5405.46@0.80470892} 181815 : { SELL 19503.24@0.8079342} 181814 : { SELL 19503.24@0.8079342} 
Tue Dec 02 20:49:54 EST 2014 , 4 , 2 , 2 , 181817 : { BUY 5405.46@0.80470892} 181816 : { BUY 5405.46@0.80470892} 181815 : { SELL 19503.24@0.8079342} 181814 : { SELL 19503.24@0.8079342} 
Tue Dec 02 20:52:55 EST 2014 , 4 , 2 , 2 , 181817 : { BUY 5405.46@0.80470892} 181816 : { BUY 5405.46@0.80470892} 181815 : { SELL 19503.24@0.8079342} 181814 : { SELL 19503.24@0.8079342} 
Tue Dec 02 20:55:56 EST 2014 , 4 , 2 , 2 , 181817 : { BUY 5405.46@0.80470892} 181816 : { BUY 5405.46@0.80470892} 181815 : { SELL 19503.24@0.8079342} 181814 : { SELL 19503.24@0.8079342} 
Tue Dec 02 20:58:57 EST 2014 , 4 , 2 , 2 , 181817 : { BUY 5405.46@0.80470892} 181816 : { BUY 5405.46@0.80470892} 181815 : { SELL 19503.24@0.8079342} 181814 : { SELL 19503.24@0.8079342} 
Tue Dec 02 21:01:58 EST 2014 , 4 , 2 , 2 , 181817 : { BUY 5405.46@0.80470892} 181816 : { BUY 5405.46@0.80470892} 181815 : { SELL 19503.24@0.8079342} 181814 : { SELL 19503.24@0.8079342} 
Tue Dec 02 21:05:00 EST 2014 , 4 , 2 , 2 , 181817 : { BUY 5405.46@0.80470892} 181816 : { BUY 5405.46@0.80470892} 181815 : { SELL 19503.24@0.8079342} 181814 : { SELL 19503.24@0.8079342} 
Tue Dec 02 21:08:00 EST 2014 , 4 , 2 , 2 , 181817 : { BUY 5405.46@0.80470892} 181816 : { BUY 5405.46@0.80470892} 181815 : { SELL 19503.24@0.8079342} 181814 : { SELL 19503.24@0.8079342} 
Tue Dec 02 21:11:01 EST 2014 , 4 , 2 , 2 , 181817 : { BUY 5405.46@0.80470892} 181816 : { BUY 5405.46@0.80470892} 181815 : { SELL 19503.24@0.8079342} 181814 : { SELL 19503.24@0.8079342} 
Tue Dec 02 21:14:02 EST 2014 , 4 , 2 , 2 , 181817 : { BUY 5405.46@0.80470892} 181816 : { BUY 5405.46@0.80470892} 181815 : { SELL 19503.24@0.8079342} 181814 : { SELL 19503.24@0.8079342} 
Tue Dec 02 21:17:03 EST 2014 , 4 , 2 , 2 , 181817 : { BUY 5405.46@0.80470892} 181816 : { BUY 5405.46@0.80470892} 181815 : { SELL 19503.24@0.8079342} 181814 : { SELL 19503.24@0.8079342} 
Tue Dec 02 21:20:04 EST 2014 , 4 , 2 , 2 , 181817 : { BUY 5405.46@0.80470892} 181816 : { BUY 5405.46@0.80470892} 181815 : { SELL 19503.24@0.8079342} 181814 : { SELL 19503.24@0.8079342} 
Tue Dec 02 21:23:05 EST 2014 , 4 , 2 , 2 , 181817 : { BUY 5405.46@0.80470892} 181816 : { BUY 5405.46@0.80470892} 181815 : { SELL 19503.24@0.8079342} 181814 : { SELL 19503.24@0.8079342} 
Tue Dec 02 21:26:06 EST 2014 , 4 , 2 , 2 , 181817 : { BUY 5405.46@0.80470892} 181816 : { BUY 5405.46@0.80470892} 181815 : { SELL 19503.24@0.8079342} 181814 : { SELL 19503.24@0.8079342} 
Tue Dec 02 21:29:07 EST 2014 , 4 , 2 , 2 , 181817 : { BUY 5405.46@0.80470892} 181816 : { BUY 5405.46@0.80470892} 181815 : { SELL 19503.24@0.8079342} 181814 : { SELL 19503.24@0.8079342} 
Tue Dec 02 21:32:08 EST 2014 , 4 , 2 , 2 , 181817 : { BUY 5405.46@0.80470892} 181816 : { BUY 5405.46@0.80470892} 181815 : { SELL 19503.24@0.8079342} 181814 : { SELL 19503.24@0.8079342} 
Tue Dec 02 21:35:09 EST 2014 , 4 , 2 , 2 , 181817 : { BUY 5405.46@0.80470892} 181816 : { BUY 5405.46@0.80470892} 181815 : { SELL 19503.24@0.8079342} 181814 : { SELL 19503.24@0.8079342} 
Tue Dec 02 21:38:10 EST 2014 , 4 , 2 , 2 , 181817 : { BUY 5405.46@0.80470892} 181816 : { BUY 5405.46@0.80470892} 181815 : { SELL 19503.24@0.8079342} 181814 : { SELL 19503.24@0.8079342} 
Tue Dec 02 21:41:11 EST 2014 , 4 , 2 , 2 , 181817 : { BUY 5405.46@0.80470892} 181816 : { BUY 5405.46@0.80470892} 181815 : { SELL 19503.24@0.8079342} 181814 : { SELL 19503.24@0.8079342} 
Tue Dec 02 21:44:12 EST 2014 , 4 , 2 , 2 , 181817 : { BUY 5405.46@0.80470892} 181816 : { BUY 5405.46@0.80470892} 181815 : { SELL 19503.24@0.8079342} 181814 : { SELL 19503.24@0.8079342} 
Tue Dec 02 21:47:13 EST 2014 , 4 , 2 , 2 , 181817 : { BUY 5405.46@0.80470892} 181816 : { BUY 5405.46@0.80470892} 181815 : { SELL 19503.24@0.8079342} 181814 : { SELL 19503.24@0.8079342} 
Tue Dec 02 21:50:14 EST 2014 , 4 , 2 , 2 , 181817 : { BUY 5405.46@0.80470892} 181816 : { BUY 5405.46@0.80470892} 181815 : { SELL 19503.24@0.8079342} 181814 : { SELL 19503.24@0.8079342} 
Tue Dec 02 21:53:15 EST 2014 , 4 , 2 , 2 , 181817 : { BUY 5405.46@0.80470892} 181816 : { BUY 5405.46@0.80470892} 181815 : { SELL 19503.24@0.8079342} 181814 : { SELL 19503.24@0.8079342} 
Tue Dec 02 21:56:16 EST 2014 , 4 , 2 , 2 , 181817 : { BUY 5405.46@0.80470892} 181816 : { BUY 5405.46@0.80470892} 181815 : { SELL 19503.24@0.8079342} 181814 : { SELL 19503.24@0.8079342} 
Tue Dec 02 21:59:17 EST 2014 , 4 , 2 , 2 , 181817 : { BUY 5405.46@0.80470892} 181816 : { BUY 5405.46@0.80470892} 181815 : { SELL 19503.24@0.8079342} 181814 : { SELL 19503.24@0.8079342} 
Tue Dec 02 22:02:18 EST 2014 , 4 , 2 , 2 , 181817 : { BUY 5405.46@0.80470892} 181816 : { BUY 5405.46@0.80470892} 181815 : { SELL 19503.24@0.8079342} 181814 : { SELL 19503.24@0.8079342} 
Tue Dec 02 22:05:19 EST 2014 , 4 , 2 , 2 , 181817 : { BUY 5405.46@0.80470892} 181816 : { BUY 5405.46@0.80470892} 181815 : { SELL 19503.24@0.8079342} 181814 : { SELL 19503.24@0.8079342} 
Tue Dec 02 22:08:20 EST 2014 , 4 , 2 , 2 , 181817 : { BUY 5405.46@0.80470892} 181816 : { BUY 5405.46@0.80470892} 181815 : { SELL 19503.24@0.8079342} 181814 : { SELL 19503.24@0.8079342} 
Tue Dec 02 22:11:21 EST 2014 , 4 , 2 , 2 , 181817 : { BUY 5405.46@0.80470892} 181816 : { BUY 5405.46@0.80470892} 181815 : { SELL 19503.24@0.8079342} 181814 : { SELL 19503.24@0.8079342} 
Tue Dec 02 22:14:22 EST 2014 , 4 , 2 , 2 , 181817 : { BUY 5405.46@0.80470892} 181816 : { BUY 5405.46@0.80470892} 181815 : { SELL 19503.24@0.8079342} 181814 : { SELL 19503.24@0.8079342} 
Tue Dec 02 22:17:23 EST 2014 , 4 , 2 , 2 , 181817 : { BUY 5405.46@0.80470892} 181816 : { BUY 5405.46@0.80470892} 181815 : { SELL 19503.24@0.8079342} 181814 : { SELL 19503.24@0.8079342} 
Tue Dec 02 22:20:24 EST 2014 , 4 , 2 , 2 , 181817 : { BUY 5405.46@0.80470892} 181816 : { BUY 5405.46@0.80470892} 181815 : { SELL 19503.24@0.8079342} 181814 : { SELL 19503.24@0.8079342} 
Tue Dec 02 22:23:25 EST 2014 , 4 , 2 , 2 , 181817 : { BUY 5405.46@0.80470892} 181816 : { BUY 5405.46@0.80470892} 181815 : { SELL 19503.24@0.8079342} 181814 : { SELL 19503.24@0.8079342} 
Tue Dec 02 22:26:26 EST 2014 , 4 , 2 , 2 , 181817 : { BUY 5405.46@0.80470892} 181816 : { BUY 5405.46@0.80470892} 181815 : { SELL 19503.24@0.8079342} 181814 : { SELL 19503.24@0.8079342} 
Tue Dec 02 22:29:27 EST 2014 , 4 , 2 , 2 , 181817 : { BUY 5405.46@0.80470892} 181816 : { BUY 5405.46@0.80470892} 181815 : { SELL 19503.24@0.8079342} 181814 : { SELL 19503.24@0.8079342} 
Tue Dec 02 22:32:28 EST 2014 , 4 , 2 , 2 , 181817 : { BUY 5405.46@0.80470892} 181816 : { BUY 5405.46@0.80470892} 181815 : { SELL 19503.24@0.8079342} 181814 : { SELL 19503.24@0.8079342} 
Tue Dec 02 22:35:29 EST 2014 , 4 , 2 , 2 , 181817 : { BUY 5405.46@0.80470892} 181816 : { BUY 5405.46@0.80470892} 181815 : { SELL 19503.24@0.8079342} 181814 : { SELL 19503.24@0.8079342} 
Tue Dec 02 22:38:30 EST 2014 , 4 , 2 , 2 , 181817 : { BUY 5405.46@0.80470892} 181816 : { BUY 5405.46@0.80470892} 181815 : { SELL 19503.24@0.8079342} 181814 : { SELL 19503.24@0.8079342} 
Tue Dec 02 22:41:31 EST 2014 , 4 , 2 , 2 , 181817 : { BUY 5405.46@0.80470892} 181816 : { BUY 5405.46@0.80470892} 181815 : { SELL 19503.24@0.8079342} 181814 : { SELL 19503.24@0.8079342} 
Tue Dec 02 22:44:32 EST 2014 , 4 , 2 , 2 , 181817 : { BUY 5405.46@0.80470892} 181816 : { BUY 5405.46@0.80470892} 181815 : { SELL 19503.24@0.8079342} 181814 : { SELL 19503.24@0.8079342} 
Tue Dec 02 22:47:33 EST 2014 , 4 , 2 , 2 , 181817 : { BUY 5405.46@0.80470892} 181816 : { BUY 5405.46@0.80470892} 181815 : { SELL 19503.24@0.8079342} 181814 : { SELL 19503.24@0.8079342} 
Tue Dec 02 22:50:34 EST 2014 , 4 , 2 , 2 , 181817 : { BUY 5405.46@0.80470892} 181816 : { BUY 5405.46@0.80470892} 181815 : { SELL 19503.24@0.8079342} 181814 : { SELL 19503.24@0.8079342} 
Tue Dec 02 22:53:35 EST 2014 , 4 , 2 , 2 , 181817 : { BUY 5405.46@0.80470892} 181816 : { BUY 5405.46@0.80470892} 181815 : { SELL 19503.24@0.8079342} 181814 : { SELL 19503.24@0.8079342} 
Tue Dec 02 22:56:36 EST 2014 , 4 , 2 , 2 , 181817 : { BUY 5405.46@0.80470892} 181816 : { BUY 5405.46@0.80470892} 181815 : { SELL 19503.24@0.8079342} 181814 : { SELL 19503.24@0.8079342} 
Tue Dec 02 22:59:37 EST 2014 , 4 , 2 , 2 , 181817 : { BUY 5405.46@0.80470892} 181816 : { BUY 5405.46@0.80470892} 181815 : { SELL 19503.24@0.8079342} 181814 : { SELL 19503.24@0.8079342} 
Tue Dec 02 23:02:38 EST 2014 , 4 , 2 , 2 , 181817 : { BUY 5405.46@0.80470892} 181816 : { BUY 5405.46@0.80470892} 181815 : { SELL 19503.24@0.8079342} 181814 : { SELL 19503.24@0.8079342} 
Tue Dec 02 23:05:39 EST 2014 , 4 , 2 , 2 , 181817 : { BUY 5405.46@0.80470892} 181816 : { BUY 5405.46@0.80470892} 181815 : { SELL 19503.24@0.8079342} 181814 : { SELL 19503.24@0.8079342} 
Tue Dec 02 23:08:40 EST 2014 , 4 , 2 , 2 , 181817 : { BUY 5405.46@0.80470892} 181816 : { BUY 5405.46@0.80470892} 181815 : { SELL 19503.24@0.8079342} 181814 : { SELL 19503.24@0.8079342} 
Tue Dec 02 23:11:41 EST 2014 , 4 , 2 , 2 , 181817 : { BUY 5405.46@0.80470892} 181816 : { BUY 5405.46@0.80470892} 181815 : { SELL 19503.24@0.8079342} 181814 : { SELL 19503.24@0.8079342} 
Tue Dec 02 23:14:42 EST 2014 , 4 , 2 , 2 , 181817 : { BUY 5405.46@0.80470892} 181816 : { BUY 5405.46@0.80470892} 181815 : { SELL 19503.24@0.8079342} 181814 : { SELL 19503.24@0.8079342} 
Tue Dec 02 23:17:43 EST 2014 , 4 , 2 , 2 , 181817 : { BUY 5405.46@0.80470892} 181816 : { BUY 5405.46@0.80470892} 181815 : { SELL 19503.24@0.8079342} 181814 : { SELL 19503.24@0.8079342} 
Tue Dec 02 23:20:44 EST 2014 , 4 , 2 , 2 , 181817 : { BUY 5405.46@0.80470892} 181816 : { BUY 5405.46@0.80470892} 181815 : { SELL 19503.24@0.8079342} 181814 : { SELL 19503.24@0.8079342} 
Tue Dec 02 23:23:45 EST 2014 , 4 , 2 , 2 , 181817 : { BUY 5405.46@0.80470892} 181816 : { BUY 5405.46@0.80470892} 181815 : { SELL 19503.24@0.8079342} 181814 : { SELL 19503.24@0.8079342} 
Tue Dec 02 23:26:46 EST 2014 , 4 , 2 , 2 , 181817 : { BUY 5405.46@0.80470892} 181816 : { BUY 5405.46@0.80470892} 181815 : { SELL 19503.24@0.8079342} 181814 : { SELL 19503.24@0.8079342} 
Tue Dec 02 23:29:47 EST 2014 , 4 , 2 , 2 , 181817 : { BUY 5405.46@0.80470892} 181816 : { BUY 5405.46@0.80470892} 181815 : { SELL 19503.24@0.8079342} 181814 : { SELL 19503.24@0.8079342} 
Tue Dec 02 23:32:48 EST 2014 , 4 , 2 , 2 , 181817 : { BUY 5405.46@0.80470892} 181816 : { BUY 5405.46@0.80470892} 181815 : { SELL 19503.24@0.8079342} 181814 : { SELL 19503.24@0.8079342} 
Tue Dec 02 23:35:49 EST 2014 , 4 , 2 , 2 , 181817 : { BUY 5405.46@0.80470892} 181816 : { BUY 5405.46@0.80470892} 181815 : { SELL 19503.24@0.8079342} 181814 : { SELL 19503.24@0.8079342} 
Tue Dec 02 23:38:50 EST 2014 , 4 , 2 , 2 , 181817 : { BUY 5405.46@0.80470892} 181816 : { BUY 5405.46@0.80470892} 181815 : { SELL 19503.24@0.8079342} 181814 : { SELL 19503.24@0.8079342} 
Tue Dec 02 23:41:51 EST 2014 , 4 , 2 , 2 , 181817 : { BUY 5405.46@0.80470892} 181816 : { BUY 5405.46@0.80470892} 181815 : { SELL 19503.24@0.8079342} 181814 : { SELL 19503.24@0.8079342} 
Tue Dec 02 23:44:52 EST 2014 , 4 , 2 , 2 , 181817 : { BUY 5405.46@0.80470892} 181816 : { BUY 5405.46@0.80470892} 181815 : { SELL 19503.24@0.8079342} 181814 : { SELL 19503.24@0.8079342} 
Tue Dec 02 23:47:53 EST 2014 , 4 , 2 , 2 , 181817 : { BUY 5405.46@0.80470892} 181816 : { BUY 5405.46@0.80470892} 181815 : { SELL 19503.24@0.8079342} 181814 : { SELL 19503.24@0.8079342} 
Tue Dec 02 23:50:54 EST 2014 , 4 , 2 , 2 , 181817 : { BUY 5405.46@0.80470892} 181816 : { BUY 5405.46@0.80470892} 181815 : { SELL 19503.24@0.8079342} 181814 : { SELL 19503.24@0.8079342} 
Tue Dec 02 23:53:55 EST 2014 , 4 , 2 , 2 , 181817 : { BUY 5405.46@0.80470892} 181816 : { BUY 5405.46@0.80470892} 181815 : { SELL 19503.24@0.8079342} 181814 : { SELL 19503.24@0.8079342} 
Tue Dec 02 23:56:56 EST 2014 , 4 , 2 , 2 , 181817 : { BUY 5405.46@0.80470892} 181816 : { BUY 5405.46@0.80470892} 181815 : { SELL 19503.24@0.8079342} 181814 : { SELL 19503.24@0.8079342} 
Tue Dec 02 23:59:57 EST 2014 , 4 , 2 , 2 , 181817 : { BUY 5405.46@0.80470892} 181816 : { BUY 5405.46@0.80470892} 181815 : { SELL 19503.24@0.8079342} 181814 : { SELL 19503.24@0.8079342} 
Wed Dec 03 00:02:58 EST 2014 , 4 , 2 , 2 , 181817 : { BUY 5405.46@0.80470892} 181816 : { BUY 5405.46@0.80470892} 181815 : { SELL 19503.24@0.8079342} 181814 : { SELL 19503.24@0.8079342} 
Wed Dec 03 00:05:59 EST 2014 , 4 , 2 , 2 , 181817 : { BUY 5405.46@0.80470892} 181816 : { BUY 5405.46@0.80470892} 181815 : { SELL 19503.24@0.8079342} 181814 : { SELL 19503.24@0.8079342} 
Wed Dec 03 00:09:00 EST 2014 , 4 , 2 , 2 , 181817 : { BUY 5405.46@0.80470892} 181816 : { BUY 5405.46@0.80470892} 181815 : { SELL 19503.24@0.8079342} 181814 : { SELL 19503.24@0.8079342} 
Wed Dec 03 00:12:01 EST 2014 , 4 , 2 , 2 , 181817 : { BUY 5405.46@0.80470892} 181816 : { BUY 5405.46@0.80470892} 181815 : { SELL 19503.24@0.8079342} 181814 : { SELL 19503.24@0.8079342} 
Wed Dec 03 00:15:02 EST 2014 , 4 , 2 , 2 , 181817 : { BUY 5405.46@0.80470892} 181816 : { BUY 5405.46@0.80470892} 181815 : { SELL 19503.24@0.8079342} 181814 : { SELL 19503.24@0.8079342} 
Wed Dec 03 00:18:03 EST 2014 , 4 , 2 , 2 , 181817 : { BUY 5405.46@0.80470892} 181816 : { BUY 5405.46@0.80470892} 181815 : { SELL 19503.24@0.8079342} 181814 : { SELL 19503.24@0.8079342} 
Wed Dec 03 00:21:04 EST 2014 , 4 , 2 , 2 , 181817 : { BUY 5405.46@0.80470892} 181816 : { BUY 5405.46@0.80470892} 181815 : { SELL 19503.24@0.8079342} 181814 : { SELL 19503.24@0.8079342} 
Wed Dec 03 00:24:05 EST 2014 , 4 , 2 , 2 , 181817 : { BUY 5405.46@0.80470892} 181816 : { BUY 5405.46@0.80470892} 181815 : { SELL 19503.24@0.8079342} 181814 : { SELL 19503.24@0.8079342} 
Wed Dec 03 00:27:06 EST 2014 , 4 , 2 , 2 , 181817 : { BUY 5405.46@0.80470892} 181816 : { BUY 5405.46@0.80470892} 181815 : { SELL 19503.24@0.8079342} 181814 : { SELL 19503.24@0.8079342} 
Wed Dec 03 00:30:07 EST 2014 , 4 , 2 , 2 , 181817 : { BUY 5405.46@0.80470892} 181816 : { BUY 5405.46@0.80470892} 181815 : { SELL 19503.24@0.8079342} 181814 : { SELL 19503.24@0.8079342} 
Wed Dec 03 00:33:08 EST 2014 , 4 , 2 , 2 , 181817 : { BUY 5405.46@0.80470892} 181816 : { BUY 5405.46@0.80470892} 181815 : { SELL 19503.24@0.8079342} 181814 : { SELL 19503.24@0.8079342} 
Wed Dec 03 00:36:09 EST 2014 , 4 , 2 , 2 , 181817 : { BUY 5405.46@0.80470892} 181816 : { BUY 5405.46@0.80470892} 181815 : { SELL 19503.24@0.8079342} 181814 : { SELL 19503.24@0.8079342} 
Wed Dec 03 00:39:10 EST 2014 , 4 , 2 , 2 , 181817 : { BUY 5405.46@0.80470892} 181816 : { BUY 5405.46@0.80470892} 181815 : { SELL 19503.24@0.8079342} 181814 : { SELL 19503.24@0.8079342} 
Wed Dec 03 00:42:11 EST 2014 , 4 , 2 , 2 , 181817 : { BUY 5405.46@0.80470892} 181816 : { BUY 5405.46@0.80470892} 181815 : { SELL 19503.24@0.8079342} 181814 : { SELL 19503.24@0.8079342} 
Wed Dec 03 00:45:12 EST 2014 , 4 , 2 , 2 , 181817 : { BUY 5405.46@0.80470892} 181816 : { BUY 5405.46@0.80470892} 181815 : { SELL 19503.24@0.8079342} 181814 : { SELL 19503.24@0.8079342} 
Wed Dec 03 00:48:13 EST 2014 , 4 , 2 , 2 , 181817 : { BUY 5405.46@0.80470892} 181816 : { BUY 5405.46@0.80470892} 181815 : { SELL 19503.24@0.8079342} 181814 : { SELL 19503.24@0.8079342} 
Wed Dec 03 00:51:14 EST 2014 , 4 , 2 , 2 , 181817 : { BUY 5405.46@0.80470892} 181816 : { BUY 5405.46@0.80470892} 181815 : { SELL 19503.24@0.8079342} 181814 : { SELL 19503.24@0.8079342} 
Wed Dec 03 00:54:15 EST 2014 , 4 , 2 , 2 , 181817 : { BUY 5405.46@0.80470892} 181816 : { BUY 5405.46@0.80470892} 181815 : { SELL 19503.24@0.8079342} 181814 : { SELL 19503.24@0.8079342} 
Wed Dec 03 00:57:16 EST 2014 , 4 , 2 , 2 , 181817 : { BUY 5405.46@0.80470892} 181816 : { BUY 5405.46@0.80470892} 181815 : { SELL 19503.24@0.8079342} 181814 : { SELL 19503.24@0.8079342} 
Wed Dec 03 01:00:17 EST 2014 , 4 , 2 , 2 , 181817 : { BUY 5405.46@0.80470892} 181816 : { BUY 5405.46@0.80470892} 181815 : { SELL 19503.24@0.8079342} 181814 : { SELL 19503.24@0.8079342} 
Wed Dec 03 01:03:18 EST 2014 , 4 , 2 , 2 , 181817 : { BUY 5405.46@0.80470892} 181816 : { BUY 5405.46@0.80470892} 181815 : { SELL 19503.24@0.8079342} 181814 : { SELL 19503.24@0.8079342} 
Wed Dec 03 01:06:19 EST 2014 , 4 , 2 , 2 , 181817 : { BUY 5405.46@0.80470892} 181816 : { BUY 5405.46@0.80470892} 181815 : { SELL 19503.24@0.8079342} 181814 : { SELL 19503.24@0.8079342} 
Wed Dec 03 01:09:20 EST 2014 , 4 , 2 , 2 , 181817 : { BUY 5405.46@0.80470892} 181816 : { BUY 5405.46@0.80470892} 181815 : { SELL 19503.24@0.8079342} 181814 : { SELL 19503.24@0.8079342} 
Wed Dec 03 01:12:21 EST 2014 , 4 , 2 , 2 , 181817 : { BUY 5405.46@0.80470892} 181816 : { BUY 5405.46@0.80470892} 181815 : { SELL 19503.24@0.8079342} 181814 : { SELL 19503.24@0.8079342} 
Wed Dec 03 01:15:22 EST 2014 , 4 , 2 , 2 , 181817 : { BUY 5405.46@0.80470892} 181816 : { BUY 5405.46@0.80470892} 181815 : { SELL 19503.24@0.8079342} 181814 : { SELL 19503.24@0.8079342} 
Wed Dec 03 01:18:23 EST 2014 , 4 , 2 , 2 , 181817 : { BUY 5405.46@0.80470892} 181816 : { BUY 5405.46@0.80470892} 181815 : { SELL 19503.24@0.8079342} 181814 : { SELL 19503.24@0.8079342} 
Wed Dec 03 01:21:24 EST 2014 , 4 , 2 , 2 , 181817 : { BUY 5405.46@0.80470892} 181816 : { BUY 5405.46@0.80470892} 181815 : { SELL 19503.24@0.8079342} 181814 : { SELL 19503.24@0.8079342} 
Wed Dec 03 01:24:25 EST 2014 , 4 , 2 , 2 , 181817 : { BUY 5405.46@0.80470892} 181816 : { BUY 5405.46@0.80470892} 181815 : { SELL 19503.24@0.8079342} 181814 : { SELL 19503.24@0.8079342} 
Wed Dec 03 01:27:26 EST 2014 , 4 , 2 , 2 , 181817 : { BUY 5405.46@0.80470892} 181816 : { BUY 5405.46@0.80470892} 181815 : { SELL 19503.24@0.8079342} 181814 : { SELL 19503.24@0.8079342} 
Wed Dec 03 01:30:27 EST 2014 , 4 , 2 , 2 , 181817 : { BUY 5405.46@0.80470892} 181816 : { BUY 5405.46@0.80470892} 181815 : { SELL 19503.24@0.8079342} 181814 : { SELL 19503.24@0.8079342} 
Wed Dec 03 01:33:28 EST 2014 , 4 , 2 , 2 , 181817 : { BUY 5405.46@0.80470892} 181816 : { BUY 5405.46@0.80470892} 181815 : { SELL 19503.24@0.8079342} 181814 : { SELL 19503.24@0.8079342} 
Wed Dec 03 01:36:29 EST 2014 , 4 , 2 , 2 , 181817 : { BUY 5405.46@0.80470892} 181816 : { BUY 5405.46@0.80470892} 181815 : { SELL 19503.24@0.8079342} 181814 : { SELL 19503.24@0.8079342} 
Wed Dec 03 01:39:30 EST 2014 , 4 , 2 , 2 , 181817 : { BUY 5405.46@0.80470892} 181816 : { BUY 5405.46@0.80470892} 181815 : { SELL 19503.24@0.8079342} 181814 : { SELL 19503.24@0.8079342} 
Wed Dec 03 01:42:31 EST 2014 , 4 , 2 , 2 , 181817 : { BUY 5405.46@0.80470892} 181816 : { BUY 5405.46@0.80470892} 181815 : { SELL 19503.24@0.8079342} 181814 : { SELL 19503.24@0.8079342} 
Wed Dec 03 01:45:32 EST 2014 , 4 , 2 , 2 , 181817 : { BUY 5405.46@0.80470892} 181816 : { BUY 5405.46@0.80470892} 181815 : { SELL 19503.24@0.8079342} 181814 : { SELL 19503.24@0.8079342} 
Wed Dec 03 01:48:33 EST 2014 , 4 , 2 , 2 , 181817 : { BUY 5405.46@0.80470892} 181816 : { BUY 5405.46@0.80470892} 181815 : { SELL 19503.24@0.8079342} 181814 : { SELL 19503.24@0.8079342} 
Wed Dec 03 01:51:34 EST 2014 , 4 , 2 , 2 , 181817 : { BUY 5405.46@0.80470892} 181816 : { BUY 5405.46@0.80470892} 181815 : { SELL 19503.24@0.8079342} 181814 : { SELL 19503.24@0.8079342} 
Wed Dec 03 01:54:35 EST 2014 , 4 , 2 , 2 , 181817 : { BUY 5405.46@0.80470892} 181816 : { BUY 5405.46@0.80470892} 181815 : { SELL 19503.24@0.8079342} 181814 : { SELL 19503.24@0.8079342} 
Wed Dec 03 01:57:36 EST 2014 , 4 , 2 , 2 , 181817 : { BUY 5405.46@0.80470892} 181816 : { BUY 5405.46@0.80470892} 181815 : { SELL 19503.24@0.8079342} 181814 : { SELL 19503.24@0.8079342} 
Wed Dec 03 02:00:37 EST 2014 , 4 , 2 , 2 , 181817 : { BUY 5405.46@0.80470892} 181816 : { BUY 5405.46@0.80470892} 181815 : { SELL 19503.24@0.8079342} 181814 : { SELL 19503.24@0.8079342} 
Wed Dec 03 02:03:38 EST 2014 , 4 , 2 , 2 , 181817 : { BUY 5405.46@0.80470892} 181816 : { BUY 5405.46@0.80470892} 181815 : { SELL 19503.24@0.8079342} 181814 : { SELL 19503.24@0.8079342} 
Wed Dec 03 02:06:40 EST 2014 , 4 , 2 , 2 , 181817 : { BUY 5405.46@0.80470892} 181816 : { BUY 5405.46@0.80470892} 181815 : { SELL 19503.24@0.8079342} 181814 : { SELL 19503.24@0.8079342} 
Wed Dec 03 02:09:40 EST 2014 , 4 , 2 , 2 , 181817 : { BUY 5405.46@0.80470892} 181816 : { BUY 5405.46@0.80470892} 181815 : { SELL 19503.24@0.8079342} 181814 : { SELL 19503.24@0.8079342} 
Wed Dec 03 02:12:41 EST 2014 , 4 , 2 , 2 , 181817 : { BUY 5405.46@0.80470892} 181816 : { BUY 5405.46@0.80470892} 181815 : { SELL 19503.24@0.8079342} 181814 : { SELL 19503.24@0.8079342} 
Wed Dec 03 02:15:42 EST 2014 , 4 , 2 , 2 , 181817 : { BUY 5405.46@0.80470892} 181816 : { BUY 5405.46@0.80470892} 181815 : { SELL 19503.24@0.8079342} 181814 : { SELL 19503.24@0.8079342} 
Wed Dec 03 02:18:43 EST 2014 , 4 , 2 , 2 , 181817 : { BUY 5405.46@0.80470892} 181816 : { BUY 5405.46@0.80470892} 181815 : { SELL 19503.24@0.8079342} 181814 : { SELL 19503.24@0.8079342} 
Wed Dec 03 02:21:44 EST 2014 , 4 , 2 , 2 , 181817 : { BUY 5405.46@0.80470892} 181816 : { BUY 5405.46@0.80470892} 181815 : { SELL 19503.24@0.8079342} 181814 : { SELL 19503.24@0.8079342} 
Wed Dec 03 02:24:45 EST 2014 , 4 , 2 , 2 , 181817 : { BUY 5405.46@0.80470892} 181816 : { BUY 5405.46@0.80470892} 181815 : { SELL 19503.24@0.8079342} 181814 : { SELL 19503.24@0.8079342} 
Wed Dec 03 02:27:46 EST 2014 , 4 , 2 , 2 , 181817 : { BUY 5405.46@0.80470892} 181816 : { BUY 5405.46@0.80470892} 181815 : { SELL 19503.24@0.8079342} 181814 : { SELL 19503.24@0.8079342} 
Wed Dec 03 02:30:47 EST 2014 , 4 , 2 , 2 , 181817 : { BUY 5405.46@0.80470892} 181816 : { BUY 5405.46@0.80470892} 181815 : { SELL 19503.24@0.8079342} 181814 : { SELL 19503.24@0.8079342} 
Wed Dec 03 02:33:48 EST 2014 , 4 , 2 , 2 , 181817 : { BUY 5405.46@0.80470892} 181816 : { BUY 5405.46@0.80470892} 181815 : { SELL 19503.24@0.8079342} 181814 : { SELL 19503.24@0.8079342} 
Wed Dec 03 02:36:49 EST 2014 , 4 , 2 , 2 , 181817 : { BUY 5405.46@0.80470892} 181816 : { BUY 5405.46@0.80470892} 181815 : { SELL 19503.24@0.8079342} 181814 : { SELL 19503.24@0.8079342} 
Wed Dec 03 02:39:50 EST 2014 , 4 , 2 , 2 , 181817 : { BUY 5405.46@0.80470892} 181816 : { BUY 5405.46@0.80470892} 181815 : { SELL 19503.24@0.8079342} 181814 : { SELL 19503.24@0.8079342} 
Wed Dec 03 02:42:51 EST 2014 , 4 , 2 , 2 , 181817 : { BUY 5405.46@0.80470892} 181816 : { BUY 5405.46@0.80470892} 181815 : { SELL 19503.24@0.8079342} 181814 : { SELL 19503.24@0.8079342} 
Wed Dec 03 02:45:52 EST 2014 , 4 , 2 , 2 , 181817 : { BUY 5405.46@0.80470892} 181816 : { BUY 5405.46@0.80470892} 181815 : { SELL 19503.24@0.8079342} 181814 : { SELL 19503.24@0.8079342} 
Wed Dec 03 02:48:53 EST 2014 , 4 , 2 , 2 , 181817 : { BUY 5405.46@0.80470892} 181816 : { BUY 5405.46@0.80470892} 181815 : { SELL 19503.24@0.8079342} 181814 : { SELL 19503.24@0.8079342} 
Wed Dec 03 02:51:54 EST 2014 , 4 , 2 , 2 , 181817 : { BUY 5405.46@0.80470892} 181816 : { BUY 5405.46@0.80470892} 181815 : { SELL 19503.24@0.8079342} 181814 : { SELL 19503.24@0.8079342} 
Wed Dec 03 02:54:55 EST 2014 , 4 , 2 , 2 , 181817 : { BUY 5405.46@0.80470892} 181816 : { BUY 5405.46@0.80470892} 181815 : { SELL 19503.24@0.8079342} 181814 : { SELL 19503.24@0.8079342} 
Wed Dec 03 02:57:56 EST 2014 , 4 , 2 , 2 , 181817 : { BUY 5405.46@0.80470892} 181816 : { BUY 5405.46@0.80470892} 181815 : { SELL 19503.24@0.8079342} 181814 : { SELL 19503.24@0.8079342} 
Wed Dec 03 03:00:57 EST 2014 , 4 , 2 , 2 , 181817 : { BUY 5405.46@0.80470892} 181816 : { BUY 5405.46@0.80470892} 181815 : { SELL 19503.24@0.8079342} 181814 : { SELL 19503.24@0.8079342} 
Wed Dec 03 03:03:58 EST 2014 , 4 , 2 , 2 , 181817 : { BUY 5405.46@0.80470892} 181816 : { BUY 5405.46@0.80470892} 181815 : { SELL 19503.24@0.8079342} 181814 : { SELL 19503.24@0.8079342} 
Wed Dec 03 03:06:59 EST 2014 , 4 , 2 , 2 , 181817 : { BUY 5405.46@0.80470892} 181816 : { BUY 5405.46@0.80470892} 181815 : { SELL 19503.24@0.8079342} 181814 : { SELL 19503.24@0.8079342} 
Wed Dec 03 03:10:00 EST 2014 , 4 , 2 , 2 , 181817 : { BUY 5405.46@0.80470892} 181816 : { BUY 5405.46@0.80470892} 181815 : { SELL 19503.24@0.8079342} 181814 : { SELL 19503.24@0.8079342} 
Wed Dec 03 03:13:01 EST 2014 , 4 , 2 , 2 , 181817 : { BUY 5405.46@0.80470892} 181816 : { BUY 5405.46@0.80470892} 181815 : { SELL 19503.24@0.8079342} 181814 : { SELL 19503.24@0.8079342} 
Wed Dec 03 03:16:02 EST 2014 , 4 , 2 , 2 , 181817 : { BUY 5405.46@0.80470892} 181816 : { BUY 5405.46@0.80470892} 181815 : { SELL 19503.24@0.8079342} 181814 : { SELL 19503.24@0.8079342} 
Wed Dec 03 03:19:03 EST 2014 , 4 , 2 , 2 , 181817 : { BUY 5405.46@0.80470892} 181816 : { BUY 5405.46@0.80470892} 181815 : { SELL 19503.24@0.8079342} 181814 : { SELL 19503.24@0.8079342} 
Wed Dec 03 03:22:04 EST 2014 , 4 , 2 , 2 , 181817 : { BUY 5405.46@0.80470892} 181816 : { BUY 5405.46@0.80470892} 181815 : { SELL 19503.24@0.8079342} 181814 : { SELL 19503.24@0.8079342} 
Wed Dec 03 03:25:05 EST 2014 , 4 , 2 , 2 , 181817 : { BUY 5405.46@0.80470892} 181816 : { BUY 5405.46@0.80470892} 181815 : { SELL 19503.24@0.8079342} 181814 : { SELL 19503.24@0.8079342} 
Wed Dec 03 03:28:06 EST 2014 , 4 , 2 , 2 , 181817 : { BUY 5405.46@0.80470892} 181816 : { BUY 5405.46@0.80470892} 181815 : { SELL 19503.24@0.8079342} 181814 : { SELL 19503.24@0.8079342} 
Wed Dec 03 03:31:07 EST 2014 , 4 , 2 , 2 , 181817 : { BUY 5405.46@0.80470892} 181816 : { BUY 5405.46@0.80470892} 181815 : { SELL 19503.24@0.8079342} 181814 : { SELL 19503.24@0.8079342} 
Wed Dec 03 03:34:08 EST 2014 , 4 , 2 , 2 , 181817 : { BUY 5405.46@0.80470892} 181816 : { BUY 5405.46@0.80470892} 181815 : { SELL 19503.24@0.8079342} 181814 : { SELL 19503.24@0.8079342} 
Wed Dec 03 03:37:09 EST 2014 , 4 , 2 , 2 , 181817 : { BUY 5405.46@0.80470892} 181816 : { BUY 5405.46@0.80470892} 181815 : { SELL 19503.24@0.8079342} 181814 : { SELL 19503.24@0.8079342} 
Wed Dec 03 03:40:10 EST 2014 , 4 , 2 , 2 , 181817 : { BUY 5405.46@0.80470892} 181816 : { BUY 5405.46@0.80470892} 181815 : { SELL 19503.24@0.8079342} 181814 : { SELL 19503.24@0.8079342} 
Wed Dec 03 03:43:11 EST 2014 , 4 , 2 , 2 , 181817 : { BUY 5405.46@0.80470892} 181816 : { BUY 5405.46@0.80470892} 181815 : { SELL 19503.24@0.8079342} 181814 : { SELL 19503.24@0.8079342} 
Wed Dec 03 03:46:12 EST 2014 , 4 , 2 , 2 , 181817 : { BUY 5405.46@0.80470892} 181816 : { BUY 5405.46@0.80470892} 181815 : { SELL 19503.24@0.8079342} 181814 : { SELL 19503.24@0.8079342} 
Wed Dec 03 03:49:13 EST 2014 , 4 , 2 , 2 , 181817 : { BUY 5405.46@0.80470892} 181816 : { BUY 5405.46@0.80470892} 181815 : { SELL 19503.24@0.8079342} 181814 : { SELL 19503.24@0.8079342} 
Wed Dec 03 03:52:14 EST 2014 , 4 , 2 , 2 , 181817 : { BUY 5405.46@0.80470892} 181816 : { BUY 5405.46@0.80470892} 181815 : { SELL 19503.24@0.8079342} 181814 : { SELL 19503.24@0.8079342} 
Wed Dec 03 03:55:15 EST 2014 , 4 , 2 , 2 , 181817 : { BUY 5405.46@0.80470892} 181816 : { BUY 5405.46@0.80470892} 181815 : { SELL 19503.24@0.8079342} 181814 : { SELL 19503.24@0.8079342} 
Wed Dec 03 03:58:16 EST 2014 , 4 , 2 , 2 , 181817 : { BUY 5405.46@0.80470892} 181816 : { BUY 5405.46@0.80470892} 181815 : { SELL 19503.24@0.8079342} 181814 : { SELL 19503.24@0.8079342} 
Wed Dec 03 04:01:17 EST 2014 , 4 , 2 , 2 , 181817 : { BUY 5405.46@0.80470892} 181816 : { BUY 5405.46@0.80470892} 181815 : { SELL 19503.24@0.8079342} 181814 : { SELL 19503.24@0.8079342} 
Wed Dec 03 04:04:18 EST 2014 , 4 , 2 , 2 , 181817 : { BUY 5405.46@0.80470892} 181816 : { BUY 5405.46@0.80470892} 181815 : { SELL 19503.24@0.8079342} 181814 : { SELL 19503.24@0.8079342} 
Wed Dec 03 04:07:19 EST 2014 , 4 , 2 , 2 , 181817 : { BUY 5405.46@0.80470892} 181816 : { BUY 5405.46@0.80470892} 181815 : { SELL 19503.24@0.8079342} 181814 : { SELL 19503.24@0.8079342} 
Wed Dec 03 04:10:20 EST 2014 , 4 , 2 , 2 , 181817 : { BUY 5405.46@0.80470892} 181816 : { BUY 5405.46@0.80470892} 181815 : { SELL 19503.24@0.8079342} 181814 : { SELL 19503.24@0.8079342} 
Wed Dec 03 04:13:21 EST 2014 , 4 , 2 , 2 , 181817 : { BUY 5405.46@0.80470892} 181816 : { BUY 5405.46@0.80470892} 181815 : { SELL 19503.24@0.8079342} 181814 : { SELL 19503.24@0.8079342} 
Wed Dec 03 04:16:22 EST 2014 , 4 , 2 , 2 , 181817 : { BUY 5405.46@0.80470892} 181816 : { BUY 5405.46@0.80470892} 181815 : { SELL 19503.24@0.8079342} 181814 : { SELL 19503.24@0.8079342} 
Wed Dec 03 04:19:23 EST 2014 , 4 , 2 , 2 , 181817 : { BUY 5405.46@0.80470892} 181816 : { BUY 5405.46@0.80470892} 181815 : { SELL 19503.24@0.8079342} 181814 : { SELL 19503.24@0.8079342} 
Wed Dec 03 04:22:24 EST 2014 , 4 , 2 , 2 , 181817 : { BUY 5405.46@0.80470892} 181816 : { BUY 5405.46@0.80470892} 181815 : { SELL 19503.24@0.8079342} 181814 : { SELL 19503.24@0.8079342} 
Wed Dec 03 04:25:25 EST 2014 , 4 , 2 , 2 , 181817 : { BUY 5405.46@0.80470892} 181816 : { BUY 5405.46@0.80470892} 181815 : { SELL 19503.24@0.8079342} 181814 : { SELL 19503.24@0.8079342} 
Wed Dec 03 04:28:26 EST 2014 , 4 , 2 , 2 , 181817 : { BUY 5405.46@0.80470892} 181816 : { BUY 5405.46@0.80470892} 181815 : { SELL 19503.24@0.8079342} 181814 : { SELL 19503.24@0.8079342} 
Wed Dec 03 04:31:27 EST 2014 , 4 , 2 , 2 , 181817 : { BUY 5405.46@0.80470892} 181816 : { BUY 5405.46@0.80470892} 181815 : { SELL 19503.24@0.8079342} 181814 : { SELL 19503.24@0.8079342} 
Wed Dec 03 04:34:28 EST 2014 , 4 , 2 , 2 , 181817 : { BUY 5405.46@0.80470892} 181816 : { BUY 5405.46@0.80470892} 181815 : { SELL 19503.24@0.8079342} 181814 : { SELL 19503.24@0.8079342} 
Wed Dec 03 04:37:29 EST 2014 , 4 , 2 , 2 , 181817 : { BUY 5405.46@0.80470892} 181816 : { BUY 5405.46@0.80470892} 181815 : { SELL 19503.24@0.8079342} 181814 : { SELL 19503.24@0.8079342} 
Wed Dec 03 04:40:30 EST 2014 , 4 , 2 , 2 , 181817 : { BUY 5405.46@0.80470892} 181816 : { BUY 5405.46@0.80470892} 181815 : { SELL 19503.24@0.8079342} 181814 : { SELL 19503.24@0.8079342} 
Wed Dec 03 04:43:31 EST 2014 , 4 , 2 , 2 , 181817 : { BUY 5405.46@0.80470892} 181816 : { BUY 5405.46@0.80470892} 181815 : { SELL 19503.24@0.8079342} 181814 : { SELL 19503.24@0.8079342} 
Wed Dec 03 04:46:32 EST 2014 , 4 , 2 , 2 , 181817 : { BUY 5405.46@0.80470892} 181816 : { BUY 5405.46@0.80470892} 181815 : { SELL 19503.24@0.8079342} 181814 : { SELL 19503.24@0.8079342} 
Wed Dec 03 04:49:33 EST 2014 , 4 , 2 , 2 , 181817 : { BUY 5405.46@0.80470892} 181816 : { BUY 5405.46@0.80470892} 181815 : { SELL 19503.24@0.8079342} 181814 : { SELL 19503.24@0.8079342} 
Wed Dec 03 04:52:34 EST 2014 , 4 , 2 , 2 , 181817 : { BUY 5405.46@0.80470892} 181816 : { BUY 5405.46@0.80470892} 181815 : { SELL 19503.24@0.8079342} 181814 : { SELL 19503.24@0.8079342} 
Wed Dec 03 04:55:35 EST 2014 , 4 , 2 , 2 , 181817 : { BUY 5405.46@0.80470892} 181816 : { BUY 5405.46@0.80470892} 181815 : { SELL 19503.24@0.8079342} 181814 : { SELL 19503.24@0.8079342} 
Wed Dec 03 04:58:36 EST 2014 , 4 , 2 , 2 , 181817 : { BUY 5405.46@0.80470892} 181816 : { BUY 5405.46@0.80470892} 181815 : { SELL 19503.24@0.8079342} 181814 : { SELL 19503.24@0.8079342} 
Wed Dec 03 05:01:37 EST 2014 , 4 , 2 , 2 , 181817 : { BUY 5405.46@0.80470892} 181816 : { BUY 5405.46@0.80470892} 181815 : { SELL 19503.24@0.8079342} 181814 : { SELL 19503.24@0.8079342} 
Wed Dec 03 05:04:38 EST 2014 , 4 , 2 , 2 , 181817 : { BUY 5405.46@0.80470892} 181816 : { BUY 5405.46@0.80470892} 181815 : { SELL 19503.24@0.8079342} 181814 : { SELL 19503.24@0.8079342} 
Wed Dec 03 05:07:39 EST 2014 , 4 , 2 , 2 , 181817 : { BUY 5405.46@0.80470892} 181816 : { BUY 5405.46@0.80470892} 181815 : { SELL 19503.24@0.8079342} 181814 : { SELL 19503.24@0.8079342} 
Wed Dec 03 05:10:40 EST 2014 , 4 , 2 , 2 , 181817 : { BUY 5405.46@0.80470892} 181816 : { BUY 5405.46@0.80470892} 181815 : { SELL 19503.24@0.8079342} 181814 : { SELL 19503.24@0.8079342} 
Wed Dec 03 05:13:41 EST 2014 , 4 , 2 , 2 , 181817 : { BUY 5405.46@0.80470892} 181816 : { BUY 5405.46@0.80470892} 181815 : { SELL 19503.24@0.8079342} 181814 : { SELL 19503.24@0.8079342} 
Wed Dec 03 05:16:42 EST 2014 , 4 , 2 , 2 , 181817 : { BUY 5405.46@0.80470892} 181816 : { BUY 5405.46@0.80470892} 181815 : { SELL 19503.24@0.8079342} 181814 : { SELL 19503.24@0.8079342} 
Wed Dec 03 05:19:43 EST 2014 , 4 , 2 , 2 , 181817 : { BUY 5405.46@0.80470892} 181816 : { BUY 5405.46@0.80470892} 181815 : { SELL 19503.24@0.8079342} 181814 : { SELL 19503.24@0.8079342} 
Wed Dec 03 05:22:44 EST 2014 , 4 , 2 , 2 , 181817 : { BUY 5405.46@0.80470892} 181816 : { BUY 5405.46@0.80470892} 181815 : { SELL 19503.24@0.8079342} 181814 : { SELL 19503.24@0.8079342} 
Wed Dec 03 05:25:45 EST 2014 , 4 , 2 , 2 , 181817 : { BUY 5405.46@0.80470892} 181816 : { BUY 5405.46@0.80470892} 181815 : { SELL 19503.24@0.8079342} 181814 : { SELL 19503.24@0.8079342} 
Wed Dec 03 05:28:46 EST 2014 , 4 , 2 , 2 , 181817 : { BUY 5405.46@0.80470892} 181816 : { BUY 5405.46@0.80470892} 181815 : { SELL 19503.24@0.8079342} 181814 : { SELL 19503.24@0.8079342} 
Wed Dec 03 05:31:47 EST 2014 , 4 , 2 , 2 , 181817 : { BUY 5405.46@0.80470892} 181816 : { BUY 5405.46@0.80470892} 181815 : { SELL 19503.24@0.8079342} 181814 : { SELL 19503.24@0.8079342} 
Wed Dec 03 05:34:48 EST 2014 , 4 , 2 , 2 , 181817 : { BUY 5405.46@0.80470892} 181816 : { BUY 5405.46@0.80470892} 181815 : { SELL 19503.24@0.8079342} 181814 : { SELL 19503.24@0.8079342} 
Wed Dec 03 05:37:49 EST 2014 , 4 , 2 , 2 , 181817 : { BUY 5405.46@0.80470892} 181816 : { BUY 5405.46@0.80470892} 181815 : { SELL 19503.24@0.8079342} 181814 : { SELL 19503.24@0.8079342} 
Wed Dec 03 05:40:50 EST 2014 , 4 , 2 , 2 , 181817 : { BUY 5405.46@0.80470892} 181816 : { BUY 5405.46@0.80470892} 181815 : { SELL 19503.24@0.8079342} 181814 : { SELL 19503.24@0.8079342} 
Wed Dec 03 05:43:51 EST 2014 , 4 , 2 , 2 , 181817 : { BUY 5405.46@0.80470892} 181816 : { BUY 5405.46@0.80470892} 181815 : { SELL 19503.24@0.8079342} 181814 : { SELL 19503.24@0.8079342} 
Wed Dec 03 05:46:52 EST 2014 , 4 , 2 , 2 , 181817 : { BUY 5405.46@0.80470892} 181816 : { BUY 5405.46@0.80470892} 181815 : { SELL 19503.24@0.8079342} 181814 : { SELL 19503.24@0.8079342} 
Wed Dec 03 05:49:53 EST 2014 , 4 , 2 , 2 , 181817 : { BUY 5405.46@0.80470892} 181816 : { BUY 5405.46@0.80470892} 181815 : { SELL 19503.24@0.8079342} 181814 : { SELL 19503.24@0.8079342} 
Wed Dec 03 05:52:54 EST 2014 , 4 , 2 , 2 , 181817 : { BUY 5405.46@0.80470892} 181816 : { BUY 5405.46@0.80470892} 181815 : { SELL 19503.24@0.8079342} 181814 : { SELL 19503.24@0.8079342} 
Wed Dec 03 05:55:55 EST 2014 , 4 , 2 , 2 , 181817 : { BUY 5405.46@0.80470892} 181816 : { BUY 5405.46@0.80470892} 181815 : { SELL 19503.24@0.8079342} 181814 : { SELL 19503.24@0.8079342} 
Wed Dec 03 05:58:56 EST 2014 , 4 , 2 , 2 , 181817 : { BUY 5405.46@0.80470892} 181816 : { BUY 5405.46@0.80470892} 181815 : { SELL 19503.24@0.8079342} 181814 : { SELL 19503.24@0.8079342} 
Wed Dec 03 06:01:57 EST 2014 , 4 , 2 , 2 , 181817 : { BUY 5405.46@0.80470892} 181816 : { BUY 5405.46@0.80470892} 181815 : { SELL 19503.24@0.8079342} 181814 : { SELL 19503.24@0.8079342} 
Wed Dec 03 06:04:58 EST 2014 , 4 , 2 , 2 , 181817 : { BUY 5405.46@0.80470892} 181816 : { BUY 5405.46@0.80470892} 181815 : { SELL 19503.24@0.8079342} 181814 : { SELL 19503.24@0.8079342} 
Wed Dec 03 06:07:59 EST 2014 , 4 , 2 , 2 , 181817 : { BUY 5405.46@0.80470892} 181816 : { BUY 5405.46@0.80470892} 181815 : { SELL 19503.24@0.8079342} 181814 : { SELL 19503.24@0.8079342} 
Wed Dec 03 06:11:00 EST 2014 , 4 , 2 , 2 , 181817 : { BUY 5405.46@0.80470892} 181816 : { BUY 5405.46@0.80470892} 181815 : { SELL 19503.24@0.8079342} 181814 : { SELL 19503.24@0.8079342} 
Wed Dec 03 06:14:01 EST 2014 , 4 , 2 , 2 , 181817 : { BUY 5405.46@0.80470892} 181816 : { BUY 5405.46@0.80470892} 181815 : { SELL 19503.24@0.8079342} 181814 : { SELL 19503.24@0.8079342} 
Wed Dec 03 06:17:02 EST 2014 , 4 , 2 , 2 , 181817 : { BUY 5405.46@0.80470892} 181816 : { BUY 5405.46@0.80470892} 181815 : { SELL 19503.24@0.8079342} 181814 : { SELL 19503.24@0.8079342} 
Wed Dec 03 06:20:03 EST 2014 , 4 , 2 , 2 , 181817 : { BUY 5405.46@0.80470892} 181816 : { BUY 5405.46@0.80470892} 181815 : { SELL 19503.24@0.8079342} 181814 : { SELL 19503.24@0.8079342} 
Wed Dec 03 06:23:04 EST 2014 , 4 , 2 , 2 , 181817 : { BUY 5405.46@0.80470892} 181816 : { BUY 5405.46@0.80470892} 181815 : { SELL 19503.24@0.8079342} 181814 : { SELL 19503.24@0.8079342} 
Wed Dec 03 06:26:05 EST 2014 , 4 , 2 , 2 , 181817 : { BUY 5405.46@0.80470892} 181816 : { BUY 5405.46@0.80470892} 181815 : { SELL 19503.24@0.8079342} 181814 : { SELL 19503.24@0.8079342} 
Wed Dec 03 06:29:06 EST 2014 , 4 , 2 , 2 , 181817 : { BUY 5405.46@0.80470892} 181816 : { BUY 5405.46@0.80470892} 181815 : { SELL 19503.24@0.8079342} 181814 : { SELL 19503.24@0.8079342} 
Wed Dec 03 06:32:07 EST 2014 , 4 , 2 , 2 , 181817 : { BUY 5405.46@0.80470892} 181816 : { BUY 5405.46@0.80470892} 181815 : { SELL 19503.24@0.8079342} 181814 : { SELL 19503.24@0.8079342} 
Wed Dec 03 06:35:08 EST 2014 , 4 , 2 , 2 , 181817 : { BUY 5405.46@0.80470892} 181816 : { BUY 5405.46@0.80470892} 181815 : { SELL 19503.24@0.8079342} 181814 : { SELL 19503.24@0.8079342} 
Wed Dec 03 06:38:09 EST 2014 , 4 , 2 , 2 , 181817 : { BUY 5405.46@0.80470892} 181816 : { BUY 5405.46@0.80470892} 181815 : { SELL 19503.24@0.8079342} 181814 : { SELL 19503.24@0.8079342} 
Wed Dec 03 06:41:10 EST 2014 , 4 , 2 , 2 , 181817 : { BUY 5405.46@0.80470892} 181816 : { BUY 5405.46@0.80470892} 181815 : { SELL 19503.24@0.8079342} 181814 : { SELL 19503.24@0.8079342} 
Wed Dec 03 06:44:11 EST 2014 , 4 , 2 , 2 , 181817 : { BUY 5405.46@0.80470892} 181816 : { BUY 5405.46@0.80470892} 181815 : { SELL 19503.24@0.8079342} 181814 : { SELL 19503.24@0.8079342} 
Wed Dec 03 06:47:12 EST 2014 , 4 , 2 , 2 , 181817 : { BUY 5405.46@0.80470892} 181816 : { BUY 5405.46@0.80470892} 181815 : { SELL 19503.24@0.8079342} 181814 : { SELL 19503.24@0.8079342} 
Wed Dec 03 06:50:13 EST 2014 , 4 , 2 , 2 , 181817 : { BUY 5405.46@0.80470892} 181816 : { BUY 5405.46@0.80470892} 181815 : { SELL 19503.24@0.8079342} 181814 : { SELL 19503.24@0.8079342} 
Wed Dec 03 06:53:14 EST 2014 , 4 , 2 , 2 , 181817 : { BUY 5405.46@0.80470892} 181816 : { BUY 5405.46@0.80470892} 181815 : { SELL 19503.24@0.8079342} 181814 : { SELL 19503.24@0.8079342} 
Wed Dec 03 06:56:15 EST 2014 , 4 , 2 , 2 , 181817 : { BUY 5405.46@0.80470892} 181816 : { BUY 5405.46@0.80470892} 181815 : { SELL 19503.24@0.8079342} 181814 : { SELL 19503.24@0.8079342} 
Wed Dec 03 06:59:16 EST 2014 , 4 , 2 , 2 , 181817 : { BUY 5405.46@0.80470892} 181816 : { BUY 5405.46@0.80470892} 181815 : { SELL 19503.24@0.8079342} 181814 : { SELL 19503.24@0.8079342} 
Wed Dec 03 07:02:17 EST 2014 , 4 , 2 , 2 , 181817 : { BUY 5405.46@0.80470892} 181816 : { BUY 5405.46@0.80470892} 181815 : { SELL 19503.24@0.8079342} 181814 : { SELL 19503.24@0.8079342} 
Wed Dec 03 07:05:18 EST 2014 , 4 , 2 , 2 , 181817 : { BUY 5405.46@0.80470892} 181816 : { BUY 5405.46@0.80470892} 181815 : { SELL 19503.24@0.8079342} 181814 : { SELL 19503.24@0.8079342} 
Wed Dec 03 07:08:20 EST 2014 , 4 , 2 , 2 , 181817 : { BUY 5405.46@0.80470892} 181816 : { BUY 5405.46@0.80470892} 181815 : { SELL 19503.24@0.8079342} 181814 : { SELL 19503.24@0.8079342} 
Wed Dec 03 07:11:20 EST 2014 , 4 , 2 , 2 , 181817 : { BUY 5405.46@0.80470892} 181816 : { BUY 5405.46@0.80470892} 181815 : { SELL 19503.24@0.8079342} 181814 : { SELL 19503.24@0.8079342} 
Wed Dec 03 07:14:21 EST 2014 , 4 , 2 , 2 , 181817 : { BUY 5405.46@0.80470892} 181816 : { BUY 5405.46@0.80470892} 181815 : { SELL 19503.24@0.8079342} 181814 : { SELL 19503.24@0.8079342} 
Wed Dec 03 07:17:22 EST 2014 , 4 , 2 , 2 , 181817 : { BUY 5405.46@0.80470892} 181816 : { BUY 5405.46@0.80470892} 181815 : { SELL 19503.24@0.8079342} 181814 : { SELL 19503.24@0.8079342} 
Wed Dec 03 07:20:23 EST 2014 , 4 , 2 , 2 , 181817 : { BUY 5405.46@0.80470892} 181816 : { BUY 5405.46@0.80470892} 181815 : { SELL 19503.24@0.8079342} 181814 : { SELL 19503.24@0.8079342} 
Wed Dec 03 07:23:24 EST 2014 , 4 , 2 , 2 , 181817 : { BUY 5405.46@0.80470892} 181816 : { BUY 5405.46@0.80470892} 181815 : { SELL 19503.24@0.8079342} 181814 : { SELL 19503.24@0.8079342} 
Wed Dec 03 07:26:25 EST 2014 , 4 , 2 , 2 , 181817 : { BUY 5405.46@0.80470892} 181816 : { BUY 5405.46@0.80470892} 181815 : { SELL 19503.24@0.8079342} 181814 : { SELL 19503.24@0.8079342} 
Wed Dec 03 07:29:26 EST 2014 , 4 , 2 , 2 , 181817 : { BUY 5405.46@0.80470892} 181816 : { BUY 5405.46@0.80470892} 181815 : { SELL 19503.24@0.8079342} 181814 : { SELL 19503.24@0.8079342} 
Wed Dec 03 07:32:27 EST 2014 , 4 , 2 , 2 , 181817 : { BUY 5405.46@0.80470892} 181816 : { BUY 5405.46@0.80470892} 181815 : { SELL 19503.24@0.8079342} 181814 : { SELL 19503.24@0.8079342} 
Wed Dec 03 07:35:28 EST 2014 , 4 , 2 , 2 , 181817 : { BUY 5405.46@0.80470892} 181816 : { BUY 5405.46@0.80470892} 181815 : { SELL 19503.24@0.8079342} 181814 : { SELL 19503.24@0.8079342} 
Wed Dec 03 07:38:29 EST 2014 , 4 , 2 , 2 , 181817 : { BUY 5405.46@0.80470892} 181816 : { BUY 5405.46@0.80470892} 181815 : { SELL 19503.24@0.8079342} 181814 : { SELL 19503.24@0.8079342} 
Wed Dec 03 07:41:30 EST 2014 , 4 , 2 , 2 , 181817 : { BUY 5405.46@0.80470892} 181816 : { BUY 5405.46@0.80470892} 181815 : { SELL 19503.24@0.8079342} 181814 : { SELL 19503.24@0.8079342} 
Wed Dec 03 07:44:31 EST 2014 , 4 , 2 , 2 , 181817 : { BUY 5405.46@0.80470892} 181816 : { BUY 5405.46@0.80470892} 181815 : { SELL 19503.24@0.8079342} 181814 : { SELL 19503.24@0.8079342} 
Wed Dec 03 07:47:32 EST 2014 , 4 , 2 , 2 , 181817 : { BUY 5405.46@0.80470892} 181816 : { BUY 5405.46@0.80470892} 181815 : { SELL 19503.24@0.8079342} 181814 : { SELL 19503.24@0.8079342} 
Wed Dec 03 07:50:33 EST 2014 , 4 , 2 , 2 , 181817 : { BUY 5405.46@0.80470892} 181816 : { BUY 5405.46@0.80470892} 181815 : { SELL 19503.24@0.8079342} 181814 : { SELL 19503.24@0.8079342} 
Wed Dec 03 07:53:34 EST 2014 , 4 , 2 , 2 , 181817 : { BUY 5405.46@0.80470892} 181816 : { BUY 5405.46@0.80470892} 181815 : { SELL 19503.24@0.8079342} 181814 : { SELL 19503.24@0.8079342} 
Wed Dec 03 07:56:35 EST 2014 , 4 , 2 , 2 , 181817 : { BUY 5405.46@0.80470892} 181816 : { BUY 5405.46@0.80470892} 181815 : { SELL 19503.24@0.8079342} 181814 : { SELL 19503.24@0.8079342} 
Wed Dec 03 07:59:36 EST 2014 , 4 , 2 , 2 , 181817 : { BUY 5405.46@0.80470892} 181816 : { BUY 5405.46@0.80470892} 181815 : { SELL 19503.24@0.8079342} 181814 : { SELL 19503.24@0.8079342} 
Wed Dec 03 08:02:37 EST 2014 , 4 , 2 , 2 , 181817 : { BUY 5405.46@0.80470892} 181816 : { BUY 5405.46@0.80470892} 181815 : { SELL 19503.24@0.8079342} 181814 : { SELL 19503.24@0.8079342} 
Wed Dec 03 08:05:38 EST 2014 , 4 , 2 , 2 , 181817 : { BUY 5405.46@0.80470892} 181816 : { BUY 5405.46@0.80470892} 181815 : { SELL 19503.24@0.8079342} 181814 : { SELL 19503.24@0.8079342} 
Wed Dec 03 08:08:39 EST 2014 , 4 , 2 , 2 , 181817 : { BUY 5405.46@0.80470892} 181816 : { BUY 5405.46@0.80470892} 181815 : { SELL 19503.24@0.8079342} 181814 : { SELL 19503.24@0.8079342} 
Wed Dec 03 08:11:40 EST 2014 , 4 , 2 , 2 , 181817 : { BUY 5405.46@0.80470892} 181816 : { BUY 5405.46@0.80470892} 181815 : { SELL 19503.24@0.8079342} 181814 : { SELL 19503.24@0.8079342} 
Wed Dec 03 08:14:41 EST 2014 , 4 , 2 , 2 , 181817 : { BUY 5405.46@0.80470892} 181816 : { BUY 5405.46@0.80470892} 181815 : { SELL 19503.24@0.8079342} 181814 : { SELL 19503.24@0.8079342} 
Wed Dec 03 08:17:42 EST 2014 , 4 , 2 , 2 , 181817 : { BUY 5405.46@0.80470892} 181816 : { BUY 5405.46@0.80470892} 181815 : { SELL 19503.24@0.8079342} 181814 : { SELL 19503.24@0.8079342} 
Wed Dec 03 08:20:43 EST 2014 , 4 , 2 , 2 , 181817 : { BUY 5405.46@0.80470892} 181816 : { BUY 5405.46@0.80470892} 181815 : { SELL 19503.24@0.8079342} 181814 : { SELL 19503.24@0.8079342} 
Wed Dec 03 08:23:44 EST 2014 , 4 , 2 , 2 , 181817 : { BUY 5405.46@0.80470892} 181816 : { BUY 5405.46@0.80470892} 181815 : { SELL 19503.24@0.8079342} 181814 : { SELL 19503.24@0.8079342} 
Wed Dec 03 08:26:45 EST 2014 , 4 , 2 , 2 , 181817 : { BUY 5405.46@0.80470892} 181816 : { BUY 5405.46@0.80470892} 181815 : { SELL 19503.24@0.8079342} 181814 : { SELL 19503.24@0.8079342} 
Wed Dec 03 08:29:46 EST 2014 , 4 , 2 , 2 , 181817 : { BUY 5405.46@0.80470892} 181816 : { BUY 5405.46@0.80470892} 181815 : { SELL 19503.24@0.8079342} 181814 : { SELL 19503.24@0.8079342} 
Wed Dec 03 08:32:47 EST 2014 , 4 , 2 , 2 , 181817 : { BUY 5405.46@0.80470892} 181816 : { BUY 5405.46@0.80470892} 181815 : { SELL 19503.24@0.8079342} 181814 : { SELL 19503.24@0.8079342} 
Wed Dec 03 08:35:48 EST 2014 , 4 , 2 , 2 , 181817 : { BUY 5405.46@0.80470892} 181816 : { BUY 5405.46@0.80470892} 181815 : { SELL 19503.24@0.8079342} 181814 : { SELL 19503.24@0.8079342} 
Wed Dec 03 08:38:49 EST 2014 , 4 , 2 , 2 , 181817 : { BUY 5405.46@0.80470892} 181816 : { BUY 5405.46@0.80470892} 181815 : { SELL 19503.24@0.8079342} 181814 : { SELL 19503.24@0.8079342} 
Wed Dec 03 08:41:50 EST 2014 , 4 , 2 , 2 , 181817 : { BUY 5405.46@0.80470892} 181816 : { BUY 5405.46@0.80470892} 181815 : { SELL 19503.24@0.8079342} 181814 : { SELL 19503.24@0.8079342} 
Wed Dec 03 08:44:51 EST 2014 , 4 , 2 , 2 , 181817 : { BUY 5405.46@0.80470892} 181816 : { BUY 5405.46@0.80470892} 181815 : { SELL 19503.24@0.8079342} 181814 : { SELL 19503.24@0.8079342} 
Wed Dec 03 08:47:52 EST 2014 , 4 , 2 , 2 , 181817 : { BUY 5405.46@0.80470892} 181816 : { BUY 5405.46@0.80470892} 181815 : { SELL 19503.24@0.8079342} 181814 : { SELL 19503.24@0.8079342} 
Wed Dec 03 08:50:53 EST 2014 , 4 , 2 , 2 , 181817 : { BUY 5405.46@0.80470892} 181816 : { BUY 5405.46@0.80470892} 181815 : { SELL 19503.24@0.8079342} 181814 : { SELL 19503.24@0.8079342} 
Wed Dec 03 08:53:54 EST 2014 , 4 , 2 , 2 , 181817 : { BUY 5405.46@0.80470892} 181816 : { BUY 5405.46@0.80470892} 181815 : { SELL 19503.24@0.8079342} 181814 : { SELL 19503.24@0.8079342} 
Wed Dec 03 08:56:55 EST 2014 , 4 , 2 , 2 , 181817 : { BUY 5405.46@0.80470892} 181816 : { BUY 5405.46@0.80470892} 181815 : { SELL 19503.24@0.8079342} 181814 : { SELL 19503.24@0.8079342} 
Wed Dec 03 08:59:56 EST 2014 , 4 , 2 , 2 , 181817 : { BUY 5405.46@0.80470892} 181816 : { BUY 5405.46@0.80470892} 181815 : { SELL 19503.24@0.8079342} 181814 : { SELL 19503.24@0.8079342} 
Wed Dec 03 09:02:57 EST 2014 , 4 , 2 , 2 , 181817 : { BUY 5405.46@0.80470892} 181816 : { BUY 5405.46@0.80470892} 181815 : { SELL 19503.24@0.8079342} 181814 : { SELL 19503.24@0.8079342} 
Wed Dec 03 09:05:58 EST 2014 , 4 , 2 , 2 , 181817 : { BUY 5405.46@0.80470892} 181816 : { BUY 5405.46@0.80470892} 181815 : { SELL 19503.24@0.8079342} 181814 : { SELL 19503.24@0.8079342} 
Wed Dec 03 09:08:59 EST 2014 , 4 , 2 , 2 , 181817 : { BUY 5405.46@0.80470892} 181816 : { BUY 5405.46@0.80470892} 181815 : { SELL 19503.24@0.8079342} 181814 : { SELL 19503.24@0.8079342} 
Wed Dec 03 09:12:00 EST 2014 , 4 , 2 , 2 , 181817 : { BUY 5405.46@0.80470892} 181816 : { BUY 5405.46@0.80470892} 181815 : { SELL 19503.24@0.8079342} 181814 : { SELL 19503.24@0.8079342} 
Wed Dec 03 09:15:01 EST 2014 , 4 , 2 , 2 , 181817 : { BUY 5405.46@0.80470892} 181816 : { BUY 5405.46@0.80470892} 181815 : { SELL 19503.24@0.8079342} 181814 : { SELL 19503.24@0.8079342} 
Wed Dec 03 09:18:02 EST 2014 , 4 , 2 , 2 , 181817 : { BUY 5405.46@0.80470892} 181816 : { BUY 5405.46@0.80470892} 181815 : { SELL 19503.24@0.8079342} 181814 : { SELL 19503.24@0.8079342} 
Wed Dec 03 09:21:03 EST 2014 , 4 , 2 , 2 , 181817 : { BUY 5405.46@0.80470892} 181816 : { BUY 5405.46@0.80470892} 181815 : { SELL 19503.24@0.8079342} 181814 : { SELL 19503.24@0.8079342} 
Wed Dec 03 09:24:04 EST 2014 , 4 , 2 , 2 , 181817 : { BUY 5405.46@0.80470892} 181816 : { BUY 5405.46@0.80470892} 181815 : { SELL 19503.24@0.8079342} 181814 : { SELL 19503.24@0.8079342} 
Wed Dec 03 09:27:05 EST 2014 , 4 , 2 , 2 , 181817 : { BUY 5405.46@0.80470892} 181816 : { BUY 5405.46@0.80470892} 181815 : { SELL 19503.24@0.8079342} 181814 : { SELL 19503.24@0.8079342} 
Wed Dec 03 09:30:06 EST 2014 , 4 , 2 , 2 , 181817 : { BUY 5405.46@0.80470892} 181816 : { BUY 5405.46@0.80470892} 181815 : { SELL 19503.24@0.8079342} 181814 : { SELL 19503.24@0.8079342} 
Wed Dec 03 09:33:07 EST 2014 , 4 , 2 , 2 , 181817 : { BUY 5405.46@0.80470892} 181816 : { BUY 5405.46@0.80470892} 181815 : { SELL 19503.24@0.8079342} 181814 : { SELL 19503.24@0.8079342} 
Wed Dec 03 09:36:08 EST 2014 , 4 , 2 , 2 , 181817 : { BUY 5405.46@0.80470892} 181816 : { BUY 5405.46@0.80470892} 181815 : { SELL 19503.24@0.8079342} 181814 : { SELL 19503.24@0.8079342} 
Wed Dec 03 09:39:09 EST 2014 , 4 , 2 , 2 , 181817 : { BUY 5405.46@0.80470892} 181816 : { BUY 5405.46@0.80470892} 181815 : { SELL 19503.24@0.8079342} 181814 : { SELL 19503.24@0.8079342} 
Wed Dec 03 09:42:10 EST 2014 , 4 , 2 , 2 , 181817 : { BUY 5405.46@0.80470892} 181816 : { BUY 5405.46@0.80470892} 181815 : { SELL 19503.24@0.8079342} 181814 : { SELL 19503.24@0.8079342} 
Wed Dec 03 09:45:11 EST 2014 , 4 , 2 , 2 , 181817 : { BUY 5405.46@0.80470892} 181816 : { BUY 5405.46@0.80470892} 181815 : { SELL 19503.24@0.8079342} 181814 : { SELL 19503.24@0.8079342} 
Wed Dec 03 09:48:12 EST 2014 , 4 , 2 , 2 , 181817 : { BUY 5405.46@0.80470892} 181816 : { BUY 5405.46@0.80470892} 181815 : { SELL 19503.24@0.8079342} 181814 : { SELL 19503.24@0.8079342} 
Wed Dec 03 09:51:13 EST 2014 , 4 , 2 , 2 , 181817 : { BUY 5405.46@0.80470892} 181816 : { BUY 5405.46@0.80470892} 181815 : { SELL 19503.24@0.8079342} 181814 : { SELL 19503.24@0.8079342} 
Wed Dec 03 09:54:14 EST 2014 , 4 , 2 , 2 , 181817 : { BUY 5405.46@0.80470892} 181816 : { BUY 5405.46@0.80470892} 181815 : { SELL 19503.24@0.8079342} 181814 : { SELL 19503.24@0.8079342} 
Wed Dec 03 09:57:15 EST 2014 , 4 , 2 , 2 , 181817 : { BUY 5405.46@0.80470892} 181816 : { BUY 5405.46@0.80470892} 181815 : { SELL 19503.24@0.8079342} 181814 : { SELL 19503.24@0.8079342} 
Wed Dec 03 10:00:16 EST 2014 , 4 , 2 , 2 , 181817 : { BUY 5405.46@0.80470892} 181816 : { BUY 5405.46@0.80470892} 181815 : { SELL 19503.24@0.8079342} 181814 : { SELL 19503.24@0.8079342} 
Wed Dec 03 10:03:17 EST 2014 , 4 , 2 , 2 , 181817 : { BUY 5405.46@0.80470892} 181816 : { BUY 5405.46@0.80470892} 181815 : { SELL 19503.24@0.8079342} 181814 : { SELL 19503.24@0.8079342} 
Wed Dec 03 10:06:18 EST 2014 , 4 , 2 , 2 , 181817 : { BUY 5405.46@0.80470892} 181816 : { BUY 5405.46@0.80470892} 181815 : { SELL 19503.24@0.8079342} 181814 : { SELL 19503.24@0.8079342} 
Wed Dec 03 10:09:19 EST 2014 , 4 , 2 , 2 , 181817 : { BUY 5405.46@0.80470892} 181816 : { BUY 5405.46@0.80470892} 181815 : { SELL 19503.24@0.8079342} 181814 : { SELL 19503.24@0.8079342} 
Wed Dec 03 10:12:20 EST 2014 , 4 , 2 , 2 , 181817 : { BUY 5405.46@0.80470892} 181816 : { BUY 5405.46@0.80470892} 181815 : { SELL 19503.24@0.8079342} 181814 : { SELL 19503.24@0.8079342} 
Wed Dec 03 10:15:21 EST 2014 , 4 , 2 , 2 , 181817 : { BUY 5405.46@0.80470892} 181816 : { BUY 5405.46@0.80470892} 181815 : { SELL 19503.24@0.8079342} 181814 : { SELL 19503.24@0.8079342} 
Wed Dec 03 10:18:22 EST 2014 , 4 , 2 , 2 , 181817 : { BUY 5405.46@0.80470892} 181816 : { BUY 5405.46@0.80470892} 181815 : { SELL 19503.24@0.8079342} 181814 : { SELL 19503.24@0.8079342} 
Wed Dec 03 10:21:23 EST 2014 , 4 , 2 , 2 , 181817 : { BUY 5405.46@0.80470892} 181816 : { BUY 5405.46@0.80470892} 181815 : { SELL 19503.24@0.8079342} 181814 : { SELL 19503.24@0.8079342} 
Wed Dec 03 10:24:24 EST 2014 , 4 , 2 , 2 , 181817 : { BUY 5405.46@0.80470892} 181816 : { BUY 5405.46@0.80470892} 181815 : { SELL 19503.24@0.8079342} 181814 : { SELL 19503.24@0.8079342} 
Wed Dec 03 10:27:25 EST 2014 , 4 , 2 , 2 , 181817 : { BUY 5405.46@0.80470892} 181816 : { BUY 5405.46@0.80470892} 181815 : { SELL 19503.24@0.8079342} 181814 : { SELL 19503.24@0.8079342} 
Wed Dec 03 10:30:26 EST 2014 , 4 , 2 , 2 , 181817 : { BUY 5405.46@0.80470892} 181816 : { BUY 5405.46@0.80470892} 181815 : { SELL 19503.24@0.8079342} 181814 : { SELL 19503.24@0.8079342} 
Wed Dec 03 10:33:27 EST 2014 , 4 , 2 , 2 , 181817 : { BUY 5405.46@0.80470892} 181816 : { BUY 5405.46@0.80470892} 181815 : { SELL 19503.24@0.8079342} 181814 : { SELL 19503.24@0.8079342} 
Wed Dec 03 10:36:28 EST 2014 , 4 , 2 , 2 , 181817 : { BUY 5405.46@0.80470892} 181816 : { BUY 5405.46@0.80470892} 181815 : { SELL 19503.24@0.8079342} 181814 : { SELL 19503.24@0.8079342} 
Wed Dec 03 10:39:29 EST 2014 , 4 , 2 , 2 , 181817 : { BUY 5405.46@0.80470892} 181816 : { BUY 5405.46@0.80470892} 181815 : { SELL 19503.24@0.8079342} 181814 : { SELL 19503.24@0.8079342} 
Wed Dec 03 10:42:30 EST 2014 , 4 , 2 , 2 , 181817 : { BUY 5405.46@0.80470892} 181816 : { BUY 5405.46@0.80470892} 181815 : { SELL 19503.24@0.8079342} 181814 : { SELL 19503.24@0.8079342} 
Wed Dec 03 10:45:31 EST 2014 , 4 , 2 , 2 , 181817 : { BUY 5405.46@0.80470892} 181816 : { BUY 5405.46@0.80470892} 181815 : { SELL 19503.24@0.8079342} 181814 : { SELL 19503.24@0.8079342} 
Wed Dec 03 10:48:32 EST 2014 , 4 , 2 , 2 , 181817 : { BUY 5405.46@0.80470892} 181816 : { BUY 5405.46@0.80470892} 181815 : { SELL 19503.24@0.8079342} 181814 : { SELL 19503.24@0.8079342} 
Wed Dec 03 10:51:33 EST 2014 , 4 , 2 , 2 , 181817 : { BUY 5405.46@0.80470892} 181816 : { BUY 5405.46@0.80470892} 181815 : { SELL 19503.24@0.8079342} 181814 : { SELL 19503.24@0.8079342} 
Wed Dec 03 10:54:34 EST 2014 , 4 , 2 , 2 , 181817 : { BUY 5405.46@0.80470892} 181816 : { BUY 5405.46@0.80470892} 181815 : { SELL 19503.24@0.8079342} 181814 : { SELL 19503.24@0.8079342} 
Wed Dec 03 10:57:35 EST 2014 , 4 , 2 , 2 , 181817 : { BUY 5405.46@0.80470892} 181816 : { BUY 5405.46@0.80470892} 181815 : { SELL 19503.24@0.8079342} 181814 : { SELL 19503.24@0.8079342} 
Wed Dec 03 11:00:36 EST 2014 , 4 , 2 , 2 , 181817 : { BUY 5405.46@0.80470892} 181816 : { BUY 5405.46@0.80470892} 181815 : { SELL 19503.24@0.8079342} 181814 : { SELL 19503.24@0.8079342} 
Wed Dec 03 11:03:37 EST 2014 , 4 , 2 , 2 , 181817 : { BUY 5405.46@0.80470892} 181816 : { BUY 5405.46@0.80470892} 181815 : { SELL 19503.24@0.8079342} 181814 : { SELL 19503.24@0.8079342} 
Wed Dec 03 11:06:38 EST 2014 , 4 , 2 , 2 , 181817 : { BUY 5405.46@0.80470892} 181816 : { BUY 5405.46@0.80470892} 181815 : { SELL 19503.24@0.8079342} 181814 : { SELL 19503.24@0.8079342} 
Wed Dec 03 11:09:39 EST 2014 , 4 , 2 , 2 , 181817 : { BUY 5405.46@0.80470892} 181816 : { BUY 5405.46@0.80470892} 181815 : { SELL 19503.24@0.8079342} 181814 : { SELL 19503.24@0.8079342} 
Wed Dec 03 11:12:40 EST 2014 , 4 , 2 , 2 , 181817 : { BUY 5405.46@0.80470892} 181816 : { BUY 5405.46@0.80470892} 181815 : { SELL 19503.24@0.8079342} 181814 : { SELL 19503.24@0.8079342} 
Wed Dec 03 11:15:41 EST 2014 , 4 , 2 , 2 , 181817 : { BUY 5405.46@0.80470892} 181816 : { BUY 5405.46@0.80470892} 181815 : { SELL 19503.24@0.8079342} 181814 : { SELL 19503.24@0.8079342} 
Wed Dec 03 11:18:42 EST 2014 , 4 , 2 , 2 , 181817 : { BUY 5405.46@0.80470892} 181816 : { BUY 5405.46@0.80470892} 181815 : { SELL 19503.24@0.8079342} 181814 : { SELL 19503.24@0.8079342} 
Wed Dec 03 11:21:43 EST 2014 , 4 , 2 , 2 , 181817 : { BUY 5405.46@0.80470892} 181816 : { BUY 5405.46@0.80470892} 181815 : { SELL 19503.24@0.8079342} 181814 : { SELL 19503.24@0.8079342} 
Wed Dec 03 11:24:44 EST 2014 , 4 , 2 , 2 , 181817 : { BUY 5405.46@0.80470892} 181816 : { BUY 5405.46@0.80470892} 181815 : { SELL 19503.24@0.8079342} 181814 : { SELL 19503.24@0.8079342} 
Wed Dec 03 11:27:45 EST 2014 , 4 , 2 , 2 , 181817 : { BUY 5405.46@0.80470892} 181816 : { BUY 5405.46@0.80470892} 181815 : { SELL 19503.24@0.8079342} 181814 : { SELL 19503.24@0.8079342} 
Wed Dec 03 11:30:46 EST 2014 , 4 , 2 , 2 , 181817 : { BUY 5405.46@0.80470892} 181816 : { BUY 5405.46@0.80470892} 181815 : { SELL 19503.24@0.8079342} 181814 : { SELL 19503.24@0.8079342} 
Wed Dec 03 11:33:47 EST 2014 , 4 , 2 , 2 , 181817 : { BUY 5405.46@0.80470892} 181816 : { BUY 5405.46@0.80470892} 181815 : { SELL 19503.24@0.8079342} 181814 : { SELL 19503.24@0.8079342} 
Wed Dec 03 11:36:48 EST 2014 , 4 , 2 , 2 , 181817 : { BUY 5405.46@0.80470892} 181816 : { BUY 5405.46@0.80470892} 181815 : { SELL 19503.24@0.8079342} 181814 : { SELL 19503.24@0.8079342} 
Wed Dec 03 11:39:49 EST 2014 , 4 , 2 , 2 , 181817 : { BUY 5405.46@0.80470892} 181816 : { BUY 5405.46@0.80470892} 181815 : { SELL 19503.24@0.8079342} 181814 : { SELL 19503.24@0.8079342} 
Wed Dec 03 11:42:50 EST 2014 , 4 , 2 , 2 , 181817 : { BUY 5405.46@0.80470892} 181816 : { BUY 5405.46@0.80470892} 181815 : { SELL 19503.24@0.8079342} 181814 : { SELL 19503.24@0.8079342} 
Wed Dec 03 11:45:51 EST 2014 , 4 , 2 , 2 , 181817 : { BUY 5405.46@0.80470892} 181816 : { BUY 5405.46@0.80470892} 181815 : { SELL 19503.24@0.8079342} 181814 : { SELL 19503.24@0.8079342} 
Wed Dec 03 11:48:52 EST 2014 , 4 , 2 , 2 , 181817 : { BUY 5405.46@0.80470892} 181816 : { BUY 5405.46@0.80470892} 181815 : { SELL 19503.24@0.8079342} 181814 : { SELL 19503.24@0.8079342} 
Wed Dec 03 11:51:53 EST 2014 , 4 , 2 , 2 , 181817 : { BUY 5405.46@0.80470892} 181816 : { BUY 5405.46@0.80470892} 181815 : { SELL 19503.24@0.8079342} 181814 : { SELL 19503.24@0.8079342} 
Wed Dec 03 11:54:54 EST 2014 , 4 , 2 , 2 , 181817 : { BUY 5405.46@0.80470892} 181816 : { BUY 5405.46@0.80470892} 181815 : { SELL 19503.24@0.8079342} 181814 : { SELL 19503.24@0.8079342} 
Wed Dec 03 11:57:55 EST 2014 , 4 , 2 , 2 , 181817 : { BUY 5405.46@0.80470892} 181816 : { BUY 5405.46@0.80470892} 181815 : { SELL 19503.24@0.8079342} 181814 : { SELL 19503.24@0.8079342} 
Wed Dec 03 12:00:56 EST 2014 , 4 , 2 , 2 , 181817 : { BUY 5405.46@0.80470892} 181816 : { BUY 5405.46@0.80470892} 181815 : { SELL 19503.24@0.8079342} 181814 : { SELL 19503.24@0.8079342} 
Wed Dec 03 12:03:57 EST 2014 , 4 , 2 , 2 , 181817 : { BUY 5405.46@0.80470892} 181816 : { BUY 5405.46@0.80470892} 181815 : { SELL 19503.24@0.8079342} 181814 : { SELL 19503.24@0.8079342} 
Wed Dec 03 12:06:58 EST 2014 , 4 , 2 , 2 , 181817 : { BUY 5405.46@0.80470892} 181816 : { BUY 5405.46@0.80470892} 181815 : { SELL 19503.24@0.8079342} 181814 : { SELL 19503.24@0.8079342} 
Wed Dec 03 12:10:00 EST 2014 , 4 , 2 , 2 , 181817 : { BUY 5405.46@0.80470892} 181816 : { BUY 5405.46@0.80470892} 181815 : { SELL 19503.24@0.8079342} 181814 : { SELL 19503.24@0.8079342} 
Wed Dec 03 12:13:00 EST 2014 , 4 , 2 , 2 , 181817 : { BUY 5405.46@0.80470892} 181816 : { BUY 5405.46@0.80470892} 181815 : { SELL 19503.24@0.8079342} 181814 : { SELL 19503.24@0.8079342} 
Wed Dec 03 12:16:01 EST 2014 , 4 , 2 , 2 , 181817 : { BUY 5405.46@0.80470892} 181816 : { BUY 5405.46@0.80470892} 181815 : { SELL 19503.24@0.8079342} 181814 : { SELL 19503.24@0.8079342} 
Wed Dec 03 12:19:02 EST 2014 , 4 , 2 , 2 , 181817 : { BUY 5405.46@0.80470892} 181816 : { BUY 5405.46@0.80470892} 181815 : { SELL 19503.24@0.8079342} 181814 : { SELL 19503.24@0.8079342} 
Wed Dec 03 12:22:03 EST 2014 , 4 , 2 , 2 , 181817 : { BUY 5405.46@0.80470892} 181816 : { BUY 5405.46@0.80470892} 181815 : { SELL 19503.24@0.8079342} 181814 : { SELL 19503.24@0.8079342} 
Wed Dec 03 12:25:04 EST 2014 , 4 , 2 , 2 , 181817 : { BUY 5405.46@0.80470892} 181816 : { BUY 5405.46@0.80470892} 181815 : { SELL 19503.24@0.8079342} 181814 : { SELL 19503.24@0.8079342} 
Wed Dec 03 12:28:05 EST 2014 , 4 , 2 , 2 , 181817 : { BUY 5405.46@0.80470892} 181816 : { BUY 5405.46@0.80470892} 181815 : { SELL 19503.24@0.8079342} 181814 : { SELL 19503.24@0.8079342} 
Wed Dec 03 12:31:06 EST 2014 , 4 , 2 , 2 , 181817 : { BUY 5405.46@0.80470892} 181816 : { BUY 5405.46@0.80470892} 181815 : { SELL 19503.24@0.8079342} 181814 : { SELL 19503.24@0.8079342} 
Wed Dec 03 12:34:07 EST 2014 , 4 , 2 , 2 , 181817 : { BUY 5405.46@0.80470892} 181816 : { BUY 5405.46@0.80470892} 181815 : { SELL 19503.24@0.8079342} 181814 : { SELL 19503.24@0.8079342} 
Wed Dec 03 12:37:08 EST 2014 , 4 , 2 , 2 , 181817 : { BUY 5405.46@0.80470892} 181816 : { BUY 5405.46@0.80470892} 181815 : { SELL 19503.24@0.8079342} 181814 : { SELL 19503.24@0.8079342} 
Wed Dec 03 12:40:09 EST 2014 , 4 , 2 , 2 , 181817 : { BUY 5405.46@0.80470892} 181816 : { BUY 5405.46@0.80470892} 181815 : { SELL 19503.24@0.8079342} 181814 : { SELL 19503.24@0.8079342} 
Wed Dec 03 12:43:10 EST 2014 , 4 , 2 , 2 , 181817 : { BUY 5405.46@0.80470892} 181816 : { BUY 5405.46@0.80470892} 181815 : { SELL 19503.24@0.8079342} 181814 : { SELL 19503.24@0.8079342} 
Wed Dec 03 12:46:11 EST 2014 , 4 , 2 , 2 , 181817 : { BUY 5405.46@0.80470892} 181816 : { BUY 5405.46@0.80470892} 181815 : { SELL 19503.24@0.8079342} 181814 : { SELL 19503.24@0.8079342} 
Wed Dec 03 12:49:12 EST 2014 , 4 , 2 , 2 , 181817 : { BUY 5405.46@0.80470892} 181816 : { BUY 5405.46@0.80470892} 181815 : { SELL 19503.24@0.8079342} 181814 : { SELL 19503.24@0.8079342} 
Wed Dec 03 12:52:13 EST 2014 , 4 , 2 , 2 , 181817 : { BUY 5405.46@0.80470892} 181816 : { BUY 5405.46@0.80470892} 181815 : { SELL 19503.24@0.8079342} 181814 : { SELL 19503.24@0.8079342} 
Wed Dec 03 12:55:14 EST 2014 , 4 , 2 , 2 , 181817 : { BUY 5405.46@0.80470892} 181816 : { BUY 5405.46@0.80470892} 181815 : { SELL 19503.24@0.8079342} 181814 : { SELL 19503.24@0.8079342} 
Wed Dec 03 12:58:15 EST 2014 , 4 , 2 , 2 , 181817 : { BUY 5405.46@0.80470892} 181816 : { BUY 5405.46@0.80470892} 181815 : { SELL 19503.24@0.8079342} 181814 : { SELL 19503.24@0.8079342} 
Wed Dec 03 13:01:16 EST 2014 , 4 , 2 , 2 , 181817 : { BUY 5405.46@0.80470892} 181816 : { BUY 5405.46@0.80470892} 181815 : { SELL 19503.24@0.8079342} 181814 : { SELL 19503.24@0.8079342} 
Wed Dec 03 13:04:17 EST 2014 , 4 , 2 , 2 , 181817 : { BUY 5405.46@0.80470892} 181816 : { BUY 5405.46@0.80470892} 181815 : { SELL 19503.24@0.8079342} 181814 : { SELL 19503.24@0.8079342} 
Wed Dec 03 13:07:18 EST 2014 , 4 , 2 , 2 , 181817 : { BUY 5405.46@0.80470892} 181816 : { BUY 5405.46@0.80470892} 181815 : { SELL 19503.24@0.8079342} 181814 : { SELL 19503.24@0.8079342} 
Wed Dec 03 13:10:19 EST 2014 , 4 , 2 , 2 , 181817 : { BUY 5405.46@0.80470892} 181816 : { BUY 5405.46@0.80470892} 181815 : { SELL 19503.24@0.8079342} 181814 : { SELL 19503.24@0.8079342} 
Wed Dec 03 13:13:20 EST 2014 , 4 , 2 , 2 , 181817 : { BUY 5405.46@0.80470892} 181816 : { BUY 5405.46@0.80470892} 181815 : { SELL 19503.24@0.8079342} 181814 : { SELL 19503.24@0.8079342} 
Wed Dec 03 13:16:21 EST 2014 , 4 , 2 , 2 , 181817 : { BUY 5405.46@0.80470892} 181816 : { BUY 5405.46@0.80470892} 181815 : { SELL 19503.24@0.8079342} 181814 : { SELL 19503.24@0.8079342} 
Wed Dec 03 13:19:22 EST 2014 , 4 , 2 , 2 , 181817 : { BUY 5405.46@0.80470892} 181816 : { BUY 5405.46@0.80470892} 181815 : { SELL 19503.24@0.8079342} 181814 : { SELL 19503.24@0.8079342} 
Wed Dec 03 13:22:23 EST 2014 , 4 , 2 , 2 , 181817 : { BUY 5405.46@0.80470892} 181816 : { BUY 5405.46@0.80470892} 181815 : { SELL 19503.24@0.8079342} 181814 : { SELL 19503.24@0.8079342} 
Wed Dec 03 13:25:24 EST 2014 , 4 , 2 , 2 , 181817 : { BUY 5405.46@0.80470892} 181816 : { BUY 5405.46@0.80470892} 181815 : { SELL 19503.24@0.8079342} 181814 : { SELL 19503.24@0.8079342} 
Wed Dec 03 13:28:25 EST 2014 , 4 , 2 , 2 , 181817 : { BUY 5405.46@0.80470892} 181816 : { BUY 5405.46@0.80470892} 181815 : { SELL 19503.24@0.8079342} 181814 : { SELL 19503.24@0.8079342} 
Wed Dec 03 13:31:26 EST 2014 , 4 , 2 , 2 , 181817 : { BUY 5405.46@0.80470892} 181816 : { BUY 5405.46@0.80470892} 181815 : { SELL 19503.24@0.8079342} 181814 : { SELL 19503.24@0.8079342} 
Wed Dec 03 13:34:27 EST 2014 , 4 , 2 , 2 , 181817 : { BUY 5405.46@0.80470892} 181816 : { BUY 5405.46@0.80470892} 181815 : { SELL 19503.24@0.8079342} 181814 : { SELL 19503.24@0.8079342} 
Wed Dec 03 13:37:28 EST 2014 , 4 , 2 , 2 , 181817 : { BUY 5405.46@0.80470892} 181816 : { BUY 5405.46@0.80470892} 181815 : { SELL 19503.24@0.8079342} 181814 : { SELL 19503.24@0.8079342} 
Wed Dec 03 13:40:29 EST 2014 , 4 , 2 , 2 , 181817 : { BUY 5405.46@0.80470892} 181816 : { BUY 5405.46@0.80470892} 181815 : { SELL 19503.24@0.8079342} 181814 : { SELL 19503.24@0.8079342} 
Wed Dec 03 13:43:30 EST 2014 , 4 , 2 , 2 , 181817 : { BUY 5405.46@0.80470892} 181816 : { BUY 5405.46@0.80470892} 181815 : { SELL 19503.24@0.8079342} 181814 : { SELL 19503.24@0.8079342} 
Wed Dec 03 13:46:31 EST 2014 , 4 , 2 , 2 , 181817 : { BUY 5405.46@0.80470892} 181816 : { BUY 5405.46@0.80470892} 181815 : { SELL 19503.24@0.8079342} 181814 : { SELL 19503.24@0.8079342} 
Wed Dec 03 13:49:32 EST 2014 , 4 , 2 , 2 , 181817 : { BUY 5405.46@0.80470892} 181816 : { BUY 5405.46@0.80470892} 181815 : { SELL 19503.24@0.8079342} 181814 : { SELL 19503.24@0.8079342} 
Wed Dec 03 13:52:33 EST 2014 , 4 , 2 , 2 , 181817 : { BUY 5405.46@0.80470892} 181816 : { BUY 5405.46@0.80470892} 181815 : { SELL 19503.24@0.8079342} 181814 : { SELL 19503.24@0.8079342} 
Wed Dec 03 13:55:34 EST 2014 , 4 , 2 , 2 , 181817 : { BUY 5405.46@0.80470892} 181816 : { BUY 5405.46@0.80470892} 181815 : { SELL 19503.24@0.8079342} 181814 : { SELL 19503.24@0.8079342} 
Wed Dec 03 13:58:35 EST 2014 , 4 , 2 , 2 , 181817 : { BUY 5405.46@0.80470892} 181816 : { BUY 5405.46@0.80470892} 181815 : { SELL 19503.24@0.8079342} 181814 : { SELL 19503.24@0.8079342} 
Wed Dec 03 14:01:36 EST 2014 , 4 , 2 , 2 , 181817 : { BUY 5405.46@0.80470892} 181816 : { BUY 5405.46@0.80470892} 181815 : { SELL 19503.24@0.8079342} 181814 : { SELL 19503.24@0.8079342} 
Wed Dec 03 14:04:37 EST 2014 , 4 , 2 , 2 , 181817 : { BUY 5405.46@0.80470892} 181816 : { BUY 5405.46@0.80470892} 181815 : { SELL 19503.24@0.8079342} 181814 : { SELL 19503.24@0.8079342} 
Wed Dec 03 14:07:38 EST 2014 , 4 , 2 , 2 , 181817 : { BUY 5405.46@0.80470892} 181816 : { BUY 5405.46@0.80470892} 181815 : { SELL 19503.24@0.8079342} 181814 : { SELL 19503.24@0.8079342} 
Wed Dec 03 14:10:39 EST 2014 , 4 , 2 , 2 , 181817 : { BUY 5405.46@0.80470892} 181816 : { BUY 5405.46@0.80470892} 181815 : { SELL 19503.24@0.8079342} 181814 : { SELL 19503.24@0.8079342} 
Wed Dec 03 14:13:40 EST 2014 , 4 , 2 , 2 , 181817 : { BUY 5405.46@0.80470892} 181816 : { BUY 5405.46@0.80470892} 181815 : { SELL 19503.24@0.8079342} 181814 : { SELL 19503.24@0.8079342} 
Wed Dec 03 14:16:41 EST 2014 , 4 , 2 , 2 , 181817 : { BUY 5405.46@0.80470892} 181816 : { BUY 5405.46@0.80470892} 181815 : { SELL 19503.24@0.8079342} 181814 : { SELL 19503.24@0.8079342} 
Wed Dec 03 14:19:42 EST 2014 , 4 , 2 , 2 , 181817 : { BUY 5405.46@0.80470892} 181816 : { BUY 5405.46@0.80470892} 181815 : { SELL 19503.24@0.8079342} 181814 : { SELL 19503.24@0.8079342} 
Wed Dec 03 14:22:43 EST 2014 , 4 , 2 , 2 , 181817 : { BUY 5405.46@0.80470892} 181816 : { BUY 5405.46@0.80470892} 181815 : { SELL 19503.24@0.8079342} 181814 : { SELL 19503.24@0.8079342} 
Wed Dec 03 14:25:44 EST 2014 , 4 , 2 , 2 , 181817 : { BUY 5405.46@0.80470892} 181816 : { BUY 5405.46@0.80470892} 181815 : { SELL 19503.24@0.8079342} 181814 : { SELL 19503.24@0.8079342} 
Wed Dec 03 14:28:45 EST 2014 , 4 , 2 , 2 , 181817 : { BUY 5405.46@0.80470892} 181816 : { BUY 5405.46@0.80470892} 181815 : { SELL 19503.24@0.8079342} 181814 : { SELL 19503.24@0.8079342} 
Wed Dec 03 14:31:46 EST 2014 , 4 , 2 , 2 , 181817 : { BUY 5405.46@0.80470892} 181816 : { BUY 5405.46@0.80470892} 181815 : { SELL 19503.24@0.8079342} 181814 : { SELL 19503.24@0.8079342} 
Wed Dec 03 14:34:47 EST 2014 , 4 , 2 , 2 , 181817 : { BUY 5405.46@0.80470892} 181816 : { BUY 5405.46@0.80470892} 181815 : { SELL 19503.24@0.8079342} 181814 : { SELL 19503.24@0.8079342} 
Wed Dec 03 14:37:48 EST 2014 , 4 , 2 , 2 , 181817 : { BUY 5405.46@0.80470892} 181816 : { BUY 5405.46@0.80470892} 181815 : { SELL 19503.24@0.8079342} 181814 : { SELL 19503.24@0.8079342} 
Wed Dec 03 14:40:49 EST 2014 , 4 , 2 , 2 , 181817 : { BUY 5405.46@0.80470892} 181816 : { BUY 5405.46@0.80470892} 181815 : { SELL 19503.24@0.8079342} 181814 : { SELL 19503.24@0.8079342} 
Wed Dec 03 14:43:50 EST 2014 , 4 , 2 , 2 , 181817 : { BUY 5405.46@0.80470892} 181816 : { BUY 5405.46@0.80470892} 181815 : { SELL 19503.24@0.8079342} 181814 : { SELL 19503.24@0.8079342} 
Wed Dec 03 14:46:51 EST 2014 , 4 , 2 , 2 , 181817 : { BUY 5405.46@0.80470892} 181816 : { BUY 5405.46@0.80470892} 181815 : { SELL 19503.24@0.8079342} 181814 : { SELL 19503.24@0.8079342} 
Wed Dec 03 14:49:52 EST 2014 , 4 , 2 , 2 , 181817 : { BUY 5405.46@0.80470892} 181816 : { BUY 5405.46@0.80470892} 181815 : { SELL 19503.24@0.8079342} 181814 : { SELL 19503.24@0.8079342} 
Wed Dec 03 14:52:53 EST 2014 , 4 , 2 , 2 , 181817 : { BUY 5405.46@0.80470892} 181816 : { BUY 5405.46@0.80470892} 181815 : { SELL 19503.24@0.8079342} 181814 : { SELL 19503.24@0.8079342} 
Wed Dec 03 14:55:54 EST 2014 , 4 , 2 , 2 , 181817 : { BUY 5405.46@0.80470892} 181816 : { BUY 5405.46@0.80470892} 181815 : { SELL 19503.24@0.8079342} 181814 : { SELL 19503.24@0.8079342} 
Wed Dec 03 14:58:55 EST 2014 , 4 , 2 , 2 , 181817 : { BUY 5405.46@0.80470892} 181816 : { BUY 5405.46@0.80470892} 181815 : { SELL 19503.24@0.8079342} 181814 : { SELL 19503.24@0.8079342} 
Wed Dec 03 15:01:56 EST 2014 , 4 , 2 , 2 , 181817 : { BUY 5405.46@0.80470892} 181816 : { BUY 5405.46@0.80470892} 181815 : { SELL 19503.24@0.8079342} 181814 : { SELL 19503.24@0.8079342} 
Wed Dec 03 15:04:57 EST 2014 , 4 , 2 , 2 , 181817 : { BUY 5405.46@0.80470892} 181816 : { BUY 5405.46@0.80470892} 181815 : { SELL 19503.24@0.8079342} 181814 : { SELL 19503.24@0.8079342} 
Wed Dec 03 15:07:58 EST 2014 , 4 , 2 , 2 , 181817 : { BUY 5405.46@0.80470892} 181816 : { BUY 5405.46@0.80470892} 181815 : { SELL 19503.24@0.8079342} 181814 : { SELL 19503.24@0.8079342} 
Wed Dec 03 15:10:59 EST 2014 , 4 , 2 , 2 , 181817 : { BUY 5405.46@0.80470892} 181816 : { BUY 5405.46@0.80470892} 181815 : { SELL 19503.24@0.8079342} 181814 : { SELL 19503.24@0.8079342} 
Wed Dec 03 15:14:00 EST 2014 , 4 , 2 , 2 , 181817 : { BUY 5405.46@0.80470892} 181816 : { BUY 5405.46@0.80470892} 181815 : { SELL 19503.24@0.8079342} 181814 : { SELL 19503.24@0.8079342} 
Wed Dec 03 15:17:01 EST 2014 , 4 , 2 , 2 , 181817 : { BUY 5405.46@0.80470892} 181816 : { BUY 5405.46@0.80470892} 181815 : { SELL 19503.24@0.8079342} 181814 : { SELL 19503.24@0.8079342} 
Wed Dec 03 15:20:02 EST 2014 , 4 , 2 , 2 , 181817 : { BUY 5405.46@0.80470892} 181816 : { BUY 5405.46@0.80470892} 181815 : { SELL 19503.24@0.8079342} 181814 : { SELL 19503.24@0.8079342} 
Wed Dec 03 15:23:03 EST 2014 , 4 , 2 , 2 , 181817 : { BUY 5405.46@0.80470892} 181816 : { BUY 5405.46@0.80470892} 181815 : { SELL 19503.24@0.8079342} 181814 : { SELL 19503.24@0.8079342} 
Wed Dec 03 15:26:04 EST 2014 , 4 , 2 , 2 , 181817 : { BUY 5405.46@0.80470892} 181816 : { BUY 5405.46@0.80470892} 181815 : { SELL 19503.24@0.8079342} 181814 : { SELL 19503.24@0.8079342} 
Wed Dec 03 15:29:05 EST 2014 , 4 , 2 , 2 , 181817 : { BUY 5405.46@0.80470892} 181816 : { BUY 5405.46@0.80470892} 181815 : { SELL 19503.24@0.8079342} 181814 : { SELL 19503.24@0.8079342} 
Wed Dec 03 15:32:06 EST 2014 , 4 , 2 , 2 , 181817 : { BUY 5405.46@0.80470892} 181816 : { BUY 5405.46@0.80470892} 181815 : { SELL 19503.24@0.8079342} 181814 : { SELL 19503.24@0.8079342} 
Wed Dec 03 15:35:07 EST 2014 , 4 , 2 , 2 , 181817 : { BUY 5405.46@0.80470892} 181816 : { BUY 5405.46@0.80470892} 181815 : { SELL 19503.24@0.8079342} 181814 : { SELL 19503.24@0.8079342} 
Wed Dec 03 15:38:08 EST 2014 , 4 , 2 , 2 , 181817 : { BUY 5405.46@0.80470892} 181816 : { BUY 5405.46@0.80470892} 181815 : { SELL 19503.24@0.8079342} 181814 : { SELL 19503.24@0.8079342} 
Wed Dec 03 15:41:09 EST 2014 , 4 , 2 , 2 , 181817 : { BUY 5405.46@0.80470892} 181816 : { BUY 5405.46@0.80470892} 181815 : { SELL 19503.24@0.8079342} 181814 : { SELL 19503.24@0.8079342} 
Wed Dec 03 15:44:10 EST 2014 , 4 , 2 , 2 , 181817 : { BUY 5405.46@0.80470892} 181816 : { BUY 5405.46@0.80470892} 181815 : { SELL 19503.24@0.8079342} 181814 : { SELL 19503.24@0.8079342} 
Wed Dec 03 15:47:11 EST 2014 , 4 , 2 , 2 , 181817 : { BUY 5405.46@0.80470892} 181816 : { BUY 5405.46@0.80470892} 181815 : { SELL 19503.24@0.8079342} 181814 : { SELL 19503.24@0.8079342} 
Wed Dec 03 15:50:12 EST 2014 , 4 , 2 , 2 , 181817 : { BUY 5405.46@0.80470892} 181816 : { BUY 5405.46@0.80470892} 181815 : { SELL 19503.24@0.8079342} 181814 : { SELL 19503.24@0.8079342} 
Wed Dec 03 15:53:13 EST 2014 , 4 , 2 , 2 , 181817 : { BUY 5405.46@0.80470892} 181816 : { BUY 5405.46@0.80470892} 181815 : { SELL 19503.24@0.8079342} 181814 : { SELL 19503.24@0.8079342} 
Wed Dec 03 15:56:14 EST 2014 , 4 , 2 , 2 , 181817 : { BUY 5405.46@0.80470892} 181816 : { BUY 5405.46@0.80470892} 181815 : { SELL 19503.24@0.8079342} 181814 : { SELL 19503.24@0.8079342} 
Wed Dec 03 15:59:15 EST 2014 , 4 , 2 , 2 , 181817 : { BUY 5405.46@0.80470892} 181816 : { BUY 5405.46@0.80470892} 181815 : { SELL 19503.24@0.8079342} 181814 : { SELL 19503.24@0.8079342} 
Wed Dec 03 16:02:16 EST 2014 , 4 , 2 , 2 , 181817 : { BUY 5405.46@0.80470892} 181816 : { BUY 5405.46@0.80470892} 181815 : { SELL 19503.24@0.8079342} 181814 : { SELL 19503.24@0.8079342} 
Wed Dec 03 16:05:17 EST 2014 , 4 , 2 , 2 , 181817 : { BUY 5405.46@0.80470892} 181816 : { BUY 5405.46@0.80470892} 181815 : { SELL 19503.24@0.8079342} 181814 : { SELL 19503.24@0.8079342} 
Wed Dec 03 16:08:18 EST 2014 , 4 , 2 , 2 , 181817 : { BUY 5405.46@0.80470892} 181816 : { BUY 5405.46@0.80470892} 181815 : { SELL 19503.24@0.8079342} 181814 : { SELL 19503.24@0.8079342} 
Wed Dec 03 16:11:19 EST 2014 , 4 , 2 , 2 , 181817 : { BUY 5405.46@0.80470892} 181816 : { BUY 5405.46@0.80470892} 181815 : { SELL 19503.24@0.8079342} 181814 : { SELL 19503.24@0.8079342} 
Wed Dec 03 16:14:20 EST 2014 , 4 , 2 , 2 , 181817 : { BUY 5405.46@0.80470892} 181816 : { BUY 5405.46@0.80470892} 181815 : { SELL 19503.24@0.8079342} 181814 : { SELL 19503.24@0.8079342} 
Wed Dec 03 16:17:21 EST 2014 , 4 , 2 , 2 , 181817 : { BUY 5405.46@0.80470892} 181816 : { BUY 5405.46@0.80470892} 181815 : { SELL 19503.24@0.8079342} 181814 : { SELL 19503.24@0.8079342} 
Wed Dec 03 16:20:22 EST 2014 , 4 , 2 , 2 , 181817 : { BUY 5405.46@0.80470892} 181816 : { BUY 5405.46@0.80470892} 181815 : { SELL 19503.24@0.8079342} 181814 : { SELL 19503.24@0.8079342} 
Wed Dec 03 16:23:23 EST 2014 , 4 , 2 , 2 , 181817 : { BUY 5405.46@0.80470892} 181816 : { BUY 5405.46@0.80470892} 181815 : { SELL 19503.24@0.8079342} 181814 : { SELL 19503.24@0.8079342} 
Wed Dec 03 16:26:24 EST 2014 , 4 , 2 , 2 , 181817 : { BUY 5405.46@0.80470892} 181816 : { BUY 5405.46@0.80470892} 181815 : { SELL 19503.24@0.8079342} 181814 : { SELL 19503.24@0.8079342} 
Wed Dec 03 16:29:25 EST 2014 , 4 , 2 , 2 , 181817 : { BUY 5405.46@0.80470892} 181816 : { BUY 5405.46@0.80470892} 181815 : { SELL 19503.24@0.8079342} 181814 : { SELL 19503.24@0.8079342} 
Wed Dec 03 16:32:26 EST 2014 , 4 , 2 , 2 , 181817 : { BUY 5405.46@0.80470892} 181816 : { BUY 5405.46@0.80470892} 181815 : { SELL 19503.24@0.8079342} 181814 : { SELL 19503.24@0.8079342} 
Wed Dec 03 16:35:27 EST 2014 , 4 , 2 , 2 , 181817 : { BUY 5405.46@0.80470892} 181816 : { BUY 5405.46@0.80470892} 181815 : { SELL 19503.24@0.8079342} 181814 : { SELL 19503.24@0.8079342} 
Wed Dec 03 16:38:28 EST 2014 , 4 , 2 , 2 , 181817 : { BUY 5405.46@0.80470892} 181816 : { BUY 5405.46@0.80470892} 181815 : { SELL 19503.24@0.8079342} 181814 : { SELL 19503.24@0.8079342} 
Wed Dec 03 16:41:29 EST 2014 , 4 , 2 , 2 , 181817 : { BUY 5405.46@0.80470892} 181816 : { BUY 5405.46@0.80470892} 181815 : { SELL 19503.24@0.8079342} 181814 : { SELL 19503.24@0.8079342} 
Wed Dec 03 16:44:30 EST 2014 , 4 , 2 , 2 , 181817 : { BUY 5405.46@0.80470892} 181816 : { BUY 5405.46@0.80470892} 181815 : { SELL 19503.24@0.8079342} 181814 : { SELL 19503.24@0.8079342} 
Wed Dec 03 16:47:31 EST 2014 , 4 , 2 , 2 , 181817 : { BUY 5405.46@0.80470892} 181816 : { BUY 5405.46@0.80470892} 181815 : { SELL 19503.24@0.8079342} 181814 : { SELL 19503.24@0.8079342} 
Wed Dec 03 16:50:32 EST 2014 , 4 , 2 , 2 , 181817 : { BUY 5405.46@0.80470892} 181816 : { BUY 5405.46@0.80470892} 181815 : { SELL 19503.24@0.8079342} 181814 : { SELL 19503.24@0.8079342} 
Wed Dec 03 16:53:33 EST 2014 , 4 , 2 , 2 , 181817 : { BUY 5405.46@0.80470892} 181816 : { BUY 5405.46@0.80470892} 181815 : { SELL 19503.24@0.8079342} 181814 : { SELL 19503.24@0.8079342} 
Wed Dec 03 16:56:34 EST 2014 , 4 , 2 , 2 , 181817 : { BUY 5405.46@0.80470892} 181816 : { BUY 5405.46@0.80470892} 181815 : { SELL 19503.24@0.8079342} 181814 : { SELL 19503.24@0.8079342} 
Wed Dec 03 16:59:35 EST 2014 , 4 , 2 , 2 , 181817 : { BUY 5405.46@0.80470892} 181816 : { BUY 5405.46@0.80470892} 181815 : { SELL 19503.24@0.8079342} 181814 : { SELL 19503.24@0.8079342} 
Wed Dec 03 17:02:36 EST 2014 , 4 , 2 , 2 , 181817 : { BUY 5405.46@0.80470892} 181816 : { BUY 5405.46@0.80470892} 181815 : { SELL 19503.24@0.8079342} 181814 : { SELL 19503.24@0.8079342} 
Wed Dec 03 17:05:37 EST 2014 , 4 , 2 , 2 , 181817 : { BUY 5405.46@0.80470892} 181816 : { BUY 5405.46@0.80470892} 181815 : { SELL 19503.24@0.8079342} 181814 : { SELL 19503.24@0.8079342} 
Wed Dec 03 17:08:38 EST 2014 , 4 , 2 , 2 , 181817 : { BUY 5405.46@0.80470892} 181816 : { BUY 5405.46@0.80470892} 181815 : { SELL 19503.24@0.8079342} 181814 : { SELL 19503.24@0.8079342} 
Wed Dec 03 17:11:40 EST 2014 , 4 , 2 , 2 , 181817 : { BUY 5405.46@0.80470892} 181816 : { BUY 5405.46@0.80470892} 181815 : { SELL 19503.24@0.8079342} 181814 : { SELL 19503.24@0.8079342} 
Wed Dec 03 17:14:40 EST 2014 , 4 , 2 , 2 , 181817 : { BUY 5405.46@0.80470892} 181816 : { BUY 5405.46@0.80470892} 181815 : { SELL 19503.24@0.8079342} 181814 : { SELL 19503.24@0.8079342} 
Wed Dec 03 17:17:41 EST 2014 , 4 , 2 , 2 , 181817 : { BUY 5405.46@0.80470892} 181816 : { BUY 5405.46@0.80470892} 181815 : { SELL 19503.24@0.8079342} 181814 : { SELL 19503.24@0.8079342} 
Wed Dec 03 17:20:42 EST 2014 , 4 , 2 , 2 , 181817 : { BUY 5405.46@0.80470892} 181816 : { BUY 5405.46@0.80470892} 181815 : { SELL 19503.24@0.8079342} 181814 : { SELL 19503.24@0.8079342} 
Wed Dec 03 17:23:43 EST 2014 , 4 , 2 , 2 , 181817 : { BUY 5405.46@0.80470892} 181816 : { BUY 5405.46@0.80470892} 181815 : { SELL 19503.24@0.8079342} 181814 : { SELL 19503.24@0.8079342} 
Wed Dec 03 17:26:44 EST 2014 , 4 , 2 , 2 , 181817 : { BUY 5405.46@0.80470892} 181816 : { BUY 5405.46@0.80470892} 181815 : { SELL 19503.24@0.8079342} 181814 : { SELL 19503.24@0.8079342} 
Wed Dec 03 17:29:45 EST 2014 , 4 , 2 , 2 , 181817 : { BUY 5405.46@0.80470892} 181816 : { BUY 5405.46@0.80470892} 181815 : { SELL 19503.24@0.8079342} 181814 : { SELL 19503.24@0.8079342} 
Wed Dec 03 17:32:46 EST 2014 , 4 , 2 , 2 , 181817 : { BUY 5405.46@0.80470892} 181816 : { BUY 5405.46@0.80470892} 181815 : { SELL 19503.24@0.8079342} 181814 : { SELL 19503.24@0.8079342} 
Wed Dec 03 17:35:47 EST 2014 , 4 , 2 , 2 , 181817 : { BUY 5405.46@0.80470892} 181816 : { BUY 5405.46@0.80470892} 181815 : { SELL 19503.24@0.8079342} 181814 : { SELL 19503.24@0.8079342} 
Wed Dec 03 17:38:48 EST 2014 , 4 , 2 , 2 , 181817 : { BUY 5405.46@0.80470892} 181816 : { BUY 5405.46@0.80470892} 181815 : { SELL 19503.24@0.8079342} 181814 : { SELL 19503.24@0.8079342} 
Wed Dec 03 17:41:49 EST 2014 , 4 , 2 , 2 , 181817 : { BUY 5405.46@0.80470892} 181816 : { BUY 5405.46@0.80470892} 181815 : { SELL 19503.24@0.8079342} 181814 : { SELL 19503.24@0.8079342} 
Wed Dec 03 17:44:50 EST 2014 , 4 , 2 , 2 , 181817 : { BUY 5405.46@0.80470892} 181816 : { BUY 5405.46@0.80470892} 181815 : { SELL 19503.24@0.8079342} 181814 : { SELL 19503.24@0.8079342} 
Wed Dec 03 17:47:51 EST 2014 , 4 , 2 , 2 , 181817 : { BUY 5405.46@0.80470892} 181816 : { BUY 5405.46@0.80470892} 181815 : { SELL 19503.24@0.8079342} 181814 : { SELL 19503.24@0.8079342} 
Wed Dec 03 17:50:52 EST 2014 , 4 , 2 , 2 , 181817 : { BUY 5405.46@0.80470892} 181816 : { BUY 5405.46@0.80470892} 181815 : { SELL 19503.24@0.8079342} 181814 : { SELL 19503.24@0.8079342} 
Wed Dec 03 17:53:53 EST 2014 , 4 , 2 , 2 , 181817 : { BUY 5405.46@0.80470892} 181816 : { BUY 5405.46@0.80470892} 181815 : { SELL 19503.24@0.8079342} 181814 : { SELL 19503.24@0.8079342} 
Wed Dec 03 17:56:54 EST 2014 , 4 , 2 , 2 , 181817 : { BUY 5405.46@0.80470892} 181816 : { BUY 5405.46@0.80470892} 181815 : { SELL 19503.24@0.8079342} 181814 : { SELL 19503.24@0.8079342} 
Wed Dec 03 17:59:55 EST 2014 , 4 , 2 , 2 , 181817 : { BUY 5405.46@0.80470892} 181816 : { BUY 5405.46@0.80470892} 181815 : { SELL 19503.24@0.8079342} 181814 : { SELL 19503.24@0.8079342} 
Wed Dec 03 18:02:56 EST 2014 , 4 , 2 , 2 , 181817 : { BUY 5405.46@0.80470892} 181816 : { BUY 5405.46@0.80470892} 181815 : { SELL 19503.24@0.8079342} 181814 : { SELL 19503.24@0.8079342} 
Wed Dec 03 18:05:57 EST 2014 , 4 , 2 , 2 , 181817 : { BUY 5405.46@0.80470892} 181816 : { BUY 5405.46@0.80470892} 181815 : { SELL 19503.24@0.8079342} 181814 : { SELL 19503.24@0.8079342} 
Wed Dec 03 18:08:58 EST 2014 , 4 , 2 , 2 , 181817 : { BUY 5405.46@0.80470892} 181816 : { BUY 5405.46@0.80470892} 181815 : { SELL 19503.24@0.8079342} 181814 : { SELL 19503.24@0.8079342} 
Wed Dec 03 18:11:59 EST 2014 , 4 , 2 , 2 , 181817 : { BUY 5405.46@0.80470892} 181816 : { BUY 5405.46@0.80470892} 181815 : { SELL 19503.24@0.8079342} 181814 : { SELL 19503.24@0.8079342} 
Wed Dec 03 18:15:00 EST 2014 , 4 , 2 , 2 , 181817 : { BUY 5405.46@0.80470892} 181816 : { BUY 5405.46@0.80470892} 181815 : { SELL 19503.24@0.8079342} 181814 : { SELL 19503.24@0.8079342} 
Wed Dec 03 18:18:01 EST 2014 , 4 , 2 , 2 , 181817 : { BUY 5405.46@0.80470892} 181816 : { BUY 5405.46@0.80470892} 181815 : { SELL 19503.24@0.8079342} 181814 : { SELL 19503.24@0.8079342} 
Wed Dec 03 18:21:02 EST 2014 , 4 , 2 , 2 , 181817 : { BUY 5405.46@0.80470892} 181816 : { BUY 5405.46@0.80470892} 181815 : { SELL 19503.24@0.8079342} 181814 : { SELL 19503.24@0.8079342} 
Wed Dec 03 18:24:03 EST 2014 , 4 , 2 , 2 , 181817 : { BUY 5405.46@0.80470892} 181816 : { BUY 5405.46@0.80470892} 181815 : { SELL 19503.24@0.8079342} 181814 : { SELL 19503.24@0.8079342} 
Wed Dec 03 18:27:04 EST 2014 , 4 , 2 , 2 , 181817 : { BUY 5405.46@0.80470892} 181816 : { BUY 5405.46@0.80470892} 181815 : { SELL 19503.24@0.8079342} 181814 : { SELL 19503.24@0.8079342} 
Wed Dec 03 18:30:05 EST 2014 , 4 , 2 , 2 , 181817 : { BUY 5405.46@0.80470892} 181816 : { BUY 5405.46@0.80470892} 181815 : { SELL 19503.24@0.8079342} 181814 : { SELL 19503.24@0.8079342} 
Wed Dec 03 18:33:06 EST 2014 , 4 , 2 , 2 , 181817 : { BUY 5405.46@0.80470892} 181816 : { BUY 5405.46@0.80470892} 181815 : { SELL 19503.24@0.8079342} 181814 : { SELL 19503.24@0.8079342} 
Wed Dec 03 18:36:07 EST 2014 , 4 , 2 , 2 , 181817 : { BUY 5405.46@0.80470892} 181816 : { BUY 5405.46@0.80470892} 181815 : { SELL 19503.24@0.8079342} 181814 : { SELL 19503.24@0.8079342} 
Wed Dec 03 18:39:08 EST 2014 , 4 , 2 , 2 , 181817 : { BUY 5405.46@0.80470892} 181816 : { BUY 5405.46@0.80470892} 181815 : { SELL 19503.24@0.8079342} 181814 : { SELL 19503.24@0.8079342} 
Wed Dec 03 18:42:09 EST 2014 , 4 , 2 , 2 , 181817 : { BUY 5405.46@0.80470892} 181816 : { BUY 5405.46@0.80470892} 181815 : { SELL 19503.24@0.8079342} 181814 : { SELL 19503.24@0.8079342} 
Wed Dec 03 18:45:10 EST 2014 , 4 , 2 , 2 , 181817 : { BUY 5405.46@0.80470892} 181816 : { BUY 5405.46@0.80470892} 181815 : { SELL 19503.24@0.8079342} 181814 : { SELL 19503.24@0.8079342} 
Wed Dec 03 18:48:11 EST 2014 , 4 , 2 , 2 , 181817 : { BUY 5405.46@0.80470892} 181816 : { BUY 5405.46@0.80470892} 181815 : { SELL 19503.24@0.8079342} 181814 : { SELL 19503.24@0.8079342} 
Wed Dec 03 18:51:12 EST 2014 , 4 , 2 , 2 , 181817 : { BUY 5405.46@0.80470892} 181816 : { BUY 5405.46@0.80470892} 181815 : { SELL 19503.24@0.8079342} 181814 : { SELL 19503.24@0.8079342} 
Wed Dec 03 18:54:13 EST 2014 , 4 , 2 , 2 , 181817 : { BUY 5405.46@0.80470892} 181816 : { BUY 5405.46@0.80470892} 181815 : { SELL 19503.24@0.8079342} 181814 : { SELL 19503.24@0.8079342} 
Wed Dec 03 18:57:14 EST 2014 , 4 , 2 , 2 , 181817 : { BUY 5405.46@0.80470892} 181816 : { BUY 5405.46@0.80470892} 181815 : { SELL 19503.24@0.8079342} 181814 : { SELL 19503.24@0.8079342} 
Wed Dec 03 19:00:15 EST 2014 , 4 , 2 , 2 , 181817 : { BUY 5405.46@0.80470892} 181816 : { BUY 5405.46@0.80470892} 181815 : { SELL 19503.24@0.8079342} 181814 : { SELL 19503.24@0.8079342} 
Wed Dec 03 19:03:16 EST 2014 , 4 , 2 , 2 , 181817 : { BUY 5405.46@0.80470892} 181816 : { BUY 5405.46@0.80470892} 181815 : { SELL 19503.24@0.8079342} 181814 : { SELL 19503.24@0.8079342} 
Wed Dec 03 19:06:17 EST 2014 , 4 , 2 , 2 , 181817 : { BUY 5405.46@0.80470892} 181816 : { BUY 5405.46@0.80470892} 181815 : { SELL 19503.24@0.8079342} 181814 : { SELL 19503.24@0.8079342} 
Wed Dec 03 19:09:18 EST 2014 , 4 , 2 , 2 , 181817 : { BUY 5405.46@0.80470892} 181816 : { BUY 5405.46@0.80470892} 181815 : { SELL 19503.24@0.8079342} 181814 : { SELL 19503.24@0.8079342} 
Wed Dec 03 19:12:19 EST 2014 , 4 , 2 , 2 , 181817 : { BUY 5405.46@0.80470892} 181816 : { BUY 5405.46@0.80470892} 181815 : { SELL 19503.24@0.8079342} 181814 : { SELL 19503.24@0.8079342} 
Wed Dec 03 19:15:20 EST 2014 , 4 , 2 , 2 , 181817 : { BUY 5405.46@0.80470892} 181816 : { BUY 5405.46@0.80470892} 181815 : { SELL 19503.24@0.8079342} 181814 : { SELL 19503.24@0.8079342} 
Wed Dec 03 19:18:21 EST 2014 , 4 , 2 , 2 , 181817 : { BUY 5405.46@0.80470892} 181816 : { BUY 5405.46@0.80470892} 181815 : { SELL 19503.24@0.8079342} 181814 : { SELL 19503.24@0.8079342} 
Wed Dec 03 19:21:22 EST 2014 , 4 , 2 , 2 , 181817 : { BUY 5405.46@0.80470892} 181816 : { BUY 5405.46@0.80470892} 181815 : { SELL 19503.24@0.8079342} 181814 : { SELL 19503.24@0.8079342} 
Wed Dec 03 19:24:23 EST 2014 , 4 , 2 , 2 , 181817 : { BUY 5405.46@0.80470892} 181816 : { BUY 5405.46@0.80470892} 181815 : { SELL 19503.24@0.8079342} 181814 : { SELL 19503.24@0.8079342} 
Wed Dec 03 19:27:24 EST 2014 , 4 , 2 , 2 , 181817 : { BUY 5405.46@0.80470892} 181816 : { BUY 5405.46@0.80470892} 181815 : { SELL 19503.24@0.8079342} 181814 : { SELL 19503.24@0.8079342} 
Wed Dec 03 19:30:25 EST 2014 , 4 , 2 , 2 , 181817 : { BUY 5405.46@0.80470892} 181816 : { BUY 5405.46@0.80470892} 181815 : { SELL 19503.24@0.8079342} 181814 : { SELL 19503.24@0.8079342} 
Wed Dec 03 19:33:26 EST 2014 , 4 , 2 , 2 , 181817 : { BUY 5405.46@0.80470892} 181816 : { BUY 5405.46@0.80470892} 181815 : { SELL 19503.24@0.8079342} 181814 : { SELL 19503.24@0.8079342} 
Wed Dec 03 19:36:27 EST 2014 , 4 , 2 , 2 , 181817 : { BUY 5405.46@0.80470892} 181816 : { BUY 5405.46@0.80470892} 181815 : { SELL 19503.24@0.8079342} 181814 : { SELL 19503.24@0.8079342} 
Wed Dec 03 19:39:28 EST 2014 , 4 , 2 , 2 , 181817 : { BUY 5405.46@0.80470892} 181816 : { BUY 5405.46@0.80470892} 181815 : { SELL 19503.24@0.8079342} 181814 : { SELL 19503.24@0.8079342} 
Wed Dec 03 19:42:29 EST 2014 , 4 , 2 , 2 , 181817 : { BUY 5405.46@0.80470892} 181816 : { BUY 5405.46@0.80470892} 181815 : { SELL 19503.24@0.8079342} 181814 : { SELL 19503.24@0.8079342} 
Wed Dec 03 19:45:30 EST 2014 , 4 , 2 , 2 , 181817 : { BUY 5405.46@0.80470892} 181816 : { BUY 5405.46@0.80470892} 181815 : { SELL 19503.24@0.8079342} 181814 : { SELL 19503.24@0.8079342} 
Wed Dec 03 19:48:31 EST 2014 , 4 , 2 , 2 , 181817 : { BUY 5405.46@0.80470892} 181816 : { BUY 5405.46@0.80470892} 181815 : { SELL 19503.24@0.8079342} 181814 : { SELL 19503.24@0.8079342} 
Wed Dec 03 19:51:32 EST 2014 , 4 , 2 , 2 , 181817 : { BUY 5405.46@0.80470892} 181816 : { BUY 5405.46@0.80470892} 181815 : { SELL 19503.24@0.8079342} 181814 : { SELL 19503.24@0.8079342} 
Wed Dec 03 19:54:33 EST 2014 , 4 , 2 , 2 , 181817 : { BUY 5405.46@0.80470892} 181816 : { BUY 5405.46@0.80470892} 181815 : { SELL 19503.24@0.8079342} 181814 : { SELL 19503.24@0.8079342} 
Wed Dec 03 19:57:34 EST 2014 , 4 , 2 , 2 , 181817 : { BUY 5405.46@0.80470892} 181816 : { BUY 5405.46@0.80470892} 181815 : { SELL 19503.24@0.8079342} 181814 : { SELL 19503.24@0.8079342} 
Wed Dec 03 20:00:35 EST 2014 , 4 , 2 , 2 , 181817 : { BUY 5405.46@0.80470892} 181816 : { BUY 5405.46@0.80470892} 181815 : { SELL 19503.24@0.8079342} 181814 : { SELL 19503.24@0.8079342} 
Wed Dec 03 20:03:36 EST 2014 , 4 , 2 , 2 , 181817 : { BUY 5405.46@0.80470892} 181816 : { BUY 5405.46@0.80470892} 181815 : { SELL 19503.24@0.8079342} 181814 : { SELL 19503.24@0.8079342} 
Wed Dec 03 20:06:37 EST 2014 , 4 , 2 , 2 , 181817 : { BUY 5405.46@0.80470892} 181816 : { BUY 5405.46@0.80470892} 181815 : { SELL 19503.24@0.8079342} 181814 : { SELL 19503.24@0.8079342} 
Wed Dec 03 20:09:38 EST 2014 , 4 , 2 , 2 , 181817 : { BUY 5405.46@0.80470892} 181816 : { BUY 5405.46@0.80470892} 181815 : { SELL 19503.24@0.8079342} 181814 : { SELL 19503.24@0.8079342} 
Wed Dec 03 20:12:39 EST 2014 , 4 , 2 , 2 , 181817 : { BUY 5405.46@0.80470892} 181816 : { BUY 5405.46@0.80470892} 181815 : { SELL 19503.24@0.8079342} 181814 : { SELL 19503.24@0.8079342} 
Wed Dec 03 20:15:40 EST 2014 , 4 , 2 , 2 , 181817 : { BUY 5405.46@0.80470892} 181816 : { BUY 5405.46@0.80470892} 181815 : { SELL 19503.24@0.8079342} 181814 : { SELL 19503.24@0.8079342} 
Wed Dec 03 20:18:41 EST 2014 , 4 , 2 , 2 , 181817 : { BUY 5405.46@0.80470892} 181816 : { BUY 5405.46@0.80470892} 181815 : { SELL 19503.24@0.8079342} 181814 : { SELL 19503.24@0.8079342} 
Wed Dec 03 20:21:42 EST 2014 , 4 , 2 , 2 , 181817 : { BUY 5405.46@0.80470892} 181816 : { BUY 5405.46@0.80470892} 181815 : { SELL 19503.24@0.8079342} 181814 : { SELL 19503.24@0.8079342} 
Wed Dec 03 20:24:43 EST 2014 , 4 , 2 , 2 , 181817 : { BUY 5405.46@0.80470892} 181816 : { BUY 5405.46@0.80470892} 181815 : { SELL 19503.24@0.8079342} 181814 : { SELL 19503.24@0.8079342} 
Wed Dec 03 20:27:44 EST 2014 , 4 , 2 , 2 , 181817 : { BUY 5405.46@0.80470892} 181816 : { BUY 5405.46@0.80470892} 181815 : { SELL 19503.24@0.8079342} 181814 : { SELL 19503.24@0.8079342} 
Wed Dec 03 20:30:45 EST 2014 , 4 , 2 , 2 , 181817 : { BUY 5405.46@0.80470892} 181816 : { BUY 5405.46@0.80470892} 181815 : { SELL 19503.24@0.8079342} 181814 : { SELL 19503.24@0.8079342} 
Wed Dec 03 20:33:46 EST 2014 , 4 , 2 , 2 , 181817 : { BUY 5405.46@0.80470892} 181816 : { BUY 5405.46@0.80470892} 181815 : { SELL 19503.24@0.8079342} 181814 : { SELL 19503.24@0.8079342} 
Wed Dec 03 20:36:47 EST 2014 , 4 , 2 , 2 , 181817 : { BUY 5405.46@0.80470892} 181816 : { BUY 5405.46@0.80470892} 181815 : { SELL 19503.24@0.8079342} 181814 : { SELL 19503.24@0.8079342} 
Wed Dec 03 20:39:48 EST 2014 , 4 , 2 , 2 , 181817 : { BUY 5405.46@0.80470892} 181816 : { BUY 5405.46@0.80470892} 181815 : { SELL 19503.24@0.8079342} 181814 : { SELL 19503.24@0.8079342} 
Wed Dec 03 20:42:49 EST 2014 , 4 , 2 , 2 , 181817 : { BUY 5405.46@0.80470892} 181816 : { BUY 5405.46@0.80470892} 181815 : { SELL 19503.24@0.8079342} 181814 : { SELL 19503.24@0.8079342} 
Wed Dec 03 20:45:50 EST 2014 , 4 , 2 , 2 , 181817 : { BUY 5405.46@0.80470892} 181816 : { BUY 5405.46@0.80470892} 181815 : { SELL 19503.24@0.8079342} 181814 : { SELL 19503.24@0.8079342} 
Wed Dec 03 20:48:51 EST 2014 , 4 , 2 , 2 , 181817 : { BUY 5405.46@0.80470892} 181816 : { BUY 5405.46@0.80470892} 181815 : { SELL 19503.24@0.8079342} 181814 : { SELL 19503.24@0.8079342} 
Wed Dec 03 20:51:52 EST 2014 , 4 , 2 , 2 , 181817 : { BUY 5405.46@0.80470892} 181816 : { BUY 5405.46@0.80470892} 181815 : { SELL 19503.24@0.8079342} 181814 : { SELL 19503.24@0.8079342} 
Wed Dec 03 20:54:53 EST 2014 , 4 , 2 , 2 , 181817 : { BUY 5405.46@0.80470892} 181816 : { BUY 5405.46@0.80470892} 181815 : { SELL 19503.24@0.8079342} 181814 : { SELL 19503.24@0.8079342} 
Wed Dec 03 20:57:54 EST 2014 , 4 , 2 , 2 , 181817 : { BUY 5405.46@0.80470892} 181816 : { BUY 5405.46@0.80470892} 181815 : { SELL 19503.24@0.8079342} 181814 : { SELL 19503.24@0.8079342} 
Wed Dec 03 21:00:55 EST 2014 , 4 , 2 , 2 , 181817 : { BUY 5405.46@0.80470892} 181816 : { BUY 5405.46@0.80470892} 181815 : { SELL 19503.24@0.8079342} 181814 : { SELL 19503.24@0.8079342} 
Wed Dec 03 21:03:56 EST 2014 , 4 , 2 , 2 , 181817 : { BUY 5405.46@0.80470892} 181816 : { BUY 5405.46@0.80470892} 181815 : { SELL 19503.24@0.8079342} 181814 : { SELL 19503.24@0.8079342} 
Wed Dec 03 21:06:57 EST 2014 , 4 , 2 , 2 , 181817 : { BUY 5405.46@0.80470892} 181816 : { BUY 5405.46@0.80470892} 181815 : { SELL 19503.24@0.8079342} 181814 : { SELL 19503.24@0.8079342} 
Wed Dec 03 21:09:58 EST 2014 , 4 , 2 , 2 , 181817 : { BUY 5405.46@0.80470892} 181816 : { BUY 5405.46@0.80470892} 181815 : { SELL 19503.24@0.8079342} 181814 : { SELL 19503.24@0.8079342} 
Wed Dec 03 21:12:59 EST 2014 , 4 , 2 , 2 , 181817 : { BUY 5405.46@0.80470892} 181816 : { BUY 5405.46@0.80470892} 181815 : { SELL 19503.24@0.8079342} 181814 : { SELL 19503.24@0.8079342} 
Wed Dec 03 21:16:00 EST 2014 , 4 , 2 , 2 , 181817 : { BUY 5405.46@0.80470892} 181816 : { BUY 5405.46@0.80470892} 181815 : { SELL 19503.24@0.8079342} 181814 : { SELL 19503.24@0.8079342} 
Wed Dec 03 21:19:01 EST 2014 , 4 , 2 , 2 , 181817 : { BUY 5405.46@0.80470892} 181816 : { BUY 5405.46@0.80470892} 181815 : { SELL 19503.24@0.8079342} 181814 : { SELL 19503.24@0.8079342} 
Wed Dec 03 21:22:02 EST 2014 , 4 , 2 , 2 , 181817 : { BUY 5405.46@0.80470892} 181816 : { BUY 5405.46@0.80470892} 181815 : { SELL 19503.24@0.8079342} 181814 : { SELL 19503.24@0.8079342} 
Wed Dec 03 21:25:03 EST 2014 , 4 , 2 , 2 , 181817 : { BUY 5405.46@0.80470892} 181816 : { BUY 5405.46@0.80470892} 181815 : { SELL 19503.24@0.8079342} 181814 : { SELL 19503.24@0.8079342} 
Wed Dec 03 21:28:04 EST 2014 , 4 , 2 , 2 , 181817 : { BUY 5405.46@0.80470892} 181816 : { BUY 5405.46@0.80470892} 181815 : { SELL 19503.24@0.8079342} 181814 : { SELL 19503.24@0.8079342} 
Wed Dec 03 21:31:05 EST 2014 , 4 , 2 , 2 , 181817 : { BUY 5405.46@0.80470892} 181816 : { BUY 5405.46@0.80470892} 181815 : { SELL 19503.24@0.8079342} 181814 : { SELL 19503.24@0.8079342} 
Wed Dec 03 21:34:06 EST 2014 , 4 , 2 , 2 , 181817 : { BUY 5405.46@0.80470892} 181816 : { BUY 5405.46@0.80470892} 181815 : { SELL 19503.24@0.8079342} 181814 : { SELL 19503.24@0.8079342} 
Wed Dec 03 21:37:07 EST 2014 , 4 , 2 , 2 , 181817 : { BUY 5405.46@0.80470892} 181816 : { BUY 5405.46@0.80470892} 181815 : { SELL 19503.24@0.8079342} 181814 : { SELL 19503.24@0.8079342} 
Wed Dec 03 21:40:08 EST 2014 , 4 , 2 , 2 , 181817 : { BUY 5405.46@0.80470892} 181816 : { BUY 5405.46@0.80470892} 181815 : { SELL 19503.24@0.8079342} 181814 : { SELL 19503.24@0.8079342} 
Wed Dec 03 21:43:09 EST 2014 , 4 , 2 , 2 , 181817 : { BUY 5405.46@0.80470892} 181816 : { BUY 5405.46@0.80470892} 181815 : { SELL 19503.24@0.8079342} 181814 : { SELL 19503.24@0.8079342} 
Wed Dec 03 21:46:10 EST 2014 , 4 , 2 , 2 , 181817 : { BUY 5405.46@0.80470892} 181816 : { BUY 5405.46@0.80470892} 181815 : { SELL 19503.24@0.8079342} 181814 : { SELL 19503.24@0.8079342} 
Wed Dec 03 21:49:11 EST 2014 , 4 , 2 , 2 , 181817 : { BUY 5405.46@0.80470892} 181816 : { BUY 5405.46@0.80470892} 181815 : { SELL 19503.24@0.8079342} 181814 : { SELL 19503.24@0.8079342} 
Wed Dec 03 21:52:12 EST 2014 , 4 , 2 , 2 , 181817 : { BUY 5405.46@0.80470892} 181816 : { BUY 5405.46@0.80470892} 181815 : { SELL 19503.24@0.8079342} 181814 : { SELL 19503.24@0.8079342} 
Wed Dec 03 21:55:13 EST 2014 , 4 , 2 , 2 , 181817 : { BUY 5405.46@0.80470892} 181816 : { BUY 5405.46@0.80470892} 181815 : { SELL 19503.24@0.8079342} 181814 : { SELL 19503.24@0.8079342} 
Wed Dec 03 21:58:14 EST 2014 , 4 , 2 , 2 , 181817 : { BUY 5405.46@0.80470892} 181816 : { BUY 5405.46@0.80470892} 181815 : { SELL 19503.24@0.8079342} 181814 : { SELL 19503.24@0.8079342} 
Wed Dec 03 22:01:15 EST 2014 , 4 , 2 , 2 , 181817 : { BUY 5405.46@0.80470892} 181816 : { BUY 5405.46@0.80470892} 181815 : { SELL 19503.24@0.8079342} 181814 : { SELL 19503.24@0.8079342} 
Wed Dec 03 22:04:16 EST 2014 , 4 , 2 , 2 , 181817 : { BUY 5405.46@0.80470892} 181816 : { BUY 5405.46@0.80470892} 181815 : { SELL 19503.24@0.8079342} 181814 : { SELL 19503.24@0.8079342} 
Wed Dec 03 22:07:17 EST 2014 , 4 , 2 , 2 , 181817 : { BUY 5405.46@0.80470892} 181816 : { BUY 5405.46@0.80470892} 181815 : { SELL 19503.24@0.8079342} 181814 : { SELL 19503.24@0.8079342} 
Wed Dec 03 22:10:18 EST 2014 , 4 , 2 , 2 , 181817 : { BUY 5405.46@0.80470892} 181816 : { BUY 5405.46@0.80470892} 181815 : { SELL 19503.24@0.8079342} 181814 : { SELL 19503.24@0.8079342} 
Wed Dec 03 22:13:20 EST 2014 , 4 , 2 , 2 , 181817 : { BUY 5405.46@0.80470892} 181816 : { BUY 5405.46@0.80470892} 181815 : { SELL 19503.24@0.8079342} 181814 : { SELL 19503.24@0.8079342} 
Wed Dec 03 22:16:20 EST 2014 , 4 , 2 , 2 , 181817 : { BUY 5405.46@0.80470892} 181816 : { BUY 5405.46@0.80470892} 181815 : { SELL 19503.24@0.8079342} 181814 : { SELL 19503.24@0.8079342} 
Wed Dec 03 22:19:21 EST 2014 , 4 , 2 , 2 , 181817 : { BUY 5405.46@0.80470892} 181816 : { BUY 5405.46@0.80470892} 181815 : { SELL 19503.24@0.8079342} 181814 : { SELL 19503.24@0.8079342} 
Wed Dec 03 22:22:22 EST 2014 , 4 , 2 , 2 , 181817 : { BUY 5405.46@0.80470892} 181816 : { BUY 5405.46@0.80470892} 181815 : { SELL 19503.24@0.8079342} 181814 : { SELL 19503.24@0.8079342} 
Wed Dec 03 22:25:23 EST 2014 , 4 , 2 , 2 , 181817 : { BUY 5405.46@0.80470892} 181816 : { BUY 5405.46@0.80470892} 181815 : { SELL 19503.24@0.8079342} 181814 : { SELL 19503.24@0.8079342} 
Wed Dec 03 22:28:24 EST 2014 , 4 , 2 , 2 , 181817 : { BUY 5405.46@0.80470892} 181816 : { BUY 5405.46@0.80470892} 181815 : { SELL 19503.24@0.8079342} 181814 : { SELL 19503.24@0.8079342} 
Wed Dec 03 22:31:25 EST 2014 , 4 , 2 , 2 , 181817 : { BUY 5405.46@0.80470892} 181816 : { BUY 5405.46@0.80470892} 181815 : { SELL 19503.24@0.8079342} 181814 : { SELL 19503.24@0.8079342} 
Wed Dec 03 22:34:26 EST 2014 , 4 , 2 , 2 , 181817 : { BUY 5405.46@0.80470892} 181816 : { BUY 5405.46@0.80470892} 181815 : { SELL 19503.24@0.8079342} 181814 : { SELL 19503.24@0.8079342} 
Wed Dec 03 22:37:27 EST 2014 , 4 , 2 , 2 , 181817 : { BUY 5405.46@0.80470892} 181816 : { BUY 5405.46@0.80470892} 181815 : { SELL 19503.24@0.8079342} 181814 : { SELL 19503.24@0.8079342} 
Wed Dec 03 22:40:28 EST 2014 , 4 , 2 , 2 , 181817 : { BUY 5405.46@0.80470892} 181816 : { BUY 5405.46@0.80470892} 181815 : { SELL 19503.24@0.8079342} 181814 : { SELL 19503.24@0.8079342} 
Wed Dec 03 22:43:29 EST 2014 , 4 , 2 , 2 , 181817 : { BUY 5405.46@0.80470892} 181816 : { BUY 5405.46@0.80470892} 181815 : { SELL 19503.24@0.8079342} 181814 : { SELL 19503.24@0.8079342} 
Wed Dec 03 22:46:30 EST 2014 , 4 , 2 , 2 , 181817 : { BUY 5405.46@0.80470892} 181816 : { BUY 5405.46@0.80470892} 181815 : { SELL 19503.24@0.8079342} 181814 : { SELL 19503.24@0.8079342} 
Wed Dec 03 22:49:31 EST 2014 , 4 , 2 , 2 , 181817 : { BUY 5405.46@0.80470892} 181816 : { BUY 5405.46@0.80470892} 181815 : { SELL 19503.24@0.8079342} 181814 : { SELL 19503.24@0.8079342} 
Wed Dec 03 22:52:32 EST 2014 , 4 , 2 , 2 , 181817 : { BUY 5405.46@0.80470892} 181816 : { BUY 5405.46@0.80470892} 181815 : { SELL 19503.24@0.8079342} 181814 : { SELL 19503.24@0.8079342} 
Wed Dec 03 22:55:33 EST 2014 , 4 , 2 , 2 , 181817 : { BUY 5405.46@0.80470892} 181816 : { BUY 5405.46@0.80470892} 181815 : { SELL 19503.24@0.8079342} 181814 : { SELL 19503.24@0.8079342} 
Wed Dec 03 22:58:34 EST 2014 , 4 , 2 , 2 , 181817 : { BUY 5405.46@0.80470892} 181816 : { BUY 5405.46@0.80470892} 181815 : { SELL 19503.24@0.8079342} 181814 : { SELL 19503.24@0.8079342} 
Wed Dec 03 23:01:35 EST 2014 , 4 , 2 , 2 , 181817 : { BUY 5405.46@0.80470892} 181816 : { BUY 5405.46@0.80470892} 181815 : { SELL 19503.24@0.8079342} 181814 : { SELL 19503.24@0.8079342} 
Wed Dec 03 23:04:36 EST 2014 , 4 , 2 , 2 , 181817 : { BUY 5405.46@0.80470892} 181816 : { BUY 5405.46@0.80470892} 181815 : { SELL 19503.24@0.8079342} 181814 : { SELL 19503.24@0.8079342} 
Wed Dec 03 23:07:37 EST 2014 , 4 , 2 , 2 , 181817 : { BUY 5405.46@0.80470892} 181816 : { BUY 5405.46@0.80470892} 181815 : { SELL 19503.24@0.8079342} 181814 : { SELL 19503.24@0.8079342} 
Wed Dec 03 23:10:38 EST 2014 , 4 , 2 , 2 , 181817 : { BUY 5405.46@0.80470892} 181816 : { BUY 5405.46@0.80470892} 181815 : { SELL 19503.24@0.8079342} 181814 : { SELL 19503.24@0.8079342} 
Wed Dec 03 23:13:39 EST 2014 , 4 , 2 , 2 , 181817 : { BUY 5405.46@0.80470892} 181816 : { BUY 5405.46@0.80470892} 181815 : { SELL 19503.24@0.8079342} 181814 : { SELL 19503.24@0.8079342} 
Wed Dec 03 23:16:40 EST 2014 , 4 , 2 , 2 , 181817 : { BUY 5405.46@0.80470892} 181816 : { BUY 5405.46@0.80470892} 181815 : { SELL 19503.24@0.8079342} 181814 : { SELL 19503.24@0.8079342} 
Wed Dec 03 23:19:41 EST 2014 , 4 , 2 , 2 , 181817 : { BUY 5405.46@0.80470892} 181816 : { BUY 5405.46@0.80470892} 181815 : { SELL 19503.24@0.8079342} 181814 : { SELL 19503.24@0.8079342} 
Wed Dec 03 23:22:42 EST 2014 , 4 , 2 , 2 , 181817 : { BUY 5405.46@0.80470892} 181816 : { BUY 5405.46@0.80470892} 181815 : { SELL 19503.24@0.8079342} 181814 : { SELL 19503.24@0.8079342} 
Wed Dec 03 23:25:43 EST 2014 , 4 , 2 , 2 , 181817 : { BUY 5405.46@0.80470892} 181816 : { BUY 5405.46@0.80470892} 181815 : { SELL 19503.24@0.8079342} 181814 : { SELL 19503.24@0.8079342} 
Wed Dec 03 23:28:44 EST 2014 , 4 , 2 , 2 , 181817 : { BUY 5405.46@0.80470892} 181816 : { BUY 5405.46@0.80470892} 181815 : { SELL 19503.24@0.8079342} 181814 : { SELL 19503.24@0.8079342} 
Wed Dec 03 23:31:45 EST 2014 , 4 , 2 , 2 , 181817 : { BUY 5405.46@0.80470892} 181816 : { BUY 5405.46@0.80470892} 181815 : { SELL 19503.24@0.8079342} 181814 : { SELL 19503.24@0.8079342} 
Wed Dec 03 23:34:46 EST 2014 , 4 , 2 , 2 , 181817 : { BUY 5405.46@0.80470892} 181816 : { BUY 5405.46@0.80470892} 181815 : { SELL 19503.24@0.8079342} 181814 : { SELL 19503.24@0.8079342} 
Wed Dec 03 23:37:47 EST 2014 , 4 , 2 , 2 , 181817 : { BUY 5405.46@0.80470892} 181816 : { BUY 5405.46@0.80470892} 181815 : { SELL 19503.24@0.8079342} 181814 : { SELL 19503.24@0.8079342} 
Wed Dec 03 23:40:48 EST 2014 , 4 , 2 , 2 , 181817 : { BUY 5405.46@0.80470892} 181816 : { BUY 5405.46@0.80470892} 181815 : { SELL 19503.24@0.8079342} 181814 : { SELL 19503.24@0.8079342} 
Wed Dec 03 23:43:49 EST 2014 , 4 , 2 , 2 , 181817 : { BUY 5405.46@0.80470892} 181816 : { BUY 5405.46@0.80470892} 181815 : { SELL 19503.24@0.8079342} 181814 : { SELL 19503.24@0.8079342} 
Wed Dec 03 23:46:50 EST 2014 , 4 , 2 , 2 , 181817 : { BUY 5405.46@0.80470892} 181816 : { BUY 5405.46@0.80470892} 181815 : { SELL 19503.24@0.8079342} 181814 : { SELL 19503.24@0.8079342} 
Wed Dec 03 23:49:51 EST 2014 , 4 , 2 , 2 , 181817 : { BUY 5405.46@0.80470892} 181816 : { BUY 5405.46@0.80470892} 181815 : { SELL 19503.24@0.8079342} 181814 : { SELL 19503.24@0.8079342} 
Wed Dec 03 23:52:52 EST 2014 , 4 , 2 , 2 , 181817 : { BUY 5405.46@0.80470892} 181816 : { BUY 5405.46@0.80470892} 181815 : { SELL 19503.24@0.8079342} 181814 : { SELL 19503.24@0.8079342} 
Wed Dec 03 23:55:53 EST 2014 , 4 , 2 , 2 , 181817 : { BUY 5405.46@0.80470892} 181816 : { BUY 5405.46@0.80470892} 181815 : { SELL 19503.24@0.8079342} 181814 : { SELL 19503.24@0.8079342} 
Wed Dec 03 23:58:54 EST 2014 , 4 , 2 , 2 , 181817 : { BUY 5405.46@0.80470892} 181816 : { BUY 5405.46@0.80470892} 181815 : { SELL 19503.24@0.8079342} 181814 : { SELL 19503.24@0.8079342} 
Thu Dec 04 00:01:55 EST 2014 , 4 , 2 , 2 , 181817 : { BUY 5405.46@0.80470892} 181816 : { BUY 5405.46@0.80470892} 181815 : { SELL 19503.24@0.8079342} 181814 : { SELL 19503.24@0.8079342} 
Thu Dec 04 00:04:56 EST 2014 , 4 , 2 , 2 , 181817 : { BUY 5405.46@0.80470892} 181816 : { BUY 5405.46@0.80470892} 181815 : { SELL 19503.24@0.8079342} 181814 : { SELL 19503.24@0.8079342} 
Thu Dec 04 00:07:57 EST 2014 , 4 , 2 , 2 , 181817 : { BUY 5405.46@0.80470892} 181816 : { BUY 5405.46@0.80470892} 181815 : { SELL 19503.24@0.8079342} 181814 : { SELL 19503.24@0.8079342} 
Thu Dec 04 00:10:58 EST 2014 , 4 , 2 , 2 , 181817 : { BUY 5405.46@0.80470892} 181816 : { BUY 5405.46@0.80470892} 181815 : { SELL 19503.24@0.8079342} 181814 : { SELL 19503.24@0.8079342} 
Thu Dec 04 00:13:59 EST 2014 , 4 , 2 , 2 , 181817 : { BUY 5405.46@0.80470892} 181816 : { BUY 5405.46@0.80470892} 181815 : { SELL 19503.24@0.8079342} 181814 : { SELL 19503.24@0.8079342} 
Thu Dec 04 00:17:00 EST 2014 , 4 , 2 , 2 , 181817 : { BUY 5405.46@0.80470892} 181816 : { BUY 5405.46@0.80470892} 181815 : { SELL 19503.24@0.8079342} 181814 : { SELL 19503.24@0.8079342} 
Thu Dec 04 00:20:01 EST 2014 , 4 , 2 , 2 , 181817 : { BUY 5405.46@0.80470892} 181816 : { BUY 5405.46@0.80470892} 181815 : { SELL 19503.24@0.8079342} 181814 : { SELL 19503.24@0.8079342} 
Thu Dec 04 00:23:02 EST 2014 , 4 , 2 , 2 , 181817 : { BUY 5405.46@0.80470892} 181816 : { BUY 5405.46@0.80470892} 181815 : { SELL 19503.24@0.8079342} 181814 : { SELL 19503.24@0.8079342} 
Thu Dec 04 00:26:03 EST 2014 , 4 , 2 , 2 , 181817 : { BUY 5405.46@0.80470892} 181816 : { BUY 5405.46@0.80470892} 181815 : { SELL 19503.24@0.8079342} 181814 : { SELL 19503.24@0.8079342} 
Thu Dec 04 00:29:04 EST 2014 , 4 , 2 , 2 , 181817 : { BUY 5405.46@0.80470892} 181816 : { BUY 5405.46@0.80470892} 181815 : { SELL 19503.24@0.8079342} 181814 : { SELL 19503.24@0.8079342} 
Thu Dec 04 00:32:05 EST 2014 , 4 , 2 , 2 , 181817 : { BUY 5405.46@0.80470892} 181816 : { BUY 5405.46@0.80470892} 181815 : { SELL 19503.24@0.8079342} 181814 : { SELL 19503.24@0.8079342} 
Thu Dec 04 00:35:06 EST 2014 , 4 , 2 , 2 , 181817 : { BUY 5405.46@0.80470892} 181816 : { BUY 5405.46@0.80470892} 181815 : { SELL 19503.24@0.8079342} 181814 : { SELL 19503.24@0.8079342} 
Thu Dec 04 00:38:07 EST 2014 , 4 , 2 , 2 , 181817 : { BUY 5405.46@0.80470892} 181816 : { BUY 5405.46@0.80470892} 181815 : { SELL 19503.24@0.8079342} 181814 : { SELL 19503.24@0.8079342} 
Thu Dec 04 00:41:08 EST 2014 , 4 , 2 , 2 , 181817 : { BUY 5405.46@0.80470892} 181816 : { BUY 5405.46@0.80470892} 181815 : { SELL 19503.24@0.8079342} 181814 : { SELL 19503.24@0.8079342} 
Thu Dec 04 00:44:09 EST 2014 , 4 , 2 , 2 , 181817 : { BUY 5405.46@0.80470892} 181816 : { BUY 5405.46@0.80470892} 181815 : { SELL 19503.24@0.8079342} 181814 : { SELL 19503.24@0.8079342} 
Thu Dec 04 00:47:10 EST 2014 , 4 , 2 , 2 , 181817 : { BUY 5405.46@0.80470892} 181816 : { BUY 5405.46@0.80470892} 181815 : { SELL 19503.24@0.8079342} 181814 : { SELL 19503.24@0.8079342} 
Thu Dec 04 00:50:11 EST 2014 , 4 , 2 , 2 , 181817 : { BUY 5405.46@0.80470892} 181816 : { BUY 5405.46@0.80470892} 181815 : { SELL 19503.24@0.8079342} 181814 : { SELL 19503.24@0.8079342} 
Thu Dec 04 00:53:12 EST 2014 , 4 , 2 , 2 , 181817 : { BUY 5405.46@0.80470892} 181816 : { BUY 5405.46@0.80470892} 181815 : { SELL 19503.24@0.8079342} 181814 : { SELL 19503.24@0.8079342} 
Thu Dec 04 00:56:13 EST 2014 , 4 , 2 , 2 , 181817 : { BUY 5405.46@0.80470892} 181816 : { BUY 5405.46@0.80470892} 181815 : { SELL 19503.24@0.8079342} 181814 : { SELL 19503.24@0.8079342} 
Thu Dec 04 00:59:14 EST 2014 , 4 , 2 , 2 , 181817 : { BUY 5405.46@0.80470892} 181816 : { BUY 5405.46@0.80470892} 181815 : { SELL 19503.24@0.8079342} 181814 : { SELL 19503.24@0.8079342} 
Thu Dec 04 01:02:15 EST 2014 , 4 , 2 , 2 , 181817 : { BUY 5405.46@0.80470892} 181816 : { BUY 5405.46@0.80470892} 181815 : { SELL 19503.24@0.8079342} 181814 : { SELL 19503.24@0.8079342} 
Thu Dec 04 01:05:16 EST 2014 , 4 , 2 , 2 , 181817 : { BUY 5405.46@0.80470892} 181816 : { BUY 5405.46@0.80470892} 181815 : { SELL 19503.24@0.8079342} 181814 : { SELL 19503.24@0.8079342} 
Thu Dec 04 01:08:17 EST 2014 , 4 , 2 , 2 , 181817 : { BUY 5405.46@0.80470892} 181816 : { BUY 5405.46@0.80470892} 181815 : { SELL 19503.24@0.8079342} 181814 : { SELL 19503.24@0.8079342} 
Thu Dec 04 01:11:18 EST 2014 , 4 , 2 , 2 , 181817 : { BUY 5405.46@0.80470892} 181816 : { BUY 5405.46@0.80470892} 181815 : { SELL 19503.24@0.8079342} 181814 : { SELL 19503.24@0.8079342} 
Thu Dec 04 01:14:19 EST 2014 , 4 , 2 , 2 , 181817 : { BUY 5405.46@0.80470892} 181816 : { BUY 5405.46@0.80470892} 181815 : { SELL 19503.24@0.8079342} 181814 : { SELL 19503.24@0.8079342} 
Thu Dec 04 01:17:20 EST 2014 , 4 , 2 , 2 , 181817 : { BUY 5405.46@0.80470892} 181816 : { BUY 5405.46@0.80470892} 181815 : { SELL 19503.24@0.8079342} 181814 : { SELL 19503.24@0.8079342} 
Thu Dec 04 01:20:21 EST 2014 , 4 , 2 , 2 , 181817 : { BUY 5405.46@0.80470892} 181816 : { BUY 5405.46@0.80470892} 181815 : { SELL 19503.24@0.8079342} 181814 : { SELL 19503.24@0.8079342} 
Thu Dec 04 01:23:22 EST 2014 , 4 , 2 , 2 , 181817 : { BUY 5405.46@0.80470892} 181816 : { BUY 5405.46@0.80470892} 181815 : { SELL 19503.24@0.8079342} 181814 : { SELL 19503.24@0.8079342} 
Thu Dec 04 01:26:23 EST 2014 , 4 , 2 , 2 , 181817 : { BUY 5405.46@0.80470892} 181816 : { BUY 5405.46@0.80470892} 181815 : { SELL 19503.24@0.8079342} 181814 : { SELL 19503.24@0.8079342} 
Thu Dec 04 01:29:24 EST 2014 , 4 , 2 , 2 , 181817 : { BUY 5405.46@0.80470892} 181816 : { BUY 5405.46@0.80470892} 181815 : { SELL 19503.24@0.8079342} 181814 : { SELL 19503.24@0.8079342} 
Thu Dec 04 01:32:25 EST 2014 , 4 , 2 , 2 , 181817 : { BUY 5405.46@0.80470892} 181816 : { BUY 5405.46@0.80470892} 181815 : { SELL 19503.24@0.8079342} 181814 : { SELL 19503.24@0.8079342} 
Thu Dec 04 01:35:26 EST 2014 , 4 , 2 , 2 , 181817 : { BUY 5405.46@0.80470892} 181816 : { BUY 5405.46@0.80470892} 181815 : { SELL 19503.24@0.8079342} 181814 : { SELL 19503.24@0.8079342} 
Thu Dec 04 01:38:27 EST 2014 , 4 , 2 , 2 , 181817 : { BUY 5405.46@0.80470892} 181816 : { BUY 5405.46@0.80470892} 181815 : { SELL 19503.24@0.8079342} 181814 : { SELL 19503.24@0.8079342} 
Thu Dec 04 01:41:28 EST 2014 , 4 , 2 , 2 , 181817 : { BUY 5405.46@0.80470892} 181816 : { BUY 5405.46@0.80470892} 181815 : { SELL 19503.24@0.8079342} 181814 : { SELL 19503.24@0.8079342} 
Thu Dec 04 01:44:29 EST 2014 , 4 , 2 , 2 , 181817 : { BUY 5405.46@0.80470892} 181816 : { BUY 5405.46@0.80470892} 181815 : { SELL 19503.24@0.8079342} 181814 : { SELL 19503.24@0.8079342} 
Thu Dec 04 01:47:30 EST 2014 , 4 , 2 , 2 , 181817 : { BUY 5405.46@0.80470892} 181816 : { BUY 5405.46@0.80470892} 181815 : { SELL 19503.24@0.8079342} 181814 : { SELL 19503.24@0.8079342} 
Thu Dec 04 01:50:31 EST 2014 , 4 , 2 , 2 , 181817 : { BUY 5405.46@0.80470892} 181816 : { BUY 5405.46@0.80470892} 181815 : { SELL 19503.24@0.8079342} 181814 : { SELL 19503.24@0.8079342} 
Thu Dec 04 01:53:32 EST 2014 , 4 , 2 , 2 , 181817 : { BUY 5405.46@0.80470892} 181816 : { BUY 5405.46@0.80470892} 181815 : { SELL 19503.24@0.8079342} 181814 : { SELL 19503.24@0.8079342} 
Thu Dec 04 01:56:33 EST 2014 , 4 , 2 , 2 , 181817 : { BUY 5405.46@0.80470892} 181816 : { BUY 5405.46@0.80470892} 181815 : { SELL 19503.24@0.8079342} 181814 : { SELL 19503.24@0.8079342} 
Thu Dec 04 01:59:34 EST 2014 , 4 , 2 , 2 , 181817 : { BUY 5405.46@0.80470892} 181816 : { BUY 5405.46@0.80470892} 181815 : { SELL 19503.24@0.8079342} 181814 : { SELL 19503.24@0.8079342} 
Thu Dec 04 02:02:35 EST 2014 , 4 , 2 , 2 , 181817 : { BUY 5405.46@0.80470892} 181816 : { BUY 5405.46@0.80470892} 181815 : { SELL 19503.24@0.8079342} 181814 : { SELL 19503.24@0.8079342} 
Thu Dec 04 02:05:36 EST 2014 , 4 , 2 , 2 , 181817 : { BUY 5405.46@0.80470892} 181816 : { BUY 5405.46@0.80470892} 181815 : { SELL 19503.24@0.8079342} 181814 : { SELL 19503.24@0.8079342} 
Thu Dec 04 02:08:37 EST 2014 , 4 , 2 , 2 , 181817 : { BUY 5405.46@0.80470892} 181816 : { BUY 5405.46@0.80470892} 181815 : { SELL 19503.24@0.8079342} 181814 : { SELL 19503.24@0.8079342} 
Thu Dec 04 02:11:38 EST 2014 , 4 , 2 , 2 , 181817 : { BUY 5405.46@0.80470892} 181816 : { BUY 5405.46@0.80470892} 181815 : { SELL 19503.24@0.8079342} 181814 : { SELL 19503.24@0.8079342} 
Thu Dec 04 02:14:39 EST 2014 , 4 , 2 , 2 , 181817 : { BUY 5405.46@0.80470892} 181816 : { BUY 5405.46@0.80470892} 181815 : { SELL 19503.24@0.8079342} 181814 : { SELL 19503.24@0.8079342} 
Thu Dec 04 02:17:40 EST 2014 , 4 , 2 , 2 , 181817 : { BUY 5405.46@0.80470892} 181816 : { BUY 5405.46@0.80470892} 181815 : { SELL 19503.24@0.8079342} 181814 : { SELL 19503.24@0.8079342} 
Thu Dec 04 02:20:41 EST 2014 , 4 , 2 , 2 , 181817 : { BUY 5405.46@0.80470892} 181816 : { BUY 5405.46@0.80470892} 181815 : { SELL 19503.24@0.8079342} 181814 : { SELL 19503.24@0.8079342} 
Thu Dec 04 02:23:42 EST 2014 , 4 , 2 , 2 , 181817 : { BUY 5405.46@0.80470892} 181816 : { BUY 5405.46@0.80470892} 181815 : { SELL 19503.24@0.8079342} 181814 : { SELL 19503.24@0.8079342} 
Thu Dec 04 02:26:43 EST 2014 , 4 , 2 , 2 , 181817 : { BUY 5405.46@0.80470892} 181816 : { BUY 5405.46@0.80470892} 181815 : { SELL 19503.24@0.8079342} 181814 : { SELL 19503.24@0.8079342} 
Thu Dec 04 02:29:44 EST 2014 , 4 , 2 , 2 , 181817 : { BUY 5405.46@0.80470892} 181816 : { BUY 5405.46@0.80470892} 181815 : { SELL 19503.24@0.8079342} 181814 : { SELL 19503.24@0.8079342} 
Thu Dec 04 02:32:45 EST 2014 , 4 , 2 , 2 , 181817 : { BUY 5405.46@0.80470892} 181816 : { BUY 5405.46@0.80470892} 181815 : { SELL 19503.24@0.8079342} 181814 : { SELL 19503.24@0.8079342} 
Thu Dec 04 02:35:46 EST 2014 , 4 , 2 , 2 , 181817 : { BUY 5405.46@0.80470892} 181816 : { BUY 5405.46@0.80470892} 181815 : { SELL 19503.24@0.8079342} 181814 : { SELL 19503.24@0.8079342} 
Thu Dec 04 02:38:47 EST 2014 , 4 , 2 , 2 , 181817 : { BUY 5405.46@0.80470892} 181816 : { BUY 5405.46@0.80470892} 181815 : { SELL 19503.24@0.8079342} 181814 : { SELL 19503.24@0.8079342} 
Thu Dec 04 02:41:48 EST 2014 , 4 , 2 , 2 , 181817 : { BUY 5405.46@0.80470892} 181816 : { BUY 5405.46@0.80470892} 181815 : { SELL 19503.24@0.8079342} 181814 : { SELL 19503.24@0.8079342} 
Thu Dec 04 02:44:49 EST 2014 , 4 , 2 , 2 , 181817 : { BUY 5405.46@0.80470892} 181816 : { BUY 5405.46@0.80470892} 181815 : { SELL 19503.24@0.8079342} 181814 : { SELL 19503.24@0.8079342} 
Thu Dec 04 02:47:50 EST 2014 , 4 , 2 , 2 , 181817 : { BUY 5405.46@0.80470892} 181816 : { BUY 5405.46@0.80470892} 181815 : { SELL 19503.24@0.8079342} 181814 : { SELL 19503.24@0.8079342} 
Thu Dec 04 02:50:51 EST 2014 , 4 , 2 , 2 , 181817 : { BUY 5405.46@0.80470892} 181816 : { BUY 5405.46@0.80470892} 181815 : { SELL 19503.24@0.8079342} 181814 : { SELL 19503.24@0.8079342} 
Thu Dec 04 02:53:52 EST 2014 , 4 , 2 , 2 , 181817 : { BUY 5405.46@0.80470892} 181816 : { BUY 5405.46@0.80470892} 181815 : { SELL 19503.24@0.8079342} 181814 : { SELL 19503.24@0.8079342} 
Thu Dec 04 02:56:53 EST 2014 , 4 , 2 , 2 , 181817 : { BUY 5405.46@0.80470892} 181816 : { BUY 5405.46@0.80470892} 181815 : { SELL 19503.24@0.8079342} 181814 : { SELL 19503.24@0.8079342} 
Thu Dec 04 02:59:54 EST 2014 , 4 , 2 , 2 , 181817 : { BUY 5405.46@0.80470892} 181816 : { BUY 5405.46@0.80470892} 181815 : { SELL 19503.24@0.8079342} 181814 : { SELL 19503.24@0.8079342} 
Thu Dec 04 03:02:55 EST 2014 , 4 , 2 , 2 , 181817 : { BUY 5405.46@0.80470892} 181816 : { BUY 5405.46@0.80470892} 181815 : { SELL 19503.24@0.8079342} 181814 : { SELL 19503.24@0.8079342} 
Thu Dec 04 03:05:56 EST 2014 , 4 , 2 , 2 , 181817 : { BUY 5405.46@0.80470892} 181816 : { BUY 5405.46@0.80470892} 181815 : { SELL 19503.24@0.8079342} 181814 : { SELL 19503.24@0.8079342} 
Thu Dec 04 03:08:57 EST 2014 , 4 , 2 , 2 , 181817 : { BUY 5405.46@0.80470892} 181816 : { BUY 5405.46@0.80470892} 181815 : { SELL 19503.24@0.8079342} 181814 : { SELL 19503.24@0.8079342} 
Thu Dec 04 03:11:58 EST 2014 , 4 , 2 , 2 , 181817 : { BUY 5405.46@0.80470892} 181816 : { BUY 5405.46@0.80470892} 181815 : { SELL 19503.24@0.8079342} 181814 : { SELL 19503.24@0.8079342} 
Thu Dec 04 03:15:00 EST 2014 , 4 , 2 , 2 , 181817 : { BUY 5405.46@0.80470892} 181816 : { BUY 5405.46@0.80470892} 181815 : { SELL 19503.24@0.8079342} 181814 : { SELL 19503.24@0.8079342} 
Thu Dec 04 03:18:00 EST 2014 , 4 , 2 , 2 , 181817 : { BUY 5405.46@0.80470892} 181816 : { BUY 5405.46@0.80470892} 181815 : { SELL 19503.24@0.8079342} 181814 : { SELL 19503.24@0.8079342} 
Thu Dec 04 03:21:01 EST 2014 , 4 , 2 , 2 , 181817 : { BUY 5405.46@0.80470892} 181816 : { BUY 5405.46@0.80470892} 181815 : { SELL 19503.24@0.8079342} 181814 : { SELL 19503.24@0.8079342} 
Thu Dec 04 03:24:02 EST 2014 , 4 , 2 , 2 , 181817 : { BUY 5405.46@0.80470892} 181816 : { BUY 5405.46@0.80470892} 181815 : { SELL 19503.24@0.8079342} 181814 : { SELL 19503.24@0.8079342} 
Thu Dec 04 03:27:03 EST 2014 , 4 , 2 , 2 , 181817 : { BUY 5405.46@0.80470892} 181816 : { BUY 5405.46@0.80470892} 181815 : { SELL 19503.24@0.8079342} 181814 : { SELL 19503.24@0.8079342} 
Thu Dec 04 03:30:04 EST 2014 , 4 , 2 , 2 , 181817 : { BUY 5405.46@0.80470892} 181816 : { BUY 5405.46@0.80470892} 181815 : { SELL 19503.24@0.8079342} 181814 : { SELL 19503.24@0.8079342} 
Thu Dec 04 03:33:05 EST 2014 , 4 , 2 , 2 , 181817 : { BUY 5405.46@0.80470892} 181816 : { BUY 5405.46@0.80470892} 181815 : { SELL 19503.24@0.8079342} 181814 : { SELL 19503.24@0.8079342} 
Thu Dec 04 03:36:06 EST 2014 , 4 , 2 , 2 , 181817 : { BUY 5405.46@0.80470892} 181816 : { BUY 5405.46@0.80470892} 181815 : { SELL 19503.24@0.8079342} 181814 : { SELL 19503.24@0.8079342} 
Thu Dec 04 03:39:07 EST 2014 , 4 , 2 , 2 , 181817 : { BUY 5405.46@0.80470892} 181816 : { BUY 5405.46@0.80470892} 181815 : { SELL 19503.24@0.8079342} 181814 : { SELL 19503.24@0.8079342} 
Thu Dec 04 03:42:08 EST 2014 , 4 , 2 , 2 , 181817 : { BUY 5405.46@0.80470892} 181816 : { BUY 5405.46@0.80470892} 181815 : { SELL 19503.24@0.8079342} 181814 : { SELL 19503.24@0.8079342} 
Thu Dec 04 03:45:09 EST 2014 , 4 , 2 , 2 , 181817 : { BUY 5405.46@0.80470892} 181816 : { BUY 5405.46@0.80470892} 181815 : { SELL 19503.24@0.8079342} 181814 : { SELL 19503.24@0.8079342} 
Thu Dec 04 03:48:10 EST 2014 , 4 , 2 , 2 , 181817 : { BUY 5405.46@0.80470892} 181816 : { BUY 5405.46@0.80470892} 181815 : { SELL 19503.24@0.8079342} 181814 : { SELL 19503.24@0.8079342} 
Thu Dec 04 03:51:11 EST 2014 , 4 , 2 , 2 , 181817 : { BUY 5405.46@0.80470892} 181816 : { BUY 5405.46@0.80470892} 181815 : { SELL 19503.24@0.8079342} 181814 : { SELL 19503.24@0.8079342} 
Thu Dec 04 03:54:12 EST 2014 , 4 , 2 , 2 , 181817 : { BUY 5405.46@0.80470892} 181816 : { BUY 5405.46@0.80470892} 181815 : { SELL 19503.24@0.8079342} 181814 : { SELL 19503.24@0.8079342} 
Thu Dec 04 03:57:13 EST 2014 , 4 , 2 , 2 , 181817 : { BUY 5405.46@0.80470892} 181816 : { BUY 5405.46@0.80470892} 181815 : { SELL 19503.24@0.8079342} 181814 : { SELL 19503.24@0.8079342} 
Thu Dec 04 04:00:14 EST 2014 , 4 , 2 , 2 , 181817 : { BUY 5405.46@0.80470892} 181816 : { BUY 5405.46@0.80470892} 181815 : { SELL 19503.24@0.8079342} 181814 : { SELL 19503.24@0.8079342} 
Thu Dec 04 04:03:15 EST 2014 , 4 , 2 , 2 , 181817 : { BUY 5405.46@0.80470892} 181816 : { BUY 5405.46@0.80470892} 181815 : { SELL 19503.24@0.8079342} 181814 : { SELL 19503.24@0.8079342} 
Thu Dec 04 04:06:16 EST 2014 , 4 , 2 , 2 , 181817 : { BUY 5405.46@0.80470892} 181816 : { BUY 5405.46@0.80470892} 181815 : { SELL 19503.24@0.8079342} 181814 : { SELL 19503.24@0.8079342} 
Thu Dec 04 04:09:17 EST 2014 , 4 , 2 , 2 , 181817 : { BUY 5405.46@0.80470892} 181816 : { BUY 5405.46@0.80470892} 181815 : { SELL 19503.24@0.8079342} 181814 : { SELL 19503.24@0.8079342} 
Thu Dec 04 04:12:18 EST 2014 , 4 , 2 , 2 , 181817 : { BUY 5405.46@0.80470892} 181816 : { BUY 5405.46@0.80470892} 181815 : { SELL 19503.24@0.8079342} 181814 : { SELL 19503.24@0.8079342} 
Thu Dec 04 04:15:19 EST 2014 , 4 , 2 , 2 , 181817 : { BUY 5405.46@0.80470892} 181816 : { BUY 5405.46@0.80470892} 181815 : { SELL 19503.24@0.8079342} 181814 : { SELL 19503.24@0.8079342} 
Thu Dec 04 04:18:20 EST 2014 , 4 , 2 , 2 , 181817 : { BUY 5405.46@0.80470892} 181816 : { BUY 5405.46@0.80470892} 181815 : { SELL 19503.24@0.8079342} 181814 : { SELL 19503.24@0.8079342} 
Thu Dec 04 04:21:21 EST 2014 , 4 , 2 , 2 , 181817 : { BUY 5405.46@0.80470892} 181816 : { BUY 5405.46@0.80470892} 181815 : { SELL 19503.24@0.8079342} 181814 : { SELL 19503.24@0.8079342} 
Thu Dec 04 04:24:22 EST 2014 , 4 , 2 , 2 , 181817 : { BUY 5405.46@0.80470892} 181816 : { BUY 5405.46@0.80470892} 181815 : { SELL 19503.24@0.8079342} 181814 : { SELL 19503.24@0.8079342} 
Thu Dec 04 04:27:23 EST 2014 , 4 , 2 , 2 , 181817 : { BUY 5405.46@0.80470892} 181816 : { BUY 5405.46@0.80470892} 181815 : { SELL 19503.24@0.8079342} 181814 : { SELL 19503.24@0.8079342} 
Thu Dec 04 04:30:24 EST 2014 , 4 , 2 , 2 , 181817 : { BUY 5405.46@0.80470892} 181816 : { BUY 5405.46@0.80470892} 181815 : { SELL 19503.24@0.8079342} 181814 : { SELL 19503.24@0.8079342} 
Thu Dec 04 04:33:25 EST 2014 , 4 , 2 , 2 , 181817 : { BUY 5405.46@0.80470892} 181816 : { BUY 5405.46@0.80470892} 181815 : { SELL 19503.24@0.8079342} 181814 : { SELL 19503.24@0.8079342} 
Thu Dec 04 04:36:26 EST 2014 , 4 , 2 , 2 , 181817 : { BUY 5405.46@0.80470892} 181816 : { BUY 5405.46@0.80470892} 181815 : { SELL 19503.24@0.8079342} 181814 : { SELL 19503.24@0.8079342} 
Thu Dec 04 04:39:27 EST 2014 , 4 , 2 , 2 , 181817 : { BUY 5405.46@0.80470892} 181816 : { BUY 5405.46@0.80470892} 181815 : { SELL 19503.24@0.8079342} 181814 : { SELL 19503.24@0.8079342} 
Thu Dec 04 04:42:28 EST 2014 , 4 , 2 , 2 , 181817 : { BUY 5405.46@0.80470892} 181816 : { BUY 5405.46@0.80470892} 181815 : { SELL 19503.24@0.8079342} 181814 : { SELL 19503.24@0.8079342} 
Thu Dec 04 04:45:29 EST 2014 , 4 , 2 , 2 , 181817 : { BUY 5405.46@0.80470892} 181816 : { BUY 5405.46@0.80470892} 181815 : { SELL 19503.24@0.8079342} 181814 : { SELL 19503.24@0.8079342} 
Thu Dec 04 04:48:30 EST 2014 , 4 , 2 , 2 , 181817 : { BUY 5405.46@0.80470892} 181816 : { BUY 5405.46@0.80470892} 181815 : { SELL 19503.24@0.8079342} 181814 : { SELL 19503.24@0.8079342} 
Thu Dec 04 04:51:31 EST 2014 , 4 , 2 , 2 , 181817 : { BUY 5405.46@0.80470892} 181816 : { BUY 5405.46@0.80470892} 181815 : { SELL 19503.24@0.8079342} 181814 : { SELL 19503.24@0.8079342} 
Thu Dec 04 04:54:32 EST 2014 , 4 , 2 , 2 , 181817 : { BUY 5405.46@0.80470892} 181816 : { BUY 5405.46@0.80470892} 181815 : { SELL 19503.24@0.8079342} 181814 : { SELL 19503.24@0.8079342} 
Thu Dec 04 04:57:33 EST 2014 , 4 , 2 , 2 , 181817 : { BUY 5405.46@0.80470892} 181816 : { BUY 5405.46@0.80470892} 181815 : { SELL 19503.24@0.8079342} 181814 : { SELL 19503.24@0.8079342} 
Thu Dec 04 05:00:34 EST 2014 , 4 , 2 , 2 , 181817 : { BUY 5405.46@0.80470892} 181816 : { BUY 5405.46@0.80470892} 181815 : { SELL 19503.24@0.8079342} 181814 : { SELL 19503.24@0.8079342} 
Thu Dec 04 05:03:35 EST 2014 , 4 , 2 , 2 , 181817 : { BUY 5405.46@0.80470892} 181816 : { BUY 5405.46@0.80470892} 181815 : { SELL 19503.24@0.8079342} 181814 : { SELL 19503.24@0.8079342} 
Thu Dec 04 05:06:36 EST 2014 , 4 , 2 , 2 , 181817 : { BUY 5405.46@0.80470892} 181816 : { BUY 5405.46@0.80470892} 181815 : { SELL 19503.24@0.8079342} 181814 : { SELL 19503.24@0.8079342} 
Thu Dec 04 05:09:37 EST 2014 , 4 , 2 , 2 , 181817 : { BUY 5405.46@0.80470892} 181816 : { BUY 5405.46@0.80470892} 181815 : { SELL 19503.24@0.8079342} 181814 : { SELL 19503.24@0.8079342} 
Thu Dec 04 05:12:38 EST 2014 , 4 , 2 , 2 , 181817 : { BUY 5405.46@0.80470892} 181816 : { BUY 5405.46@0.80470892} 181815 : { SELL 19503.24@0.8079342} 181814 : { SELL 19503.24@0.8079342} 
Thu Dec 04 05:15:39 EST 2014 , 4 , 2 , 2 , 181817 : { BUY 5405.46@0.80470892} 181816 : { BUY 5405.46@0.80470892} 181815 : { SELL 19503.24@0.8079342} 181814 : { SELL 19503.24@0.8079342} 
Thu Dec 04 05:18:40 EST 2014 , 4 , 2 , 2 , 181817 : { BUY 5405.46@0.80470892} 181816 : { BUY 5405.46@0.80470892} 181815 : { SELL 19503.24@0.8079342} 181814 : { SELL 19503.24@0.8079342} 
Thu Dec 04 05:21:41 EST 2014 , 4 , 2 , 2 , 181817 : { BUY 5405.46@0.80470892} 181816 : { BUY 5405.46@0.80470892} 181815 : { SELL 19503.24@0.8079342} 181814 : { SELL 19503.24@0.8079342} 
Thu Dec 04 05:24:42 EST 2014 , 4 , 2 , 2 , 181817 : { BUY 5405.46@0.80470892} 181816 : { BUY 5405.46@0.80470892} 181815 : { SELL 19503.24@0.8079342} 181814 : { SELL 19503.24@0.8079342} 
Thu Dec 04 05:27:43 EST 2014 , 4 , 2 , 2 , 181817 : { BUY 5405.46@0.80470892} 181816 : { BUY 5405.46@0.80470892} 181815 : { SELL 19503.24@0.8079342} 181814 : { SELL 19503.24@0.8079342} 
Thu Dec 04 05:30:44 EST 2014 , 4 , 2 , 2 , 181817 : { BUY 5405.46@0.80470892} 181816 : { BUY 5405.46@0.80470892} 181815 : { SELL 19503.24@0.8079342} 181814 : { SELL 19503.24@0.8079342} 
Thu Dec 04 05:33:45 EST 2014 , 4 , 2 , 2 , 181817 : { BUY 5405.46@0.80470892} 181816 : { BUY 5405.46@0.80470892} 181815 : { SELL 19503.24@0.8079342} 181814 : { SELL 19503.24@0.8079342} 
Thu Dec 04 05:36:46 EST 2014 , 4 , 2 , 2 , 181817 : { BUY 5405.46@0.80470892} 181816 : { BUY 5405.46@0.80470892} 181815 : { SELL 19503.24@0.8079342} 181814 : { SELL 19503.24@0.8079342} 
Thu Dec 04 05:39:47 EST 2014 , 4 , 2 , 2 , 181817 : { BUY 5405.46@0.80470892} 181816 : { BUY 5405.46@0.80470892} 181815 : { SELL 19503.24@0.8079342} 181814 : { SELL 19503.24@0.8079342} 
Thu Dec 04 05:42:48 EST 2014 , 4 , 2 , 2 , 181817 : { BUY 5405.46@0.80470892} 181816 : { BUY 5405.46@0.80470892} 181815 : { SELL 19503.24@0.8079342} 181814 : { SELL 19503.24@0.8079342} 
Thu Dec 04 05:45:49 EST 2014 , 4 , 2 , 2 , 181817 : { BUY 5405.46@0.80470892} 181816 : { BUY 5405.46@0.80470892} 181815 : { SELL 19503.24@0.8079342} 181814 : { SELL 19503.24@0.8079342} 
Thu Dec 04 05:48:50 EST 2014 , 4 , 2 , 2 , 181817 : { BUY 5405.46@0.80470892} 181816 : { BUY 5405.46@0.80470892} 181815 : { SELL 19503.24@0.8079342} 181814 : { SELL 19503.24@0.8079342} 
Thu Dec 04 05:51:51 EST 2014 , 4 , 2 , 2 , 181817 : { BUY 5405.46@0.80470892} 181816 : { BUY 5405.46@0.80470892} 181815 : { SELL 19503.24@0.8079342} 181814 : { SELL 19503.24@0.8079342} 
Thu Dec 04 05:54:52 EST 2014 , 4 , 2 , 2 , 181817 : { BUY 5405.46@0.80470892} 181816 : { BUY 5405.46@0.80470892} 181815 : { SELL 19503.24@0.8079342} 181814 : { SELL 19503.24@0.8079342} 
Thu Dec 04 05:57:53 EST 2014 , 4 , 2 , 2 , 181817 : { BUY 5405.46@0.80470892} 181816 : { BUY 5405.46@0.80470892} 181815 : { SELL 19503.24@0.8079342} 181814 : { SELL 19503.24@0.8079342} 
Thu Dec 04 06:00:54 EST 2014 , 4 , 2 , 2 , 181817 : { BUY 5405.46@0.80470892} 181816 : { BUY 5405.46@0.80470892} 181815 : { SELL 19503.24@0.8079342} 181814 : { SELL 19503.24@0.8079342} 
Thu Dec 04 06:03:55 EST 2014 , 4 , 2 , 2 , 181817 : { BUY 5405.46@0.80470892} 181816 : { BUY 5405.46@0.80470892} 181815 : { SELL 19503.24@0.8079342} 181814 : { SELL 19503.24@0.8079342} 
Thu Dec 04 06:06:56 EST 2014 , 4 , 2 , 2 , 181817 : { BUY 5405.46@0.80470892} 181816 : { BUY 5405.46@0.80470892} 181815 : { SELL 19503.24@0.8079342} 181814 : { SELL 19503.24@0.8079342} 
Thu Dec 04 06:09:57 EST 2014 , 4 , 2 , 2 , 181817 : { BUY 5405.46@0.80470892} 181816 : { BUY 5405.46@0.80470892} 181815 : { SELL 19503.24@0.8079342} 181814 : { SELL 19503.24@0.8079342} 
Thu Dec 04 06:12:58 EST 2014 , 4 , 2 , 2 , 181817 : { BUY 5405.46@0.80470892} 181816 : { BUY 5405.46@0.80470892} 181815 : { SELL 19503.24@0.8079342} 181814 : { SELL 19503.24@0.8079342} 
Thu Dec 04 06:15:59 EST 2014 , 4 , 2 , 2 , 181817 : { BUY 5405.46@0.80470892} 181816 : { BUY 5405.46@0.80470892} 181815 : { SELL 19503.24@0.8079342} 181814 : { SELL 19503.24@0.8079342} 
Thu Dec 04 06:19:00 EST 2014 , 4 , 2 , 2 , 181817 : { BUY 5405.46@0.80470892} 181816 : { BUY 5405.46@0.80470892} 181815 : { SELL 19503.24@0.8079342} 181814 : { SELL 19503.24@0.8079342} 
Thu Dec 04 06:22:01 EST 2014 , 4 , 2 , 2 , 181817 : { BUY 5405.46@0.80470892} 181816 : { BUY 5405.46@0.80470892} 181815 : { SELL 19503.24@0.8079342} 181814 : { SELL 19503.24@0.8079342} 
Thu Dec 04 06:25:02 EST 2014 , 4 , 2 , 2 , 181817 : { BUY 5405.46@0.80470892} 181816 : { BUY 5405.46@0.80470892} 181815 : { SELL 19503.24@0.8079342} 181814 : { SELL 19503.24@0.8079342} 
Thu Dec 04 06:28:03 EST 2014 , 4 , 2 , 2 , 181817 : { BUY 5405.46@0.80470892} 181816 : { BUY 5405.46@0.80470892} 181815 : { SELL 19503.24@0.8079342} 181814 : { SELL 19503.24@0.8079342} 
Thu Dec 04 06:31:04 EST 2014 , 4 , 2 , 2 , 181817 : { BUY 5405.46@0.80470892} 181816 : { BUY 5405.46@0.80470892} 181815 : { SELL 19503.24@0.8079342} 181814 : { SELL 19503.24@0.8079342} 
Thu Dec 04 06:34:05 EST 2014 , 4 , 2 , 2 , 181817 : { BUY 5405.46@0.80470892} 181816 : { BUY 5405.46@0.80470892} 181815 : { SELL 19503.24@0.8079342} 181814 : { SELL 19503.24@0.8079342} 
Thu Dec 04 06:37:06 EST 2014 , 4 , 2 , 2 , 181817 : { BUY 5405.46@0.80470892} 181816 : { BUY 5405.46@0.80470892} 181815 : { SELL 19503.24@0.8079342} 181814 : { SELL 19503.24@0.8079342} 
Thu Dec 04 06:40:07 EST 2014 , 4 , 2 , 2 , 181817 : { BUY 5405.46@0.80470892} 181816 : { BUY 5405.46@0.80470892} 181815 : { SELL 19503.24@0.8079342} 181814 : { SELL 19503.24@0.8079342} 
Thu Dec 04 06:43:08 EST 2014 , 4 , 2 , 2 , 181817 : { BUY 5405.46@0.80470892} 181816 : { BUY 5405.46@0.80470892} 181815 : { SELL 19503.24@0.8079342} 181814 : { SELL 19503.24@0.8079342} 
Thu Dec 04 06:46:09 EST 2014 , 4 , 2 , 2 , 181817 : { BUY 5405.46@0.80470892} 181816 : { BUY 5405.46@0.80470892} 181815 : { SELL 19503.24@0.8079342} 181814 : { SELL 19503.24@0.8079342} 
Thu Dec 04 06:49:10 EST 2014 , 4 , 2 , 2 , 181817 : { BUY 5405.46@0.80470892} 181816 : { BUY 5405.46@0.80470892} 181815 : { SELL 19503.24@0.8079342} 181814 : { SELL 19503.24@0.8079342} 
Thu Dec 04 06:52:11 EST 2014 , 4 , 2 , 2 , 181817 : { BUY 5405.46@0.80470892} 181816 : { BUY 5405.46@0.80470892} 181815 : { SELL 19503.24@0.8079342} 181814 : { SELL 19503.24@0.8079342} 
Thu Dec 04 06:55:12 EST 2014 , 4 , 2 , 2 , 181817 : { BUY 5405.46@0.80470892} 181816 : { BUY 5405.46@0.80470892} 181815 : { SELL 19503.24@0.8079342} 181814 : { SELL 19503.24@0.8079342} 
Thu Dec 04 06:58:13 EST 2014 , 4 , 2 , 2 , 181817 : { BUY 5405.46@0.80470892} 181816 : { BUY 5405.46@0.80470892} 181815 : { SELL 19503.24@0.8079342} 181814 : { SELL 19503.24@0.8079342} 
Thu Dec 04 07:01:14 EST 2014 , 4 , 2 , 2 , 181817 : { BUY 5405.46@0.80470892} 181816 : { BUY 5405.46@0.80470892} 181815 : { SELL 19503.24@0.8079342} 181814 : { SELL 19503.24@0.8079342} 
Thu Dec 04 07:04:15 EST 2014 , 4 , 2 , 2 , 181817 : { BUY 5405.46@0.80470892} 181816 : { BUY 5405.46@0.80470892} 181815 : { SELL 19503.24@0.8079342} 181814 : { SELL 19503.24@0.8079342} 
Thu Dec 04 07:07:16 EST 2014 , 4 , 2 , 2 , 181817 : { BUY 5405.46@0.80470892} 181816 : { BUY 5405.46@0.80470892} 181815 : { SELL 19503.24@0.8079342} 181814 : { SELL 19503.24@0.8079342} 
Thu Dec 04 07:10:17 EST 2014 , 4 , 2 , 2 , 181817 : { BUY 5405.46@0.80470892} 181816 : { BUY 5405.46@0.80470892} 181815 : { SELL 19503.24@0.8079342} 181814 : { SELL 19503.24@0.8079342} 
Thu Dec 04 07:13:18 EST 2014 , 4 , 2 , 2 , 181817 : { BUY 5405.46@0.80470892} 181816 : { BUY 5405.46@0.80470892} 181815 : { SELL 19503.24@0.8079342} 181814 : { SELL 19503.24@0.8079342} 
Thu Dec 04 07:16:19 EST 2014 , 4 , 2 , 2 , 181817 : { BUY 5405.46@0.80470892} 181816 : { BUY 5405.46@0.80470892} 181815 : { SELL 19503.24@0.8079342} 181814 : { SELL 19503.24@0.8079342} 
Thu Dec 04 07:19:20 EST 2014 , 4 , 2 , 2 , 181817 : { BUY 5405.46@0.80470892} 181816 : { BUY 5405.46@0.80470892} 181815 : { SELL 19503.24@0.8079342} 181814 : { SELL 19503.24@0.8079342} 
Thu Dec 04 07:22:21 EST 2014 , 4 , 2 , 2 , 181817 : { BUY 5405.46@0.80470892} 181816 : { BUY 5405.46@0.80470892} 181815 : { SELL 19503.24@0.8079342} 181814 : { SELL 19503.24@0.8079342} 
Thu Dec 04 07:25:22 EST 2014 , 4 , 2 , 2 , 181817 : { BUY 5405.46@0.80470892} 181816 : { BUY 5405.46@0.80470892} 181815 : { SELL 19503.24@0.8079342} 181814 : { SELL 19503.24@0.8079342} 
Thu Dec 04 07:28:23 EST 2014 , 4 , 2 , 2 , 181817 : { BUY 5405.46@0.80470892} 181816 : { BUY 5405.46@0.80470892} 181815 : { SELL 19503.24@0.8079342} 181814 : { SELL 19503.24@0.8079342} 
Thu Dec 04 07:31:24 EST 2014 , 4 , 2 , 2 , 181817 : { BUY 5405.46@0.80470892} 181816 : { BUY 5405.46@0.80470892} 181815 : { SELL 19503.24@0.8079342} 181814 : { SELL 19503.24@0.8079342} 
Thu Dec 04 07:34:25 EST 2014 , 4 , 2 , 2 , 181817 : { BUY 5405.46@0.80470892} 181816 : { BUY 5405.46@0.80470892} 181815 : { SELL 19503.24@0.8079342} 181814 : { SELL 19503.24@0.8079342} 
Thu Dec 04 07:37:26 EST 2014 , 4 , 2 , 2 , 181817 : { BUY 5405.46@0.80470892} 181816 : { BUY 5405.46@0.80470892} 181815 : { SELL 19503.24@0.8079342} 181814 : { SELL 19503.24@0.8079342} 
Thu Dec 04 07:40:27 EST 2014 , 4 , 2 , 2 , 181817 : { BUY 5405.46@0.80470892} 181816 : { BUY 5405.46@0.80470892} 181815 : { SELL 19503.24@0.8079342} 181814 : { SELL 19503.24@0.8079342} 
Thu Dec 04 07:43:28 EST 2014 , 4 , 2 , 2 , 181817 : { BUY 5405.46@0.80470892} 181816 : { BUY 5405.46@0.80470892} 181815 : { SELL 19503.24@0.8079342} 181814 : { SELL 19503.24@0.8079342} 
Thu Dec 04 07:46:29 EST 2014 , 4 , 2 , 2 , 181817 : { BUY 5405.46@0.80470892} 181816 : { BUY 5405.46@0.80470892} 181815 : { SELL 19503.24@0.8079342} 181814 : { SELL 19503.24@0.8079342} 
Thu Dec 04 07:49:30 EST 2014 , 4 , 2 , 2 , 181817 : { BUY 5405.46@0.80470892} 181816 : { BUY 5405.46@0.80470892} 181815 : { SELL 19503.24@0.8079342} 181814 : { SELL 19503.24@0.8079342} 
Thu Dec 04 07:52:31 EST 2014 , 4 , 2 , 2 , 181817 : { BUY 5405.46@0.80470892} 181816 : { BUY 5405.46@0.80470892} 181815 : { SELL 19503.24@0.8079342} 181814 : { SELL 19503.24@0.8079342} 
Thu Dec 04 07:55:32 EST 2014 , 4 , 2 , 2 , 181817 : { BUY 5405.46@0.80470892} 181816 : { BUY 5405.46@0.80470892} 181815 : { SELL 19503.24@0.8079342} 181814 : { SELL 19503.24@0.8079342} 
Thu Dec 04 07:58:33 EST 2014 , 4 , 2 , 2 , 181817 : { BUY 5405.46@0.80470892} 181816 : { BUY 5405.46@0.80470892} 181815 : { SELL 19503.24@0.8079342} 181814 : { SELL 19503.24@0.8079342} 
Thu Dec 04 08:01:34 EST 2014 , 4 , 2 , 2 , 181817 : { BUY 5405.46@0.80470892} 181816 : { BUY 5405.46@0.80470892} 181815 : { SELL 19503.24@0.8079342} 181814 : { SELL 19503.24@0.8079342} 
Thu Dec 04 08:04:35 EST 2014 , 4 , 2 , 2 , 181817 : { BUY 5405.46@0.80470892} 181816 : { BUY 5405.46@0.80470892} 181815 : { SELL 19503.24@0.8079342} 181814 : { SELL 19503.24@0.8079342} 
Thu Dec 04 08:07:36 EST 2014 , 4 , 2 , 2 , 181817 : { BUY 5405.46@0.80470892} 181816 : { BUY 5405.46@0.80470892} 181815 : { SELL 19503.24@0.8079342} 181814 : { SELL 19503.24@0.8079342} 
Thu Dec 04 08:10:37 EST 2014 , 4 , 2 , 2 , 181817 : { BUY 5405.46@0.80470892} 181816 : { BUY 5405.46@0.80470892} 181815 : { SELL 19503.24@0.8079342} 181814 : { SELL 19503.24@0.8079342} 
Thu Dec 04 08:13:38 EST 2014 , 4 , 2 , 2 , 181817 : { BUY 5405.46@0.80470892} 181816 : { BUY 5405.46@0.80470892} 181815 : { SELL 19503.24@0.8079342} 181814 : { SELL 19503.24@0.8079342} 
Thu Dec 04 08:16:40 EST 2014 , 4 , 2 , 2 , 181817 : { BUY 5405.46@0.80470892} 181816 : { BUY 5405.46@0.80470892} 181815 : { SELL 19503.24@0.8079342} 181814 : { SELL 19503.24@0.8079342} 
Thu Dec 04 08:19:40 EST 2014 , 4 , 2 , 2 , 181817 : { BUY 5405.46@0.80470892} 181816 : { BUY 5405.46@0.80470892} 181815 : { SELL 19503.24@0.8079342} 181814 : { SELL 19503.24@0.8079342} 
Thu Dec 04 08:22:41 EST 2014 , 4 , 2 , 2 , 181817 : { BUY 5405.46@0.80470892} 181816 : { BUY 5405.46@0.80470892} 181815 : { SELL 19503.24@0.8079342} 181814 : { SELL 19503.24@0.8079342} 
Thu Dec 04 08:25:42 EST 2014 , 4 , 2 , 2 , 181817 : { BUY 5405.46@0.80470892} 181816 : { BUY 5405.46@0.80470892} 181815 : { SELL 19503.24@0.8079342} 181814 : { SELL 19503.24@0.8079342} 
Thu Dec 04 08:28:43 EST 2014 , 4 , 2 , 2 , 181817 : { BUY 5405.46@0.80470892} 181816 : { BUY 5405.46@0.80470892} 181815 : { SELL 19503.24@0.8079342} 181814 : { SELL 19503.24@0.8079342} 
Thu Dec 04 08:31:44 EST 2014 , 4 , 2 , 2 , 181817 : { BUY 5405.46@0.80470892} 181816 : { BUY 5405.46@0.80470892} 181815 : { SELL 19503.24@0.8079342} 181814 : { SELL 19503.24@0.8079342} 
Thu Dec 04 08:34:45 EST 2014 , 4 , 2 , 2 , 181817 : { BUY 5405.46@0.80470892} 181816 : { BUY 5405.46@0.80470892} 181815 : { SELL 19503.24@0.8079342} 181814 : { SELL 19503.24@0.8079342} 
Thu Dec 04 08:37:46 EST 2014 , 4 , 2 , 2 , 181817 : { BUY 5405.46@0.80470892} 181816 : { BUY 5405.46@0.80470892} 181815 : { SELL 19503.24@0.8079342} 181814 : { SELL 19503.24@0.8079342} 
Thu Dec 04 08:40:47 EST 2014 , 4 , 2 , 2 , 181817 : { BUY 5405.46@0.80470892} 181816 : { BUY 5405.46@0.80470892} 181815 : { SELL 19503.24@0.8079342} 181814 : { SELL 19503.24@0.8079342} 
Thu Dec 04 08:43:48 EST 2014 , 4 , 2 , 2 , 181817 : { BUY 5405.46@0.80470892} 181816 : { BUY 5405.46@0.80470892} 181815 : { SELL 19503.24@0.8079342} 181814 : { SELL 19503.24@0.8079342} 
Thu Dec 04 08:46:49 EST 2014 , 4 , 2 , 2 , 181817 : { BUY 5405.46@0.80470892} 181816 : { BUY 5405.46@0.80470892} 181815 : { SELL 19503.24@0.8079342} 181814 : { SELL 19503.24@0.8079342} 
Thu Dec 04 08:49:50 EST 2014 , 4 , 2 , 2 , 181817 : { BUY 5405.46@0.80470892} 181816 : { BUY 5405.46@0.80470892} 181815 : { SELL 19503.24@0.8079342} 181814 : { SELL 19503.24@0.8079342} 
Thu Dec 04 08:52:51 EST 2014 , 4 , 2 , 2 , 181817 : { BUY 5405.46@0.80470892} 181816 : { BUY 5405.46@0.80470892} 181815 : { SELL 19503.24@0.8079342} 181814 : { SELL 19503.24@0.8079342} 
Thu Dec 04 08:55:52 EST 2014 , 4 , 2 , 2 , 181817 : { BUY 5405.46@0.80470892} 181816 : { BUY 5405.46@0.80470892} 181815 : { SELL 19503.24@0.8079342} 181814 : { SELL 19503.24@0.8079342} 
Thu Dec 04 08:58:53 EST 2014 , 4 , 2 , 2 , 181817 : { BUY 5405.46@0.80470892} 181816 : { BUY 5405.46@0.80470892} 181815 : { SELL 19503.24@0.8079342} 181814 : { SELL 19503.24@0.8079342} 
Thu Dec 04 09:01:54 EST 2014 , 4 , 2 , 2 , 181817 : { BUY 5405.46@0.80470892} 181816 : { BUY 5405.46@0.80470892} 181815 : { SELL 19503.24@0.8079342} 181814 : { SELL 19503.24@0.8079342} 
Thu Dec 04 09:04:55 EST 2014 , 4 , 2 , 2 , 181817 : { BUY 5405.46@0.80470892} 181816 : { BUY 5405.46@0.80470892} 181815 : { SELL 19503.24@0.8079342} 181814 : { SELL 19503.24@0.8079342} 
Thu Dec 04 09:07:56 EST 2014 , 4 , 2 , 2 , 181817 : { BUY 5405.46@0.80470892} 181816 : { BUY 5405.46@0.80470892} 181815 : { SELL 19503.24@0.8079342} 181814 : { SELL 19503.24@0.8079342} 
Thu Dec 04 09:10:57 EST 2014 , 4 , 2 , 2 , 181817 : { BUY 5405.46@0.80470892} 181816 : { BUY 5405.46@0.80470892} 181815 : { SELL 19503.24@0.8079342} 181814 : { SELL 19503.24@0.8079342} 
Thu Dec 04 09:13:58 EST 2014 , 4 , 2 , 2 , 181817 : { BUY 5405.46@0.80470892} 181816 : { BUY 5405.46@0.80470892} 181815 : { SELL 19503.24@0.8079342} 181814 : { SELL 19503.24@0.8079342} 
Thu Dec 04 09:16:59 EST 2014 , 4 , 2 , 2 , 181817 : { BUY 5405.46@0.80470892} 181816 : { BUY 5405.46@0.80470892} 181815 : { SELL 19503.24@0.8079342} 181814 : { SELL 19503.24@0.8079342} 
Thu Dec 04 09:20:00 EST 2014 , 4 , 2 , 2 , 181817 : { BUY 5405.46@0.80470892} 181816 : { BUY 5405.46@0.80470892} 181815 : { SELL 19503.24@0.8079342} 181814 : { SELL 19503.24@0.8079342} 
Thu Dec 04 09:23:01 EST 2014 , 4 , 2 , 2 , 181817 : { BUY 5405.46@0.80470892} 181816 : { BUY 5405.46@0.80470892} 181815 : { SELL 19503.24@0.8079342} 181814 : { SELL 19503.24@0.8079342} 
Thu Dec 04 09:26:02 EST 2014 , 4 , 2 , 2 , 181817 : { BUY 5405.46@0.80470892} 181816 : { BUY 5405.46@0.80470892} 181815 : { SELL 19503.24@0.8079342} 181814 : { SELL 19503.24@0.8079342} 
Thu Dec 04 09:29:03 EST 2014 , 4 , 2 , 2 , 181817 : { BUY 5405.46@0.80470892} 181816 : { BUY 5405.46@0.80470892} 181815 : { SELL 19503.24@0.8079342} 181814 : { SELL 19503.24@0.8079342} 
Thu Dec 04 09:32:04 EST 2014 , 4 , 2 , 2 , 181817 : { BUY 5405.46@0.80470892} 181816 : { BUY 5405.46@0.80470892} 181815 : { SELL 19503.24@0.8079342} 181814 : { SELL 19503.24@0.8079342} 
Thu Dec 04 09:35:05 EST 2014 , 4 , 2 , 2 , 181817 : { BUY 5405.46@0.80470892} 181816 : { BUY 5405.46@0.80470892} 181815 : { SELL 19503.24@0.8079342} 181814 : { SELL 19503.24@0.8079342} 
Thu Dec 04 09:38:06 EST 2014 , 4 , 2 , 2 , 181817 : { BUY 5405.46@0.80470892} 181816 : { BUY 5405.46@0.80470892} 181815 : { SELL 19503.24@0.8079342} 181814 : { SELL 19503.24@0.8079342} 
Thu Dec 04 09:41:07 EST 2014 , 4 , 2 , 2 , 181817 : { BUY 5405.46@0.80470892} 181816 : { BUY 5405.46@0.80470892} 181815 : { SELL 19503.24@0.8079342} 181814 : { SELL 19503.24@0.8079342} 
Thu Dec 04 09:44:08 EST 2014 , 4 , 2 , 2 , 181817 : { BUY 5405.46@0.80470892} 181816 : { BUY 5405.46@0.80470892} 181815 : { SELL 19503.24@0.8079342} 181814 : { SELL 19503.24@0.8079342} 
Thu Dec 04 09:47:09 EST 2014 , 4 , 2 , 2 , 181817 : { BUY 5405.46@0.80470892} 181816 : { BUY 5405.46@0.80470892} 181815 : { SELL 19503.24@0.8079342} 181814 : { SELL 19503.24@0.8079342} 
Thu Dec 04 09:50:10 EST 2014 , 4 , 2 , 2 , 181817 : { BUY 5405.46@0.80470892} 181816 : { BUY 5405.46@0.80470892} 181815 : { SELL 19503.24@0.8079342} 181814 : { SELL 19503.24@0.8079342} 
Thu Dec 04 09:53:11 EST 2014 , 4 , 2 , 2 , 181817 : { BUY 5405.46@0.80470892} 181816 : { BUY 5405.46@0.80470892} 181815 : { SELL 19503.24@0.8079342} 181814 : { SELL 19503.24@0.8079342} 
Thu Dec 04 09:56:12 EST 2014 , 4 , 2 , 2 , 181817 : { BUY 5405.46@0.80470892} 181816 : { BUY 5405.46@0.80470892} 181815 : { SELL 19503.24@0.8079342} 181814 : { SELL 19503.24@0.8079342} 
Thu Dec 04 09:59:13 EST 2014 , 4 , 2 , 2 , 181817 : { BUY 5405.46@0.80470892} 181816 : { BUY 5405.46@0.80470892} 181815 : { SELL 19503.24@0.8079342} 181814 : { SELL 19503.24@0.8079342} 
Thu Dec 04 10:02:14 EST 2014 , 4 , 2 , 2 , 181817 : { BUY 5405.46@0.80470892} 181816 : { BUY 5405.46@0.80470892} 181815 : { SELL 19503.24@0.8079342} 181814 : { SELL 19503.24@0.8079342} 
Thu Dec 04 10:05:15 EST 2014 , 4 , 2 , 2 , 181817 : { BUY 5405.46@0.80470892} 181816 : { BUY 5405.46@0.80470892} 181815 : { SELL 19503.24@0.8079342} 181814 : { SELL 19503.24@0.8079342} 
Thu Dec 04 10:08:16 EST 2014 , 4 , 2 , 2 , 181817 : { BUY 5405.46@0.80470892} 181816 : { BUY 5405.46@0.80470892} 181815 : { SELL 19503.24@0.8079342} 181814 : { SELL 19503.24@0.8079342} 
Thu Dec 04 10:11:17 EST 2014 , 4 , 2 , 2 , 181817 : { BUY 5405.46@0.80470892} 181816 : { BUY 5405.46@0.80470892} 181815 : { SELL 19503.24@0.8079342} 181814 : { SELL 19503.24@0.8079342} 
Thu Dec 04 10:14:18 EST 2014 , 4 , 2 , 2 , 181817 : { BUY 5405.46@0.80470892} 181816 : { BUY 5405.46@0.80470892} 181815 : { SELL 19503.24@0.8079342} 181814 : { SELL 19503.24@0.8079342} 
Thu Dec 04 10:17:19 EST 2014 , 4 , 2 , 2 , 181817 : { BUY 5405.46@0.80470892} 181816 : { BUY 5405.46@0.80470892} 181815 : { SELL 19503.24@0.8079342} 181814 : { SELL 19503.24@0.8079342} 
Thu Dec 04 10:20:20 EST 2014 , 4 , 2 , 2 , 181817 : { BUY 5405.46@0.80470892} 181816 : { BUY 5405.46@0.80470892} 181815 : { SELL 19503.24@0.8079342} 181814 : { SELL 19503.24@0.8079342} 
Thu Dec 04 10:23:21 EST 2014 , 4 , 2 , 2 , 181817 : { BUY 5405.46@0.80470892} 181816 : { BUY 5405.46@0.80470892} 181815 : { SELL 19503.24@0.8079342} 181814 : { SELL 19503.24@0.8079342} 
Thu Dec 04 10:26:22 EST 2014 , 4 , 2 , 2 , 181817 : { BUY 5405.46@0.80470892} 181816 : { BUY 5405.46@0.80470892} 181815 : { SELL 19503.24@0.8079342} 181814 : { SELL 19503.24@0.8079342} 
Thu Dec 04 10:29:23 EST 2014 , 4 , 2 , 2 , 181817 : { BUY 5405.46@0.80470892} 181816 : { BUY 5405.46@0.80470892} 181815 : { SELL 19503.24@0.8079342} 181814 : { SELL 19503.24@0.8079342} 
Thu Dec 04 10:32:24 EST 2014 , 4 , 2 , 2 , 181817 : { BUY 5405.46@0.80470892} 181816 : { BUY 5405.46@0.80470892} 181815 : { SELL 19503.24@0.8079342} 181814 : { SELL 19503.24@0.8079342} 
Thu Dec 04 10:35:25 EST 2014 , 4 , 2 , 2 , 181817 : { BUY 5405.46@0.80470892} 181816 : { BUY 5405.46@0.80470892} 181815 : { SELL 19503.24@0.8079342} 181814 : { SELL 19503.24@0.8079342} 
Thu Dec 04 10:38:26 EST 2014 , 4 , 2 , 2 , 181817 : { BUY 5405.46@0.80470892} 181816 : { BUY 5405.46@0.80470892} 181815 : { SELL 19503.24@0.8079342} 181814 : { SELL 19503.24@0.8079342} 
Thu Dec 04 10:41:27 EST 2014 , 4 , 2 , 2 , 181817 : { BUY 5405.46@0.80470892} 181816 : { BUY 5405.46@0.80470892} 181815 : { SELL 19503.24@0.8079342} 181814 : { SELL 19503.24@0.8079342} 
Thu Dec 04 10:44:28 EST 2014 , 4 , 2 , 2 , 181817 : { BUY 5405.46@0.80470892} 181816 : { BUY 5405.46@0.80470892} 181815 : { SELL 19503.24@0.8079342} 181814 : { SELL 19503.24@0.8079342} 
Thu Dec 04 10:47:29 EST 2014 , 4 , 2 , 2 , 181817 : { BUY 5405.46@0.80470892} 181816 : { BUY 5405.46@0.80470892} 181815 : { SELL 19503.24@0.8079342} 181814 : { SELL 19503.24@0.8079342} 
Thu Dec 04 10:50:30 EST 2014 , 4 , 2 , 2 , 181817 : { BUY 5405.46@0.80470892} 181816 : { BUY 5405.46@0.80470892} 181815 : { SELL 19503.24@0.8079342} 181814 : { SELL 19503.24@0.8079342} 
Thu Dec 04 10:53:31 EST 2014 , 4 , 2 , 2 , 181817 : { BUY 5405.46@0.80470892} 181816 : { BUY 5405.46@0.80470892} 181815 : { SELL 19503.24@0.8079342} 181814 : { SELL 19503.24@0.8079342} 
Thu Dec 04 10:56:32 EST 2014 , 4 , 2 , 2 , 181817 : { BUY 5405.46@0.80470892} 181816 : { BUY 5405.46@0.80470892} 181815 : { SELL 19503.24@0.8079342} 181814 : { SELL 19503.24@0.8079342} 
Thu Dec 04 10:59:33 EST 2014 , 4 , 2 , 2 , 181817 : { BUY 5405.46@0.80470892} 181816 : { BUY 5405.46@0.80470892} 181815 : { SELL 19503.24@0.8079342} 181814 : { SELL 19503.24@0.8079342} 
Thu Dec 04 11:02:34 EST 2014 , 4 , 2 , 2 , 181817 : { BUY 5405.46@0.80470892} 181816 : { BUY 5405.46@0.80470892} 181815 : { SELL 19503.24@0.8079342} 181814 : { SELL 19503.24@0.8079342} 
Thu Dec 04 11:05:35 EST 2014 , 4 , 2 , 2 , 181817 : { BUY 5405.46@0.80470892} 181816 : { BUY 5405.46@0.80470892} 181815 : { SELL 19503.24@0.8079342} 181814 : { SELL 19503.24@0.8079342} 
Thu Dec 04 11:08:36 EST 2014 , 4 , 2 , 2 , 181817 : { BUY 5405.46@0.80470892} 181816 : { BUY 5405.46@0.80470892} 181815 : { SELL 19503.24@0.8079342} 181814 : { SELL 19503.24@0.8079342} 
Thu Dec 04 11:11:37 EST 2014 , 4 , 2 , 2 , 181817 : { BUY 5405.46@0.80470892} 181816 : { BUY 5405.46@0.80470892} 181815 : { SELL 19503.24@0.8079342} 181814 : { SELL 19503.24@0.8079342} 
Thu Dec 04 11:14:38 EST 2014 , 4 , 2 , 2 , 181817 : { BUY 5405.46@0.80470892} 181816 : { BUY 5405.46@0.80470892} 181815 : { SELL 19503.24@0.8079342} 181814 : { SELL 19503.24@0.8079342} 
Thu Dec 04 11:17:39 EST 2014 , 4 , 2 , 2 , 181817 : { BUY 5405.46@0.80470892} 181816 : { BUY 5405.46@0.80470892} 181815 : { SELL 19503.24@0.8079342} 181814 : { SELL 19503.24@0.8079342} 
Thu Dec 04 11:20:40 EST 2014 , 4 , 2 , 2 , 181817 : { BUY 5405.46@0.80470892} 181816 : { BUY 5405.46@0.80470892} 181815 : { SELL 19503.24@0.8079342} 181814 : { SELL 19503.24@0.8079342} 
Thu Dec 04 11:23:41 EST 2014 , 4 , 2 , 2 , 181817 : { BUY 5405.46@0.80470892} 181816 : { BUY 5405.46@0.80470892} 181815 : { SELL 19503.24@0.8079342} 181814 : { SELL 19503.24@0.8079342} 
Thu Dec 04 11:26:42 EST 2014 , 4 , 2 , 2 , 181817 : { BUY 5405.46@0.80470892} 181816 : { BUY 5405.46@0.80470892} 181815 : { SELL 19503.24@0.8079342} 181814 : { SELL 19503.24@0.8079342} 
Thu Dec 04 11:29:43 EST 2014 , 4 , 2 , 2 , 181817 : { BUY 5405.46@0.80470892} 181816 : { BUY 5405.46@0.80470892} 181815 : { SELL 19503.24@0.8079342} 181814 : { SELL 19503.24@0.8079342} 
Thu Dec 04 11:32:44 EST 2014 , 4 , 2 , 2 , 181817 : { BUY 5405.46@0.80470892} 181816 : { BUY 5405.46@0.80470892} 181815 : { SELL 19503.24@0.8079342} 181814 : { SELL 19503.24@0.8079342} 
Thu Dec 04 11:35:45 EST 2014 , 4 , 2 , 2 , 181817 : { BUY 5405.46@0.80470892} 181816 : { BUY 5405.46@0.80470892} 181815 : { SELL 19503.24@0.8079342} 181814 : { SELL 19503.24@0.8079342} 
Thu Dec 04 11:38:46 EST 2014 , 4 , 2 , 2 , 181817 : { BUY 5405.46@0.80470892} 181816 : { BUY 5405.46@0.80470892} 181815 : { SELL 19503.24@0.8079342} 181814 : { SELL 19503.24@0.8079342} 
Thu Dec 04 11:41:47 EST 2014 , 4 , 2 , 2 , 181817 : { BUY 5405.46@0.80470892} 181816 : { BUY 5405.46@0.80470892} 181815 : { SELL 19503.24@0.8079342} 181814 : { SELL 19503.24@0.8079342} 
Thu Dec 04 11:44:48 EST 2014 , 4 , 2 , 2 , 181817 : { BUY 5405.46@0.80470892} 181816 : { BUY 5405.46@0.80470892} 181815 : { SELL 19503.24@0.8079342} 181814 : { SELL 19503.24@0.8079342} 
Thu Dec 04 11:47:49 EST 2014 , 4 , 2 , 2 , 181817 : { BUY 5405.46@0.80470892} 181816 : { BUY 5405.46@0.80470892} 181815 : { SELL 19503.24@0.8079342} 181814 : { SELL 19503.24@0.8079342} 
Thu Dec 04 11:50:50 EST 2014 , 4 , 2 , 2 , 181817 : { BUY 5405.46@0.80470892} 181816 : { BUY 5405.46@0.80470892} 181815 : { SELL 19503.24@0.8079342} 181814 : { SELL 19503.24@0.8079342} 
Thu Dec 04 11:53:51 EST 2014 , 4 , 2 , 2 , 181817 : { BUY 5405.46@0.80470892} 181816 : { BUY 5405.46@0.80470892} 181815 : { SELL 19503.24@0.8079342} 181814 : { SELL 19503.24@0.8079342} 
Thu Dec 04 11:56:52 EST 2014 , 4 , 2 , 2 , 181817 : { BUY 5405.46@0.80470892} 181816 : { BUY 5405.46@0.80470892} 181815 : { SELL 19503.24@0.8079342} 181814 : { SELL 19503.24@0.8079342} 
Thu Dec 04 11:59:53 EST 2014 , 4 , 2 , 2 , 181817 : { BUY 5405.46@0.80470892} 181816 : { BUY 5405.46@0.80470892} 181815 : { SELL 19503.24@0.8079342} 181814 : { SELL 19503.24@0.8079342} 
Thu Dec 04 12:02:54 EST 2014 , 4 , 2 , 2 , 181817 : { BUY 5405.46@0.80470892} 181816 : { BUY 5405.46@0.80470892} 181815 : { SELL 19503.24@0.8079342} 181814 : { SELL 19503.24@0.8079342} 
Thu Dec 04 12:05:55 EST 2014 , 4 , 2 , 2 , 181817 : { BUY 5405.46@0.80470892} 181816 : { BUY 5405.46@0.80470892} 181815 : { SELL 19503.24@0.8079342} 181814 : { SELL 19503.24@0.8079342} 
Thu Dec 04 12:08:56 EST 2014 , 4 , 2 , 2 , 181817 : { BUY 5405.46@0.80470892} 181816 : { BUY 5405.46@0.80470892} 181815 : { SELL 19503.24@0.8079342} 181814 : { SELL 19503.24@0.8079342} 
Thu Dec 04 12:11:57 EST 2014 , 4 , 2 , 2 , 181817 : { BUY 5405.46@0.80470892} 181816 : { BUY 5405.46@0.80470892} 181815 : { SELL 19503.24@0.8079342} 181814 : { SELL 19503.24@0.8079342} 
Thu Dec 04 12:14:58 EST 2014 , 4 , 2 , 2 , 181817 : { BUY 5405.46@0.80470892} 181816 : { BUY 5405.46@0.80470892} 181815 : { SELL 19503.24@0.8079342} 181814 : { SELL 19503.24@0.8079342} 
Thu Dec 04 12:17:59 EST 2014 , 4 , 2 , 2 , 181817 : { BUY 5405.46@0.80470892} 181816 : { BUY 5405.46@0.80470892} 181815 : { SELL 19503.24@0.8079342} 181814 : { SELL 19503.24@0.8079342} 
Thu Dec 04 12:21:00 EST 2014 , 4 , 2 , 2 , 181817 : { BUY 5405.46@0.80470892} 181816 : { BUY 5405.46@0.80470892} 181815 : { SELL 19503.24@0.8079342} 181814 : { SELL 19503.24@0.8079342} 
Thu Dec 04 12:24:01 EST 2014 , 4 , 2 , 2 , 181817 : { BUY 5405.46@0.80470892} 181816 : { BUY 5405.46@0.80470892} 181815 : { SELL 19503.24@0.8079342} 181814 : { SELL 19503.24@0.8079342} 
Thu Dec 04 12:27:02 EST 2014 , 4 , 2 , 2 , 181817 : { BUY 5405.46@0.80470892} 181816 : { BUY 5405.46@0.80470892} 181815 : { SELL 19503.24@0.8079342} 181814 : { SELL 19503.24@0.8079342} 
Thu Dec 04 12:30:03 EST 2014 , 4 , 2 , 2 , 181817 : { BUY 5405.46@0.80470892} 181816 : { BUY 5405.46@0.80470892} 181815 : { SELL 19503.24@0.8079342} 181814 : { SELL 19503.24@0.8079342} 
Thu Dec 04 12:33:04 EST 2014 , 4 , 2 , 2 , 181817 : { BUY 5405.46@0.80470892} 181816 : { BUY 5405.46@0.80470892} 181815 : { SELL 19503.24@0.8079342} 181814 : { SELL 19503.24@0.8079342} 
Thu Dec 04 12:36:05 EST 2014 , 4 , 2 , 2 , 181817 : { BUY 5405.46@0.80470892} 181816 : { BUY 5405.46@0.80470892} 181815 : { SELL 19503.24@0.8079342} 181814 : { SELL 19503.24@0.8079342} 
Thu Dec 04 12:39:06 EST 2014 , 4 , 2 , 2 , 181817 : { BUY 5405.46@0.80470892} 181816 : { BUY 5405.46@0.80470892} 181815 : { SELL 19503.24@0.8079342} 181814 : { SELL 19503.24@0.8079342} 
Thu Dec 04 12:42:07 EST 2014 , 4 , 2 , 2 , 181817 : { BUY 5405.46@0.80470892} 181816 : { BUY 5405.46@0.80470892} 181815 : { SELL 19503.24@0.8079342} 181814 : { SELL 19503.24@0.8079342} 
Thu Dec 04 12:45:08 EST 2014 , 4 , 2 , 2 , 181817 : { BUY 5405.46@0.80470892} 181816 : { BUY 5405.46@0.80470892} 181815 : { SELL 19503.24@0.8079342} 181814 : { SELL 19203.24@0.8079342} 
Thu Dec 04 12:48:09 EST 2014 , 4 , 2 , 2 , 372179 : { BUY 5555.76@0.80470892} 372178 : { BUY 5555.76@0.80470892} 372177 : { SELL 19353.24@0.8079342} 372176 : { SELL 19353.24@0.8079342} 
Thu Dec 04 12:51:10 EST 2014 , 4 , 2 , 2 , 372179 : { BUY 5555.76@0.80470892} 372178 : { BUY 5555.76@0.80470892} 372177 : { SELL 19353.24@0.8079342} 372176 : { SELL 19353.24@0.8079342} 
Thu Dec 04 12:54:11 EST 2014 , 4 , 2 , 2 , 372179 : { BUY 5555.76@0.80470892} 372178 : { BUY 5555.76@0.80470892} 372177 : { SELL 19353.24@0.8079342} 372176 : { SELL 19353.24@0.8079342} 
Thu Dec 04 12:57:12 EST 2014 , 4 , 2 , 2 , 372179 : { BUY 5555.76@0.80470892} 372178 : { BUY 5555.76@0.80470892} 372177 : { SELL 19353.24@0.8079342} 372176 : { SELL 19353.24@0.8079342} 
Thu Dec 04 13:00:13 EST 2014 , 4 , 2 , 2 , 372179 : { BUY 5555.76@0.80470892} 372178 : { BUY 5555.76@0.80470892} 372177 : { SELL 19353.24@0.8079342} 372176 : { SELL 19353.24@0.8079342} 
Thu Dec 04 13:03:14 EST 2014 , 4 , 2 , 2 , 372179 : { BUY 5555.76@0.80470892} 372178 : { BUY 5555.76@0.80470892} 372177 : { SELL 19353.24@0.8079342} 372176 : { SELL 19353.24@0.8079342} 
Thu Dec 04 13:06:15 EST 2014 , 4 , 2 , 2 , 372179 : { BUY 5555.76@0.80470892} 372178 : { BUY 5555.76@0.80470892} 372177 : { SELL 19353.24@0.8079342} 372176 : { SELL 19353.24@0.8079342} 
Thu Dec 04 13:09:16 EST 2014 , 4 , 2 , 2 , 372179 : { BUY 5555.76@0.80470892} 372178 : { BUY 5555.76@0.80470892} 372177 : { SELL 19353.24@0.8079342} 372176 : { SELL 19353.24@0.8079342} 
Thu Dec 04 13:12:17 EST 2014 , 4 , 2 , 2 , 372179 : { BUY 5555.76@0.80470892} 372178 : { BUY 5555.76@0.80470892} 372177 : { SELL 19353.24@0.8079342} 372176 : { SELL 19353.24@0.8079342} 
Thu Dec 04 13:15:18 EST 2014 , 4 , 2 , 2 , 372179 : { BUY 5555.76@0.80470892} 372178 : { BUY 5555.76@0.80470892} 372177 : { SELL 19353.24@0.8079342} 372176 : { SELL 19353.24@0.8079342} 
Thu Dec 04 13:18:20 EST 2014 , 4 , 2 , 2 , 372179 : { BUY 5555.76@0.80470892} 372178 : { BUY 5555.76@0.80470892} 372177 : { SELL 19353.24@0.8079342} 372176 : { SELL 19353.24@0.8079342} 
Thu Dec 04 13:21:20 EST 2014 , 4 , 2 , 2 , 372179 : { BUY 5555.76@0.80470892} 372178 : { BUY 5555.76@0.80470892} 372177 : { SELL 19353.24@0.8079342} 372176 : { SELL 19353.24@0.8079342} 
Thu Dec 04 13:24:21 EST 2014 , 4 , 2 , 2 , 372179 : { BUY 5555.76@0.80470892} 372178 : { BUY 5555.76@0.80470892} 372177 : { SELL 19353.24@0.8079342} 372176 : { SELL 19353.24@0.8079342} 
Thu Dec 04 13:27:22 EST 2014 , 4 , 2 , 2 , 372179 : { BUY 5555.76@0.80470892} 372178 : { BUY 5555.76@0.80470892} 372177 : { SELL 19353.24@0.8079342} 372176 : { SELL 19353.24@0.8079342} 
Thu Dec 04 13:30:23 EST 2014 , 4 , 2 , 2 , 372179 : { BUY 5555.76@0.80470892} 372178 : { BUY 5555.76@0.80470892} 372177 : { SELL 19353.24@0.8079342} 372176 : { SELL 19353.24@0.8079342} 
Thu Dec 04 13:33:24 EST 2014 , 4 , 2 , 2 , 372179 : { BUY 5555.76@0.80470892} 372178 : { BUY 5555.76@0.80470892} 372177 : { SELL 19353.24@0.8079342} 372176 : { SELL 19353.24@0.8079342} 
Thu Dec 04 13:36:25 EST 2014 , 4 , 2 , 2 , 372179 : { BUY 5555.76@0.80470892} 372178 : { BUY 5555.76@0.80470892} 372177 : { SELL 19353.24@0.8079342} 372176 : { SELL 19353.24@0.8079342} 
Thu Dec 04 13:39:26 EST 2014 , 4 , 2 , 2 , 372179 : { BUY 5555.76@0.80470892} 372178 : { BUY 5555.76@0.80470892} 372177 : { SELL 19353.24@0.8079342} 372176 : { SELL 19353.24@0.8079342} 
Thu Dec 04 13:42:27 EST 2014 , 4 , 2 , 2 , 372179 : { BUY 5555.76@0.80470892} 372178 : { BUY 5555.76@0.80470892} 372177 : { SELL 19353.24@0.8079342} 372176 : { SELL 19353.24@0.8079342} 
Thu Dec 04 13:45:28 EST 2014 , 4 , 2 , 2 , 372179 : { BUY 5555.76@0.80470892} 372178 : { BUY 5555.76@0.80470892} 372177 : { SELL 19353.24@0.8079342} 372176 : { SELL 19353.24@0.8079342} 
Thu Dec 04 13:48:29 EST 2014 , 4 , 2 , 2 , 372179 : { BUY 5555.76@0.80470892} 372178 : { BUY 5555.76@0.80470892} 372177 : { SELL 19353.24@0.8079342} 372176 : { SELL 19353.24@0.8079342} 
Thu Dec 04 13:51:30 EST 2014 , 4 , 2 , 2 , 372179 : { BUY 5555.76@0.80470892} 372178 : { BUY 5555.76@0.80470892} 372177 : { SELL 19353.24@0.8079342} 372176 : { SELL 19353.24@0.8079342} 
Thu Dec 04 13:54:31 EST 2014 , 4 , 2 , 2 , 372179 : { BUY 5555.76@0.80470892} 372178 : { BUY 5555.76@0.80470892} 372177 : { SELL 19353.24@0.8079342} 372176 : { SELL 19353.24@0.8079342} 
Thu Dec 04 13:57:32 EST 2014 , 4 , 2 , 2 , 372179 : { BUY 5555.76@0.80470892} 372178 : { BUY 5555.76@0.80470892} 372177 : { SELL 19353.24@0.8079342} 372176 : { SELL 19353.24@0.8079342} 
Thu Dec 04 14:00:33 EST 2014 , 4 , 2 , 2 , 372179 : { BUY 5555.76@0.80470892} 372178 : { BUY 5555.76@0.80470892} 372177 : { SELL 19353.24@0.8079342} 372176 : { SELL 19353.24@0.8079342} 
Thu Dec 04 14:03:34 EST 2014 , 4 , 2 , 2 , 372179 : { BUY 5555.76@0.80470892} 372178 : { BUY 5555.76@0.80470892} 372177 : { SELL 19353.24@0.8079342} 372176 : { SELL 19353.24@0.8079342} 
Thu Dec 04 14:06:35 EST 2014 , 4 , 2 , 2 , 372179 : { BUY 5555.76@0.80470892} 372178 : { BUY 5555.76@0.80470892} 372177 : { SELL 19353.24@0.8079342} 372176 : { SELL 19353.24@0.8079342} 
Thu Dec 04 14:09:36 EST 2014 , 4 , 2 , 2 , 372179 : { BUY 5555.76@0.80470892} 372178 : { BUY 5555.76@0.80470892} 372177 : { SELL 19353.24@0.8079342} 372176 : { SELL 19353.24@0.8079342} 
Thu Dec 04 14:12:37 EST 2014 , 4 , 2 , 2 , 372179 : { BUY 5555.76@0.80470892} 372178 : { BUY 5555.76@0.80470892} 372177 : { SELL 19353.24@0.8079342} 372176 : { SELL 19353.24@0.8079342} 
Thu Dec 04 14:15:38 EST 2014 , 4 , 2 , 2 , 372179 : { BUY 5555.76@0.80470892} 372178 : { BUY 5555.76@0.80470892} 372177 : { SELL 19353.24@0.8079342} 372176 : { SELL 19353.24@0.8079342} 
Thu Dec 04 14:18:39 EST 2014 , 4 , 2 , 2 , 372179 : { BUY 5555.76@0.80470892} 372178 : { BUY 5555.76@0.80470892} 372177 : { SELL 19353.24@0.8079342} 372176 : { SELL 19353.24@0.8079342} 
Thu Dec 04 14:21:40 EST 2014 , 4 , 2 , 2 , 372179 : { BUY 5555.76@0.80470892} 372178 : { BUY 5555.76@0.80470892} 372177 : { SELL 19353.24@0.8079342} 372176 : { SELL 19353.24@0.8079342} 
Thu Dec 04 14:24:41 EST 2014 , 4 , 2 , 2 , 372179 : { BUY 5555.76@0.80470892} 372178 : { BUY 5555.76@0.80470892} 372177 : { SELL 19353.24@0.8079342} 372176 : { SELL 19353.24@0.8079342} 
Thu Dec 04 14:27:42 EST 2014 , 4 , 2 , 2 , 372179 : { BUY 5555.76@0.80470892} 372178 : { BUY 5555.76@0.80470892} 372177 : { SELL 19353.24@0.8079342} 372176 : { SELL 19353.24@0.8079342} 
Thu Dec 04 14:30:43 EST 2014 , 4 , 2 , 2 , 372179 : { BUY 5555.76@0.80470892} 372178 : { BUY 5555.76@0.80470892} 372177 : { SELL 19353.24@0.8079342} 372176 : { SELL 19353.24@0.8079342} 
Thu Dec 04 14:33:44 EST 2014 , 4 , 2 , 2 , 372179 : { BUY 5555.76@0.80470892} 372178 : { BUY 5555.76@0.80470892} 372177 : { SELL 19353.24@0.8079342} 372176 : { SELL 19353.24@0.8079342} 
Thu Dec 04 14:36:45 EST 2014 , 4 , 2 , 2 , 372179 : { BUY 5555.76@0.80470892} 372178 : { BUY 5555.76@0.80470892} 372177 : { SELL 19353.24@0.8079342} 372176 : { SELL 19353.24@0.8079342} 
Thu Dec 04 14:39:46 EST 2014 , 4 , 2 , 2 , 372179 : { BUY 5555.76@0.80470892} 372178 : { BUY 5555.76@0.80470892} 372177 : { SELL 19353.24@0.8079342} 372176 : { SELL 19353.24@0.8079342} 
Thu Dec 04 14:42:47 EST 2014 , 4 , 2 , 2 , 372179 : { BUY 5555.76@0.80470892} 372178 : { BUY 5555.76@0.80470892} 372177 : { SELL 19353.24@0.8079342} 372176 : { SELL 19353.24@0.8079342} 
Thu Dec 04 14:45:48 EST 2014 , 4 , 2 , 2 , 372179 : { BUY 5555.76@0.80470892} 372178 : { BUY 5555.76@0.80470892} 372177 : { SELL 19353.24@0.8079342} 372176 : { SELL 19353.24@0.8079342} 
Thu Dec 04 14:48:49 EST 2014 , 4 , 2 , 2 , 372179 : { BUY 5555.76@0.80470892} 372178 : { BUY 5555.76@0.80470892} 372177 : { SELL 19353.24@0.8079342} 372176 : { SELL 19353.24@0.8079342} 
Thu Dec 04 14:51:50 EST 2014 , 4 , 2 , 2 , 372179 : { BUY 5555.76@0.80470892} 372178 : { BUY 5555.76@0.80470892} 372177 : { SELL 19353.24@0.8079342} 372176 : { SELL 19353.24@0.8079342} 
Thu Dec 04 14:54:51 EST 2014 , 4 , 2 , 2 , 372179 : { BUY 5555.76@0.80470892} 372178 : { BUY 5555.76@0.80470892} 372177 : { SELL 19353.24@0.8079342} 372176 : { SELL 19353.24@0.8079342} 
Thu Dec 04 14:57:52 EST 2014 , 4 , 2 , 2 , 372179 : { BUY 5555.76@0.80470892} 372178 : { BUY 5555.76@0.80470892} 372177 : { SELL 19353.24@0.8079342} 372176 : { SELL 19353.24@0.8079342} 
Thu Dec 04 15:00:53 EST 2014 , 4 , 2 , 2 , 372179 : { BUY 5555.76@0.80470892} 372178 : { BUY 5555.76@0.80470892} 372177 : { SELL 19353.24@0.8079342} 372176 : { SELL 19353.24@0.8079342} 
Thu Dec 04 15:03:54 EST 2014 , 4 , 2 , 2 , 372179 : { BUY 5555.76@0.80470892} 372178 : { BUY 5555.76@0.80470892} 372177 : { SELL 19353.24@0.8079342} 372176 : { SELL 19353.24@0.8079342} 
Thu Dec 04 15:06:55 EST 2014 , 4 , 2 , 2 , 372179 : { BUY 5555.76@0.80470892} 372178 : { BUY 5555.76@0.80470892} 372177 : { SELL 19353.24@0.8079342} 372176 : { SELL 19353.24@0.8079342} 
Thu Dec 04 15:09:56 EST 2014 , 4 , 2 , 2 , 372179 : { BUY 5555.76@0.80470892} 372178 : { BUY 5555.76@0.80470892} 372177 : { SELL 19353.24@0.8079342} 372176 : { SELL 19353.24@0.8079342} 
Thu Dec 04 15:12:57 EST 2014 , 4 , 2 , 2 , 372179 : { BUY 5555.76@0.80470892} 372178 : { BUY 5555.76@0.80470892} 372177 : { SELL 19353.24@0.8079342} 372176 : { SELL 19353.24@0.8079342} 
Thu Dec 04 15:15:58 EST 2014 , 4 , 2 , 2 , 372179 : { BUY 5555.76@0.80470892} 372178 : { BUY 5555.76@0.80470892} 372177 : { SELL 19353.24@0.8079342} 372176 : { SELL 19353.24@0.8079342} 
Thu Dec 04 15:18:59 EST 2014 , 4 , 2 , 2 , 372179 : { BUY 5555.76@0.80470892} 372178 : { BUY 5555.76@0.80470892} 372177 : { SELL 19353.24@0.8079342} 372176 : { SELL 19353.24@0.8079342} 
Thu Dec 04 15:22:00 EST 2014 , 4 , 2 , 2 , 372179 : { BUY 5555.76@0.80470892} 372178 : { BUY 5555.76@0.80470892} 372177 : { SELL 19353.24@0.8079342} 372176 : { SELL 19353.24@0.8079342} 
Thu Dec 04 15:25:01 EST 2014 , 4 , 2 , 2 , 372179 : { BUY 5555.76@0.80470892} 372178 : { BUY 5555.76@0.80470892} 372177 : { SELL 19353.24@0.8079342} 372176 : { SELL 19353.24@0.8079342} 
Thu Dec 04 15:28:02 EST 2014 , 4 , 2 , 2 , 372179 : { BUY 5555.76@0.80470892} 372178 : { BUY 5555.76@0.80470892} 372177 : { SELL 19353.24@0.8079342} 372176 : { SELL 19353.24@0.8079342} 
Thu Dec 04 15:31:03 EST 2014 , 4 , 2 , 2 , 372179 : { BUY 5555.76@0.80470892} 372178 : { BUY 5555.76@0.80470892} 372177 : { SELL 19353.24@0.8079342} 372176 : { SELL 19353.24@0.8079342} 
Thu Dec 04 15:34:04 EST 2014 , 4 , 2 , 2 , 372179 : { BUY 5555.76@0.80470892} 372178 : { BUY 5555.76@0.80470892} 372177 : { SELL 19353.24@0.8079342} 372176 : { SELL 19353.24@0.8079342} 
Thu Dec 04 15:37:05 EST 2014 , 4 , 2 , 2 , 372179 : { BUY 5555.76@0.80470892} 372178 : { BUY 5555.76@0.80470892} 372177 : { SELL 19353.24@0.8079342} 372176 : { SELL 19353.24@0.8079342} 
Thu Dec 04 15:40:06 EST 2014 , 4 , 2 , 2 , 372179 : { BUY 5555.76@0.80470892} 372178 : { BUY 5555.76@0.80470892} 372177 : { SELL 19353.24@0.8079342} 372176 : { SELL 19353.24@0.8079342} 
Thu Dec 04 15:43:07 EST 2014 , 4 , 2 , 2 , 372179 : { BUY 5555.76@0.80470892} 372178 : { BUY 5555.76@0.80470892} 372177 : { SELL 19353.24@0.8079342} 372176 : { SELL 19353.24@0.8079342} 
Thu Dec 04 15:46:08 EST 2014 , 4 , 2 , 2 , 372179 : { BUY 5555.76@0.80470892} 372178 : { BUY 5555.76@0.80470892} 372177 : { SELL 19353.24@0.8079342} 372176 : { SELL 19353.24@0.8079342} 
Thu Dec 04 15:49:09 EST 2014 , 4 , 2 , 2 , 372179 : { BUY 5555.76@0.80470892} 372178 : { BUY 5555.76@0.80470892} 372177 : { SELL 19353.24@0.8079342} 372176 : { SELL 19353.24@0.8079342} 
Thu Dec 04 15:52:10 EST 2014 , 4 , 2 , 2 , 372179 : { BUY 5555.76@0.80470892} 372178 : { BUY 5555.76@0.80470892} 372177 : { SELL 19353.24@0.8079342} 372176 : { SELL 19353.24@0.8079342} 
Thu Dec 04 15:55:11 EST 2014 , 4 , 2 , 2 , 372179 : { BUY 5555.76@0.80470892} 372178 : { BUY 5555.76@0.80470892} 372177 : { SELL 19353.24@0.8079342} 372176 : { SELL 19353.24@0.8079342} 
Thu Dec 04 15:58:12 EST 2014 , 4 , 2 , 2 , 372179 : { BUY 5555.76@0.80470892} 372178 : { BUY 5555.76@0.80470892} 372177 : { SELL 19353.24@0.8079342} 372176 : { SELL 19353.24@0.8079342} 
Thu Dec 04 16:01:13 EST 2014 , 4 , 2 , 2 , 372179 : { BUY 5555.76@0.80470892} 372178 : { BUY 5555.76@0.80470892} 372177 : { SELL 19353.24@0.8079342} 372176 : { SELL 19353.24@0.8079342} 
Thu Dec 04 16:04:14 EST 2014 , 4 , 2 , 2 , 372179 : { BUY 5555.76@0.80470892} 372178 : { BUY 5555.76@0.80470892} 372177 : { SELL 19353.24@0.8079342} 372176 : { SELL 19353.24@0.8079342} 
Thu Dec 04 16:07:15 EST 2014 , 4 , 2 , 2 , 372179 : { BUY 5555.76@0.80470892} 372178 : { BUY 5555.76@0.80470892} 372177 : { SELL 19353.24@0.8079342} 372176 : { SELL 19353.24@0.8079342} 
Thu Dec 04 16:10:16 EST 2014 , 4 , 2 , 2 , 372179 : { BUY 5555.76@0.80470892} 372178 : { BUY 5555.76@0.80470892} 372177 : { SELL 19353.24@0.8079342} 372176 : { SELL 19353.24@0.8079342} 
Thu Dec 04 16:13:17 EST 2014 , 4 , 2 , 2 , 372179 : { BUY 5555.76@0.80470892} 372178 : { BUY 5555.76@0.80470892} 372177 : { SELL 19353.24@0.8079342} 372176 : { SELL 19353.24@0.8079342} 
Thu Dec 04 16:16:18 EST 2014 , 4 , 2 , 2 , 372179 : { BUY 5555.76@0.80470892} 372178 : { BUY 5555.76@0.80470892} 372177 : { SELL 19353.24@0.8079342} 372176 : { SELL 19353.24@0.8079342} 
Thu Dec 04 16:19:19 EST 2014 , 4 , 2 , 2 , 372179 : { BUY 5555.76@0.80470892} 372178 : { BUY 5555.76@0.80470892} 372177 : { SELL 19353.24@0.8079342} 372176 : { SELL 19353.24@0.8079342} 
Thu Dec 04 16:22:20 EST 2014 , 4 , 2 , 2 , 372179 : { BUY 5555.76@0.80470892} 372178 : { BUY 5555.76@0.80470892} 372177 : { SELL 19353.24@0.8079342} 372176 : { SELL 19353.24@0.8079342} 
Thu Dec 04 16:25:21 EST 2014 , 4 , 2 , 2 , 372179 : { BUY 5555.76@0.80470892} 372178 : { BUY 5555.76@0.80470892} 372177 : { SELL 19353.24@0.8079342} 372176 : { SELL 19353.24@0.8079342} 
Thu Dec 04 16:28:22 EST 2014 , 4 , 2 , 2 , 372179 : { BUY 5555.76@0.80470892} 372178 : { BUY 5555.76@0.80470892} 372177 : { SELL 19353.24@0.8079342} 372176 : { SELL 19353.24@0.8079342} 
Thu Dec 04 16:31:23 EST 2014 , 4 , 2 , 2 , 372179 : { BUY 5555.76@0.80470892} 372178 : { BUY 5555.76@0.80470892} 372177 : { SELL 19353.24@0.8079342} 372176 : { SELL 19353.24@0.8079342} 
Thu Dec 04 16:34:24 EST 2014 , 4 , 2 , 2 , 372179 : { BUY 5555.76@0.80470892} 372178 : { BUY 5555.76@0.80470892} 372177 : { SELL 19353.24@0.8079342} 372176 : { SELL 19353.24@0.8079342} 
Thu Dec 04 16:37:25 EST 2014 , 4 , 2 , 2 , 372179 : { BUY 5555.76@0.80470892} 372178 : { BUY 5555.76@0.80470892} 372177 : { SELL 19353.24@0.8079342} 372176 : { SELL 19353.24@0.8079342} 
Thu Dec 04 16:40:26 EST 2014 , 4 , 2 , 2 , 372179 : { BUY 5555.76@0.80470892} 372178 : { BUY 5555.76@0.80470892} 372177 : { SELL 19353.24@0.8079342} 372176 : { SELL 19353.24@0.8079342} 
Thu Dec 04 16:43:27 EST 2014 , 4 , 2 , 2 , 372179 : { BUY 5555.76@0.80470892} 372178 : { BUY 5555.76@0.80470892} 372177 : { SELL 19353.24@0.8079342} 372176 : { SELL 19353.24@0.8079342} 
Thu Dec 04 16:46:28 EST 2014 , 4 , 2 , 2 , 372179 : { BUY 5555.76@0.80470892} 372178 : { BUY 5555.76@0.80470892} 372177 : { SELL 19353.24@0.8079342} 372176 : { SELL 19353.24@0.8079342} 
Thu Dec 04 16:49:29 EST 2014 , 4 , 2 , 2 , 372179 : { BUY 5555.76@0.80470892} 372178 : { BUY 5555.76@0.80470892} 372177 : { SELL 19353.24@0.8079342} 372176 : { SELL 19353.24@0.8079342} 
Thu Dec 04 16:52:30 EST 2014 , 4 , 2 , 2 , 372179 : { BUY 5555.76@0.80470892} 372178 : { BUY 5555.76@0.80470892} 372177 : { SELL 19353.24@0.8079342} 372176 : { SELL 19353.24@0.8079342} 
Thu Dec 04 16:55:31 EST 2014 , 4 , 2 , 2 , 372179 : { BUY 5555.76@0.80470892} 372178 : { BUY 5555.76@0.80470892} 372177 : { SELL 19353.24@0.8079342} 372176 : { SELL 19353.24@0.8079342} 
Thu Dec 04 16:58:32 EST 2014 , 4 , 2 , 2 , 372179 : { BUY 5555.76@0.80470892} 372178 : { BUY 5555.76@0.80470892} 372177 : { SELL 19353.24@0.8079342} 372176 : { SELL 19353.24@0.8079342} 
Thu Dec 04 17:01:33 EST 2014 , 4 , 2 , 2 , 372179 : { BUY 5555.76@0.80470892} 372178 : { BUY 5555.76@0.80470892} 372177 : { SELL 19353.24@0.8079342} 372176 : { SELL 19353.24@0.8079342} 
Thu Dec 04 17:04:34 EST 2014 , 4 , 2 , 2 , 372179 : { BUY 5555.76@0.80470892} 372178 : { BUY 5555.76@0.80470892} 372177 : { SELL 19353.24@0.8079342} 372176 : { SELL 19353.24@0.8079342} 
Thu Dec 04 17:07:35 EST 2014 , 4 , 2 , 2 , 372179 : { BUY 5555.76@0.80470892} 372178 : { BUY 5555.76@0.80470892} 372177 : { SELL 19353.24@0.8079342} 372176 : { SELL 19353.24@0.8079342} 
Thu Dec 04 17:10:36 EST 2014 , 4 , 2 , 2 , 372179 : { BUY 5555.76@0.80470892} 372178 : { BUY 5555.76@0.80470892} 372177 : { SELL 19353.24@0.8079342} 372176 : { SELL 19353.24@0.8079342} 
Thu Dec 04 17:13:37 EST 2014 , 4 , 2 , 2 , 372179 : { BUY 5555.76@0.80470892} 372178 : { BUY 5555.76@0.80470892} 372177 : { SELL 19353.24@0.8079342} 372176 : { SELL 19353.24@0.8079342} 
Thu Dec 04 17:16:38 EST 2014 , 4 , 2 , 2 , 372179 : { BUY 5555.76@0.80470892} 372178 : { BUY 5555.76@0.80470892} 372177 : { SELL 19353.24@0.8079342} 372176 : { SELL 19353.24@0.8079342} 
Thu Dec 04 17:19:39 EST 2014 , 4 , 2 , 2 , 372179 : { BUY 5555.76@0.80470892} 372178 : { BUY 5555.76@0.80470892} 372177 : { SELL 19353.24@0.8079342} 372176 : { SELL 19353.24@0.8079342} 
Thu Dec 04 17:22:40 EST 2014 , 4 , 2 , 2 , 372179 : { BUY 5555.76@0.80470892} 372178 : { BUY 5555.76@0.80470892} 372177 : { SELL 19353.24@0.8079342} 372176 : { SELL 19353.24@0.8079342} 
Thu Dec 04 17:25:41 EST 2014 , 4 , 2 , 2 , 372179 : { BUY 5555.76@0.80470892} 372178 : { BUY 5555.76@0.80470892} 372177 : { SELL 19353.24@0.8079342} 372176 : { SELL 19353.24@0.8079342} 
Thu Dec 04 17:28:42 EST 2014 , 4 , 2 , 2 , 372179 : { BUY 5555.76@0.80470892} 372178 : { BUY 5555.76@0.80470892} 372177 : { SELL 19353.24@0.8079342} 372176 : { SELL 19353.24@0.8079342} 
Thu Dec 04 17:31:43 EST 2014 , 4 , 2 , 2 , 372179 : { BUY 5555.76@0.80470892} 372178 : { BUY 5555.76@0.80470892} 372177 : { SELL 19353.24@0.8079342} 372176 : { SELL 19353.24@0.8079342} 
Thu Dec 04 17:34:44 EST 2014 , 4 , 2 , 2 , 372179 : { BUY 5555.76@0.80470892} 372178 : { BUY 5555.76@0.80470892} 372177 : { SELL 19353.24@0.8079342} 372176 : { SELL 19353.24@0.8079342} 
Thu Dec 04 17:37:45 EST 2014 , 4 , 2 , 2 , 372179 : { BUY 5555.76@0.80470892} 372178 : { BUY 5555.76@0.80470892} 372177 : { SELL 19353.24@0.8079342} 372176 : { SELL 19353.24@0.8079342} 
Thu Dec 04 17:40:46 EST 2014 , 4 , 2 , 2 , 372179 : { BUY 5555.76@0.80470892} 372178 : { BUY 5555.76@0.80470892} 372177 : { SELL 19353.24@0.8079342} 372176 : { SELL 19353.24@0.8079342} 
Thu Dec 04 17:43:47 EST 2014 , 4 , 2 , 2 , 372179 : { BUY 5555.76@0.80470892} 372178 : { BUY 5555.76@0.80470892} 372177 : { SELL 19353.24@0.8079342} 372176 : { SELL 19353.24@0.8079342} 
Thu Dec 04 17:46:48 EST 2014 , 4 , 2 , 2 , 372179 : { BUY 5555.76@0.80470892} 372178 : { BUY 5555.76@0.80470892} 372177 : { SELL 19353.24@0.8079342} 372176 : { SELL 19353.24@0.8079342} 
Thu Dec 04 17:49:49 EST 2014 , 4 , 2 , 2 , 372179 : { BUY 5555.76@0.80470892} 372178 : { BUY 5555.76@0.80470892} 372177 : { SELL 19353.24@0.8079342} 372176 : { SELL 19353.24@0.8079342} 
Thu Dec 04 17:52:50 EST 2014 , 4 , 2 , 2 , 372179 : { BUY 5555.76@0.80470892} 372178 : { BUY 5555.76@0.80470892} 372177 : { SELL 19353.24@0.8079342} 372176 : { SELL 19353.24@0.8079342} 
Thu Dec 04 17:55:51 EST 2014 , 4 , 2 , 2 , 372179 : { BUY 5555.76@0.80470892} 372178 : { BUY 5555.76@0.80470892} 372177 : { SELL 19353.24@0.8079342} 372176 : { SELL 19353.24@0.8079342} 
Thu Dec 04 17:58:52 EST 2014 , 4 , 2 , 2 , 372179 : { BUY 5555.76@0.80470892} 372178 : { BUY 5555.76@0.80470892} 372177 : { SELL 19353.24@0.8079342} 372176 : { SELL 19353.24@0.8079342} 
Thu Dec 04 18:01:53 EST 2014 , 4 , 2 , 2 , 372179 : { BUY 5555.76@0.80470892} 372178 : { BUY 5555.76@0.80470892} 372177 : { SELL 19353.24@0.8079342} 372176 : { SELL 19353.24@0.8079342} 
Thu Dec 04 18:04:54 EST 2014 , 4 , 2 , 2 , 372179 : { BUY 5555.76@0.80470892} 372178 : { BUY 5555.76@0.80470892} 372177 : { SELL 19353.24@0.8079342} 372176 : { SELL 19353.24@0.8079342} 
Thu Dec 04 18:07:55 EST 2014 , 4 , 2 , 2 , 372179 : { BUY 5555.76@0.80470892} 372178 : { BUY 5555.76@0.80470892} 372177 : { SELL 19353.24@0.8079342} 372176 : { SELL 19353.24@0.8079342} 
Thu Dec 04 18:10:56 EST 2014 , 4 , 2 , 2 , 372179 : { BUY 5555.76@0.80470892} 372178 : { BUY 5555.76@0.80470892} 372177 : { SELL 19353.24@0.8079342} 372176 : { SELL 19353.24@0.8079342} 
Thu Dec 04 18:13:57 EST 2014 , 4 , 2 , 2 , 372179 : { BUY 5555.76@0.80470892} 372178 : { BUY 5555.76@0.80470892} 372177 : { SELL 19353.24@0.8079342} 372176 : { SELL 19353.24@0.8079342} 
Thu Dec 04 18:16:58 EST 2014 , 4 , 2 , 2 , 372179 : { BUY 5555.76@0.80470892} 372178 : { BUY 5555.76@0.80470892} 372177 : { SELL 19353.24@0.8079342} 372176 : { SELL 19353.24@0.8079342} 
Thu Dec 04 18:20:00 EST 2014 , 4 , 2 , 2 , 372179 : { BUY 5555.76@0.80470892} 372178 : { BUY 5555.76@0.80470892} 372177 : { SELL 19353.24@0.8079342} 372176 : { SELL 19353.24@0.8079342} 
Thu Dec 04 18:23:00 EST 2014 , 4 , 2 , 2 , 372179 : { BUY 5555.76@0.80470892} 372178 : { BUY 5555.76@0.80470892} 372177 : { SELL 19353.24@0.8079342} 372176 : { SELL 19353.24@0.8079342} 
Thu Dec 04 18:26:01 EST 2014 , 4 , 2 , 2 , 372179 : { BUY 5555.76@0.80470892} 372178 : { BUY 5555.76@0.80470892} 372177 : { SELL 19353.24@0.8079342} 372176 : { SELL 19353.24@0.8079342} 
Thu Dec 04 18:29:02 EST 2014 , 4 , 2 , 2 , 372179 : { BUY 5555.76@0.80470892} 372178 : { BUY 5555.76@0.80470892} 372177 : { SELL 19353.24@0.8079342} 372176 : { SELL 19353.24@0.8079342} 
Thu Dec 04 18:32:03 EST 2014 , 4 , 2 , 2 , 372179 : { BUY 5555.76@0.80470892} 372178 : { BUY 5555.76@0.80470892} 372177 : { SELL 19353.24@0.8079342} 372176 : { SELL 19353.24@0.8079342} 
Thu Dec 04 18:35:04 EST 2014 , 4 , 2 , 2 , 372179 : { BUY 5555.76@0.80470892} 372178 : { BUY 5555.76@0.80470892} 372177 : { SELL 19353.24@0.8079342} 372176 : { SELL 19353.24@0.8079342} 
Thu Dec 04 18:38:05 EST 2014 , 4 , 2 , 2 , 372179 : { BUY 5555.76@0.80470892} 372178 : { BUY 5555.76@0.80470892} 372177 : { SELL 19353.24@0.8079342} 372176 : { SELL 19353.24@0.8079342} 
Thu Dec 04 18:41:06 EST 2014 , 4 , 2 , 2 , 372179 : { BUY 5555.76@0.80470892} 372178 : { BUY 5555.76@0.80470892} 372177 : { SELL 19353.24@0.8079342} 372176 : { SELL 19353.24@0.8079342} 
Thu Dec 04 18:44:07 EST 2014 , 4 , 2 , 2 , 372179 : { BUY 5555.76@0.80470892} 372178 : { BUY 5555.76@0.80470892} 372177 : { SELL 19353.24@0.8079342} 372176 : { SELL 19353.24@0.8079342} 
Thu Dec 04 18:47:08 EST 2014 , 4 , 2 , 2 , 372179 : { BUY 5555.76@0.80470892} 372178 : { BUY 5555.76@0.80470892} 372177 : { SELL 19353.24@0.8079342} 372176 : { SELL 19353.24@0.8079342} 
Thu Dec 04 18:50:09 EST 2014 , 4 , 2 , 2 , 372179 : { BUY 5555.76@0.80470892} 372178 : { BUY 5555.76@0.80470892} 372177 : { SELL 19353.24@0.8079342} 372176 : { SELL 19353.24@0.8079342} 
Thu Dec 04 18:53:10 EST 2014 , 4 , 2 , 2 , 372179 : { BUY 5555.76@0.80470892} 372178 : { BUY 5555.76@0.80470892} 372177 : { SELL 19353.24@0.8079342} 372176 : { SELL 19353.24@0.8079342} 
Thu Dec 04 18:56:11 EST 2014 , 4 , 2 , 2 , 372179 : { BUY 5555.76@0.80470892} 372178 : { BUY 5555.76@0.80470892} 372177 : { SELL 19353.24@0.8079342} 372176 : { SELL 19353.24@0.8079342} 
Thu Dec 04 18:59:12 EST 2014 , 4 , 2 , 2 , 372179 : { BUY 5555.76@0.80470892} 372178 : { BUY 5555.76@0.80470892} 372177 : { SELL 19353.24@0.8079342} 372176 : { SELL 19353.24@0.8079342} 
Thu Dec 04 19:02:13 EST 2014 , 4 , 2 , 2 , 372179 : { BUY 5555.76@0.80470892} 372178 : { BUY 5555.76@0.80470892} 372177 : { SELL 19353.24@0.8079342} 372176 : { SELL 19353.24@0.8079342} 
Thu Dec 04 19:05:14 EST 2014 , 4 , 2 , 2 , 372179 : { BUY 5555.76@0.80470892} 372178 : { BUY 5555.76@0.80470892} 372177 : { SELL 19353.24@0.8079342} 372176 : { SELL 19353.24@0.8079342} 
Thu Dec 04 19:08:15 EST 2014 , 4 , 2 , 2 , 372179 : { BUY 5555.76@0.80470892} 372178 : { BUY 5555.76@0.80470892} 372177 : { SELL 19353.24@0.8079342} 372176 : { SELL 19353.24@0.8079342} 
Thu Dec 04 19:11:16 EST 2014 , 4 , 2 , 2 , 372179 : { BUY 5555.76@0.80470892} 372178 : { BUY 5555.76@0.80470892} 372177 : { SELL 19353.24@0.8079342} 372176 : { SELL 19353.24@0.8079342} 
Thu Dec 04 19:14:17 EST 2014 , 4 , 2 , 2 , 372179 : { BUY 5555.76@0.80470892} 372178 : { BUY 5555.76@0.80470892} 372177 : { SELL 19353.24@0.8079342} 372176 : { SELL 19353.24@0.8079342} 
Thu Dec 04 19:17:18 EST 2014 , 4 , 2 , 2 , 372179 : { BUY 5555.76@0.80470892} 372178 : { BUY 5555.76@0.80470892} 372177 : { SELL 19353.24@0.8079342} 372176 : { SELL 19353.24@0.8079342} 
Thu Dec 04 19:20:19 EST 2014 , 4 , 2 , 2 , 372179 : { BUY 5555.76@0.80470892} 372178 : { BUY 5555.76@0.80470892} 372177 : { SELL 19353.24@0.8079342} 372176 : { SELL 19353.24@0.8079342} 
Thu Dec 04 19:23:20 EST 2014 , 4 , 2 , 2 , 372179 : { BUY 5555.76@0.80470892} 372178 : { BUY 5555.76@0.80470892} 372177 : { SELL 19353.24@0.8079342} 372176 : { SELL 19353.24@0.8079342} 
Thu Dec 04 19:26:21 EST 2014 , 4 , 2 , 2 , 372179 : { BUY 5555.76@0.80470892} 372178 : { BUY 5555.76@0.80470892} 372177 : { SELL 19353.24@0.8079342} 372176 : { SELL 19353.24@0.8079342} 
Thu Dec 04 19:29:22 EST 2014 , 4 , 2 , 2 , 372179 : { BUY 5555.76@0.80470892} 372178 : { BUY 5555.76@0.80470892} 372177 : { SELL 19353.24@0.8079342} 372176 : { SELL 19353.24@0.8079342} 
Thu Dec 04 19:32:23 EST 2014 , 4 , 2 , 2 , 372179 : { BUY 5555.76@0.80470892} 372178 : { BUY 5555.76@0.80470892} 372177 : { SELL 19353.24@0.8079342} 372176 : { SELL 19353.24@0.8079342} 
Thu Dec 04 19:35:24 EST 2014 , 4 , 2 , 2 , 372179 : { BUY 5555.76@0.80470892} 372178 : { BUY 5555.76@0.80470892} 372177 : { SELL 19353.24@0.8079342} 372176 : { SELL 19353.24@0.8079342} 
Thu Dec 04 19:38:25 EST 2014 , 4 , 2 , 2 , 372179 : { BUY 5555.76@0.80470892} 372178 : { BUY 5555.76@0.80470892} 372177 : { SELL 19353.24@0.8079342} 372176 : { SELL 19353.24@0.8079342} 
Thu Dec 04 19:41:26 EST 2014 , 4 , 2 , 2 , 372179 : { BUY 5555.76@0.80470892} 372178 : { BUY 5555.76@0.80470892} 372177 : { SELL 19353.24@0.8079342} 372176 : { SELL 19353.24@0.8079342} 
Thu Dec 04 19:44:27 EST 2014 , 4 , 2 , 2 , 372179 : { BUY 5555.76@0.80470892} 372178 : { BUY 5555.76@0.80470892} 372177 : { SELL 19353.24@0.8079342} 372176 : { SELL 19353.24@0.8079342} 
Thu Dec 04 19:47:28 EST 2014 , 4 , 2 , 2 , 372179 : { BUY 5555.76@0.80470892} 372178 : { BUY 5555.76@0.80470892} 372177 : { SELL 19353.24@0.8079342} 372176 : { SELL 19353.24@0.8079342} 
Thu Dec 04 19:50:29 EST 2014 , 4 , 2 , 2 , 372179 : { BUY 5555.76@0.80470892} 372178 : { BUY 5555.76@0.80470892} 372177 : { SELL 19353.24@0.8079342} 372176 : { SELL 19353.24@0.8079342} 
Thu Dec 04 19:53:30 EST 2014 , 4 , 2 , 2 , 372179 : { BUY 5555.76@0.80470892} 372178 : { BUY 5555.76@0.80470892} 372177 : { SELL 19353.24@0.8079342} 372176 : { SELL 19353.24@0.8079342} 
Thu Dec 04 19:56:31 EST 2014 , 4 , 2 , 2 , 372179 : { BUY 5555.76@0.80470892} 372178 : { BUY 5555.76@0.80470892} 372177 : { SELL 19353.24@0.8079342} 372176 : { SELL 19353.24@0.8079342} 
Thu Dec 04 19:59:32 EST 2014 , 4 , 2 , 2 , 372179 : { BUY 5555.76@0.80470892} 372178 : { BUY 5555.76@0.80470892} 372177 : { SELL 19353.24@0.8079342} 372176 : { SELL 19353.24@0.8079342} 
Thu Dec 04 20:02:33 EST 2014 , 4 , 2 , 2 , 372179 : { BUY 5555.76@0.80470892} 372178 : { BUY 5555.76@0.80470892} 372177 : { SELL 19353.24@0.8079342} 372176 : { SELL 19353.24@0.8079342} 
Thu Dec 04 20:05:34 EST 2014 , 4 , 2 , 2 , 372179 : { BUY 5555.76@0.80470892} 372178 : { BUY 5555.76@0.80470892} 372177 : { SELL 19353.24@0.8079342} 372176 : { SELL 19353.24@0.8079342} 
Thu Dec 04 20:08:35 EST 2014 , 4 , 2 , 2 , 372179 : { BUY 5555.76@0.80470892} 372178 : { BUY 5555.76@0.80470892} 372177 : { SELL 19353.24@0.8079342} 372176 : { SELL 19353.24@0.8079342} 
Thu Dec 04 20:11:36 EST 2014 , 4 , 2 , 2 , 372179 : { BUY 5555.76@0.80470892} 372178 : { BUY 5555.76@0.80470892} 372177 : { SELL 19353.24@0.8079342} 372176 : { SELL 19353.24@0.8079342} 
Thu Dec 04 20:14:37 EST 2014 , 4 , 2 , 2 , 372179 : { BUY 5555.76@0.80470892} 372178 : { BUY 5555.76@0.80470892} 372177 : { SELL 19353.24@0.8079342} 372176 : { SELL 19353.24@0.8079342} 
Thu Dec 04 20:17:38 EST 2014 , 4 , 2 , 2 , 372179 : { BUY 5555.76@0.80470892} 372178 : { BUY 5555.76@0.80470892} 372177 : { SELL 19353.24@0.8079342} 372176 : { SELL 19353.24@0.8079342} 
Thu Dec 04 20:20:39 EST 2014 , 4 , 2 , 2 , 372179 : { BUY 5555.76@0.80470892} 372178 : { BUY 5555.76@0.80470892} 372177 : { SELL 19353.24@0.8079342} 372176 : { SELL 19353.24@0.8079342} 
Thu Dec 04 20:23:40 EST 2014 , 4 , 2 , 2 , 372179 : { BUY 5555.76@0.80470892} 372178 : { BUY 5555.76@0.80470892} 372177 : { SELL 19353.24@0.8079342} 372176 : { SELL 19353.24@0.8079342} 
Thu Dec 04 20:26:41 EST 2014 , 4 , 2 , 2 , 372179 : { BUY 5555.76@0.80470892} 372178 : { BUY 5555.76@0.80470892} 372177 : { SELL 19353.24@0.8079342} 372176 : { SELL 19353.24@0.8079342} 
Thu Dec 04 20:29:42 EST 2014 , 4 , 2 , 2 , 372179 : { BUY 5555.76@0.80470892} 372178 : { BUY 5555.76@0.80470892} 372177 : { SELL 19353.24@0.8079342} 372176 : { SELL 19353.24@0.8079342} 
Thu Dec 04 20:32:43 EST 2014 , 4 , 2 , 2 , 372179 : { BUY 5555.76@0.80470892} 372178 : { BUY 5555.76@0.80470892} 372177 : { SELL 19353.24@0.8079342} 372176 : { SELL 19353.24@0.8079342} 
Thu Dec 04 20:35:44 EST 2014 , 4 , 2 , 2 , 372179 : { BUY 5555.76@0.80470892} 372178 : { BUY 5555.76@0.80470892} 372177 : { SELL 19353.24@0.8079342} 372176 : { SELL 19353.24@0.8079342} 
Thu Dec 04 20:38:45 EST 2014 , 4 , 2 , 2 , 372179 : { BUY 5555.76@0.80470892} 372178 : { BUY 5555.76@0.80470892} 372177 : { SELL 19353.24@0.8079342} 372176 : { SELL 19353.24@0.8079342} 
Thu Dec 04 20:41:46 EST 2014 , 4 , 2 , 2 , 372179 : { BUY 5555.76@0.80470892} 372178 : { BUY 5555.76@0.80470892} 372177 : { SELL 19353.24@0.8079342} 372176 : { SELL 19353.24@0.8079342} 
Thu Dec 04 20:44:47 EST 2014 , 4 , 2 , 2 , 372179 : { BUY 5555.76@0.80470892} 372178 : { BUY 5555.76@0.80470892} 372177 : { SELL 19353.24@0.8079342} 372176 : { SELL 19353.24@0.8079342} 
Thu Dec 04 20:47:48 EST 2014 , 4 , 2 , 2 , 372179 : { BUY 5555.76@0.80470892} 372178 : { BUY 5555.76@0.80470892} 372177 : { SELL 19353.24@0.8079342} 372176 : { SELL 19353.24@0.8079342} 
Thu Dec 04 20:50:49 EST 2014 , 4 , 2 , 2 , 372179 : { BUY 5555.76@0.80470892} 372178 : { BUY 5555.76@0.80470892} 372177 : { SELL 19353.24@0.8079342} 372176 : { SELL 19353.24@0.8079342} 
Thu Dec 04 20:53:50 EST 2014 , 4 , 2 , 2 , 372179 : { BUY 5555.76@0.80470892} 372178 : { BUY 5555.76@0.80470892} 372177 : { SELL 19353.24@0.8079342} 372176 : { SELL 19353.24@0.8079342} 
Thu Dec 04 20:56:51 EST 2014 , 4 , 2 , 2 , 372179 : { BUY 5555.76@0.80470892} 372178 : { BUY 5555.76@0.80470892} 372177 : { SELL 19353.24@0.8079342} 372176 : { SELL 19353.24@0.8079342} 
Thu Dec 04 20:59:52 EST 2014 , 4 , 2 , 2 , 372179 : { BUY 5555.76@0.80470892} 372178 : { BUY 5555.76@0.80470892} 372177 : { SELL 19353.24@0.8079342} 372176 : { SELL 19353.24@0.8079342} 
Thu Dec 04 21:02:53 EST 2014 , 4 , 2 , 2 , 372179 : { BUY 5555.76@0.80470892} 372178 : { BUY 5555.76@0.80470892} 372177 : { SELL 19353.24@0.8079342} 372176 : { SELL 19353.24@0.8079342} 
Thu Dec 04 21:05:54 EST 2014 , 4 , 2 , 2 , 372179 : { BUY 5555.76@0.80470892} 372178 : { BUY 5555.76@0.80470892} 372177 : { SELL 19353.24@0.8079342} 372176 : { SELL 19353.24@0.8079342} 
Thu Dec 04 21:08:55 EST 2014 , 4 , 2 , 2 , 372179 : { BUY 5555.76@0.80470892} 372178 : { BUY 5555.76@0.80470892} 372177 : { SELL 19353.24@0.8079342} 372176 : { SELL 19353.24@0.8079342} 
Thu Dec 04 21:11:56 EST 2014 , 4 , 2 , 2 , 372179 : { BUY 5555.76@0.80470892} 372178 : { BUY 5555.76@0.80470892} 372177 : { SELL 19353.24@0.8079342} 372176 : { SELL 19353.24@0.8079342} 
Thu Dec 04 21:14:57 EST 2014 , 4 , 2 , 2 , 372179 : { BUY 5555.76@0.80470892} 372178 : { BUY 5555.76@0.80470892} 372177 : { SELL 19353.24@0.8079342} 372176 : { SELL 19353.24@0.8079342} 
Thu Dec 04 21:17:58 EST 2014 , 4 , 2 , 2 , 372179 : { BUY 5555.76@0.80470892} 372178 : { BUY 5555.76@0.80470892} 372177 : { SELL 19353.24@0.8079342} 372176 : { SELL 19353.24@0.8079342} 
Thu Dec 04 21:20:59 EST 2014 , 4 , 2 , 2 , 372179 : { BUY 5555.76@0.80470892} 372178 : { BUY 5555.76@0.80470892} 372177 : { SELL 19353.24@0.8079342} 372176 : { SELL 19353.24@0.8079342} 
Thu Dec 04 21:24:00 EST 2014 , 4 , 2 , 2 , 372179 : { BUY 5555.76@0.80470892} 372178 : { BUY 5555.76@0.80470892} 372177 : { SELL 19353.24@0.8079342} 372176 : { SELL 19353.24@0.8079342} 
Thu Dec 04 21:27:01 EST 2014 , 4 , 2 , 2 , 372179 : { BUY 5555.76@0.80470892} 372178 : { BUY 5555.76@0.80470892} 372177 : { SELL 19353.24@0.8079342} 372176 : { SELL 19353.24@0.8079342} 
Thu Dec 04 21:30:02 EST 2014 , 4 , 2 , 2 , 372179 : { BUY 5555.76@0.80470892} 372178 : { BUY 5555.76@0.80470892} 372177 : { SELL 19353.24@0.8079342} 372176 : { SELL 19353.24@0.8079342} 
Thu Dec 04 21:33:03 EST 2014 , 4 , 2 , 2 , 372179 : { BUY 5555.76@0.80470892} 372178 : { BUY 5555.76@0.80470892} 372177 : { SELL 19353.24@0.8079342} 372176 : { SELL 19353.24@0.8079342} 
Thu Dec 04 21:36:04 EST 2014 , 4 , 2 , 2 , 372179 : { BUY 5555.76@0.80470892} 372178 : { BUY 5555.76@0.80470892} 372177 : { SELL 19353.24@0.8079342} 372176 : { SELL 19353.24@0.8079342} 
Thu Dec 04 21:39:05 EST 2014 , 4 , 2 , 2 , 372179 : { BUY 5555.76@0.80470892} 372178 : { BUY 5555.76@0.80470892} 372177 : { SELL 19353.24@0.8079342} 372176 : { SELL 19353.24@0.8079342} 
Thu Dec 04 21:42:06 EST 2014 , 4 , 2 , 2 , 372179 : { BUY 5555.76@0.80470892} 372178 : { BUY 5555.76@0.80470892} 372177 : { SELL 19353.24@0.8079342} 372176 : { SELL 19353.24@0.8079342} 
Thu Dec 04 21:45:07 EST 2014 , 4 , 2 , 2 , 372179 : { BUY 5555.76@0.80470892} 372178 : { BUY 5555.76@0.80470892} 372177 : { SELL 19353.24@0.8079342} 372176 : { SELL 19353.24@0.8079342} 
Thu Dec 04 21:48:08 EST 2014 , 4 , 2 , 2 , 372179 : { BUY 5555.76@0.80470892} 372178 : { BUY 5555.76@0.80470892} 372177 : { SELL 19353.24@0.8079342} 372176 : { SELL 19353.24@0.8079342} 
Thu Dec 04 21:51:09 EST 2014 , 4 , 2 , 2 , 372179 : { BUY 5555.76@0.80470892} 372178 : { BUY 5555.76@0.80470892} 372177 : { SELL 19353.24@0.8079342} 372176 : { SELL 19353.24@0.8079342} 
Thu Dec 04 21:54:10 EST 2014 , 4 , 2 , 2 , 372179 : { BUY 5555.76@0.80470892} 372178 : { BUY 5555.76@0.80470892} 372177 : { SELL 19353.24@0.8079342} 372176 : { SELL 19353.24@0.8079342} 
Thu Dec 04 21:57:11 EST 2014 , 4 , 2 , 2 , 372179 : { BUY 5555.76@0.80470892} 372178 : { BUY 5555.76@0.80470892} 372177 : { SELL 19353.24@0.8079342} 372176 : { SELL 19353.24@0.8079342} 
Thu Dec 04 22:00:12 EST 2014 , 4 , 2 , 2 , 372179 : { BUY 5555.76@0.80470892} 372178 : { BUY 5555.76@0.80470892} 372177 : { SELL 19353.24@0.8079342} 372176 : { SELL 19353.24@0.8079342} 
Thu Dec 04 22:03:13 EST 2014 , 4 , 2 , 2 , 372179 : { BUY 5555.76@0.80470892} 372178 : { BUY 5555.76@0.80470892} 372177 : { SELL 19353.24@0.8079342} 372176 : { SELL 19353.24@0.8079342} 
Thu Dec 04 22:06:14 EST 2014 , 4 , 2 , 2 , 372179 : { BUY 5555.76@0.80470892} 372178 : { BUY 5555.76@0.80470892} 372177 : { SELL 19353.24@0.8079342} 372176 : { SELL 19353.24@0.8079342} 
Thu Dec 04 22:09:15 EST 2014 , 4 , 2 , 2 , 372179 : { BUY 5555.76@0.80470892} 372178 : { BUY 5555.76@0.80470892} 372177 : { SELL 19353.24@0.8079342} 372176 : { SELL 19353.24@0.8079342} 
Thu Dec 04 22:12:16 EST 2014 , 4 , 2 , 2 , 372179 : { BUY 5555.76@0.80470892} 372178 : { BUY 5555.76@0.80470892} 372177 : { SELL 19353.24@0.8079342} 372176 : { SELL 19353.24@0.8079342} 
Thu Dec 04 22:15:17 EST 2014 , 4 , 2 , 2 , 372179 : { BUY 5555.76@0.80470892} 372178 : { BUY 5555.76@0.80470892} 372177 : { SELL 19353.24@0.8079342} 372176 : { SELL 19353.24@0.8079342} 
Thu Dec 04 22:18:18 EST 2014 , 4 , 2 , 2 , 372179 : { BUY 5555.76@0.80470892} 372178 : { BUY 5555.76@0.80470892} 372177 : { SELL 19353.24@0.8079342} 372176 : { SELL 19353.24@0.8079342} 
Thu Dec 04 22:21:19 EST 2014 , 4 , 2 , 2 , 372179 : { BUY 5555.76@0.80470892} 372178 : { BUY 5555.76@0.80470892} 372177 : { SELL 19353.24@0.8079342} 372176 : { SELL 19353.24@0.8079342} 
Thu Dec 04 22:24:20 EST 2014 , 4 , 2 , 2 , 372179 : { BUY 5555.76@0.80470892} 372178 : { BUY 5555.76@0.80470892} 372177 : { SELL 19353.24@0.8079342} 372176 : { SELL 19353.24@0.8079342} 
Thu Dec 04 22:27:21 EST 2014 , 4 , 2 , 2 , 372179 : { BUY 5555.76@0.80470892} 372178 : { BUY 5555.76@0.80470892} 372177 : { SELL 19353.24@0.8079342} 372176 : { SELL 19353.24@0.8079342} 
Thu Dec 04 22:30:22 EST 2014 , 4 , 2 , 2 , 372179 : { BUY 5555.76@0.80470892} 372178 : { BUY 5555.76@0.80470892} 372177 : { SELL 19353.24@0.8079342} 372176 : { SELL 19353.24@0.8079342} 
Thu Dec 04 22:33:23 EST 2014 , 4 , 2 , 2 , 372179 : { BUY 5555.76@0.80470892} 372178 : { BUY 5555.76@0.80470892} 372177 : { SELL 19353.24@0.8079342} 372176 : { SELL 19353.24@0.8079342} 
Thu Dec 04 22:36:24 EST 2014 , 4 , 2 , 2 , 372179 : { BUY 5555.76@0.80470892} 372178 : { BUY 5555.76@0.80470892} 372177 : { SELL 19353.24@0.8079342} 372176 : { SELL 19353.24@0.8079342} 
Thu Dec 04 22:39:25 EST 2014 , 4 , 2 , 2 , 372179 : { BUY 5555.76@0.80470892} 372178 : { BUY 5555.76@0.80470892} 372177 : { SELL 19353.24@0.8079342} 372176 : { SELL 19353.24@0.8079342} 
Thu Dec 04 22:42:26 EST 2014 , 4 , 2 , 2 , 372179 : { BUY 5555.76@0.80470892} 372178 : { BUY 5555.76@0.80470892} 372177 : { SELL 19353.24@0.8079342} 372176 : { SELL 19353.24@0.8079342} 
Thu Dec 04 22:45:27 EST 2014 , 4 , 2 , 2 , 372179 : { BUY 5555.76@0.80470892} 372178 : { BUY 5555.76@0.80470892} 372177 : { SELL 19353.24@0.8079342} 372176 : { SELL 19353.24@0.8079342} 
Thu Dec 04 22:48:28 EST 2014 , 4 , 2 , 2 , 372179 : { BUY 5555.76@0.80470892} 372178 : { BUY 5555.76@0.80470892} 372177 : { SELL 19353.24@0.8079342} 372176 : { SELL 19353.24@0.8079342} 
Thu Dec 04 22:51:29 EST 2014 , 4 , 2 , 2 , 372179 : { BUY 5555.76@0.80470892} 372178 : { BUY 5555.76@0.80470892} 372177 : { SELL 19353.24@0.8079342} 372176 : { SELL 19353.24@0.8079342} 
Thu Dec 04 22:54:30 EST 2014 , 4 , 2 , 2 , 372179 : { BUY 5555.76@0.80470892} 372178 : { BUY 5555.76@0.80470892} 372177 : { SELL 19353.24@0.8079342} 372176 : { SELL 19353.24@0.8079342} 
Thu Dec 04 22:57:31 EST 2014 , 4 , 2 , 2 , 372179 : { BUY 5555.76@0.80470892} 372178 : { BUY 5555.76@0.80470892} 372177 : { SELL 19353.24@0.8079342} 372176 : { SELL 19353.24@0.8079342} 
Thu Dec 04 23:00:32 EST 2014 , 4 , 2 , 2 , 372179 : { BUY 5555.76@0.80470892} 372178 : { BUY 5555.76@0.80470892} 372177 : { SELL 19353.24@0.8079342} 372176 : { SELL 19353.24@0.8079342} 
Thu Dec 04 23:03:33 EST 2014 , 4 , 2 , 2 , 372179 : { BUY 5555.76@0.80470892} 372178 : { BUY 5555.76@0.80470892} 372177 : { SELL 19353.24@0.8079342} 372176 : { SELL 19353.24@0.8079342} 
Thu Dec 04 23:06:34 EST 2014 , 4 , 2 , 2 , 372179 : { BUY 5555.76@0.80470892} 372178 : { BUY 5555.76@0.80470892} 372177 : { SELL 19353.24@0.8079342} 372176 : { SELL 19353.24@0.8079342} 
Thu Dec 04 23:09:35 EST 2014 , 4 , 2 , 2 , 372179 : { BUY 5555.76@0.80470892} 372178 : { BUY 5555.76@0.80470892} 372177 : { SELL 19353.24@0.8079342} 372176 : { SELL 19353.24@0.8079342} 
Thu Dec 04 23:12:36 EST 2014 , 4 , 2 , 2 , 372179 : { BUY 5555.76@0.80470892} 372178 : { BUY 5555.76@0.80470892} 372177 : { SELL 19353.24@0.8079342} 372176 : { SELL 19353.24@0.8079342} 
Thu Dec 04 23:15:37 EST 2014 , 4 , 2 , 2 , 372179 : { BUY 5555.76@0.80470892} 372178 : { BUY 5555.76@0.80470892} 372177 : { SELL 19353.24@0.8079342} 372176 : { SELL 19353.24@0.8079342} 
Thu Dec 04 23:18:38 EST 2014 , 4 , 2 , 2 , 372179 : { BUY 5555.76@0.80470892} 372178 : { BUY 5555.76@0.80470892} 372177 : { SELL 19353.24@0.8079342} 372176 : { SELL 19353.24@0.8079342} 
Thu Dec 04 23:21:40 EST 2014 , 4 , 2 , 2 , 372179 : { BUY 5555.76@0.80470892} 372178 : { BUY 5555.76@0.80470892} 372177 : { SELL 19353.24@0.8079342} 372176 : { SELL 19353.24@0.8079342} 
Thu Dec 04 23:24:40 EST 2014 , 4 , 2 , 2 , 372179 : { BUY 5555.76@0.80470892} 372178 : { BUY 5555.76@0.80470892} 372177 : { SELL 19353.24@0.8079342} 372176 : { SELL 19353.24@0.8079342} 
Thu Dec 04 23:27:41 EST 2014 , 4 , 2 , 2 , 372179 : { BUY 5555.76@0.80470892} 372178 : { BUY 5555.76@0.80470892} 372177 : { SELL 19353.24@0.8079342} 372176 : { SELL 19353.24@0.8079342} 
Thu Dec 04 23:30:42 EST 2014 , 4 , 2 , 2 , 372179 : { BUY 5555.76@0.80470892} 372178 : { BUY 5555.76@0.80470892} 372177 : { SELL 19353.24@0.8079342} 372176 : { SELL 19353.24@0.8079342} 
Thu Dec 04 23:33:43 EST 2014 , 4 , 2 , 2 , 372179 : { BUY 5555.76@0.80470892} 372178 : { BUY 5555.76@0.80470892} 372177 : { SELL 19353.24@0.8079342} 372176 : { SELL 19353.24@0.8079342} 
Thu Dec 04 23:36:44 EST 2014 , 4 , 2 , 2 , 372179 : { BUY 5555.76@0.80470892} 372178 : { BUY 5555.76@0.80470892} 372177 : { SELL 19353.24@0.8079342} 372176 : { SELL 19353.24@0.8079342} 
Thu Dec 04 23:39:45 EST 2014 , 4 , 2 , 2 , 372179 : { BUY 5555.76@0.80470892} 372178 : { BUY 5555.76@0.80470892} 372177 : { SELL 19353.24@0.8079342} 372176 : { SELL 19353.24@0.8079342} 
Thu Dec 04 23:42:46 EST 2014 , 4 , 2 , 2 , 372179 : { BUY 5555.76@0.80470892} 372178 : { BUY 5555.76@0.80470892} 372177 : { SELL 19353.24@0.8079342} 372176 : { SELL 19353.24@0.8079342} 
Thu Dec 04 23:45:47 EST 2014 , 4 , 2 , 2 , 372179 : { BUY 5555.76@0.80470892} 372178 : { BUY 5555.76@0.80470892} 372177 : { SELL 19353.24@0.8079342} 372176 : { SELL 19353.24@0.8079342} 
Thu Dec 04 23:48:48 EST 2014 , 4 , 2 , 2 , 372179 : { BUY 5555.76@0.80470892} 372178 : { BUY 5555.76@0.80470892} 372177 : { SELL 19353.24@0.8079342} 372176 : { SELL 19353.24@0.8079342} 
Thu Dec 04 23:51:49 EST 2014 , 4 , 2 , 2 , 372179 : { BUY 5555.76@0.80470892} 372178 : { BUY 5555.76@0.80470892} 372177 : { SELL 19353.24@0.8079342} 372176 : { SELL 19353.24@0.8079342} 
Thu Dec 04 23:54:50 EST 2014 , 4 , 2 , 2 , 372179 : { BUY 5555.76@0.80470892} 372178 : { BUY 5555.76@0.80470892} 372177 : { SELL 19353.24@0.8079342} 372176 : { SELL 19353.24@0.8079342} 
Thu Dec 04 23:57:51 EST 2014 , 4 , 2 , 2 , 372179 : { BUY 5555.76@0.80470892} 372178 : { BUY 5555.76@0.80470892} 372177 : { SELL 19353.24@0.8079342} 372176 : { SELL 19353.24@0.8079342} 
Fri Dec 05 00:00:52 EST 2014 , 4 , 2 , 2 , 372179 : { BUY 5555.76@0.80470892} 372178 : { BUY 5555.76@0.80470892} 372177 : { SELL 19353.24@0.8079342} 372176 : { SELL 19353.24@0.8079342} 
Fri Dec 05 00:03:53 EST 2014 , 4 , 2 , 2 , 372179 : { BUY 5555.76@0.80470892} 372178 : { BUY 5555.76@0.80470892} 372177 : { SELL 19353.24@0.8079342} 372176 : { SELL 19353.24@0.8079342} 
Fri Dec 05 00:06:54 EST 2014 , 4 , 2 , 2 , 372179 : { BUY 5555.76@0.80470892} 372178 : { BUY 5555.76@0.80470892} 372177 : { SELL 19353.24@0.8079342} 372176 : { SELL 19353.24@0.8079342} 
Fri Dec 05 00:09:55 EST 2014 , 4 , 2 , 2 , 372179 : { BUY 5555.76@0.80470892} 372178 : { BUY 5555.76@0.80470892} 372177 : { SELL 19353.24@0.8079342} 372176 : { SELL 19353.24@0.8079342} 
Fri Dec 05 00:12:56 EST 2014 , 4 , 2 , 2 , 372179 : { BUY 5555.76@0.80470892} 372178 : { BUY 5555.76@0.80470892} 372177 : { SELL 19353.24@0.8079342} 372176 : { SELL 19353.24@0.8079342} 
Fri Dec 05 00:15:57 EST 2014 , 4 , 2 , 2 , 372179 : { BUY 5555.76@0.80470892} 372178 : { BUY 5555.76@0.80470892} 372177 : { SELL 19353.24@0.8079342} 372176 : { SELL 19353.24@0.8079342} 
Fri Dec 05 00:18:58 EST 2014 , 4 , 2 , 2 , 372179 : { BUY 5555.76@0.80470892} 372178 : { BUY 5555.76@0.80470892} 372177 : { SELL 19353.24@0.8079342} 372176 : { SELL 19353.24@0.8079342} 
Fri Dec 05 00:21:59 EST 2014 , 4 , 2 , 2 , 372179 : { BUY 5555.76@0.80470892} 372178 : { BUY 5555.76@0.80470892} 372177 : { SELL 19353.24@0.8079342} 372176 : { SELL 19353.24@0.8079342} 
Fri Dec 05 00:25:00 EST 2014 , 4 , 2 , 2 , 372179 : { BUY 5555.76@0.80470892} 372178 : { BUY 5555.76@0.80470892} 372177 : { SELL 19353.24@0.8079342} 372176 : { SELL 19353.24@0.8079342} 
Fri Dec 05 00:28:01 EST 2014 , 4 , 2 , 2 , 372179 : { BUY 5555.76@0.80470892} 372178 : { BUY 5555.76@0.80470892} 372177 : { SELL 19353.24@0.8079342} 372176 : { SELL 19353.24@0.8079342} 
Fri Dec 05 00:31:02 EST 2014 , 4 , 2 , 2 , 372179 : { BUY 5555.76@0.80470892} 372178 : { BUY 5555.76@0.80470892} 372177 : { SELL 19353.24@0.8079342} 372176 : { SELL 19353.24@0.8079342} 
Fri Dec 05 00:34:03 EST 2014 , 4 , 2 , 2 , 372179 : { BUY 5555.76@0.80470892} 372178 : { BUY 5555.76@0.80470892} 372177 : { SELL 19353.24@0.8079342} 372176 : { SELL 19353.24@0.8079342} 
Fri Dec 05 00:37:04 EST 2014 , 4 , 2 , 2 , 372179 : { BUY 5555.76@0.80470892} 372178 : { BUY 5555.76@0.80470892} 372177 : { SELL 19353.24@0.8079342} 372176 : { SELL 19353.24@0.8079342} 
Fri Dec 05 00:40:05 EST 2014 , 4 , 2 , 2 , 372179 : { BUY 5555.76@0.80470892} 372178 : { BUY 5555.76@0.80470892} 372177 : { SELL 19353.24@0.8079342} 372176 : { SELL 19353.24@0.8079342} 
Fri Dec 05 00:43:06 EST 2014 , 4 , 2 , 2 , 372179 : { BUY 5555.76@0.80470892} 372178 : { BUY 5555.76@0.80470892} 372177 : { SELL 19353.24@0.8079342} 372176 : { SELL 19353.24@0.8079342} 
Fri Dec 05 00:46:07 EST 2014 , 4 , 2 , 2 , 372179 : { BUY 5555.76@0.80470892} 372178 : { BUY 5555.76@0.80470892} 372177 : { SELL 19353.24@0.8079342} 372176 : { SELL 19353.24@0.8079342} 
Fri Dec 05 00:49:08 EST 2014 , 4 , 2 , 2 , 372179 : { BUY 5555.76@0.80470892} 372178 : { BUY 5555.76@0.80470892} 372177 : { SELL 19353.24@0.8079342} 372176 : { SELL 19353.24@0.8079342} 
Fri Dec 05 00:52:09 EST 2014 , 4 , 2 , 2 , 372179 : { BUY 5555.76@0.80470892} 372178 : { BUY 5555.76@0.80470892} 372177 : { SELL 19353.24@0.8079342} 372176 : { SELL 19353.24@0.8079342} 
Fri Dec 05 00:55:10 EST 2014 , 4 , 2 , 2 , 372179 : { BUY 5555.76@0.80470892} 372178 : { BUY 5555.76@0.80470892} 372177 : { SELL 19353.24@0.8079342} 372176 : { SELL 19353.24@0.8079342} 
Fri Dec 05 00:58:11 EST 2014 , 4 , 2 , 2 , 372179 : { BUY 5555.76@0.80470892} 372178 : { BUY 5555.76@0.80470892} 372177 : { SELL 19353.24@0.8079342} 372176 : { SELL 19353.24@0.8079342} 
Fri Dec 05 01:01:12 EST 2014 , 4 , 2 , 2 , 372179 : { BUY 5555.76@0.80470892} 372178 : { BUY 5555.76@0.80470892} 372177 : { SELL 19353.24@0.8079342} 372176 : { SELL 19353.24@0.8079342} 
Fri Dec 05 01:04:13 EST 2014 , 4 , 2 , 2 , 372179 : { BUY 5555.76@0.80470892} 372178 : { BUY 5555.76@0.80470892} 372177 : { SELL 19353.24@0.8079342} 372176 : { SELL 19353.24@0.8079342} 
Fri Dec 05 01:07:14 EST 2014 , 4 , 2 , 2 , 372179 : { BUY 5555.76@0.80470892} 372178 : { BUY 5555.76@0.80470892} 372177 : { SELL 19353.24@0.8079342} 372176 : { SELL 19353.24@0.8079342} 
Fri Dec 05 01:10:15 EST 2014 , 4 , 2 , 2 , 372179 : { BUY 5555.76@0.80470892} 372178 : { BUY 5555.76@0.80470892} 372177 : { SELL 19353.24@0.8079342} 372176 : { SELL 19353.24@0.8079342} 
Fri Dec 05 01:13:16 EST 2014 , 4 , 2 , 2 , 372179 : { BUY 5555.76@0.80470892} 372178 : { BUY 5555.76@0.80470892} 372177 : { SELL 19353.24@0.8079342} 372176 : { SELL 19353.24@0.8079342} 
Fri Dec 05 01:16:17 EST 2014 , 4 , 2 , 2 , 372179 : { BUY 5555.76@0.80470892} 372178 : { BUY 5555.76@0.80470892} 372177 : { SELL 19353.24@0.8079342} 372176 : { SELL 19353.24@0.8079342} 
Fri Dec 05 01:19:18 EST 2014 , 4 , 2 , 2 , 372179 : { BUY 5555.76@0.80470892} 372178 : { BUY 5555.76@0.80470892} 372177 : { SELL 19353.24@0.8079342} 372176 : { SELL 19353.24@0.8079342} 
Fri Dec 05 01:22:19 EST 2014 , 4 , 2 , 2 , 372179 : { BUY 5555.76@0.80470892} 372178 : { BUY 5555.76@0.80470892} 372177 : { SELL 19353.24@0.8079342} 372176 : { SELL 19353.24@0.8079342} 
Fri Dec 05 01:25:20 EST 2014 , 4 , 2 , 2 , 372179 : { BUY 5555.76@0.80470892} 372178 : { BUY 5555.76@0.80470892} 372177 : { SELL 19353.24@0.8079342} 372176 : { SELL 19353.24@0.8079342} 
Fri Dec 05 01:28:21 EST 2014 , 4 , 2 , 2 , 372179 : { BUY 5555.76@0.80470892} 372178 : { BUY 5555.76@0.80470892} 372177 : { SELL 19353.24@0.8079342} 372176 : { SELL 19353.24@0.8079342} 
Fri Dec 05 01:31:22 EST 2014 , 4 , 2 , 2 , 372179 : { BUY 5555.76@0.80470892} 372178 : { BUY 5555.76@0.80470892} 372177 : { SELL 19353.24@0.8079342} 372176 : { SELL 19353.24@0.8079342} 
Fri Dec 05 01:34:23 EST 2014 , 4 , 2 , 2 , 372179 : { BUY 5555.76@0.80470892} 372178 : { BUY 5555.76@0.80470892} 372177 : { SELL 19353.24@0.8079342} 372176 : { SELL 19353.24@0.8079342} 
Fri Dec 05 01:37:24 EST 2014 , 4 , 2 , 2 , 372179 : { BUY 5555.76@0.80470892} 372178 : { BUY 5555.76@0.80470892} 372177 : { SELL 19353.24@0.8079342} 372176 : { SELL 19353.24@0.8079342} 
Fri Dec 05 01:40:25 EST 2014 , 4 , 2 , 2 , 372179 : { BUY 5555.76@0.80470892} 372178 : { BUY 5555.76@0.80470892} 372177 : { SELL 19353.24@0.8079342} 372176 : { SELL 19353.24@0.8079342} 
Fri Dec 05 01:43:26 EST 2014 , 4 , 2 , 2 , 372179 : { BUY 5555.76@0.80470892} 372178 : { BUY 5555.76@0.80470892} 372177 : { SELL 19353.24@0.8079342} 372176 : { SELL 19353.24@0.8079342} 
Fri Dec 05 01:46:27 EST 2014 , 4 , 2 , 2 , 372179 : { BUY 5555.76@0.80470892} 372178 : { BUY 5555.76@0.80470892} 372177 : { SELL 19353.24@0.8079342} 372176 : { SELL 19353.24@0.8079342} 
Fri Dec 05 01:49:28 EST 2014 , 4 , 2 , 2 , 372179 : { BUY 5555.76@0.80470892} 372178 : { BUY 5555.76@0.80470892} 372177 : { SELL 19353.24@0.8079342} 372176 : { SELL 19353.24@0.8079342} 
Fri Dec 05 01:52:29 EST 2014 , 4 , 2 , 2 , 372179 : { BUY 5555.76@0.80470892} 372178 : { BUY 5555.76@0.80470892} 372177 : { SELL 19353.24@0.8079342} 372176 : { SELL 19353.24@0.8079342} 
Fri Dec 05 01:55:30 EST 2014 , 4 , 2 , 2 , 372179 : { BUY 5555.76@0.80470892} 372178 : { BUY 5555.76@0.80470892} 372177 : { SELL 19353.24@0.8079342} 372176 : { SELL 19353.24@0.8079342} 
Fri Dec 05 01:58:31 EST 2014 , 4 , 2 , 2 , 372179 : { BUY 5555.76@0.80470892} 372178 : { BUY 5555.76@0.80470892} 372177 : { SELL 19353.24@0.8079342} 372176 : { SELL 19353.24@0.8079342} 
Fri Dec 05 02:01:32 EST 2014 , 4 , 2 , 2 , 372179 : { BUY 5555.76@0.80470892} 372178 : { BUY 5555.76@0.80470892} 372177 : { SELL 19353.24@0.8079342} 372176 : { SELL 19353.24@0.8079342} 
Fri Dec 05 02:04:33 EST 2014 , 4 , 2 , 2 , 372179 : { BUY 5555.76@0.80470892} 372178 : { BUY 5555.76@0.80470892} 372177 : { SELL 19353.24@0.8079342} 372176 : { SELL 19353.24@0.8079342} 
Fri Dec 05 02:07:34 EST 2014 , 4 , 2 , 2 , 372179 : { BUY 5555.76@0.80470892} 372178 : { BUY 5555.76@0.80470892} 372177 : { SELL 19353.24@0.8079342} 372176 : { SELL 19353.24@0.8079342} 
Fri Dec 05 02:10:35 EST 2014 , 4 , 2 , 2 , 372179 : { BUY 5555.76@0.80470892} 372178 : { BUY 5555.76@0.80470892} 372177 : { SELL 19353.24@0.8079342} 372176 : { SELL 19353.24@0.8079342} 
Fri Dec 05 02:13:36 EST 2014 , 4 , 2 , 2 , 372179 : { BUY 5555.76@0.80470892} 372178 : { BUY 5555.76@0.80470892} 372177 : { SELL 19353.24@0.8079342} 372176 : { SELL 19353.24@0.8079342} 
Fri Dec 05 02:16:37 EST 2014 , 4 , 2 , 2 , 372179 : { BUY 5555.76@0.80470892} 372178 : { BUY 5555.76@0.80470892} 372177 : { SELL 19353.24@0.8079342} 372176 : { SELL 19353.24@0.8079342} 
Fri Dec 05 02:19:38 EST 2014 , 4 , 2 , 2 , 372179 : { BUY 5555.76@0.80470892} 372178 : { BUY 5555.76@0.80470892} 372177 : { SELL 19353.24@0.8079342} 372176 : { SELL 19353.24@0.8079342} 
Fri Dec 05 02:22:39 EST 2014 , 4 , 2 , 2 , 372179 : { BUY 5555.76@0.80470892} 372178 : { BUY 5555.76@0.80470892} 372177 : { SELL 19353.24@0.8079342} 372176 : { SELL 19353.24@0.8079342} 
Fri Dec 05 02:25:40 EST 2014 , 4 , 2 , 2 , 372179 : { BUY 5555.76@0.80470892} 372178 : { BUY 5555.76@0.80470892} 372177 : { SELL 19353.24@0.8079342} 372176 : { SELL 19353.24@0.8079342} 
Fri Dec 05 02:28:41 EST 2014 , 4 , 2 , 2 , 372179 : { BUY 5555.76@0.80470892} 372178 : { BUY 5555.76@0.80470892} 372177 : { SELL 19353.24@0.8079342} 372176 : { SELL 19353.24@0.8079342} 
Fri Dec 05 02:31:42 EST 2014 , 4 , 2 , 2 , 372179 : { BUY 5555.76@0.80470892} 372178 : { BUY 5555.76@0.80470892} 372177 : { SELL 19353.24@0.8079342} 372176 : { SELL 19353.24@0.8079342} 
Fri Dec 05 02:34:43 EST 2014 , 4 , 2 , 2 , 372179 : { BUY 5555.76@0.80470892} 372178 : { BUY 5555.76@0.80470892} 372177 : { SELL 19353.24@0.8079342} 372176 : { SELL 19353.24@0.8079342} 
Fri Dec 05 02:37:44 EST 2014 , 4 , 2 , 2 , 372179 : { BUY 5555.76@0.80470892} 372178 : { BUY 5555.76@0.80470892} 372177 : { SELL 19353.24@0.8079342} 372176 : { SELL 19353.24@0.8079342} 
Fri Dec 05 02:40:45 EST 2014 , 4 , 2 , 2 , 372179 : { BUY 5555.76@0.80470892} 372178 : { BUY 5555.76@0.80470892} 372177 : { SELL 19353.24@0.8079342} 372176 : { SELL 19353.24@0.8079342} 
Fri Dec 05 02:43:46 EST 2014 , 4 , 2 , 2 , 372179 : { BUY 5555.76@0.80470892} 372178 : { BUY 5555.76@0.80470892} 372177 : { SELL 19353.24@0.8079342} 372176 : { SELL 19353.24@0.8079342} 
Fri Dec 05 02:46:47 EST 2014 , 4 , 2 , 2 , 372179 : { BUY 5555.76@0.80470892} 372178 : { BUY 5555.76@0.80470892} 372177 : { SELL 19353.24@0.8079342} 372176 : { SELL 19353.24@0.8079342} 
Fri Dec 05 02:49:48 EST 2014 , 4 , 2 , 2 , 372179 : { BUY 5555.76@0.80470892} 372178 : { BUY 5555.76@0.80470892} 372177 : { SELL 19353.24@0.8079342} 372176 : { SELL 19353.24@0.8079342} 
Fri Dec 05 02:52:49 EST 2014 , 4 , 2 , 2 , 372179 : { BUY 5555.76@0.80470892} 372178 : { BUY 5555.76@0.80470892} 372177 : { SELL 19353.24@0.8079342} 372176 : { SELL 19353.24@0.8079342} 
Fri Dec 05 02:55:50 EST 2014 , 4 , 2 , 2 , 372179 : { BUY 5555.76@0.80470892} 372178 : { BUY 5555.76@0.80470892} 372177 : { SELL 19353.24@0.8079342} 372176 : { SELL 19353.24@0.8079342} 
Fri Dec 05 02:58:51 EST 2014 , 4 , 2 , 2 , 372179 : { BUY 5555.76@0.80470892} 372178 : { BUY 5555.76@0.80470892} 372177 : { SELL 19353.24@0.8079342} 372176 : { SELL 19353.24@0.8079342} 
Fri Dec 05 03:01:52 EST 2014 , 4 , 2 , 2 , 372179 : { BUY 5555.76@0.80470892} 372178 : { BUY 5555.76@0.80470892} 372177 : { SELL 19353.24@0.8079342} 372176 : { SELL 19353.24@0.8079342} 
Fri Dec 05 03:04:53 EST 2014 , 4 , 2 , 2 , 372179 : { BUY 5555.76@0.80470892} 372178 : { BUY 5555.76@0.80470892} 372177 : { SELL 19353.24@0.8079342} 372176 : { SELL 19353.24@0.8079342} 
Fri Dec 05 03:07:54 EST 2014 , 4 , 2 , 2 , 372179 : { BUY 5555.76@0.80470892} 372178 : { BUY 5555.76@0.80470892} 372177 : { SELL 19353.24@0.8079342} 372176 : { SELL 19353.24@0.8079342} 
Fri Dec 05 03:10:55 EST 2014 , 4 , 2 , 2 , 372179 : { BUY 5555.76@0.80470892} 372178 : { BUY 5555.76@0.80470892} 372177 : { SELL 19353.24@0.8079342} 372176 : { SELL 19353.24@0.8079342} 
Fri Dec 05 03:13:56 EST 2014 , 4 , 2 , 2 , 372179 : { BUY 5555.76@0.80470892} 372178 : { BUY 5555.76@0.80470892} 372177 : { SELL 19353.24@0.8079342} 372176 : { SELL 19353.24@0.8079342} 
Fri Dec 05 03:16:57 EST 2014 , 4 , 2 , 2 , 433369 : { BUY 6382.41@0.80470892} 433368 : { BUY 6382.41@0.80470892} 433367 : { SELL 18528.24@0.8079342} 433366 : { SELL 18528.24@0.8079342} 
Fri Dec 05 03:19:58 EST 2014 , 4 , 2 , 2 , 433369 : { BUY 6382.41@0.80470892} 433368 : { BUY 6382.41@0.80470892} 433367 : { SELL 18528.24@0.8079342} 433366 : { SELL 18528.24@0.8079342} 
Fri Dec 05 03:22:59 EST 2014 , 4 , 2 , 2 , 433369 : { BUY 6382.41@0.80470892} 433368 : { BUY 6382.41@0.80470892} 433367 : { SELL 18528.24@0.8079342} 433366 : { SELL 18528.24@0.8079342} 
Fri Dec 05 03:26:00 EST 2014 , 4 , 2 , 2 , 433391 : { BUY 6414.97@0.80470892} 433390 : { BUY 6414.97@0.80470892} 433389 : { SELL 18495.74@0.8079342} 433388 : { SELL 18495.74@0.8079342} 
Fri Dec 05 03:29:01 EST 2014 , 4 , 2 , 2 , 433403 : { BUY 7467.07@0.80470892} 433402 : { BUY 7467.07@0.80470892} 433401 : { SELL 17445.74@0.8079342} 433400 : { SELL 17445.74@0.8079342} 
Fri Dec 05 03:32:02 EST 2014 , 4 , 2 , 2 , 433403 : { BUY 7467.07@0.80470892} 433402 : { BUY 7467.07@0.80470892} 433401 : { SELL 17445.74@0.8079342} 433400 : { SELL 17445.74@0.8079342} 
Fri Dec 05 03:35:03 EST 2014 , 4 , 2 , 2 , 433403 : { BUY 7467.07@0.80470892} 433402 : { BUY 7467.07@0.80470892} 433401 : { SELL 17445.74@0.8079342} 433400 : { SELL 17445.74@0.8079342} 
Fri Dec 05 03:38:04 EST 2014 , 4 , 2 , 2 , 433403 : { BUY 7467.07@0.80470892} 433402 : { BUY 7467.07@0.80470892} 433401 : { SELL 17445.74@0.8079342} 433400 : { SELL 17445.74@0.8079342} 
Fri Dec 05 03:41:05 EST 2014 , 4 , 2 , 2 , 433403 : { BUY 7467.07@0.80470892} 433402 : { BUY 7467.07@0.80470892} 433401 : { SELL 17445.74@0.8079342} 433400 : { SELL 17445.74@0.8079342} 
Fri Dec 05 03:44:06 EST 2014 , 4 , 2 , 2 , 433403 : { BUY 7467.07@0.80470892} 433402 : { BUY 7467.07@0.80470892} 433401 : { SELL 17445.74@0.8079342} 433400 : { SELL 17445.74@0.8079342} 
Fri Dec 05 03:47:07 EST 2014 , 4 , 2 , 2 , 433403 : { BUY 7467.07@0.80470892} 433402 : { BUY 7467.07@0.80470892} 433401 : { SELL 17445.74@0.8079342} 433400 : { SELL 17445.74@0.8079342} 
Fri Dec 05 03:50:08 EST 2014 , 4 , 2 , 2 , 433403 : { BUY 7467.07@0.80470892} 433402 : { BUY 7467.07@0.80470892} 433401 : { SELL 17445.74@0.8079342} 433400 : { SELL 17445.74@0.8079342} 
Fri Dec 05 03:53:09 EST 2014 , 4 , 2 , 2 , 433403 : { BUY 7467.07@0.80470892} 433402 : { BUY 7467.07@0.80470892} 433401 : { SELL 17445.74@0.8079342} 433400 : { SELL 17445.74@0.8079342} 
Fri Dec 05 03:56:10 EST 2014 , 4 , 2 , 2 , 433403 : { BUY 7467.07@0.80470892} 433402 : { BUY 7467.07@0.80470892} 433401 : { SELL 17445.74@0.8079342} 433400 : { SELL 17445.74@0.8079342} 
Fri Dec 05 03:59:11 EST 2014 , 4 , 2 , 2 , 433403 : { BUY 7467.07@0.80470892} 433402 : { BUY 7467.07@0.80470892} 433401 : { SELL 17445.74@0.8079342} 433400 : { SELL 17445.74@0.8079342} 
Fri Dec 05 04:02:12 EST 2014 , 4 , 2 , 2 , 434912 : { BUY 7537.21@0.80470892} 434911 : { BUY 7537.21@0.80470892} 434910 : { SELL 17375.74@0.8079342} 434909 : { SELL 17375.74@0.8079342} 
Fri Dec 05 04:05:13 EST 2014 , 4 , 2 , 2 , 434912 : { BUY 7537.21@0.80470892} 434911 : { BUY 7537.21@0.80470892} 434910 : { SELL 17375.74@0.8079342} 434909 : { SELL 17375.74@0.8079342} 
Fri Dec 05 04:08:14 EST 2014 , 4 , 2 , 2 , 434912 : { BUY 7537.21@0.80470892} 434911 : { BUY 7537.21@0.80470892} 434910 : { SELL 17375.74@0.8079342} 434909 : { SELL 17375.74@0.8079342} 
Fri Dec 05 04:11:15 EST 2014 , 4 , 2 , 2 , 434912 : { BUY 7537.21@0.80470892} 434911 : { BUY 7537.21@0.80470892} 434910 : { SELL 17375.74@0.8079342} 434909 : { SELL 17375.74@0.8079342} 
Fri Dec 05 04:14:16 EST 2014 , 4 , 2 , 2 , 434912 : { BUY 7537.21@0.80470892} 434911 : { BUY 7537.21@0.80470892} 434910 : { SELL 17375.74@0.8079342} 434909 : { SELL 17375.74@0.8079342} 
Fri Dec 05 04:17:17 EST 2014 , 4 , 2 , 2 , 434912 : { BUY 7537.21@0.80470892} 434911 : { BUY 7537.21@0.80470892} 434910 : { SELL 17375.74@0.8079342} 434909 : { SELL 17375.74@0.8079342} 
Fri Dec 05 04:20:18 EST 2014 , 4 , 2 , 2 , 434912 : { BUY 7537.21@0.80470892} 434911 : { BUY 7537.21@0.80470892} 434910 : { SELL 17375.74@0.8079342} 434909 : { SELL 17375.74@0.8079342} 
Fri Dec 05 04:23:20 EST 2014 , 4 , 2 , 2 , 434912 : { BUY 7537.21@0.80470892} 434911 : { BUY 7537.21@0.80470892} 434910 : { SELL 17375.74@0.8079342} 434909 : { SELL 17375.74@0.8079342} 
Fri Dec 05 04:26:20 EST 2014 , 4 , 2 , 2 , 434912 : { BUY 7537.21@0.80470892} 434911 : { BUY 7537.21@0.80470892} 434910 : { SELL 17375.74@0.8079342} 434909 : { SELL 17375.74@0.8079342} 
Fri Dec 05 04:29:21 EST 2014 , 4 , 2 , 2 , 434912 : { BUY 7537.21@0.80470892} 434911 : { BUY 7537.21@0.80470892} 434910 : { SELL 17375.74@0.8079342} 434909 : { SELL 17375.74@0.8079342} 
Fri Dec 05 04:32:22 EST 2014 , 4 , 2 , 2 , 434912 : { BUY 7537.21@0.80470892} 434911 : { BUY 7537.21@0.80470892} 434910 : { SELL 17375.74@0.8079342} 434909 : { SELL 17375.74@0.8079342} 
Fri Dec 05 04:35:23 EST 2014 , 4 , 2 , 2 , 434912 : { BUY 7537.21@0.80470892} 434911 : { BUY 7537.21@0.80470892} 434910 : { SELL 17375.74@0.8079342} 434909 : { SELL 17375.74@0.8079342} 
Fri Dec 05 04:38:24 EST 2014 , 4 , 2 , 2 , 434912 : { BUY 7537.21@0.80470892} 434911 : { BUY 7537.21@0.80470892} 434910 : { SELL 17375.74@0.8079342} 434909 : { SELL 17375.74@0.8079342} 
Fri Dec 05 04:41:25 EST 2014 , 4 , 2 , 2 , 434912 : { BUY 7537.21@0.80470892} 434911 : { BUY 7537.21@0.80470892} 434910 : { SELL 17375.74@0.8079342} 434909 : { SELL 17375.74@0.8079342} 
Fri Dec 05 04:44:26 EST 2014 , 4 , 2 , 2 , 434912 : { BUY 7537.21@0.80470892} 434911 : { BUY 7537.21@0.80470892} 434910 : { SELL 17375.74@0.8079342} 434909 : { SELL 17375.74@0.8079342} 
Fri Dec 05 04:47:27 EST 2014 , 4 , 2 , 2 , 434912 : { BUY 7537.21@0.80470892} 434911 : { BUY 7537.21@0.80470892} 434910 : { SELL 17375.74@0.8079342} 434909 : { SELL 17375.74@0.8079342} 
Fri Dec 05 04:50:28 EST 2014 , 4 , 2 , 2 , 434912 : { BUY 7537.21@0.80470892} 434911 : { BUY 7537.21@0.80470892} 434910 : { SELL 17375.74@0.8079342} 434909 : { SELL 17375.74@0.8079342} 
Fri Dec 05 04:53:29 EST 2014 , 4 , 2 , 2 , 434912 : { BUY 7537.21@0.80470892} 434911 : { BUY 7537.21@0.80470892} 434910 : { SELL 17375.74@0.8079342} 434909 : { SELL 17375.74@0.8079342} 
Fri Dec 05 04:56:30 EST 2014 , 4 , 2 , 2 , 434912 : { BUY 7537.21@0.80470892} 434911 : { BUY 7537.21@0.80470892} 434910 : { SELL 17375.74@0.8079342} 434909 : { SELL 17375.74@0.8079342} 
Fri Dec 05 04:59:31 EST 2014 , 4 , 2 , 2 , 434912 : { BUY 7537.21@0.80470892} 434911 : { BUY 7537.21@0.80470892} 434910 : { SELL 17375.74@0.8079342} 434909 : { SELL 17375.74@0.8079342} 
Fri Dec 05 05:02:32 EST 2014 , 4 , 2 , 2 , 434912 : { BUY 7537.21@0.80470892} 434911 : { BUY 7537.21@0.80470892} 434910 : { SELL 17375.74@0.8079342} 434909 : { SELL 17375.74@0.8079342} 
Fri Dec 05 05:05:33 EST 2014 , 4 , 2 , 2 , 434912 : { BUY 7537.21@0.80470892} 434911 : { BUY 7537.21@0.80470892} 434910 : { SELL 17375.74@0.8079342} 434909 : { SELL 17375.74@0.8079342} 
Fri Dec 05 05:08:34 EST 2014 , 4 , 2 , 2 , 434912 : { BUY 7537.21@0.80470892} 434911 : { BUY 7537.21@0.80470892} 434910 : { SELL 17375.74@0.8079342} 434909 : { SELL 17375.74@0.8079342} 
Fri Dec 05 05:11:35 EST 2014 , 4 , 2 , 2 , 434912 : { BUY 7537.21@0.80470892} 434911 : { BUY 7537.21@0.80470892} 434910 : { SELL 17375.74@0.8079342} 434909 : { SELL 17375.74@0.8079342} 
Fri Dec 05 05:14:36 EST 2014 , 4 , 2 , 2 , 434912 : { BUY 7537.21@0.80470892} 434911 : { BUY 7537.21@0.80470892} 434910 : { SELL 17375.74@0.8079342} 434909 : { SELL 17375.74@0.8079342} 
Fri Dec 05 05:17:37 EST 2014 , 4 , 2 , 2 , 434912 : { BUY 7537.21@0.80470892} 434911 : { BUY 7537.21@0.80470892} 434910 : { SELL 17375.74@0.8079342} 434909 : { SELL 17375.74@0.8079342} 
Fri Dec 05 05:20:38 EST 2014 , 4 , 2 , 2 , 434912 : { BUY 7537.21@0.80470892} 434911 : { BUY 7537.21@0.80470892} 434910 : { SELL 17375.74@0.8079342} 434909 : { SELL 17375.74@0.8079342} 
Fri Dec 05 05:23:39 EST 2014 , 4 , 2 , 2 , 434912 : { BUY 7537.21@0.80470892} 434911 : { BUY 7537.21@0.80470892} 434910 : { SELL 17375.74@0.8079342} 434909 : { SELL 17375.74@0.8079342} 
Fri Dec 05 05:26:40 EST 2014 , 4 , 2 , 2 , 434912 : { BUY 7537.21@0.80470892} 434911 : { BUY 7537.21@0.80470892} 434910 : { SELL 17375.74@0.8079342} 434909 : { SELL 17375.74@0.8079342} 
Fri Dec 05 05:29:41 EST 2014 , 4 , 2 , 2 , 434912 : { BUY 7537.21@0.80470892} 434911 : { BUY 7537.21@0.80470892} 434910 : { SELL 17375.74@0.8079342} 434909 : { SELL 17375.74@0.8079342} 
Fri Dec 05 05:32:42 EST 2014 , 4 , 2 , 2 , 434912 : { BUY 7537.21@0.80470892} 434911 : { BUY 7537.21@0.80470892} 434910 : { SELL 17375.74@0.8079342} 434909 : { SELL 17375.74@0.8079342} 
Fri Dec 05 05:35:43 EST 2014 , 4 , 2 , 2 , 434912 : { BUY 7537.21@0.80470892} 434911 : { BUY 7537.21@0.80470892} 434910 : { SELL 17375.74@0.8079342} 434909 : { SELL 17375.74@0.8079342} 
Fri Dec 05 05:38:44 EST 2014 , 4 , 2 , 2 , 434912 : { BUY 7537.21@0.80470892} 434911 : { BUY 7537.21@0.80470892} 434910 : { SELL 17375.74@0.8079342} 434909 : { SELL 17375.74@0.8079342} 
Fri Dec 05 05:41:45 EST 2014 , 4 , 2 , 2 , 434912 : { BUY 7537.21@0.80470892} 434911 : { BUY 7537.21@0.80470892} 434910 : { SELL 17375.74@0.8079342} 434909 : { SELL 17375.74@0.8079342} 
Fri Dec 05 05:44:46 EST 2014 , 4 , 2 , 2 , 434912 : { BUY 7537.21@0.80470892} 434911 : { BUY 7537.21@0.80470892} 434910 : { SELL 17375.74@0.8079342} 434909 : { SELL 17375.74@0.8079342} 
Fri Dec 05 05:47:47 EST 2014 , 4 , 2 , 2 , 434912 : { BUY 7537.21@0.80470892} 434911 : { BUY 7537.21@0.80470892} 434910 : { SELL 17375.74@0.8079342} 434909 : { SELL 17375.74@0.8079342} 
Fri Dec 05 05:50:48 EST 2014 , 4 , 2 , 2 , 434912 : { BUY 7537.21@0.80470892} 434911 : { BUY 7537.21@0.80470892} 434910 : { SELL 17375.74@0.8079342} 434909 : { SELL 17375.74@0.8079342} 
Fri Dec 05 05:53:49 EST 2014 , 4 , 2 , 2 , 434912 : { BUY 7537.21@0.80470892} 434911 : { BUY 7537.21@0.80470892} 434910 : { SELL 17375.74@0.8079342} 434909 : { SELL 17375.74@0.8079342} 
Fri Dec 05 05:56:50 EST 2014 , 4 , 2 , 2 , 434912 : { BUY 7537.21@0.80470892} 434911 : { BUY 7537.21@0.80470892} 434910 : { SELL 17375.74@0.8079342} 434909 : { SELL 17375.74@0.8079342} 
Fri Dec 05 05:59:51 EST 2014 , 4 , 2 , 2 , 434912 : { BUY 7537.21@0.80470892} 434911 : { BUY 7537.21@0.80470892} 434910 : { SELL 17375.74@0.8079342} 434909 : { SELL 17375.74@0.8079342} 
Fri Dec 05 06:02:52 EST 2014 , 4 , 2 , 2 , 434912 : { BUY 7537.21@0.80470892} 434911 : { BUY 7537.21@0.80470892} 434910 : { SELL 17375.74@0.8079342} 434909 : { SELL 17375.74@0.8079342} 
Fri Dec 05 06:05:53 EST 2014 , 4 , 2 , 2 , 434912 : { BUY 7537.21@0.80470892} 434911 : { BUY 7537.21@0.80470892} 434910 : { SELL 17375.74@0.8079342} 434909 : { SELL 17375.74@0.8079342} 
Fri Dec 05 06:08:54 EST 2014 , 4 , 2 , 2 , 434912 : { BUY 7537.21@0.80470892} 434911 : { BUY 7537.21@0.80470892} 434910 : { SELL 17375.74@0.8079342} 434909 : { SELL 17375.74@0.8079342} 
Fri Dec 05 06:11:55 EST 2014 , 4 , 2 , 2 , 434912 : { BUY 7537.21@0.80470892} 434911 : { BUY 7537.21@0.80470892} 434910 : { SELL 17375.74@0.8079342} 434909 : { SELL 17375.74@0.8079342} 
Fri Dec 05 06:14:56 EST 2014 , 4 , 2 , 2 , 434912 : { BUY 7537.21@0.80470892} 434911 : { BUY 7537.21@0.80470892} 434910 : { SELL 17375.74@0.8079342} 434909 : { SELL 17375.74@0.8079342} 
Fri Dec 05 06:17:57 EST 2014 , 4 , 2 , 2 , 434912 : { BUY 7537.21@0.80470892} 434911 : { BUY 7537.21@0.80470892} 434910 : { SELL 17375.74@0.8079342} 434909 : { SELL 17375.74@0.8079342} 
Fri Dec 05 06:20:58 EST 2014 , 4 , 2 , 2 , 434912 : { BUY 7537.21@0.80470892} 434911 : { BUY 7537.21@0.80470892} 434910 : { SELL 17375.74@0.8079342} 434909 : { SELL 17375.74@0.8079342} 
Fri Dec 05 06:23:59 EST 2014 , 4 , 2 , 2 , 434912 : { BUY 7537.21@0.80470892} 434911 : { BUY 7537.21@0.80470892} 434910 : { SELL 17375.74@0.8079342} 434909 : { SELL 17375.74@0.8079342} 
Fri Dec 05 06:27:00 EST 2014 , 4 , 2 , 2 , 434912 : { BUY 7537.21@0.80470892} 434911 : { BUY 7537.21@0.80470892} 434910 : { SELL 17375.74@0.8079342} 434909 : { SELL 17375.74@0.8079342} 
Fri Dec 05 06:30:01 EST 2014 , 4 , 2 , 2 , 434912 : { BUY 7537.21@0.80470892} 434911 : { BUY 7537.21@0.80470892} 434910 : { SELL 17375.74@0.8079342} 434909 : { SELL 17375.74@0.8079342} 
Fri Dec 05 06:33:02 EST 2014 , 4 , 2 , 2 , 434912 : { BUY 7537.21@0.80470892} 434911 : { BUY 7537.21@0.80470892} 434910 : { SELL 17375.74@0.8079342} 434909 : { SELL 17375.74@0.8079342} 
Fri Dec 05 06:36:03 EST 2014 , 4 , 2 , 2 , 434912 : { BUY 7537.21@0.80470892} 434911 : { BUY 7537.21@0.80470892} 434910 : { SELL 17375.74@0.8079342} 434909 : { SELL 17375.74@0.8079342} 
Fri Dec 05 06:39:04 EST 2014 , 4 , 2 , 2 , 434912 : { BUY 7537.21@0.80470892} 434911 : { BUY 7537.21@0.80470892} 434910 : { SELL 17375.74@0.8079342} 434909 : { SELL 17375.74@0.8079342} 
Fri Dec 05 06:42:05 EST 2014 , 4 , 2 , 2 , 434912 : { BUY 7537.21@0.80470892} 434911 : { BUY 7537.21@0.80470892} 434910 : { SELL 17375.74@0.8079342} 434909 : { SELL 17375.74@0.8079342} 
Fri Dec 05 06:45:06 EST 2014 , 4 , 2 , 2 , 434912 : { BUY 7537.21@0.80470892} 434911 : { BUY 7537.21@0.80470892} 434910 : { SELL 17375.74@0.8079342} 434909 : { SELL 17375.74@0.8079342} 
Fri Dec 05 06:48:07 EST 2014 , 4 , 2 , 2 , 434912 : { BUY 7537.21@0.80470892} 434911 : { BUY 7537.21@0.80470892} 434910 : { SELL 17375.74@0.8079342} 434909 : { SELL 17375.74@0.8079342} 
Fri Dec 05 06:51:08 EST 2014 , 4 , 2 , 2 , 434912 : { BUY 7537.21@0.80470892} 434911 : { BUY 7537.21@0.80470892} 434910 : { SELL 17375.74@0.8079342} 434909 : { SELL 17375.74@0.8079342} 
Fri Dec 05 06:54:09 EST 2014 , 4 , 2 , 2 , 434912 : { BUY 7537.21@0.80470892} 434911 : { BUY 7537.21@0.80470892} 434910 : { SELL 17375.74@0.8079342} 434909 : { SELL 17375.74@0.8079342} 
Fri Dec 05 06:57:10 EST 2014 , 4 , 2 , 2 , 434912 : { BUY 7537.21@0.80470892} 434911 : { BUY 7537.21@0.80470892} 434910 : { SELL 17375.74@0.8079342} 434909 : { SELL 17375.74@0.8079342} 
Fri Dec 05 07:00:11 EST 2014 , 4 , 2 , 2 , 434912 : { BUY 7537.21@0.80470892} 434911 : { BUY 7537.21@0.80470892} 434910 : { SELL 17375.74@0.8079342} 434909 : { SELL 17375.74@0.8079342} 
Fri Dec 05 07:03:12 EST 2014 , 4 , 2 , 2 , 434912 : { BUY 7537.21@0.80470892} 434911 : { BUY 7537.21@0.80470892} 434910 : { SELL 17375.74@0.8079342} 434909 : { SELL 17375.74@0.8079342} 
Fri Dec 05 07:06:13 EST 2014 , 4 , 2 , 2 , 434912 : { BUY 7537.21@0.80470892} 434911 : { BUY 7537.21@0.80470892} 434910 : { SELL 17375.74@0.8079342} 434909 : { SELL 17375.74@0.8079342} 
Fri Dec 05 07:09:14 EST 2014 , 4 , 2 , 2 , 434912 : { BUY 7537.21@0.80470892} 434911 : { BUY 7537.21@0.80470892} 434910 : { SELL 17375.74@0.8079342} 434909 : { SELL 17375.74@0.8079342} 
Fri Dec 05 07:12:15 EST 2014 , 4 , 2 , 2 , 434912 : { BUY 7537.21@0.80470892} 434911 : { BUY 7537.21@0.80470892} 434910 : { SELL 17375.74@0.8079342} 434909 : { SELL 17375.74@0.8079342} 
Fri Dec 05 07:15:16 EST 2014 , 4 , 2 , 2 , 434912 : { BUY 7537.21@0.80470892} 434911 : { BUY 7537.21@0.80470892} 434910 : { SELL 17375.74@0.8079342} 434909 : { SELL 17375.74@0.8079342} 
Fri Dec 05 07:18:17 EST 2014 , 4 , 2 , 2 , 434912 : { BUY 7537.21@0.80470892} 434911 : { BUY 7537.21@0.80470892} 434910 : { SELL 17375.74@0.8079342} 434909 : { SELL 17375.74@0.8079342} 
Fri Dec 05 07:21:18 EST 2014 , 4 , 2 , 2 , 434912 : { BUY 7537.21@0.80470892} 434911 : { BUY 7537.21@0.80470892} 434910 : { SELL 17375.74@0.8079342} 434909 : { SELL 17375.74@0.8079342} 
Fri Dec 05 07:24:19 EST 2014 , 4 , 2 , 2 , 434912 : { BUY 7537.21@0.80470892} 434911 : { BUY 7537.21@0.80470892} 434910 : { SELL 17375.74@0.8079342} 434909 : { SELL 17375.74@0.8079342} 
Fri Dec 05 07:27:20 EST 2014 , 4 , 2 , 2 , 434912 : { BUY 7537.21@0.80470892} 434911 : { BUY 7537.21@0.80470892} 434910 : { SELL 17375.74@0.8079342} 434909 : { SELL 17375.74@0.8079342} 
Fri Dec 05 07:30:21 EST 2014 , 4 , 2 , 2 , 434912 : { BUY 7537.21@0.80470892} 434911 : { BUY 7537.21@0.80470892} 434910 : { SELL 17375.74@0.8079342} 434909 : { SELL 17375.74@0.8079342} 
Fri Dec 05 07:33:22 EST 2014 , 4 , 2 , 2 , 434912 : { BUY 7537.21@0.80470892} 434911 : { BUY 7537.21@0.80470892} 434910 : { SELL 17375.74@0.8079342} 434909 : { SELL 17375.74@0.8079342} 
Fri Dec 05 07:36:23 EST 2014 , 4 , 2 , 2 , 434912 : { BUY 7537.21@0.80470892} 434911 : { BUY 7537.21@0.80470892} 434910 : { SELL 17375.74@0.8079342} 434909 : { SELL 17375.74@0.8079342} 
Fri Dec 05 07:39:24 EST 2014 , 4 , 2 , 2 , 434912 : { BUY 7537.21@0.80470892} 434911 : { BUY 7537.21@0.80470892} 434910 : { SELL 17375.74@0.8079342} 434909 : { SELL 17375.74@0.8079342} 
Fri Dec 05 07:42:25 EST 2014 , 4 , 2 , 2 , 434912 : { BUY 7537.21@0.80470892} 434911 : { BUY 7537.21@0.80470892} 434910 : { SELL 17375.74@0.8079342} 434909 : { SELL 17375.74@0.8079342} 
Fri Dec 05 07:45:26 EST 2014 , 4 , 2 , 2 , 434912 : { BUY 7537.21@0.80470892} 434911 : { BUY 7537.21@0.80470892} 434910 : { SELL 17375.74@0.8079342} 434909 : { SELL 17375.74@0.8079342} 
Fri Dec 05 07:48:27 EST 2014 , 4 , 2 , 2 , 434912 : { BUY 7537.21@0.80470892} 434911 : { BUY 7537.21@0.80470892} 434910 : { SELL 17375.74@0.8079342} 434909 : { SELL 17375.74@0.8079342} 
Fri Dec 05 07:51:28 EST 2014 , 4 , 2 , 2 , 434912 : { BUY 7537.21@0.80470892} 434911 : { BUY 7537.21@0.80470892} 434910 : { SELL 17375.74@0.8079342} 434909 : { SELL 17375.74@0.8079342} 
Fri Dec 05 07:54:29 EST 2014 , 4 , 2 , 2 , 434912 : { BUY 7537.21@0.80470892} 434911 : { BUY 7537.21@0.80470892} 434910 : { SELL 17375.74@0.8079342} 434909 : { SELL 17375.74@0.8079342} 
Fri Dec 05 07:57:30 EST 2014 , 4 , 2 , 2 , 434912 : { BUY 7537.21@0.80470892} 434911 : { BUY 7537.21@0.80470892} 434910 : { SELL 17375.74@0.8079342} 434909 : { SELL 17375.74@0.8079342} 
Fri Dec 05 08:00:31 EST 2014 , 4 , 2 , 2 , 434912 : { BUY 7537.21@0.80470892} 434911 : { BUY 7537.21@0.80470892} 434910 : { SELL 17375.74@0.8079342} 434909 : { SELL 17375.74@0.8079342} 
Fri Dec 05 08:03:32 EST 2014 , 4 , 2 , 2 , 434912 : { BUY 7537.21@0.80470892} 434911 : { BUY 7537.21@0.80470892} 434910 : { SELL 17375.74@0.8079342} 434909 : { SELL 17375.74@0.8079342} 
Fri Dec 05 08:06:33 EST 2014 , 4 , 2 , 2 , 434912 : { BUY 7537.21@0.80470892} 434911 : { BUY 7537.21@0.80470892} 434910 : { SELL 17375.74@0.8079342} 434909 : { SELL 17375.74@0.8079342} 
Fri Dec 05 08:09:34 EST 2014 , 4 , 2 , 2 , 434912 : { BUY 7537.21@0.80470892} 434911 : { BUY 7537.21@0.80470892} 434910 : { SELL 17375.74@0.8079342} 434909 : { SELL 17375.74@0.8079342} 
Fri Dec 05 08:12:35 EST 2014 , 4 , 2 , 2 , 434912 : { BUY 7537.21@0.80470892} 434911 : { BUY 7537.21@0.80470892} 434910 : { SELL 17375.74@0.8079342} 434909 : { SELL 17375.74@0.8079342} 
Fri Dec 05 08:15:36 EST 2014 , 4 , 2 , 2 , 434912 : { BUY 7537.21@0.80470892} 434911 : { BUY 7537.21@0.80470892} 434910 : { SELL 17375.74@0.8079342} 434909 : { SELL 17375.74@0.8079342} 
Fri Dec 05 08:18:37 EST 2014 , 4 , 2 , 2 , 434912 : { BUY 7537.21@0.80470892} 434911 : { BUY 7537.21@0.80470892} 434910 : { SELL 17375.74@0.8079342} 434909 : { SELL 17375.74@0.8079342} 
Fri Dec 05 08:21:38 EST 2014 , 4 , 2 , 2 , 434912 : { BUY 7537.21@0.80470892} 434911 : { BUY 7537.21@0.80470892} 434910 : { SELL 17375.74@0.8079342} 434909 : { SELL 17375.74@0.8079342} 
Fri Dec 05 08:24:39 EST 2014 , 4 , 2 , 2 , 434912 : { BUY 7537.21@0.80470892} 434911 : { BUY 7537.21@0.80470892} 434910 : { SELL 17375.74@0.8079342} 434909 : { SELL 17375.74@0.8079342} 
Fri Dec 05 08:27:40 EST 2014 , 4 , 2 , 2 , 434912 : { BUY 7537.21@0.80470892} 434911 : { BUY 7537.21@0.80470892} 434910 : { SELL 17375.74@0.8079342} 434909 : { SELL 17375.74@0.8079342} 
Fri Dec 05 08:30:41 EST 2014 , 4 , 2 , 2 , 434912 : { BUY 7537.21@0.80470892} 434911 : { BUY 7537.21@0.80470892} 434910 : { SELL 17375.74@0.8079342} 434909 : { SELL 17375.74@0.8079342} 
Fri Dec 05 08:33:42 EST 2014 , 4 , 2 , 2 , 454296 : { BUY 7982.45@0.80470892} 454293 : { BUY 7982.45@0.80470892} 454290 : { SELL 16931.39@0.8079342} 454288 : { SELL 16931.39@0.8079342} 
Fri Dec 05 08:36:43 EST 2014 , 4 , 2 , 2 , 454296 : { BUY 7982.45@0.80470892} 454293 : { BUY 7982.45@0.80470892} 454290 : { SELL 16931.39@0.8079342} 454288 : { SELL 16931.39@0.8079342} 
Fri Dec 05 08:39:44 EST 2014 , 4 , 2 , 2 , 454296 : { BUY 7982.45@0.80470892} 454293 : { BUY 7982.45@0.80470892} 454290 : { SELL 16931.39@0.8079342} 454288 : { SELL 16931.39@0.8079342} 
Fri Dec 05 08:42:45 EST 2014 , 4 , 2 , 2 , 454296 : { BUY 7982.45@0.80470892} 454293 : { BUY 7982.45@0.80470892} 454290 : { SELL 16931.39@0.8079342} 454288 : { SELL 16931.39@0.8079342} 
Fri Dec 05 08:45:46 EST 2014 , 4 , 2 , 2 , 454296 : { BUY 7982.45@0.80470892} 454293 : { BUY 7982.45@0.80470892} 454290 : { SELL 16931.39@0.8079342} 454288 : { SELL 16931.39@0.8079342} 
Fri Dec 05 08:48:47 EST 2014 , 4 , 2 , 2 , 454296 : { BUY 7982.45@0.80470892} 454293 : { BUY 7982.45@0.80470892} 454290 : { SELL 16931.39@0.8079342} 454288 : { SELL 16931.39@0.8079342} 
Fri Dec 05 08:51:48 EST 2014 , 4 , 2 , 2 , 454296 : { BUY 7982.45@0.80470892} 454293 : { BUY 7982.45@0.80470892} 454290 : { SELL 16931.39@0.8079342} 454288 : { SELL 16931.39@0.8079342} 
Fri Dec 05 08:54:49 EST 2014 , 4 , 2 , 2 , 454296 : { BUY 7982.45@0.80470892} 454293 : { BUY 7982.45@0.80470892} 454290 : { SELL 16931.39@0.8079342} 454288 : { SELL 16931.39@0.8079342} 
Fri Dec 05 08:57:50 EST 2014 , 4 , 2 , 2 , 454296 : { BUY 7982.45@0.80470892} 454293 : { BUY 7982.45@0.80470892} 454290 : { SELL 16931.39@0.8079342} 454288 : { SELL 16931.39@0.8079342} 
Fri Dec 05 09:00:51 EST 2014 , 4 , 2 , 2 , 454296 : { BUY 7982.45@0.80470892} 454293 : { BUY 7982.45@0.80470892} 454290 : { SELL 16931.39@0.8079342} 454288 : { SELL 16931.39@0.8079342} 
Fri Dec 05 09:03:52 EST 2014 , 4 , 2 , 2 , 454296 : { BUY 7982.45@0.80470892} 454293 : { BUY 7982.45@0.80470892} 454290 : { SELL 16931.39@0.8079342} 454288 : { SELL 16931.39@0.8079342} 
Fri Dec 05 09:06:53 EST 2014 , 4 , 2 , 2 , 454296 : { BUY 7982.45@0.80470892} 454293 : { BUY 7982.45@0.80470892} 454290 : { SELL 16931.39@0.8079342} 454288 : { SELL 16931.39@0.8079342} 
Fri Dec 05 09:09:54 EST 2014 , 4 , 2 , 2 , 454296 : { BUY 7982.45@0.80470892} 454293 : { BUY 7982.45@0.80470892} 454290 : { SELL 16931.39@0.8079342} 454288 : { SELL 16931.39@0.8079342} 
Fri Dec 05 09:12:55 EST 2014 , 4 , 2 , 2 , 454296 : { BUY 7982.45@0.80470892} 454293 : { BUY 7982.45@0.80470892} 454290 : { SELL 16931.39@0.8079342} 454288 : { SELL 16931.39@0.8079342} 
Fri Dec 05 09:15:56 EST 2014 , 4 , 2 , 2 , 454296 : { BUY 7982.45@0.80470892} 454293 : { BUY 7982.45@0.80470892} 454290 : { SELL 16931.39@0.8079342} 454288 : { SELL 16931.39@0.8079342} 
Fri Dec 05 09:18:57 EST 2014 , 4 , 2 , 2 , 454296 : { BUY 7982.45@0.80470892} 454293 : { BUY 7982.45@0.80470892} 454290 : { SELL 16931.39@0.8079342} 454288 : { SELL 16931.39@0.8079342} 
Fri Dec 05 09:21:58 EST 2014 , 4 , 2 , 2 , 454296 : { BUY 7982.45@0.80470892} 454293 : { BUY 7982.45@0.80470892} 454290 : { SELL 16931.39@0.8079342} 454288 : { SELL 16931.39@0.8079342} 
Fri Dec 05 09:25:00 EST 2014 , 4 , 2 , 2 , 454296 : { BUY 7982.45@0.80470892} 454293 : { BUY 7982.45@0.80470892} 454290 : { SELL 16931.39@0.8079342} 454288 : { SELL 16931.39@0.8079342} 
Fri Dec 05 09:28:00 EST 2014 , 4 , 2 , 2 , 454296 : { BUY 7982.45@0.80470892} 454293 : { BUY 7982.45@0.80470892} 454290 : { SELL 16931.39@0.8079342} 454288 : { SELL 16931.39@0.8079342} 
Fri Dec 05 09:31:01 EST 2014 , 4 , 2 , 2 , 454296 : { BUY 7982.45@0.80470892} 454293 : { BUY 7982.45@0.80470892} 454290 : { SELL 16931.39@0.8079342} 454288 : { SELL 16931.39@0.8079342} 
Fri Dec 05 09:34:02 EST 2014 , 4 , 2 , 2 , 454296 : { BUY 7982.45@0.80470892} 454293 : { BUY 7982.45@0.80470892} 454290 : { SELL 16931.39@0.8079342} 454288 : { SELL 16931.39@0.8079342} 
Fri Dec 05 09:37:03 EST 2014 , 4 , 2 , 2 , 454296 : { BUY 7982.45@0.80470892} 454293 : { BUY 7982.45@0.80470892} 454290 : { SELL 16931.39@0.8079342} 454288 : { SELL 16931.39@0.8079342} 
Fri Dec 05 09:40:04 EST 2014 , 4 , 2 , 2 , 454296 : { BUY 7982.45@0.80470892} 454293 : { BUY 7982.45@0.80470892} 454290 : { SELL 16931.39@0.8079342} 454288 : { SELL 16931.39@0.8079342} 
Fri Dec 05 09:43:05 EST 2014 , 4 , 2 , 2 , 454296 : { BUY 7982.45@0.80470892} 454293 : { BUY 7982.45@0.80470892} 454290 : { SELL 16931.39@0.8079342} 454288 : { SELL 16931.39@0.8079342} 
Fri Dec 05 09:46:06 EST 2014 , 4 , 2 , 2 , 454296 : { BUY 7982.45@0.80470892} 454293 : { BUY 7982.45@0.80470892} 454290 : { SELL 16931.39@0.8079342} 454288 : { SELL 16931.39@0.8079342} 
Fri Dec 05 09:49:07 EST 2014 , 4 , 2 , 2 , 454296 : { BUY 7982.45@0.80470892} 454293 : { BUY 7982.45@0.80470892} 454290 : { SELL 16931.39@0.8079342} 454288 : { SELL 16931.39@0.8079342} 
Fri Dec 05 09:52:08 EST 2014 , 4 , 2 , 2 , 454296 : { BUY 7982.45@0.80470892} 454293 : { BUY 7982.45@0.80470892} 454290 : { SELL 16931.39@0.8079342} 454288 : { SELL 16931.39@0.8079342} 
Fri Dec 05 09:55:09 EST 2014 , 4 , 2 , 2 , 454296 : { BUY 7982.45@0.80470892} 454293 : { BUY 7982.45@0.80470892} 454290 : { SELL 16931.39@0.8079342} 454288 : { SELL 16931.39@0.8079342} 
Fri Dec 05 09:58:10 EST 2014 , 4 , 2 , 2 , 454296 : { BUY 7982.45@0.80470892} 454293 : { BUY 7982.45@0.80470892} 454290 : { SELL 16931.39@0.8079342} 454288 : { SELL 16931.39@0.8079342} 
Fri Dec 05 10:01:11 EST 2014 , 4 , 2 , 2 , 454296 : { BUY 7982.45@0.80470892} 454293 : { BUY 7982.45@0.80470892} 454290 : { SELL 16931.39@0.8079342} 454288 : { SELL 16931.39@0.8079342} 
Fri Dec 05 10:04:12 EST 2014 , 4 , 2 , 2 , 454296 : { BUY 7982.45@0.80470892} 454293 : { BUY 7982.45@0.80470892} 454290 : { SELL 16931.39@0.8079342} 454288 : { SELL 16931.39@0.8079342} 
Fri Dec 05 10:07:13 EST 2014 , 4 , 2 , 2 , 454296 : { BUY 7982.45@0.80470892} 454293 : { BUY 7982.45@0.80470892} 454290 : { SELL 16931.39@0.8079342} 454288 : { SELL 16931.39@0.8079342} 
Fri Dec 05 10:10:14 EST 2014 , 4 , 2 , 2 , 454296 : { BUY 7982.45@0.80470892} 454293 : { BUY 7982.45@0.80470892} 454290 : { SELL 16931.39@0.8079342} 454288 : { SELL 16931.39@0.8079342} 
Fri Dec 05 10:13:15 EST 2014 , 4 , 2 , 2 , 454296 : { BUY 7982.45@0.80470892} 454293 : { BUY 7982.45@0.80470892} 454290 : { SELL 16931.39@0.8079342} 454288 : { SELL 16931.39@0.8079342} 
Fri Dec 05 10:16:16 EST 2014 , 4 , 2 , 2 , 454296 : { BUY 7982.45@0.80470892} 454293 : { BUY 7982.45@0.80470892} 454290 : { SELL 16931.39@0.8079342} 454288 : { SELL 16931.39@0.8079342} 
Fri Dec 05 10:19:17 EST 2014 , 4 , 2 , 2 , 454296 : { BUY 7982.45@0.80470892} 454293 : { BUY 7982.45@0.80470892} 454290 : { SELL 16931.39@0.8079342} 454288 : { SELL 16931.39@0.8079342} 
Fri Dec 05 10:22:18 EST 2014 , 4 , 2 , 2 , 454296 : { BUY 7982.45@0.80470892} 454293 : { BUY 7982.45@0.80470892} 454290 : { SELL 16931.39@0.8079342} 454288 : { SELL 16931.39@0.8079342} 
Fri Dec 05 10:25:19 EST 2014 , 4 , 2 , 2 , 454296 : { BUY 7982.45@0.80470892} 454293 : { BUY 7982.45@0.80470892} 454290 : { SELL 16931.39@0.8079342} 454288 : { SELL 16931.39@0.8079342} 
Fri Dec 05 10:28:20 EST 2014 , 4 , 2 , 2 , 454296 : { BUY 7982.45@0.80470892} 454293 : { BUY 7982.45@0.80470892} 454290 : { SELL 16931.39@0.8079342} 454288 : { SELL 16931.39@0.8079342} 
Fri Dec 05 10:31:21 EST 2014 , 4 , 2 , 2 , 454296 : { BUY 7982.45@0.80470892} 454293 : { BUY 7982.45@0.80470892} 454290 : { SELL 16931.39@0.8079342} 454288 : { SELL 16931.39@0.8079342} 
Fri Dec 05 10:34:22 EST 2014 , 4 , 2 , 2 , 454296 : { BUY 7982.45@0.80470892} 454293 : { BUY 7982.45@0.80470892} 454290 : { SELL 16931.39@0.8079342} 454288 : { SELL 16931.39@0.8079342} 
Fri Dec 05 10:37:23 EST 2014 , 4 , 2 , 2 , 454296 : { BUY 7982.45@0.80470892} 454293 : { BUY 7982.45@0.80470892} 454290 : { SELL 16931.39@0.8079342} 454288 : { SELL 16931.39@0.8079342} 
Fri Dec 05 10:40:24 EST 2014 , 4 , 2 , 2 , 454296 : { BUY 7982.45@0.80470892} 454293 : { BUY 7982.45@0.80470892} 454290 : { SELL 16931.39@0.8079342} 454288 : { SELL 16931.39@0.8079342} 
Fri Dec 05 10:43:25 EST 2014 , 4 , 2 , 2 , 454296 : { BUY 7982.45@0.80470892} 454293 : { BUY 7982.45@0.80470892} 454290 : { SELL 16931.39@0.8079342} 454288 : { SELL 16931.39@0.8079342} 
Fri Dec 05 10:46:26 EST 2014 , 4 , 2 , 2 , 454296 : { BUY 7982.45@0.80470892} 454293 : { BUY 7982.45@0.80470892} 454290 : { SELL 16931.39@0.8079342} 454288 : { SELL 16931.39@0.8079342} 
Fri Dec 05 10:49:27 EST 2014 , 4 , 2 , 2 , 454296 : { BUY 7982.45@0.80470892} 454293 : { BUY 7982.45@0.80470892} 454290 : { SELL 16931.39@0.8079342} 454288 : { SELL 16931.39@0.8079342} 
Fri Dec 05 10:52:28 EST 2014 , 4 , 2 , 2 , 454296 : { BUY 7982.45@0.80470892} 454293 : { BUY 7982.45@0.80470892} 454290 : { SELL 16931.39@0.8079342} 454288 : { SELL 16931.39@0.8079342} 
Fri Dec 05 10:55:29 EST 2014 , 4 , 2 , 2 , 454296 : { BUY 7982.45@0.80470892} 454293 : { BUY 7982.45@0.80470892} 454290 : { SELL 16931.39@0.8079342} 454288 : { SELL 16931.39@0.8079342} 
Fri Dec 05 10:58:30 EST 2014 , 4 , 2 , 2 , 454296 : { BUY 7982.45@0.80470892} 454293 : { BUY 7982.45@0.80470892} 454290 : { SELL 16931.39@0.8079342} 454288 : { SELL 16931.39@0.8079342} 
Fri Dec 05 11:01:31 EST 2014 , 4 , 2 , 2 , 454296 : { BUY 7982.45@0.80470892} 454293 : { BUY 7982.45@0.80470892} 454290 : { SELL 16931.39@0.8079342} 454288 : { SELL 16931.39@0.8079342} 
Fri Dec 05 11:04:32 EST 2014 , 4 , 2 , 2 , 454296 : { BUY 7982.45@0.80470892} 454293 : { BUY 7982.45@0.80470892} 454290 : { SELL 16931.39@0.8079342} 454288 : { SELL 16931.39@0.8079342} 
Fri Dec 05 11:07:33 EST 2014 , 4 , 2 , 2 , 454296 : { BUY 7982.45@0.80470892} 454293 : { BUY 7982.45@0.80470892} 454290 : { SELL 16931.39@0.8079342} 454288 : { SELL 16931.39@0.8079342} 
Fri Dec 05 11:10:34 EST 2014 , 4 , 2 , 2 , 454296 : { BUY 7982.45@0.80470892} 454293 : { BUY 7982.45@0.80470892} 454290 : { SELL 16931.39@0.8079342} 454288 : { SELL 16931.39@0.8079342} 
Fri Dec 05 11:13:35 EST 2014 , 4 , 2 , 2 , 454296 : { BUY 7982.45@0.80470892} 454293 : { BUY 7982.45@0.80470892} 454290 : { SELL 16931.39@0.8079342} 454288 : { SELL 16931.39@0.8079342} 
Fri Dec 05 11:16:36 EST 2014 , 4 , 2 , 2 , 454296 : { BUY 7982.45@0.80470892} 454293 : { BUY 7982.45@0.80470892} 454290 : { SELL 16931.39@0.8079342} 454288 : { SELL 16931.39@0.8079342} 
Fri Dec 05 11:19:37 EST 2014 , 4 , 2 , 2 , 454296 : { BUY 7982.45@0.80470892} 454293 : { BUY 7982.45@0.80470892} 454290 : { SELL 16931.39@0.8079342} 454288 : { SELL 16931.39@0.8079342} 
Fri Dec 05 11:22:38 EST 2014 , 4 , 2 , 2 , 454296 : { BUY 7982.45@0.80470892} 454293 : { BUY 7982.45@0.80470892} 454290 : { SELL 16931.39@0.8079342} 454288 : { SELL 16931.39@0.8079342} 
Fri Dec 05 11:25:39 EST 2014 , 4 , 2 , 2 , 454296 : { BUY 7982.45@0.80470892} 454293 : { BUY 7982.45@0.80470892} 454290 : { SELL 16931.39@0.8079342} 454288 : { SELL 16931.39@0.8079342} 
Fri Dec 05 11:28:40 EST 2014 , 4 , 2 , 2 , 454296 : { BUY 7982.45@0.80470892} 454293 : { BUY 7982.45@0.80470892} 454290 : { SELL 16931.39@0.8079342} 454288 : { SELL 16931.39@0.8079342} 
Fri Dec 05 11:31:41 EST 2014 , 4 , 2 , 2 , 454296 : { BUY 7982.45@0.80470892} 454293 : { BUY 7982.45@0.80470892} 454290 : { SELL 16931.39@0.8079342} 454288 : { SELL 16931.39@0.8079342} 
Fri Dec 05 11:34:42 EST 2014 , 4 , 2 , 2 , 454296 : { BUY 7982.45@0.80470892} 454293 : { BUY 7982.45@0.80470892} 454290 : { SELL 16931.39@0.8079342} 454288 : { SELL 16931.39@0.8079342} 
Fri Dec 05 11:37:43 EST 2014 , 4 , 2 , 2 , 454296 : { BUY 7982.45@0.80470892} 454293 : { BUY 7982.45@0.80470892} 454290 : { SELL 16931.39@0.8079342} 454288 : { SELL 16931.39@0.8079342} 
Fri Dec 05 11:40:44 EST 2014 , 4 , 2 , 2 , 454296 : { BUY 7982.45@0.80470892} 454293 : { BUY 7982.45@0.80470892} 454290 : { SELL 16931.39@0.8079342} 454288 : { SELL 16931.39@0.8079342} 
Fri Dec 05 11:43:45 EST 2014 , 4 , 2 , 2 , 454296 : { BUY 7982.45@0.80470892} 454293 : { BUY 7982.45@0.80470892} 454290 : { SELL 16931.39@0.8079342} 454288 : { SELL 16931.39@0.8079342} 
Fri Dec 05 11:46:46 EST 2014 , 4 , 2 , 2 , 454296 : { BUY 7982.45@0.80470892} 454293 : { BUY 7982.45@0.80470892} 454290 : { SELL 16931.39@0.8079342} 454288 : { SELL 16931.39@0.8079342} 
Fri Dec 05 11:49:47 EST 2014 , 4 , 2 , 2 , 454296 : { BUY 7982.45@0.80470892} 454293 : { BUY 7982.45@0.80470892} 454290 : { SELL 16931.39@0.8079342} 454288 : { SELL 16931.39@0.8079342} 
Fri Dec 05 11:52:48 EST 2014 , 4 , 2 , 2 , 454296 : { BUY 7982.45@0.80470892} 454293 : { BUY 7982.45@0.80470892} 454290 : { SELL 16931.39@0.8079342} 454288 : { SELL 16931.39@0.8079342} 
Fri Dec 05 11:55:49 EST 2014 , 4 , 2 , 2 , 454296 : { BUY 7982.45@0.80470892} 454293 : { BUY 7982.45@0.80470892} 454290 : { SELL 16931.39@0.8079342} 454288 : { SELL 16931.39@0.8079342} 
Fri Dec 05 11:58:50 EST 2014 , 4 , 2 , 2 , 454296 : { BUY 7982.45@0.80470892} 454293 : { BUY 7982.45@0.80470892} 454290 : { SELL 16931.39@0.8079342} 454288 : { SELL 16931.39@0.8079342} 
Fri Dec 05 12:01:51 EST 2014 , 4 , 2 , 2 , 454296 : { BUY 7982.45@0.80470892} 454293 : { BUY 7982.45@0.80470892} 454290 : { SELL 16931.39@0.8079342} 454288 : { SELL 16931.39@0.8079342} 
Fri Dec 05 12:04:52 EST 2014 , 4 , 2 , 2 , 454296 : { BUY 7982.45@0.80470892} 454293 : { BUY 7982.45@0.80470892} 454290 : { SELL 16931.39@0.8079342} 454288 : { SELL 16931.39@0.8079342} 
Fri Dec 05 12:07:53 EST 2014 , 4 , 2 , 2 , 454296 : { BUY 7982.45@0.80470892} 454293 : { BUY 7982.45@0.80470892} 454290 : { SELL 16931.39@0.8079342} 454288 : { SELL 16931.39@0.8079342} 
Fri Dec 05 12:10:54 EST 2014 , 4 , 2 , 2 , 454296 : { BUY 7982.45@0.80470892} 454293 : { BUY 7982.45@0.80470892} 454290 : { SELL 16931.39@0.8079342} 454288 : { SELL 16931.39@0.8079342} 
Fri Dec 05 12:13:55 EST 2014 , 4 , 2 , 2 , 454296 : { BUY 7982.45@0.80470892} 454293 : { BUY 7982.45@0.80470892} 454290 : { SELL 16931.39@0.8079342} 454288 : { SELL 16931.39@0.8079342} 
Fri Dec 05 12:16:56 EST 2014 , 4 , 2 , 2 , 454296 : { BUY 7982.45@0.80470892} 454293 : { BUY 7982.45@0.80470892} 454290 : { SELL 16931.39@0.8079342} 454288 : { SELL 16931.39@0.8079342} 
Fri Dec 05 12:19:57 EST 2014 , 4 , 2 , 2 , 454296 : { BUY 7982.45@0.80470892} 454293 : { BUY 7982.45@0.80470892} 454290 : { SELL 16931.39@0.8079342} 454288 : { SELL 16931.39@0.8079342} 
Fri Dec 05 12:22:58 EST 2014 , 4 , 2 , 2 , 454296 : { BUY 7982.45@0.80470892} 454293 : { BUY 7982.45@0.80470892} 454290 : { SELL 16931.39@0.8079342} 454288 : { SELL 16931.39@0.8079342} 
Fri Dec 05 12:25:59 EST 2014 , 4 , 2 , 2 , 454296 : { BUY 7982.45@0.80470892} 454293 : { BUY 7982.45@0.80470892} 454290 : { SELL 16931.39@0.8079342} 454288 : { SELL 16931.39@0.8079342} 
Fri Dec 05 12:29:00 EST 2014 , 4 , 2 , 2 , 454296 : { BUY 7982.45@0.80470892} 454293 : { BUY 7982.45@0.80470892} 454290 : { SELL 16931.39@0.8079342} 454288 : { SELL 16931.39@0.8079342} 
Fri Dec 05 12:32:01 EST 2014 , 4 , 2 , 2 , 454296 : { BUY 7982.45@0.80470892} 454293 : { BUY 7982.45@0.80470892} 454290 : { SELL 16931.39@0.8079342} 454288 : { SELL 16931.39@0.8079342} 
Fri Dec 05 12:35:02 EST 2014 , 4 , 2 , 2 , 454296 : { BUY 7982.45@0.80470892} 454293 : { BUY 7982.45@0.80470892} 454290 : { SELL 16931.39@0.8079342} 454288 : { SELL 16931.39@0.8079342} 
Fri Dec 05 12:38:03 EST 2014 , 4 , 2 , 2 , 454296 : { BUY 7982.45@0.80470892} 454293 : { BUY 7982.45@0.80470892} 454290 : { SELL 16931.39@0.8079342} 454288 : { SELL 16931.39@0.8079342} 
Fri Dec 05 12:41:04 EST 2014 , 4 , 2 , 2 , 454296 : { BUY 7982.45@0.80470892} 454293 : { BUY 7982.45@0.80470892} 454290 : { SELL 16931.39@0.8079342} 454288 : { SELL 16931.39@0.8079342} 
Fri Dec 05 12:44:05 EST 2014 , 4 , 2 , 2 , 454296 : { BUY 7982.45@0.80470892} 454293 : { BUY 7982.45@0.80470892} 454290 : { SELL 16931.39@0.8079342} 454288 : { SELL 16931.39@0.8079342} 
Fri Dec 05 12:47:06 EST 2014 , 4 , 2 , 2 , 454296 : { BUY 7982.45@0.80470892} 454293 : { BUY 7982.45@0.80470892} 454290 : { SELL 16931.39@0.8079342} 454288 : { SELL 16931.39@0.8079342} 
Fri Dec 05 12:50:07 EST 2014 , 4 , 2 , 2 , 454296 : { BUY 7982.45@0.80470892} 454293 : { BUY 7982.45@0.80470892} 454290 : { SELL 16931.39@0.8079342} 454288 : { SELL 16931.39@0.8079342} 
Fri Dec 05 12:53:08 EST 2014 , 4 , 2 , 2 , 454296 : { BUY 7982.45@0.80470892} 454293 : { BUY 7982.45@0.80470892} 454290 : { SELL 16931.39@0.8079342} 454288 : { SELL 16931.39@0.8079342} 
Fri Dec 05 12:56:09 EST 2014 , 4 , 2 , 2 , 454296 : { BUY 7982.45@0.80470892} 454293 : { BUY 7982.45@0.80470892} 454290 : { SELL 16931.39@0.8079342} 454288 : { SELL 16931.39@0.8079342} 
Fri Dec 05 12:59:10 EST 2014 , 4 , 2 , 2 , 454296 : { BUY 7982.45@0.80470892} 454293 : { BUY 7982.45@0.80470892} 454290 : { SELL 16931.39@0.8079342} 454288 : { SELL 16931.39@0.8079342} 
Fri Dec 05 13:02:11 EST 2014 , 4 , 2 , 2 , 454296 : { BUY 7982.45@0.80470892} 454293 : { BUY 7982.45@0.80470892} 454290 : { SELL 16931.39@0.8079342} 454288 : { SELL 16931.39@0.8079342} 
Fri Dec 05 13:05:12 EST 2014 , 4 , 2 , 2 , 454296 : { BUY 7982.45@0.80470892} 454293 : { BUY 7982.45@0.80470892} 454290 : { SELL 16931.39@0.8079342} 454288 : { SELL 16931.39@0.8079342} 
Fri Dec 05 13:08:13 EST 2014 , 4 , 2 , 2 , 454296 : { BUY 7982.45@0.80470892} 454293 : { BUY 7982.45@0.80470892} 454290 : { SELL 16931.39@0.8079342} 454288 : { SELL 16931.39@0.8079342} 
Fri Dec 05 13:11:14 EST 2014 , 4 , 2 , 2 , 454296 : { BUY 7982.45@0.80470892} 454293 : { BUY 7982.45@0.80470892} 454290 : { SELL 16931.39@0.8079342} 454288 : { SELL 16931.39@0.8079342} 
Fri Dec 05 13:14:15 EST 2014 , 4 , 2 , 2 , 454296 : { BUY 7982.45@0.80470892} 454293 : { BUY 7982.45@0.80470892} 454290 : { SELL 16931.39@0.8079342} 454288 : { SELL 16931.39@0.8079342} 
Fri Dec 05 13:17:16 EST 2014 , 4 , 2 , 2 , 454296 : { BUY 7982.45@0.80470892} 454293 : { BUY 7982.45@0.80470892} 454290 : { SELL 16931.39@0.8079342} 454288 : { SELL 16931.39@0.8079342} 
Fri Dec 05 13:20:17 EST 2014 , 4 , 2 , 2 , 454296 : { BUY 7982.45@0.80470892} 454293 : { BUY 7982.45@0.80470892} 454290 : { SELL 16931.39@0.8079342} 454288 : { SELL 16931.39@0.8079342} 
Fri Dec 05 13:23:18 EST 2014 , 4 , 2 , 2 , 454296 : { BUY 7982.45@0.80470892} 454293 : { BUY 7982.45@0.80470892} 454290 : { SELL 16931.39@0.8079342} 454288 : { SELL 16931.39@0.8079342} 
Fri Dec 05 13:26:19 EST 2014 , 4 , 2 , 2 , 454296 : { BUY 7982.45@0.80470892} 454293 : { BUY 7982.45@0.80470892} 454290 : { SELL 16931.39@0.8079342} 454288 : { SELL 16931.39@0.8079342} 
Fri Dec 05 13:29:20 EST 2014 , 4 , 2 , 2 , 454296 : { BUY 7982.45@0.80470892} 454293 : { BUY 7982.45@0.80470892} 454290 : { SELL 16931.39@0.8079342} 454288 : { SELL 16931.39@0.8079342} 
Fri Dec 05 13:32:21 EST 2014 , 4 , 2 , 2 , 454296 : { BUY 7982.45@0.80470892} 454293 : { BUY 7982.45@0.80470892} 454290 : { SELL 16931.39@0.8079342} 454288 : { SELL 16931.39@0.8079342} 
Fri Dec 05 13:35:22 EST 2014 , 4 , 2 , 2 , 454296 : { BUY 7982.45@0.80470892} 454293 : { BUY 7982.45@0.80470892} 454290 : { SELL 16931.39@0.8079342} 454288 : { SELL 16931.39@0.8079342} 
Fri Dec 05 13:38:23 EST 2014 , 4 , 2 , 2 , 454296 : { BUY 7982.45@0.80470892} 454293 : { BUY 7982.45@0.80470892} 454290 : { SELL 16931.39@0.8079342} 454288 : { SELL 16931.39@0.8079342} 
Fri Dec 05 13:41:24 EST 2014 , 4 , 2 , 2 , 454296 : { BUY 7982.45@0.80470892} 454293 : { BUY 7982.45@0.80470892} 454290 : { SELL 16931.39@0.8079342} 454288 : { SELL 16931.39@0.8079342} 
Fri Dec 05 13:44:25 EST 2014 , 4 , 2 , 2 , 454296 : { BUY 7982.45@0.80470892} 454293 : { BUY 7982.45@0.80470892} 454290 : { SELL 16931.39@0.8079342} 454288 : { SELL 16931.39@0.8079342} 
Fri Dec 05 13:47:26 EST 2014 , 4 , 2 , 2 , 454296 : { BUY 7982.45@0.80470892} 454293 : { BUY 7982.45@0.80470892} 454290 : { SELL 16931.39@0.8079342} 454288 : { SELL 16931.39@0.8079342} 
Fri Dec 05 13:50:27 EST 2014 , 4 , 2 , 2 , 454296 : { BUY 7982.45@0.80470892} 454293 : { BUY 7982.45@0.80470892} 454290 : { SELL 16931.39@0.8079342} 454288 : { SELL 16931.39@0.8079342} 
Fri Dec 05 13:53:28 EST 2014 , 4 , 2 , 2 , 454296 : { BUY 7982.45@0.80470892} 454293 : { BUY 7982.45@0.80470892} 454290 : { SELL 16931.39@0.8079342} 454288 : { SELL 16931.39@0.8079342} 
Fri Dec 05 13:56:29 EST 2014 , 4 , 2 , 2 , 454296 : { BUY 7982.45@0.80470892} 454293 : { BUY 7982.45@0.80470892} 454290 : { SELL 16931.39@0.8079342} 454288 : { SELL 16931.39@0.8079342} 
Fri Dec 05 13:59:30 EST 2014 , 4 , 2 , 2 , 454296 : { BUY 7982.45@0.80470892} 454293 : { BUY 7982.45@0.80470892} 454290 : { SELL 16931.39@0.8079342} 454288 : { SELL 16931.39@0.8079342} 
Fri Dec 05 14:02:31 EST 2014 , 4 , 2 , 2 , 454296 : { BUY 7982.45@0.80470892} 454293 : { BUY 7982.45@0.80470892} 454290 : { SELL 16931.39@0.8079342} 454288 : { SELL 16931.39@0.8079342} 
Fri Dec 05 14:05:32 EST 2014 , 4 , 2 , 2 , 454296 : { BUY 7982.45@0.80470892} 454293 : { BUY 7982.45@0.80470892} 454290 : { SELL 16931.39@0.8079342} 454288 : { SELL 16931.39@0.8079342} 
Fri Dec 05 14:08:33 EST 2014 , 4 , 2 , 2 , 454296 : { BUY 7982.45@0.80470892} 454293 : { BUY 7982.45@0.80470892} 454290 : { SELL 16931.39@0.8079342} 454288 : { SELL 16931.39@0.8079342} 
Fri Dec 05 14:11:34 EST 2014 , 4 , 2 , 2 , 454296 : { BUY 7982.45@0.80470892} 454293 : { BUY 7982.45@0.80470892} 454290 : { SELL 16931.39@0.8079342} 454288 : { SELL 16931.39@0.8079342} 
Fri Dec 05 14:14:35 EST 2014 , 4 , 2 , 2 , 454296 : { BUY 7982.45@0.80470892} 454293 : { BUY 7982.45@0.80470892} 454290 : { SELL 16931.39@0.8079342} 454288 : { SELL 16931.39@0.8079342} 
Fri Dec 05 14:17:36 EST 2014 , 4 , 2 , 2 , 454296 : { BUY 7982.45@0.80470892} 454293 : { BUY 7982.45@0.80470892} 454290 : { SELL 16931.39@0.8079342} 454288 : { SELL 16931.39@0.8079342} 
Fri Dec 05 14:20:37 EST 2014 , 4 , 2 , 2 , 454296 : { BUY 7982.45@0.80470892} 454293 : { BUY 7982.45@0.80470892} 454290 : { SELL 16931.39@0.8079342} 454288 : { SELL 16931.39@0.8079342} 
Fri Dec 05 14:23:38 EST 2014 , 4 , 2 , 2 , 454296 : { BUY 7982.45@0.80470892} 454293 : { BUY 7982.45@0.80470892} 454290 : { SELL 16931.39@0.8079342} 454288 : { SELL 16931.39@0.8079342} 
Fri Dec 05 14:26:40 EST 2014 , 4 , 2 , 2 , 454296 : { BUY 7982.45@0.80470892} 454293 : { BUY 7982.45@0.80470892} 454290 : { SELL 16931.39@0.8079342} 454288 : { SELL 16931.39@0.8079342} 
Fri Dec 05 14:29:40 EST 2014 , 4 , 2 , 2 , 454296 : { BUY 7982.45@0.80470892} 454293 : { BUY 7982.45@0.80470892} 454290 : { SELL 16931.39@0.8079342} 454288 : { SELL 16931.39@0.8079342} 
Fri Dec 05 14:32:41 EST 2014 , 4 , 2 , 2 , 454296 : { BUY 7982.45@0.80470892} 454293 : { BUY 7982.45@0.80470892} 454290 : { SELL 16931.39@0.8079342} 454288 : { SELL 16931.39@0.8079342} 
Fri Dec 05 14:35:42 EST 2014 , 4 , 2 , 2 , 454296 : { BUY 7982.45@0.80470892} 454293 : { BUY 7982.45@0.80470892} 454290 : { SELL 16931.39@0.8079342} 454288 : { SELL 16931.39@0.8079342} 
Fri Dec 05 14:38:43 EST 2014 , 4 , 2 , 2 , 454296 : { BUY 7982.45@0.80470892} 454293 : { BUY 7982.45@0.80470892} 454290 : { SELL 16931.39@0.8079342} 454288 : { SELL 16931.39@0.8079342} 
Fri Dec 05 14:41:44 EST 2014 , 4 , 2 , 2 , 454296 : { BUY 7982.45@0.80470892} 454293 : { BUY 7982.45@0.80470892} 454290 : { SELL 16931.39@0.8079342} 454288 : { SELL 16931.39@0.8079342} 
Fri Dec 05 14:44:45 EST 2014 , 4 , 2 , 2 , 454296 : { BUY 7982.45@0.80470892} 454293 : { BUY 7982.45@0.80470892} 454290 : { SELL 16931.39@0.8079342} 454288 : { SELL 16931.39@0.8079342} 
Fri Dec 05 14:47:46 EST 2014 , 4 , 2 , 2 , 454296 : { BUY 7982.45@0.80470892} 454293 : { BUY 7982.45@0.80470892} 454290 : { SELL 16931.39@0.8079342} 454288 : { SELL 16931.39@0.8079342} 
Fri Dec 05 14:50:47 EST 2014 , 4 , 2 , 2 , 454296 : { BUY 7982.45@0.80470892} 454293 : { BUY 7982.45@0.80470892} 454290 : { SELL 16931.39@0.8079342} 454288 : { SELL 16931.39@0.8079342} 
Fri Dec 05 14:53:48 EST 2014 , 4 , 2 , 2 , 454296 : { BUY 7982.45@0.80470892} 454293 : { BUY 7982.45@0.80470892} 454290 : { SELL 16931.39@0.8079342} 454288 : { SELL 16931.39@0.8079342} 
Fri Dec 05 14:56:49 EST 2014 , 4 , 2 , 2 , 454296 : { BUY 7982.45@0.80470892} 454293 : { BUY 7982.45@0.80470892} 454290 : { SELL 16931.39@0.8079342} 454288 : { SELL 16931.39@0.8079342} 
Fri Dec 05 14:59:50 EST 2014 , 4 , 2 , 2 , 454296 : { BUY 7982.45@0.80470892} 454293 : { BUY 7982.45@0.80470892} 454290 : { SELL 16931.39@0.8079342} 454288 : { SELL 16931.39@0.8079342} 
Fri Dec 05 15:02:51 EST 2014 , 4 , 2 , 2 , 454296 : { BUY 7982.45@0.80470892} 454293 : { BUY 7982.45@0.80470892} 454290 : { SELL 16931.39@0.8079342} 454288 : { SELL 16931.39@0.8079342} 
Fri Dec 05 15:05:52 EST 2014 , 4 , 2 , 2 , 454296 : { BUY 7982.45@0.80470892} 454293 : { BUY 7982.45@0.80470892} 454290 : { SELL 16931.39@0.8079342} 454288 : { SELL 16931.39@0.8079342} 
Fri Dec 05 15:08:53 EST 2014 , 4 , 2 , 2 , 454296 : { BUY 7982.45@0.80470892} 454293 : { BUY 7982.45@0.80470892} 454290 : { SELL 16931.39@0.8079342} 454288 : { SELL 16931.39@0.8079342} 
Fri Dec 05 15:11:54 EST 2014 , 4 , 2 , 2 , 454296 : { BUY 7982.45@0.80470892} 454293 : { BUY 7982.45@0.80470892} 454290 : { SELL 16931.39@0.8079342} 454288 : { SELL 16931.39@0.8079342} 
Fri Dec 05 15:14:55 EST 2014 , 4 , 2 , 2 , 454296 : { BUY 7982.45@0.80470892} 454293 : { BUY 7982.45@0.80470892} 454290 : { SELL 16931.39@0.8079342} 454288 : { SELL 16931.39@0.8079342} 
Fri Dec 05 15:17:56 EST 2014 , 4 , 2 , 2 , 454296 : { BUY 7982.45@0.80470892} 454293 : { BUY 7982.45@0.80470892} 454290 : { SELL 16931.39@0.8079342} 454288 : { SELL 16931.39@0.8079342} 
Fri Dec 05 15:20:57 EST 2014 , 4 , 2 , 2 , 454296 : { BUY 7982.45@0.80470892} 454293 : { BUY 7982.45@0.80470892} 454290 : { SELL 16931.39@0.8079342} 454288 : { SELL 16931.39@0.8079342} 
Fri Dec 05 15:23:58 EST 2014 , 4 , 2 , 2 , 454296 : { BUY 7982.45@0.80470892} 454293 : { BUY 7982.45@0.80470892} 454290 : { SELL 16931.39@0.8079342} 454288 : { SELL 16931.39@0.8079342} 
Fri Dec 05 15:26:59 EST 2014 , 4 , 2 , 2 , 454296 : { BUY 7982.45@0.80470892} 454293 : { BUY 7982.45@0.80470892} 454290 : { SELL 16931.39@0.8079342} 454288 : { SELL 16931.39@0.8079342} 
Fri Dec 05 15:30:00 EST 2014 , 4 , 2 , 2 , 454296 : { BUY 7982.45@0.80470892} 454293 : { BUY 7982.45@0.80470892} 454290 : { SELL 16931.39@0.8079342} 454288 : { SELL 16931.39@0.8079342} 
Fri Dec 05 15:33:01 EST 2014 , 4 , 2 , 2 , 454296 : { BUY 7982.45@0.80470892} 454293 : { BUY 7982.45@0.80470892} 454290 : { SELL 16931.39@0.8079342} 454288 : { SELL 16931.39@0.8079342} 
Fri Dec 05 15:36:02 EST 2014 , 4 , 2 , 2 , 454296 : { BUY 7982.45@0.80470892} 454293 : { BUY 7982.45@0.80470892} 454290 : { SELL 16931.39@0.8079342} 454288 : { SELL 16931.39@0.8079342} 
Fri Dec 05 15:39:03 EST 2014 , 4 , 2 , 2 , 454296 : { BUY 7982.45@0.80470892} 454293 : { BUY 7982.45@0.80470892} 454290 : { SELL 16931.39@0.8079342} 454288 : { SELL 16931.39@0.8079342} 
Fri Dec 05 15:42:04 EST 2014 , 4 , 2 , 2 , 454296 : { BUY 7982.45@0.80470892} 454293 : { BUY 7982.45@0.80470892} 454290 : { SELL 16931.39@0.8079342} 454288 : { SELL 16931.39@0.8079342} 
Fri Dec 05 15:45:05 EST 2014 , 4 , 2 , 2 , 454296 : { BUY 7982.45@0.80470892} 454293 : { BUY 7982.45@0.80470892} 454290 : { SELL 16931.39@0.8079342} 454288 : { SELL 16931.39@0.8079342} 
Fri Dec 05 15:48:06 EST 2014 , 4 , 2 , 2 , 454296 : { BUY 7982.45@0.80470892} 454293 : { BUY 7982.45@0.80470892} 454290 : { SELL 16931.39@0.8079342} 454288 : { SELL 16931.39@0.8079342} 
Fri Dec 05 15:51:07 EST 2014 , 4 , 2 , 2 , 454296 : { BUY 7982.45@0.80470892} 454293 : { BUY 7982.45@0.80470892} 454290 : { SELL 16931.39@0.8079342} 454288 : { SELL 16931.39@0.8079342} 
Fri Dec 05 15:54:08 EST 2014 , 4 , 2 , 2 , 454296 : { BUY 7982.45@0.80470892} 454293 : { BUY 7982.45@0.80470892} 454290 : { SELL 16931.39@0.8079342} 454288 : { SELL 16931.39@0.8079342} 
Fri Dec 05 15:57:09 EST 2014 , 4 , 2 , 2 , 454296 : { BUY 7982.45@0.80470892} 454293 : { BUY 7982.45@0.80470892} 454290 : { SELL 16931.39@0.8079342} 454288 : { SELL 16931.39@0.8079342} 
Fri Dec 05 16:00:10 EST 2014 , 4 , 2 , 2 , 454296 : { BUY 7982.45@0.80470892} 454293 : { BUY 7982.45@0.80470892} 454290 : { SELL 16931.39@0.8079342} 454288 : { SELL 16931.39@0.8079342} 
Fri Dec 05 16:03:11 EST 2014 , 4 , 2 , 2 , 454296 : { BUY 7982.45@0.80470892} 454293 : { BUY 7982.45@0.80470892} 454290 : { SELL 16931.39@0.8079342} 454288 : { SELL 16931.39@0.8079342} 
Fri Dec 05 16:06:12 EST 2014 , 4 , 2 , 2 , 454296 : { BUY 7982.45@0.80470892} 454293 : { BUY 7982.45@0.80470892} 454290 : { SELL 16931.39@0.8079342} 454288 : { SELL 16931.39@0.8079342} 
Fri Dec 05 16:09:13 EST 2014 , 4 , 2 , 2 , 454296 : { BUY 7982.45@0.80470892} 454293 : { BUY 7982.45@0.80470892} 454290 : { SELL 16931.39@0.8079342} 454288 : { SELL 16931.39@0.8079342} 
Fri Dec 05 16:12:14 EST 2014 , 4 , 2 , 2 , 454296 : { BUY 7982.45@0.80470892} 454293 : { BUY 7982.45@0.80470892} 454290 : { SELL 16931.39@0.8079342} 454288 : { SELL 16931.39@0.8079342} 
Fri Dec 05 16:15:15 EST 2014 , 4 , 2 , 2 , 454296 : { BUY 7982.45@0.80470892} 454293 : { BUY 7982.45@0.80470892} 454290 : { SELL 16931.39@0.8079342} 454288 : { SELL 16931.39@0.8079342} 
Fri Dec 05 16:18:16 EST 2014 , 4 , 2 , 2 , 454296 : { BUY 7982.45@0.80470892} 454293 : { BUY 7982.45@0.80470892} 454290 : { SELL 16931.39@0.8079342} 454288 : { SELL 16931.39@0.8079342} 
Fri Dec 05 16:21:17 EST 2014 , 4 , 2 , 2 , 454296 : { BUY 7982.45@0.80470892} 454293 : { BUY 7982.45@0.80470892} 454290 : { SELL 16931.39@0.8079342} 454288 : { SELL 16931.39@0.8079342} 
Fri Dec 05 16:24:18 EST 2014 , 4 , 2 , 2 , 454296 : { BUY 7982.45@0.80470892} 454293 : { BUY 7982.45@0.80470892} 454290 : { SELL 16931.39@0.8079342} 454288 : { SELL 16931.39@0.8079342} 
Fri Dec 05 16:27:19 EST 2014 , 4 , 2 , 2 , 454296 : { BUY 7982.45@0.80470892} 454293 : { BUY 7982.45@0.80470892} 454290 : { SELL 16931.39@0.8079342} 454288 : { SELL 16931.39@0.8079342} 
Fri Dec 05 16:30:20 EST 2014 , 4 , 2 , 2 , 454296 : { BUY 7982.45@0.80470892} 454293 : { BUY 7982.45@0.80470892} 454290 : { SELL 16931.39@0.8079342} 454288 : { SELL 16931.39@0.8079342} 
Fri Dec 05 16:33:21 EST 2014 , 4 , 2 , 2 , 454296 : { BUY 7982.45@0.80470892} 454293 : { BUY 7982.45@0.80470892} 454290 : { SELL 16931.39@0.8079342} 454288 : { SELL 16931.39@0.8079342} 
Fri Dec 05 16:36:22 EST 2014 , 4 , 2 , 2 , 454296 : { BUY 7982.45@0.80470892} 454293 : { BUY 7982.45@0.80470892} 454290 : { SELL 16931.39@0.8079342} 454288 : { SELL 16931.39@0.8079342} 
Fri Dec 05 16:39:23 EST 2014 , 4 , 2 , 2 , 454296 : { BUY 7982.45@0.80470892} 454293 : { BUY 7982.45@0.80470892} 454290 : { SELL 16931.39@0.8079342} 454288 : { SELL 16931.39@0.8079342} 
Fri Dec 05 16:42:24 EST 2014 , 4 , 2 , 2 , 454296 : { BUY 7982.45@0.80470892} 454293 : { BUY 7982.45@0.80470892} 454290 : { SELL 16931.39@0.8079342} 454288 : { SELL 16931.39@0.8079342} 
Fri Dec 05 16:45:25 EST 2014 , 4 , 2 , 2 , 454296 : { BUY 7982.45@0.80470892} 454293 : { BUY 7982.45@0.80470892} 454290 : { SELL 16931.39@0.8079342} 454288 : { SELL 16931.39@0.8079342} 
Fri Dec 05 16:48:26 EST 2014 , 4 , 2 , 2 , 454296 : { BUY 7982.45@0.80470892} 454293 : { BUY 7982.45@0.80470892} 454290 : { SELL 16931.39@0.8079342} 454288 : { SELL 16931.39@0.8079342} 
Fri Dec 05 16:51:27 EST 2014 , 4 , 2 , 2 , 454296 : { BUY 7982.45@0.80470892} 454293 : { BUY 7982.45@0.80470892} 454290 : { SELL 16931.39@0.8079342} 454288 : { SELL 16931.39@0.8079342} 
Fri Dec 05 16:54:28 EST 2014 , 4 , 2 , 2 , 454296 : { BUY 7982.45@0.80470892} 454293 : { BUY 7982.45@0.80470892} 454290 : { SELL 16931.39@0.8079342} 454288 : { SELL 16931.39@0.8079342} 
Fri Dec 05 16:57:29 EST 2014 , 4 , 2 , 2 , 454296 : { BUY 7982.45@0.80470892} 454293 : { BUY 7982.45@0.80470892} 454290 : { SELL 16931.39@0.8079342} 454288 : { SELL 16931.39@0.8079342} 
Fri Dec 05 17:00:30 EST 2014 , 4 , 2 , 2 , 454296 : { BUY 7982.45@0.80470892} 454293 : { BUY 7982.45@0.80470892} 454290 : { SELL 16931.39@0.8079342} 454288 : { SELL 16931.39@0.8079342} 
Fri Dec 05 17:03:31 EST 2014 , 4 , 2 , 2 , 454296 : { BUY 7982.45@0.80470892} 454293 : { BUY 7982.45@0.80470892} 454290 : { SELL 16931.39@0.8079342} 454288 : { SELL 16931.39@0.8079342} 
Fri Dec 05 17:06:32 EST 2014 , 4 , 2 , 2 , 454296 : { BUY 7982.45@0.80470892} 454293 : { BUY 7982.45@0.80470892} 454290 : { SELL 16931.39@0.8079342} 454288 : { SELL 16931.39@0.8079342} 
Fri Dec 05 17:09:33 EST 2014 , 4 , 2 , 2 , 454296 : { BUY 7982.45@0.80470892} 454293 : { BUY 7982.45@0.80470892} 454290 : { SELL 16931.39@0.8079342} 454288 : { SELL 16931.39@0.8079342} 
Fri Dec 05 17:12:34 EST 2014 , 4 , 2 , 2 , 454296 : { BUY 7982.45@0.80470892} 454293 : { BUY 7982.45@0.80470892} 454290 : { SELL 16931.39@0.8079342} 454288 : { SELL 16931.39@0.8079342} 
Fri Dec 05 17:15:35 EST 2014 , 4 , 2 , 2 , 454296 : { BUY 7982.45@0.80470892} 454293 : { BUY 7982.45@0.80470892} 454290 : { SELL 16931.39@0.8079342} 454288 : { SELL 16931.39@0.8079342} 
Fri Dec 05 17:18:36 EST 2014 , 4 , 2 , 2 , 454296 : { BUY 7982.45@0.80470892} 454293 : { BUY 7982.45@0.80470892} 454290 : { SELL 16931.39@0.8079342} 454288 : { SELL 16931.39@0.8079342} 
Fri Dec 05 17:21:37 EST 2014 , 4 , 2 , 2 , 454296 : { BUY 7982.45@0.80470892} 454293 : { BUY 7982.45@0.80470892} 454290 : { SELL 16931.39@0.8079342} 454288 : { SELL 16931.39@0.8079342} 
Fri Dec 05 17:24:38 EST 2014 , 4 , 2 , 2 , 454296 : { BUY 7982.45@0.80470892} 454293 : { BUY 7982.45@0.80470892} 454290 : { SELL 16931.39@0.8079342} 454288 : { SELL 16931.39@0.8079342} 
Fri Dec 05 17:27:39 EST 2014 , 4 , 2 , 2 , 454296 : { BUY 7982.45@0.80470892} 454293 : { BUY 7982.45@0.80470892} 454290 : { SELL 16931.39@0.8079342} 454288 : { SELL 16931.39@0.8079342} 
Fri Dec 05 17:30:40 EST 2014 , 4 , 2 , 2 , 454296 : { BUY 7982.45@0.80470892} 454293 : { BUY 7982.45@0.80470892} 454290 : { SELL 16931.39@0.8079342} 454288 : { SELL 16931.39@0.8079342} 
Fri Dec 05 17:33:41 EST 2014 , 4 , 2 , 2 , 454296 : { BUY 7982.45@0.80470892} 454293 : { BUY 7982.45@0.80470892} 454290 : { SELL 16931.39@0.8079342} 454288 : { SELL 16931.39@0.8079342} 
Fri Dec 05 17:36:42 EST 2014 , 4 , 2 , 2 , 454296 : { BUY 7982.45@0.80470892} 454293 : { BUY 7982.45@0.80470892} 454290 : { SELL 16931.39@0.8079342} 454288 : { SELL 16931.39@0.8079342} 
Fri Dec 05 17:39:43 EST 2014 , 4 , 2 , 2 , 454296 : { BUY 7982.45@0.80470892} 454293 : { BUY 7982.45@0.80470892} 454290 : { SELL 16931.39@0.8079342} 454288 : { SELL 16931.39@0.8079342} 
Fri Dec 05 17:42:44 EST 2014 , 4 , 2 , 2 , 454296 : { BUY 7982.45@0.80470892} 454293 : { BUY 7982.45@0.80470892} 454290 : { SELL 16931.39@0.8079342} 454288 : { SELL 16931.39@0.8079342} 
Fri Dec 05 17:45:45 EST 2014 , 4 , 2 , 2 , 454296 : { BUY 7982.45@0.80470892} 454293 : { BUY 7982.45@0.80470892} 454290 : { SELL 16931.39@0.8079342} 454288 : { SELL 16931.39@0.8079342} 
Fri Dec 05 17:48:46 EST 2014 , 4 , 2 , 2 , 454296 : { BUY 7982.45@0.80470892} 454293 : { BUY 7982.45@0.80470892} 454290 : { SELL 16931.39@0.8079342} 454288 : { SELL 16931.39@0.8079342} 
Fri Dec 05 17:51:47 EST 2014 , 4 , 2 , 2 , 454296 : { BUY 7982.45@0.80470892} 454293 : { BUY 7982.45@0.80470892} 454290 : { SELL 16931.39@0.8079342} 454288 : { SELL 16931.39@0.8079342} 
Fri Dec 05 17:54:48 EST 2014 , 4 , 2 , 2 , 454296 : { BUY 7982.45@0.80470892} 454293 : { BUY 7982.45@0.80470892} 454290 : { SELL 16931.39@0.8079342} 454288 : { SELL 16931.39@0.8079342} 
Fri Dec 05 17:57:49 EST 2014 , 4 , 2 , 2 , 454296 : { BUY 7982.45@0.80470892} 454293 : { BUY 7982.45@0.80470892} 454290 : { SELL 16931.39@0.8079342} 454288 : { SELL 16931.39@0.8079342} 
Fri Dec 05 18:00:50 EST 2014 , 4 , 2 , 2 , 454296 : { BUY 7982.45@0.80470892} 454293 : { BUY 7982.45@0.80470892} 454290 : { SELL 16931.39@0.8079342} 454288 : { SELL 16931.39@0.8079342} 
Fri Dec 05 18:03:51 EST 2014 , 4 , 2 , 2 , 454296 : { BUY 7982.45@0.80470892} 454293 : { BUY 7982.45@0.80470892} 454290 : { SELL 16931.39@0.8079342} 454288 : { SELL 16931.39@0.8079342} 
Fri Dec 05 18:06:52 EST 2014 , 4 , 2 , 2 , 454296 : { BUY 7982.45@0.80470892} 454293 : { BUY 7982.45@0.80470892} 454290 : { SELL 16931.39@0.8079342} 454288 : { SELL 16931.39@0.8079342} 
Fri Dec 05 18:09:53 EST 2014 , 4 , 2 , 2 , 454296 : { BUY 7982.45@0.80470892} 454293 : { BUY 7982.45@0.80470892} 454290 : { SELL 16931.39@0.8079342} 454288 : { SELL 16931.39@0.8079342} 
Fri Dec 05 18:12:54 EST 2014 , 4 , 2 , 2 , 454296 : { BUY 7982.45@0.80470892} 454293 : { BUY 7982.45@0.80470892} 454290 : { SELL 16931.39@0.8079342} 454288 : { SELL 16931.39@0.8079342} 
Fri Dec 05 18:15:55 EST 2014 , 4 , 2 , 2 , 454296 : { BUY 7982.45@0.80470892} 454293 : { BUY 7982.45@0.80470892} 454290 : { SELL 16931.39@0.8079342} 454288 : { SELL 16931.39@0.8079342} 
Fri Dec 05 18:18:56 EST 2014 , 4 , 2 , 2 , 454296 : { BUY 7982.45@0.80470892} 454293 : { BUY 7982.45@0.80470892} 454290 : { SELL 16931.39@0.8079342} 454288 : { SELL 16931.39@0.8079342} 
Fri Dec 05 18:21:57 EST 2014 , 4 , 2 , 2 , 454296 : { BUY 7982.45@0.80470892} 454293 : { BUY 7982.45@0.80470892} 454290 : { SELL 16931.39@0.8079342} 454288 : { SELL 16931.39@0.8079342} 
Fri Dec 05 18:24:58 EST 2014 , 4 , 2 , 2 , 454296 : { BUY 7982.45@0.80470892} 454293 : { BUY 7982.45@0.80470892} 454290 : { SELL 16931.39@0.8079342} 454288 : { SELL 16931.39@0.8079342} 
Fri Dec 05 18:27:59 EST 2014 , 4 , 2 , 2 , 454296 : { BUY 7982.45@0.80470892} 454293 : { BUY 7982.45@0.80470892} 454290 : { SELL 16931.39@0.8079342} 454288 : { SELL 16931.39@0.8079342} 
Fri Dec 05 18:31:00 EST 2014 , 4 , 2 , 2 , 454296 : { BUY 7982.45@0.80470892} 454293 : { BUY 7982.45@0.80470892} 454290 : { SELL 16931.39@0.8079342} 454288 : { SELL 16931.39@0.8079342} 
Fri Dec 05 18:34:01 EST 2014 , 4 , 2 , 2 , 454296 : { BUY 7982.45@0.80470892} 454293 : { BUY 7982.45@0.80470892} 454290 : { SELL 16931.39@0.8079342} 454288 : { SELL 16931.39@0.8079342} 
Fri Dec 05 18:37:02 EST 2014 , 4 , 2 , 2 , 454296 : { BUY 7982.45@0.80470892} 454293 : { BUY 7982.45@0.80470892} 454290 : { SELL 16931.39@0.8079342} 454288 : { SELL 16931.39@0.8079342} 
Fri Dec 05 18:40:03 EST 2014 , 4 , 2 , 2 , 454296 : { BUY 7982.45@0.80470892} 454293 : { BUY 7982.45@0.80470892} 454290 : { SELL 16931.39@0.8079342} 454288 : { SELL 16931.39@0.8079342} 
Fri Dec 05 18:43:04 EST 2014 , 4 , 2 , 2 , 454296 : { BUY 7982.45@0.80470892} 454293 : { BUY 7982.45@0.80470892} 454290 : { SELL 16931.39@0.8079342} 454288 : { SELL 16931.39@0.8079342} 
Fri Dec 05 18:46:05 EST 2014 , 4 , 2 , 2 , 454296 : { BUY 7982.45@0.80470892} 454293 : { BUY 7982.45@0.80470892} 454290 : { SELL 16931.39@0.8079342} 454288 : { SELL 16931.39@0.8079342} 
Fri Dec 05 18:49:06 EST 2014 , 4 , 2 , 2 , 454296 : { BUY 7982.45@0.80470892} 454293 : { BUY 7982.45@0.80470892} 454290 : { SELL 16931.39@0.8079342} 454288 : { SELL 16931.39@0.8079342} 
Fri Dec 05 18:52:07 EST 2014 , 4 , 2 , 2 , 454296 : { BUY 7982.45@0.80470892} 454293 : { BUY 7982.45@0.80470892} 454290 : { SELL 16931.39@0.8079342} 454288 : { SELL 16931.39@0.8079342} 
Fri Dec 05 18:55:08 EST 2014 , 4 , 2 , 2 , 454296 : { BUY 7982.45@0.80470892} 454293 : { BUY 7982.45@0.80470892} 454290 : { SELL 16931.39@0.8079342} 454288 : { SELL 16931.39@0.8079342} 
Fri Dec 05 18:58:09 EST 2014 , 4 , 2 , 2 , 454296 : { BUY 7982.45@0.80470892} 454293 : { BUY 7982.45@0.80470892} 454290 : { SELL 16931.39@0.8079342} 454288 : { SELL 16931.39@0.8079342} 
Fri Dec 05 19:01:10 EST 2014 , 4 , 2 , 2 , 454296 : { BUY 7982.45@0.80470892} 454293 : { BUY 7982.45@0.80470892} 454290 : { SELL 16931.39@0.8079342} 454288 : { SELL 16931.39@0.8079342} 
Fri Dec 05 19:04:11 EST 2014 , 4 , 2 , 2 , 454296 : { BUY 7982.45@0.80470892} 454293 : { BUY 7982.45@0.80470892} 454290 : { SELL 16931.39@0.8079342} 454288 : { SELL 16931.39@0.8079342} 
Fri Dec 05 19:07:12 EST 2014 , 4 , 2 , 2 , 454296 : { BUY 7982.45@0.80470892} 454293 : { BUY 7982.45@0.80470892} 454290 : { SELL 16931.39@0.8079342} 454288 : { SELL 16931.39@0.8079342} 
Fri Dec 05 19:10:13 EST 2014 , 4 , 2 , 2 , 454296 : { BUY 7982.45@0.80470892} 454293 : { BUY 7982.45@0.80470892} 454290 : { SELL 16931.39@0.8079342} 454288 : { SELL 16931.39@0.8079342} 
Fri Dec 05 19:13:14 EST 2014 , 4 , 2 , 2 , 454296 : { BUY 7982.45@0.80470892} 454293 : { BUY 7982.45@0.80470892} 454290 : { SELL 16931.39@0.8079342} 454288 : { SELL 16931.39@0.8079342} 
Fri Dec 05 19:16:15 EST 2014 , 4 , 2 , 2 , 454296 : { BUY 7982.45@0.80470892} 454293 : { BUY 7982.45@0.80470892} 454290 : { SELL 16931.39@0.8079342} 454288 : { SELL 16931.39@0.8079342} 
Fri Dec 05 19:19:16 EST 2014 , 4 , 2 , 2 , 454296 : { BUY 7982.45@0.80470892} 454293 : { BUY 7982.45@0.80470892} 454290 : { SELL 16931.39@0.8079342} 454288 : { SELL 16931.39@0.8079342} 
Fri Dec 05 19:22:17 EST 2014 , 4 , 2 , 2 , 454296 : { BUY 7982.45@0.80470892} 454293 : { BUY 7982.45@0.80470892} 454290 : { SELL 16931.39@0.8079342} 454288 : { SELL 16931.39@0.8079342} 
Fri Dec 05 19:25:18 EST 2014 , 4 , 2 , 2 , 454296 : { BUY 7982.45@0.80470892} 454293 : { BUY 7982.45@0.80470892} 454290 : { SELL 16931.39@0.8079342} 454288 : { SELL 16931.39@0.8079342} 
Fri Dec 05 19:28:20 EST 2014 , 4 , 2 , 2 , 454296 : { BUY 7982.45@0.80470892} 454293 : { BUY 7982.45@0.80470892} 454290 : { SELL 16931.39@0.8079342} 454288 : { SELL 16931.39@0.8079342} 
Fri Dec 05 19:31:20 EST 2014 , 4 , 2 , 2 , 454296 : { BUY 7982.45@0.80470892} 454293 : { BUY 7982.45@0.80470892} 454290 : { SELL 16931.39@0.8079342} 454288 : { SELL 16931.39@0.8079342} 
Fri Dec 05 19:34:21 EST 2014 , 4 , 2 , 2 , 454296 : { BUY 7982.45@0.80470892} 454293 : { BUY 7982.45@0.80470892} 454290 : { SELL 16931.39@0.8079342} 454288 : { SELL 16931.39@0.8079342} 
Fri Dec 05 19:37:22 EST 2014 , 4 , 2 , 2 , 454296 : { BUY 7982.45@0.80470892} 454293 : { BUY 7982.45@0.80470892} 454290 : { SELL 16931.39@0.8079342} 454288 : { SELL 16931.39@0.8079342} 
Fri Dec 05 19:40:23 EST 2014 , 4 , 2 , 2 , 454296 : { BUY 7982.45@0.80470892} 454293 : { BUY 7982.45@0.80470892} 454290 : { SELL 16931.39@0.8079342} 454288 : { SELL 16931.39@0.8079342} 
Fri Dec 05 19:43:24 EST 2014 , 4 , 2 , 2 , 454296 : { BUY 7982.45@0.80470892} 454293 : { BUY 7982.45@0.80470892} 454290 : { SELL 16931.39@0.8079342} 454288 : { SELL 16931.39@0.8079342} 
Fri Dec 05 19:46:25 EST 2014 , 4 , 2 , 2 , 454296 : { BUY 7982.45@0.80470892} 454293 : { BUY 7982.45@0.80470892} 454290 : { SELL 16931.39@0.8079342} 454288 : { SELL 16931.39@0.8079342} 
Fri Dec 05 19:49:26 EST 2014 , 4 , 2 , 2 , 454296 : { BUY 7982.45@0.80470892} 454293 : { BUY 7982.45@0.80470892} 454290 : { SELL 16931.39@0.8079342} 454288 : { SELL 16931.39@0.8079342} 
Fri Dec 05 19:52:27 EST 2014 , 4 , 2 , 2 , 454296 : { BUY 7982.45@0.80470892} 454293 : { BUY 7982.45@0.80470892} 454290 : { SELL 16931.39@0.8079342} 454288 : { SELL 16931.39@0.8079342} 
Fri Dec 05 19:55:28 EST 2014 , 4 , 2 , 2 , 454296 : { BUY 7982.45@0.80470892} 454293 : { BUY 7982.45@0.80470892} 454290 : { SELL 16931.39@0.8079342} 454288 : { SELL 16931.39@0.8079342} 
Fri Dec 05 19:58:29 EST 2014 , 4 , 2 , 2 , 454296 : { BUY 7982.45@0.80470892} 454293 : { BUY 7982.45@0.80470892} 454290 : { SELL 16931.39@0.8079342} 454288 : { SELL 16931.39@0.8079342} 
Fri Dec 05 20:01:30 EST 2014 , 4 , 2 , 2 , 454296 : { BUY 7982.45@0.80470892} 454293 : { BUY 7982.45@0.80470892} 454290 : { SELL 16931.39@0.8079342} 454288 : { SELL 16931.39@0.8079342} 
Fri Dec 05 20:04:31 EST 2014 , 4 , 2 , 2 , 454296 : { BUY 7982.45@0.80470892} 454293 : { BUY 7982.45@0.80470892} 454290 : { SELL 16931.39@0.8079342} 454288 : { SELL 16931.39@0.8079342} 
Fri Dec 05 20:07:32 EST 2014 , 4 , 2 , 2 , 454296 : { BUY 7982.45@0.80470892} 454293 : { BUY 7982.45@0.80470892} 454290 : { SELL 16931.39@0.8079342} 454288 : { SELL 16931.39@0.8079342} 
Fri Dec 05 20:10:33 EST 2014 , 4 , 2 , 2 , 454296 : { BUY 7982.45@0.80470892} 454293 : { BUY 7982.45@0.80470892} 454290 : { SELL 16931.39@0.8079342} 454288 : { SELL 16931.39@0.8079342} 
Fri Dec 05 20:13:34 EST 2014 , 4 , 2 , 2 , 454296 : { BUY 7982.45@0.80470892} 454293 : { BUY 7982.45@0.80470892} 454290 : { SELL 16931.39@0.8079342} 454288 : { SELL 16931.39@0.8079342} 
Fri Dec 05 20:16:35 EST 2014 , 4 , 2 , 2 , 454296 : { BUY 7982.45@0.80470892} 454293 : { BUY 7982.45@0.80470892} 454290 : { SELL 16931.39@0.8079342} 454288 : { SELL 16931.39@0.8079342} 
Fri Dec 05 20:19:36 EST 2014 , 4 , 2 , 2 , 454296 : { BUY 7982.45@0.80470892} 454293 : { BUY 7982.45@0.80470892} 454290 : { SELL 16931.39@0.8079342} 454288 : { SELL 16931.39@0.8079342} 
Fri Dec 05 20:22:37 EST 2014 , 4 , 2 , 2 , 454296 : { BUY 7982.45@0.80470892} 454293 : { BUY 7982.45@0.80470892} 454290 : { SELL 16931.39@0.8079342} 454288 : { SELL 16931.39@0.8079342} 
Fri Dec 05 20:25:38 EST 2014 , 4 , 2 , 2 , 454296 : { BUY 7982.45@0.80470892} 454293 : { BUY 7982.45@0.80470892} 454290 : { SELL 16931.39@0.8079342} 454288 : { SELL 16931.39@0.8079342} 
Fri Dec 05 20:28:39 EST 2014 , 4 , 2 , 2 , 454296 : { BUY 7982.45@0.80470892} 454293 : { BUY 7982.45@0.80470892} 454290 : { SELL 16931.39@0.8079342} 454288 : { SELL 16931.39@0.8079342} 
Fri Dec 05 20:31:40 EST 2014 , 4 , 2 , 2 , 454296 : { BUY 7982.45@0.80470892} 454293 : { BUY 7982.45@0.80470892} 454290 : { SELL 16931.39@0.8079342} 454288 : { SELL 16931.39@0.8079342} 
Fri Dec 05 20:34:41 EST 2014 , 4 , 2 , 2 , 454296 : { BUY 7982.45@0.80470892} 454293 : { BUY 7982.45@0.80470892} 454290 : { SELL 16931.39@0.8079342} 454288 : { SELL 16931.39@0.8079342} 
Fri Dec 05 20:37:42 EST 2014 , 4 , 2 , 2 , 454296 : { BUY 7982.45@0.80470892} 454293 : { BUY 7982.45@0.80470892} 454290 : { SELL 16931.39@0.8079342} 454288 : { SELL 16931.39@0.8079342} 
Fri Dec 05 20:40:43 EST 2014 , 4 , 2 , 2 , 454296 : { BUY 7982.45@0.80470892} 454293 : { BUY 7982.45@0.80470892} 454290 : { SELL 16931.39@0.8079342} 454288 : { SELL 16931.39@0.8079342} 
Fri Dec 05 20:43:44 EST 2014 , 4 , 2 , 2 , 454296 : { BUY 7982.45@0.80470892} 454293 : { BUY 7982.45@0.80470892} 454290 : { SELL 16931.39@0.8079342} 454288 : { SELL 16931.39@0.8079342} 
Fri Dec 05 20:46:45 EST 2014 , 4 , 2 , 2 , 454296 : { BUY 7982.45@0.80470892} 454293 : { BUY 7982.45@0.80470892} 454290 : { SELL 16931.39@0.8079342} 454288 : { SELL 16931.39@0.8079342} 
Fri Dec 05 20:49:46 EST 2014 , 4 , 2 , 2 , 454296 : { BUY 7982.45@0.80470892} 454293 : { BUY 7982.45@0.80470892} 454290 : { SELL 16931.39@0.8079342} 454288 : { SELL 16931.39@0.8079342} 
Fri Dec 05 20:52:47 EST 2014 , 4 , 2 , 2 , 454296 : { BUY 7982.45@0.80470892} 454293 : { BUY 7982.45@0.80470892} 454290 : { SELL 16931.39@0.8079342} 454288 : { SELL 16931.39@0.8079342} 
Fri Dec 05 20:55:48 EST 2014 , 4 , 2 , 2 , 454296 : { BUY 7982.45@0.80470892} 454293 : { BUY 7982.45@0.80470892} 454290 : { SELL 16931.39@0.8079342} 454288 : { SELL 16931.39@0.8079342} 
Fri Dec 05 20:58:49 EST 2014 , 4 , 2 , 2 , 454296 : { BUY 7982.45@0.80470892} 454293 : { BUY 7982.45@0.80470892} 454290 : { SELL 16931.39@0.8079342} 454288 : { SELL 16931.39@0.8079342} 
Fri Dec 05 21:01:50 EST 2014 , 4 , 2 , 2 , 454296 : { BUY 7982.45@0.80470892} 454293 : { BUY 7982.45@0.80470892} 454290 : { SELL 16931.39@0.8079342} 454288 : { SELL 16931.39@0.8079342} 
Fri Dec 05 21:04:51 EST 2014 , 4 , 2 , 2 , 454296 : { BUY 7982.45@0.80470892} 454293 : { BUY 7982.45@0.80470892} 454290 : { SELL 16931.39@0.8079342} 454288 : { SELL 16931.39@0.8079342} 
Fri Dec 05 21:07:52 EST 2014 , 4 , 2 , 2 , 454296 : { BUY 7982.45@0.80470892} 454293 : { BUY 7982.45@0.80470892} 454290 : { SELL 16931.39@0.8079342} 454288 : { SELL 16931.39@0.8079342} 
Fri Dec 05 21:10:53 EST 2014 , 4 , 2 , 2 , 454296 : { BUY 7982.45@0.80470892} 454293 : { BUY 7982.45@0.80470892} 454290 : { SELL 16931.39@0.8079342} 454288 : { SELL 16931.39@0.8079342} 
Fri Dec 05 21:13:54 EST 2014 , 4 , 2 , 2 , 454296 : { BUY 7982.45@0.80470892} 454293 : { BUY 7982.45@0.80470892} 454290 : { SELL 16931.39@0.8079342} 454288 : { SELL 16931.39@0.8079342} 
Fri Dec 05 21:16:55 EST 2014 , 4 , 2 , 2 , 454296 : { BUY 7982.45@0.80470892} 454293 : { BUY 7982.45@0.80470892} 454290 : { SELL 16931.39@0.8079342} 454288 : { SELL 16931.39@0.8079342} 
Fri Dec 05 21:19:56 EST 2014 , 4 , 2 , 2 , 454296 : { BUY 7982.45@0.80470892} 454293 : { BUY 7982.45@0.80470892} 454290 : { SELL 16931.39@0.8079342} 454288 : { SELL 16931.39@0.8079342} 
Fri Dec 05 21:22:57 EST 2014 , 4 , 2 , 2 , 454296 : { BUY 7982.45@0.80470892} 454293 : { BUY 7982.45@0.80470892} 454290 : { SELL 16931.39@0.8079342} 454288 : { SELL 16931.39@0.8079342} 
Fri Dec 05 21:25:58 EST 2014 , 4 , 2 , 2 , 454296 : { BUY 7982.45@0.80470892} 454293 : { BUY 7982.45@0.80470892} 454290 : { SELL 16931.39@0.8079342} 454288 : { SELL 16931.39@0.8079342} 
Fri Dec 05 21:28:59 EST 2014 , 4 , 2 , 2 , 454296 : { BUY 7982.45@0.80470892} 454293 : { BUY 7982.45@0.80470892} 454290 : { SELL 16931.39@0.8079342} 454288 : { SELL 16931.39@0.8079342} 
Fri Dec 05 21:32:00 EST 2014 , 4 , 2 , 2 , 454296 : { BUY 7982.45@0.80470892} 454293 : { BUY 7982.45@0.80470892} 454290 : { SELL 16931.39@0.8079342} 454288 : { SELL 16931.39@0.8079342} 
Fri Dec 05 21:35:01 EST 2014 , 4 , 2 , 2 , 454296 : { BUY 7982.45@0.80470892} 454293 : { BUY 7982.45@0.80470892} 454290 : { SELL 16931.39@0.8079342} 454288 : { SELL 16931.39@0.8079342} 
Fri Dec 05 21:38:02 EST 2014 , 4 , 2 , 2 , 454296 : { BUY 7982.45@0.80470892} 454293 : { BUY 7982.45@0.80470892} 454290 : { SELL 16931.39@0.8079342} 454288 : { SELL 16931.39@0.8079342} 
Fri Dec 05 21:41:03 EST 2014 , 4 , 2 , 2 , 454296 : { BUY 7982.45@0.80470892} 454293 : { BUY 7982.45@0.80470892} 454290 : { SELL 16931.39@0.8079342} 454288 : { SELL 16931.39@0.8079342} 
Fri Dec 05 21:44:04 EST 2014 , 4 , 2 , 2 , 454296 : { BUY 7982.45@0.80470892} 454293 : { BUY 7982.45@0.80470892} 454290 : { SELL 16931.39@0.8079342} 454288 : { SELL 16931.39@0.8079342} 
Fri Dec 05 21:47:05 EST 2014 , 4 , 2 , 2 , 454296 : { BUY 7982.45@0.80470892} 454293 : { BUY 7982.45@0.80470892} 454290 : { SELL 16931.39@0.8079342} 454288 : { SELL 16931.39@0.8079342} 
Fri Dec 05 21:50:06 EST 2014 , 4 , 2 , 2 , 454296 : { BUY 7982.45@0.80470892} 454293 : { BUY 7982.45@0.80470892} 454290 : { SELL 16931.39@0.8079342} 454288 : { SELL 16931.39@0.8079342} 
Fri Dec 05 21:53:07 EST 2014 , 4 , 2 , 2 , 454296 : { BUY 7982.45@0.80470892} 454293 : { BUY 7982.45@0.80470892} 454290 : { SELL 16931.39@0.8079342} 454288 : { SELL 16931.39@0.8079342} 
Fri Dec 05 21:56:08 EST 2014 , 4 , 2 , 2 , 454296 : { BUY 7982.45@0.80470892} 454293 : { BUY 7982.45@0.80470892} 454290 : { SELL 16931.39@0.8079342} 454288 : { SELL 16931.39@0.8079342} 
Fri Dec 05 21:59:09 EST 2014 , 4 , 2 , 2 , 454296 : { BUY 7982.45@0.80470892} 454293 : { BUY 7982.45@0.80470892} 454290 : { SELL 16931.39@0.8079342} 454288 : { SELL 16931.39@0.8079342} 
Fri Dec 05 22:02:10 EST 2014 , 4 , 2 , 2 , 454296 : { BUY 7982.45@0.80470892} 454293 : { BUY 7982.45@0.80470892} 454290 : { SELL 16931.39@0.8079342} 454288 : { SELL 16931.39@0.8079342} 
Fri Dec 05 22:05:11 EST 2014 , 4 , 2 , 2 , 454296 : { BUY 7982.45@0.80470892} 454293 : { BUY 7982.45@0.80470892} 454290 : { SELL 16931.39@0.8079342} 454288 : { SELL 16931.39@0.8079342} 
Fri Dec 05 22:08:12 EST 2014 , 4 , 2 , 2 , 454296 : { BUY 7982.45@0.80470892} 454293 : { BUY 7982.45@0.80470892} 454290 : { SELL 16931.39@0.8079342} 454288 : { SELL 16931.39@0.8079342} 
Fri Dec 05 22:11:13 EST 2014 , 4 , 2 , 2 , 454296 : { BUY 7982.45@0.80470892} 454293 : { BUY 7982.45@0.80470892} 454290 : { SELL 16931.39@0.8079342} 454288 : { SELL 16931.39@0.8079342} 
Fri Dec 05 22:14:14 EST 2014 , 4 , 2 , 2 , 454296 : { BUY 7982.45@0.80470892} 454293 : { BUY 7982.45@0.80470892} 454290 : { SELL 16931.39@0.8079342} 454288 : { SELL 16931.39@0.8079342} 
Fri Dec 05 22:17:15 EST 2014 , 4 , 2 , 2 , 454296 : { BUY 7982.45@0.80470892} 454293 : { BUY 7982.45@0.80470892} 454290 : { SELL 16931.39@0.8079342} 454288 : { SELL 16931.39@0.8079342} 
Fri Dec 05 22:20:16 EST 2014 , 4 , 2 , 2 , 454296 : { BUY 7982.45@0.80470892} 454293 : { BUY 7982.45@0.80470892} 454290 : { SELL 16931.39@0.8079342} 454288 : { SELL 16931.39@0.8079342} 
Fri Dec 05 22:23:17 EST 2014 , 4 , 2 , 2 , 454296 : { BUY 7982.45@0.80470892} 454293 : { BUY 7982.45@0.80470892} 454290 : { SELL 16931.39@0.8079342} 454288 : { SELL 16931.39@0.8079342} 
Fri Dec 05 22:26:18 EST 2014 , 4 , 2 , 2 , 454296 : { BUY 7982.45@0.80470892} 454293 : { BUY 7982.45@0.80470892} 454290 : { SELL 16931.39@0.8079342} 454288 : { SELL 16931.39@0.8079342} 
Fri Dec 05 22:29:19 EST 2014 , 4 , 2 , 2 , 454296 : { BUY 7982.45@0.80470892} 454293 : { BUY 7982.45@0.80470892} 454290 : { SELL 16931.39@0.8079342} 454288 : { SELL 16931.39@0.8079342} 
Fri Dec 05 22:32:20 EST 2014 , 4 , 2 , 2 , 454296 : { BUY 7982.45@0.80470892} 454293 : { BUY 7982.45@0.80470892} 454290 : { SELL 16931.39@0.8079342} 454288 : { SELL 16931.39@0.8079342} 
Fri Dec 05 22:35:21 EST 2014 , 4 , 2 , 2 , 454296 : { BUY 7982.45@0.80470892} 454293 : { BUY 7982.45@0.80470892} 454290 : { SELL 16931.39@0.8079342} 454288 : { SELL 16931.39@0.8079342} 
Fri Dec 05 22:38:22 EST 2014 , 4 , 2 , 2 , 454296 : { BUY 7982.45@0.80470892} 454293 : { BUY 7982.45@0.80470892} 454290 : { SELL 16931.39@0.8079342} 454288 : { SELL 16931.39@0.8079342} 
Fri Dec 05 22:41:23 EST 2014 , 4 , 2 , 2 , 454296 : { BUY 7982.45@0.80470892} 454293 : { BUY 7982.45@0.80470892} 454290 : { SELL 16931.39@0.8079342} 454288 : { SELL 16931.39@0.8079342} 
Fri Dec 05 22:44:24 EST 2014 , 4 , 2 , 2 , 454296 : { BUY 7982.45@0.80470892} 454293 : { BUY 7982.45@0.80470892} 454290 : { SELL 16931.39@0.8079342} 454288 : { SELL 16931.39@0.8079342} 
Fri Dec 05 22:47:25 EST 2014 , 4 , 2 , 2 , 454296 : { BUY 7982.45@0.80470892} 454293 : { BUY 7982.45@0.80470892} 454290 : { SELL 16931.39@0.8079342} 454288 : { SELL 16931.39@0.8079342} 
Fri Dec 05 22:50:26 EST 2014 , 4 , 2 , 2 , 454296 : { BUY 7982.45@0.80470892} 454293 : { BUY 7982.45@0.80470892} 454290 : { SELL 16931.39@0.8079342} 454288 : { SELL 16931.39@0.8079342} 
Fri Dec 05 22:53:27 EST 2014 , 4 , 2 , 2 , 454296 : { BUY 7982.45@0.80470892} 454293 : { BUY 7982.45@0.80470892} 454290 : { SELL 16931.39@0.8079342} 454288 : { SELL 16931.39@0.8079342} 
Fri Dec 05 22:56:28 EST 2014 , 4 , 2 , 2 , 454296 : { BUY 7982.45@0.80470892} 454293 : { BUY 7982.45@0.80470892} 454290 : { SELL 16931.39@0.8079342} 454288 : { SELL 16931.39@0.8079342} 
Fri Dec 05 22:59:29 EST 2014 , 4 , 2 , 2 , 454296 : { BUY 7982.45@0.80470892} 454293 : { BUY 7982.45@0.80470892} 454290 : { SELL 16931.39@0.8079342} 454288 : { SELL 16931.39@0.8079342} 
Fri Dec 05 23:02:30 EST 2014 , 4 , 2 , 2 , 454296 : { BUY 7982.45@0.80470892} 454293 : { BUY 7982.45@0.80470892} 454290 : { SELL 16931.39@0.8079342} 454288 : { SELL 16931.39@0.8079342} 
Fri Dec 05 23:05:31 EST 2014 , 4 , 2 , 2 , 454296 : { BUY 7982.45@0.80470892} 454293 : { BUY 7982.45@0.80470892} 454290 : { SELL 16931.39@0.8079342} 454288 : { SELL 16931.39@0.8079342} 
Fri Dec 05 23:08:32 EST 2014 , 4 , 2 , 2 , 454296 : { BUY 7982.45@0.80470892} 454293 : { BUY 7982.45@0.80470892} 454290 : { SELL 16931.39@0.8079342} 454288 : { SELL 16931.39@0.8079342} 
Fri Dec 05 23:11:33 EST 2014 , 4 , 2 , 2 , 454296 : { BUY 7982.45@0.80470892} 454293 : { BUY 7982.45@0.80470892} 454290 : { SELL 16931.39@0.8079342} 454288 : { SELL 16931.39@0.8079342} 
Fri Dec 05 23:14:34 EST 2014 , 4 , 2 , 2 , 454296 : { BUY 7982.45@0.80470892} 454293 : { BUY 7982.45@0.80470892} 454290 : { SELL 16931.39@0.8079342} 454288 : { SELL 16931.39@0.8079342} 
Fri Dec 05 23:17:35 EST 2014 , 4 , 2 , 2 , 454296 : { BUY 7982.45@0.80470892} 454293 : { BUY 7982.45@0.80470892} 454290 : { SELL 16931.39@0.8079342} 454288 : { SELL 16931.39@0.8079342} 
Fri Dec 05 23:20:36 EST 2014 , 4 , 2 , 2 , 454296 : { BUY 7982.45@0.80470892} 454293 : { BUY 7982.45@0.80470892} 454290 : { SELL 16931.39@0.8079342} 454288 : { SELL 16931.39@0.8079342} 
Fri Dec 05 23:23:37 EST 2014 , 4 , 2 , 2 , 454296 : { BUY 7982.45@0.80470892} 454293 : { BUY 7982.45@0.80470892} 454290 : { SELL 16931.39@0.8079342} 454288 : { SELL 16931.39@0.8079342} 
Fri Dec 05 23:26:38 EST 2014 , 4 , 2 , 2 , 454296 : { BUY 7982.45@0.80470892} 454293 : { BUY 7982.45@0.80470892} 454290 : { SELL 16931.39@0.8079342} 454288 : { SELL 16931.39@0.8079342} 
Fri Dec 05 23:29:39 EST 2014 , 4 , 2 , 2 , 454296 : { BUY 7982.45@0.80470892} 454293 : { BUY 7982.45@0.80470892} 454290 : { SELL 16931.39@0.8079342} 454288 : { SELL 16931.39@0.8079342} 
Fri Dec 05 23:32:40 EST 2014 , 4 , 2 , 2 , 454296 : { BUY 7982.45@0.80470892} 454293 : { BUY 7982.45@0.80470892} 454290 : { SELL 16931.39@0.8079342} 454288 : { SELL 16931.39@0.8079342} 
Fri Dec 05 23:35:41 EST 2014 , 4 , 2 , 2 , 454296 : { BUY 7982.45@0.80470892} 454293 : { BUY 7982.45@0.80470892} 454290 : { SELL 16931.39@0.8079342} 454288 : { SELL 16931.39@0.8079342} 
Fri Dec 05 23:38:42 EST 2014 , 4 , 2 , 2 , 454296 : { BUY 7982.45@0.80470892} 454293 : { BUY 7982.45@0.80470892} 454290 : { SELL 16931.39@0.8079342} 454288 : { SELL 16931.39@0.8079342} 
Fri Dec 05 23:41:43 EST 2014 , 4 , 2 , 2 , 454296 : { BUY 7982.45@0.80470892} 454293 : { BUY 7982.45@0.80470892} 454290 : { SELL 16931.39@0.8079342} 454288 : { SELL 16931.39@0.8079342} 
Fri Dec 05 23:44:44 EST 2014 , 4 , 2 , 2 , 454296 : { BUY 7982.45@0.80470892} 454293 : { BUY 7982.45@0.80470892} 454290 : { SELL 16931.39@0.8079342} 454288 : { SELL 16931.39@0.8079342} 
Fri Dec 05 23:47:45 EST 2014 , 4 , 2 , 2 , 454296 : { BUY 7982.45@0.80470892} 454293 : { BUY 7982.45@0.80470892} 454290 : { SELL 16931.39@0.8079342} 454288 : { SELL 16931.39@0.8079342} 
Fri Dec 05 23:50:46 EST 2014 , 4 , 2 , 2 , 454296 : { BUY 7982.45@0.80470892} 454293 : { BUY 7982.45@0.80470892} 454290 : { SELL 16931.39@0.8079342} 454288 : { SELL 16931.39@0.8079342} 
Fri Dec 05 23:53:47 EST 2014 , 4 , 2 , 2 , 454296 : { BUY 7982.45@0.80470892} 454293 : { BUY 7982.45@0.80470892} 454290 : { SELL 16931.39@0.8079342} 454288 : { SELL 16931.39@0.8079342} 
Fri Dec 05 23:56:48 EST 2014 , 4 , 2 , 2 , 454296 : { BUY 7982.45@0.80470892} 454293 : { BUY 7982.45@0.80470892} 454290 : { SELL 16931.39@0.8079342} 454288 : { SELL 16931.39@0.8079342} 
Fri Dec 05 23:59:49 EST 2014 , 4 , 2 , 2 , 454296 : { BUY 7982.45@0.80470892} 454293 : { BUY 7982.45@0.80470892} 454290 : { SELL 16931.39@0.8079342} 454288 : { SELL 16931.39@0.8079342} 
Sat Dec 06 00:02:50 EST 2014 , 4 , 2 , 2 , 454296 : { BUY 7982.45@0.80470892} 454293 : { BUY 7982.45@0.80470892} 454290 : { SELL 16931.39@0.8079342} 454288 : { SELL 16931.39@0.8079342} 
Sat Dec 06 00:05:51 EST 2014 , 4 , 2 , 2 , 454296 : { BUY 7982.45@0.80470892} 454293 : { BUY 7982.45@0.80470892} 454290 : { SELL 16931.39@0.8079342} 454288 : { SELL 16931.39@0.8079342} 
Sat Dec 06 00:08:52 EST 2014 , 4 , 2 , 2 , 454296 : { BUY 7982.45@0.80470892} 454293 : { BUY 7982.45@0.80470892} 454290 : { SELL 16931.39@0.8079342} 454288 : { SELL 16931.39@0.8079342} 
Sat Dec 06 00:11:53 EST 2014 , 4 , 2 , 2 , 454296 : { BUY 7982.45@0.80470892} 454293 : { BUY 7982.45@0.80470892} 454290 : { SELL 16931.39@0.8079342} 454288 : { SELL 16931.39@0.8079342} 
Sat Dec 06 00:14:54 EST 2014 , 4 , 2 , 2 , 454296 : { BUY 7982.45@0.80470892} 454293 : { BUY 7982.45@0.80470892} 454290 : { SELL 16931.39@0.8079342} 454288 : { SELL 16931.39@0.8079342} 
Sat Dec 06 00:17:55 EST 2014 , 4 , 2 , 2 , 454296 : { BUY 7982.45@0.80470892} 454293 : { BUY 7982.45@0.80470892} 454290 : { SELL 16931.39@0.8079342} 454288 : { SELL 16931.39@0.8079342} 
Sat Dec 06 00:20:56 EST 2014 , 4 , 2 , 2 , 454296 : { BUY 7982.45@0.80470892} 454293 : { BUY 7982.45@0.80470892} 454290 : { SELL 16931.39@0.8079342} 454288 : { SELL 16931.39@0.8079342} 
Sat Dec 06 00:23:57 EST 2014 , 4 , 2 , 2 , 454296 : { BUY 7982.45@0.80470892} 454293 : { BUY 7982.45@0.80470892} 454290 : { SELL 16931.39@0.8079342} 454288 : { SELL 16931.39@0.8079342} 
Sat Dec 06 00:26:58 EST 2014 , 4 , 2 , 2 , 454296 : { BUY 7982.45@0.80470892} 454293 : { BUY 7982.45@0.80470892} 454290 : { SELL 16931.39@0.8079342} 454288 : { SELL 16931.39@0.8079342} 
Sat Dec 06 00:30:00 EST 2014 , 4 , 2 , 2 , 454296 : { BUY 7982.45@0.80470892} 454293 : { BUY 7982.45@0.80470892} 454290 : { SELL 16931.39@0.8079342} 454288 : { SELL 16931.39@0.8079342} 
Sat Dec 06 00:33:00 EST 2014 , 4 , 2 , 2 , 454296 : { BUY 7982.45@0.80470892} 454293 : { BUY 7982.45@0.80470892} 454290 : { SELL 16931.39@0.8079342} 454288 : { SELL 16931.39@0.8079342} 
Sat Dec 06 00:36:01 EST 2014 , 4 , 2 , 2 , 454296 : { BUY 7982.45@0.80470892} 454293 : { BUY 7982.45@0.80470892} 454290 : { SELL 16931.39@0.8079342} 454288 : { SELL 16931.39@0.8079342} 
Sat Dec 06 00:39:02 EST 2014 , 4 , 2 , 2 , 454296 : { BUY 7982.45@0.80470892} 454293 : { BUY 7982.45@0.80470892} 454290 : { SELL 16931.39@0.8079342} 454288 : { SELL 16931.39@0.8079342} 
Sat Dec 06 00:42:03 EST 2014 , 4 , 2 , 2 , 454296 : { BUY 7982.45@0.80470892} 454293 : { BUY 7982.45@0.80470892} 454290 : { SELL 16931.39@0.8079342} 454288 : { SELL 16931.39@0.8079342} 
Sat Dec 06 00:45:04 EST 2014 , 4 , 2 , 2 , 454296 : { BUY 7982.45@0.80470892} 454293 : { BUY 7982.45@0.80470892} 454290 : { SELL 16931.39@0.8079342} 454288 : { SELL 16931.39@0.8079342} 
Sat Dec 06 00:48:05 EST 2014 , 4 , 2 , 2 , 454296 : { BUY 7982.45@0.80470892} 454293 : { BUY 7982.45@0.80470892} 454290 : { SELL 16931.39@0.8079342} 454288 : { SELL 16931.39@0.8079342} 
Sat Dec 06 00:51:06 EST 2014 , 4 , 2 , 2 , 454296 : { BUY 7982.45@0.80470892} 454293 : { BUY 7982.45@0.80470892} 454290 : { SELL 16931.39@0.8079342} 454288 : { SELL 16931.39@0.8079342} 
Sat Dec 06 00:54:07 EST 2014 , 4 , 2 , 2 , 454296 : { BUY 7982.45@0.80470892} 454293 : { BUY 7982.45@0.80470892} 454290 : { SELL 16931.39@0.8079342} 454288 : { SELL 16931.39@0.8079342} 
Sat Dec 06 00:57:08 EST 2014 , 4 , 2 , 2 , 454296 : { BUY 7982.45@0.80470892} 454293 : { BUY 7982.45@0.80470892} 454290 : { SELL 16931.39@0.8079342} 454288 : { SELL 16931.39@0.8079342} 
Sat Dec 06 01:00:09 EST 2014 , 4 , 2 , 2 , 454296 : { BUY 7982.45@0.80470892} 454293 : { BUY 7982.45@0.80470892} 454290 : { SELL 16931.39@0.8079342} 454288 : { SELL 16931.39@0.8079342} 
Sat Dec 06 01:03:10 EST 2014 , 4 , 2 , 2 , 454296 : { BUY 7982.45@0.80470892} 454293 : { BUY 7982.45@0.80470892} 454290 : { SELL 16931.39@0.8079342} 454288 : { SELL 16931.39@0.8079342} 
Sat Dec 06 01:06:11 EST 2014 , 4 , 2 , 2 , 454296 : { BUY 7982.45@0.80470892} 454293 : { BUY 7982.45@0.80470892} 454290 : { SELL 16931.39@0.8079342} 454288 : { SELL 16931.39@0.8079342} 
Sat Dec 06 01:09:12 EST 2014 , 4 , 2 , 2 , 454296 : { BUY 7982.45@0.80470892} 454293 : { BUY 7982.45@0.80470892} 454290 : { SELL 16931.39@0.8079342} 454288 : { SELL 16931.39@0.8079342} 
Sat Dec 06 01:12:13 EST 2014 , 4 , 2 , 2 , 454296 : { BUY 7982.45@0.80470892} 454293 : { BUY 7982.45@0.80470892} 454290 : { SELL 16931.39@0.8079342} 454288 : { SELL 16931.39@0.8079342} 
Sat Dec 06 01:15:14 EST 2014 , 4 , 2 , 2 , 454296 : { BUY 7982.45@0.80470892} 454293 : { BUY 7982.45@0.80470892} 454290 : { SELL 16931.39@0.8079342} 454288 : { SELL 16931.39@0.8079342} 
Sat Dec 06 01:18:15 EST 2014 , 4 , 2 , 2 , 454296 : { BUY 7982.45@0.80470892} 454293 : { BUY 7982.45@0.80470892} 454290 : { SELL 16931.39@0.8079342} 454288 : { SELL 16931.39@0.8079342} 
Sat Dec 06 01:21:16 EST 2014 , 4 , 2 , 2 , 454296 : { BUY 7982.45@0.80470892} 454293 : { BUY 7982.45@0.80470892} 454290 : { SELL 16931.39@0.8079342} 454288 : { SELL 16931.39@0.8079342} 
Sat Dec 06 01:24:17 EST 2014 , 4 , 2 , 2 , 454296 : { BUY 7982.45@0.80470892} 454293 : { BUY 7982.45@0.80470892} 454290 : { SELL 16931.39@0.8079342} 454288 : { SELL 16931.39@0.8079342} 
Sat Dec 06 01:27:18 EST 2014 , 4 , 2 , 2 , 454296 : { BUY 7982.45@0.80470892} 454293 : { BUY 7982.45@0.80470892} 454290 : { SELL 16931.39@0.8079342} 454288 : { SELL 16931.39@0.8079342} 
Sat Dec 06 01:30:19 EST 2014 , 4 , 2 , 2 , 454296 : { BUY 7982.45@0.80470892} 454293 : { BUY 7982.45@0.80470892} 454290 : { SELL 16931.39@0.8079342} 454288 : { SELL 16931.39@0.8079342} 
Sat Dec 06 01:33:20 EST 2014 , 4 , 2 , 2 , 454296 : { BUY 7982.45@0.80470892} 454293 : { BUY 7982.45@0.80470892} 454290 : { SELL 16931.39@0.8079342} 454288 : { SELL 16931.39@0.8079342} 
Sat Dec 06 01:36:21 EST 2014 , 4 , 2 , 2 , 454296 : { BUY 7982.45@0.80470892} 454293 : { BUY 7982.45@0.80470892} 454290 : { SELL 16931.39@0.8079342} 454288 : { SELL 16931.39@0.8079342} 
Sat Dec 06 01:39:22 EST 2014 , 4 , 2 , 2 , 454296 : { BUY 7982.45@0.80470892} 454293 : { BUY 7982.45@0.80470892} 454290 : { SELL 16931.39@0.8079342} 454288 : { SELL 16931.39@0.8079342} 
Sat Dec 06 01:42:23 EST 2014 , 4 , 2 , 2 , 454296 : { BUY 7982.45@0.80470892} 454293 : { BUY 7982.45@0.80470892} 454290 : { SELL 16931.39@0.8079342} 454288 : { SELL 16931.39@0.8079342} 
Sat Dec 06 01:45:24 EST 2014 , 4 , 2 , 2 , 454296 : { BUY 7982.45@0.80470892} 454293 : { BUY 7982.45@0.80470892} 454290 : { SELL 16931.39@0.8079342} 454288 : { SELL 16931.39@0.8079342} 
Sat Dec 06 01:48:25 EST 2014 , 4 , 2 , 2 , 454296 : { BUY 7982.45@0.80470892} 454293 : { BUY 7982.45@0.80470892} 454290 : { SELL 16931.39@0.8079342} 454288 : { SELL 16931.39@0.8079342} 
Sat Dec 06 01:51:26 EST 2014 , 4 , 2 , 2 , 454296 : { BUY 7982.45@0.80470892} 454293 : { BUY 7982.45@0.80470892} 454290 : { SELL 16931.39@0.8079342} 454288 : { SELL 16931.39@0.8079342} 
Sat Dec 06 01:54:27 EST 2014 , 4 , 2 , 2 , 454296 : { BUY 7982.45@0.80470892} 454293 : { BUY 7982.45@0.80470892} 454290 : { SELL 16931.39@0.8079342} 454288 : { SELL 16931.39@0.8079342} 
Sat Dec 06 01:57:28 EST 2014 , 4 , 2 , 2 , 454296 : { BUY 7982.45@0.80470892} 454293 : { BUY 7982.45@0.80470892} 454290 : { SELL 16931.39@0.8079342} 454288 : { SELL 16931.39@0.8079342} 
Sat Dec 06 02:00:29 EST 2014 , 4 , 2 , 2 , 454296 : { BUY 7982.45@0.80470892} 454293 : { BUY 7982.45@0.80470892} 454290 : { SELL 16931.39@0.8079342} 454288 : { SELL 16931.39@0.8079342} 
Sat Dec 06 02:03:30 EST 2014 , 4 , 2 , 2 , 454296 : { BUY 7982.45@0.80470892} 454293 : { BUY 7982.45@0.80470892} 454290 : { SELL 16931.39@0.8079342} 454288 : { SELL 16931.39@0.8079342} 
Sat Dec 06 02:06:31 EST 2014 , 4 , 2 , 2 , 454296 : { BUY 7982.45@0.80470892} 454293 : { BUY 7982.45@0.80470892} 454290 : { SELL 16931.39@0.8079342} 454288 : { SELL 16931.39@0.8079342} 
Sat Dec 06 02:09:32 EST 2014 , 4 , 2 , 2 , 454296 : { BUY 7982.45@0.80470892} 454293 : { BUY 7982.45@0.80470892} 454290 : { SELL 16931.39@0.8079342} 454288 : { SELL 16931.39@0.8079342} 
Sat Dec 06 02:12:33 EST 2014 , 4 , 2 , 2 , 454296 : { BUY 7982.45@0.80470892} 454293 : { BUY 7982.45@0.80470892} 454290 : { SELL 16931.39@0.8079342} 454288 : { SELL 16931.39@0.8079342} 
Sat Dec 06 02:15:34 EST 2014 , 4 , 2 , 2 , 454296 : { BUY 7982.45@0.80470892} 454293 : { BUY 7982.45@0.80470892} 454290 : { SELL 16931.39@0.8079342} 454288 : { SELL 16931.39@0.8079342} 
Sat Dec 06 02:18:35 EST 2014 , 4 , 2 , 2 , 454296 : { BUY 7982.45@0.80470892} 454293 : { BUY 7982.45@0.80470892} 454290 : { SELL 16931.39@0.8079342} 454288 : { SELL 16931.39@0.8079342} 
Sat Dec 06 02:21:36 EST 2014 , 4 , 2 , 2 , 454296 : { BUY 7982.45@0.80470892} 454293 : { BUY 7982.45@0.80470892} 454290 : { SELL 16931.39@0.8079342} 454288 : { SELL 16931.39@0.8079342} 
Sat Dec 06 02:24:37 EST 2014 , 4 , 2 , 2 , 454296 : { BUY 7982.45@0.80470892} 454293 : { BUY 7982.45@0.80470892} 454290 : { SELL 16931.39@0.8079342} 454288 : { SELL 16931.39@0.8079342} 
Sat Dec 06 02:27:38 EST 2014 , 4 , 2 , 2 , 454296 : { BUY 7982.45@0.80470892} 454293 : { BUY 7982.45@0.80470892} 454290 : { SELL 16931.39@0.8079342} 454288 : { SELL 16931.39@0.8079342} 
Sat Dec 06 02:30:39 EST 2014 , 4 , 2 , 2 , 454296 : { BUY 7982.45@0.80470892} 454293 : { BUY 7982.45@0.80470892} 454290 : { SELL 16931.39@0.8079342} 454288 : { SELL 16931.39@0.8079342} 
Sat Dec 06 02:33:40 EST 2014 , 4 , 2 , 2 , 454296 : { BUY 7982.45@0.80470892} 454293 : { BUY 7982.45@0.80470892} 454290 : { SELL 16931.39@0.8079342} 454288 : { SELL 16931.39@0.8079342} 
Sat Dec 06 02:36:41 EST 2014 , 4 , 2 , 2 , 454296 : { BUY 7982.45@0.80470892} 454293 : { BUY 7982.45@0.80470892} 454290 : { SELL 16931.39@0.8079342} 454288 : { SELL 16931.39@0.8079342} 
Sat Dec 06 02:39:42 EST 2014 , 4 , 2 , 2 , 454296 : { BUY 7982.45@0.80470892} 454293 : { BUY 7982.45@0.80470892} 454290 : { SELL 16931.39@0.8079342} 454288 : { SELL 16931.39@0.8079342} 
Sat Dec 06 02:42:43 EST 2014 , 4 , 2 , 2 , 454296 : { BUY 7982.45@0.80470892} 454293 : { BUY 7982.45@0.80470892} 454290 : { SELL 16931.39@0.8079342} 454288 : { SELL 16931.39@0.8079342} 
Sat Dec 06 02:45:44 EST 2014 , 4 , 2 , 2 , 454296 : { BUY 7982.45@0.80470892} 454293 : { BUY 7982.45@0.80470892} 454290 : { SELL 16931.39@0.8079342} 454288 : { SELL 16931.39@0.8079342} 
Sat Dec 06 02:48:45 EST 2014 , 4 , 2 , 2 , 454296 : { BUY 7982.45@0.80470892} 454293 : { BUY 7982.45@0.80470892} 454290 : { SELL 16931.39@0.8079342} 454288 : { SELL 16931.39@0.8079342} 
Sat Dec 06 02:51:46 EST 2014 , 4 , 2 , 2 , 454296 : { BUY 7982.45@0.80470892} 454293 : { BUY 7982.45@0.80470892} 454290 : { SELL 16931.39@0.8079342} 454288 : { SELL 16931.39@0.8079342} 
Sat Dec 06 02:54:47 EST 2014 , 4 , 2 , 2 , 454296 : { BUY 7982.45@0.80470892} 454293 : { BUY 7982.45@0.80470892} 454290 : { SELL 16931.39@0.8079342} 454288 : { SELL 16931.39@0.8079342} 
Sat Dec 06 02:57:48 EST 2014 , 4 , 2 , 2 , 454296 : { BUY 7982.45@0.80470892} 454293 : { BUY 7982.45@0.80470892} 454290 : { SELL 16931.39@0.8079342} 454288 : { SELL 16931.39@0.8079342} 
Sat Dec 06 03:00:49 EST 2014 , 4 , 2 , 2 , 454296 : { BUY 7982.45@0.80470892} 454293 : { BUY 7982.45@0.80470892} 454290 : { SELL 16931.39@0.8079342} 454288 : { SELL 16931.39@0.8079342} 
Sat Dec 06 03:03:50 EST 2014 , 4 , 2 , 2 , 454296 : { BUY 7982.45@0.80470892} 454293 : { BUY 7982.45@0.80470892} 454290 : { SELL 16931.39@0.8079342} 454288 : { SELL 16931.39@0.8079342} 
Sat Dec 06 03:06:51 EST 2014 , 4 , 2 , 2 , 454296 : { BUY 7982.45@0.80470892} 454293 : { BUY 7982.45@0.80470892} 454290 : { SELL 16931.39@0.8079342} 454288 : { SELL 16931.39@0.8079342} 
Sat Dec 06 03:09:52 EST 2014 , 4 , 2 , 2 , 454296 : { BUY 7982.45@0.80470892} 454293 : { BUY 7982.45@0.80470892} 454290 : { SELL 16931.39@0.8079342} 454288 : { SELL 16931.39@0.8079342} 
Sat Dec 06 03:12:53 EST 2014 , 4 , 2 , 2 , 454296 : { BUY 7982.45@0.80470892} 454293 : { BUY 7982.45@0.80470892} 454290 : { SELL 16931.39@0.8079342} 454288 : { SELL 16931.39@0.8079342} 
Sat Dec 06 03:15:54 EST 2014 , 4 , 2 , 2 , 454296 : { BUY 7982.45@0.80470892} 454293 : { BUY 7982.45@0.80470892} 454290 : { SELL 16931.39@0.8079342} 454288 : { SELL 16931.39@0.8079342} 
Sat Dec 06 03:18:55 EST 2014 , 4 , 2 , 2 , 454296 : { BUY 7982.45@0.80470892} 454293 : { BUY 7982.45@0.80470892} 454290 : { SELL 16931.39@0.8079342} 454288 : { SELL 16931.39@0.8079342} 
Sat Dec 06 03:21:56 EST 2014 , 4 , 2 , 2 , 454296 : { BUY 7982.45@0.80470892} 454293 : { BUY 7982.45@0.80470892} 454290 : { SELL 16931.39@0.8079342} 454288 : { SELL 16931.39@0.8079342} 
Sat Dec 06 03:24:57 EST 2014 , 4 , 2 , 2 , 454296 : { BUY 7982.45@0.80470892} 454293 : { BUY 7982.45@0.80470892} 454290 : { SELL 16931.39@0.8079342} 454288 : { SELL 16931.39@0.8079342} 
Sat Dec 06 03:27:58 EST 2014 , 4 , 2 , 2 , 454296 : { BUY 7982.45@0.80470892} 454293 : { BUY 7982.45@0.80470892} 454290 : { SELL 16931.39@0.8079342} 454288 : { SELL 16931.39@0.8079342} 
Sat Dec 06 03:30:59 EST 2014 , 4 , 2 , 2 , 454296 : { BUY 7982.45@0.80470892} 454293 : { BUY 7982.45@0.80470892} 454290 : { SELL 16931.39@0.8079342} 454288 : { SELL 16931.39@0.8079342} 
Sat Dec 06 03:34:00 EST 2014 , 4 , 2 , 2 , 454296 : { BUY 7982.45@0.80470892} 454293 : { BUY 7982.45@0.80470892} 454290 : { SELL 16931.39@0.8079342} 454288 : { SELL 16931.39@0.8079342} 
Sat Dec 06 03:37:01 EST 2014 , 4 , 2 , 2 , 454296 : { BUY 7982.45@0.80470892} 454293 : { BUY 7982.45@0.80470892} 454290 : { SELL 16931.39@0.8079342} 454288 : { SELL 16931.39@0.8079342} 
Sat Dec 06 03:40:02 EST 2014 , 4 , 2 , 2 , 454296 : { BUY 7982.45@0.80470892} 454293 : { BUY 7982.45@0.80470892} 454290 : { SELL 16931.39@0.8079342} 454288 : { SELL 16931.39@0.8079342} 
Sat Dec 06 03:43:03 EST 2014 , 4 , 2 , 2 , 454296 : { BUY 7982.45@0.80470892} 454293 : { BUY 7982.45@0.80470892} 454290 : { SELL 16931.39@0.8079342} 454288 : { SELL 16931.39@0.8079342} 
Sat Dec 06 03:46:04 EST 2014 , 4 , 2 , 2 , 454296 : { BUY 7982.45@0.80470892} 454293 : { BUY 7982.45@0.80470892} 454290 : { SELL 16931.39@0.8079342} 454288 : { SELL 16931.39@0.8079342} 
Sat Dec 06 03:49:05 EST 2014 , 4 , 2 , 2 , 454296 : { BUY 7982.45@0.80470892} 454293 : { BUY 7982.45@0.80470892} 454290 : { SELL 16931.39@0.8079342} 454288 : { SELL 16931.39@0.8079342} 
Sat Dec 06 03:52:06 EST 2014 , 4 , 2 , 2 , 454296 : { BUY 7982.45@0.80470892} 454293 : { BUY 7982.45@0.80470892} 454290 : { SELL 16931.39@0.8079342} 454288 : { SELL 16931.39@0.8079342} 
Sat Dec 06 03:55:07 EST 2014 , 4 , 2 , 2 , 454296 : { BUY 7982.45@0.80470892} 454293 : { BUY 7982.45@0.80470892} 454290 : { SELL 16931.39@0.8079342} 454288 : { SELL 16931.39@0.8079342} 
Sat Dec 06 03:58:08 EST 2014 , 4 , 2 , 2 , 454296 : { BUY 7982.45@0.80470892} 454293 : { BUY 7982.45@0.80470892} 454290 : { SELL 16931.39@0.8079342} 454288 : { SELL 16931.39@0.8079342} 
Sat Dec 06 04:01:09 EST 2014 , 4 , 2 , 2 , 454296 : { BUY 7982.45@0.80470892} 454293 : { BUY 7982.45@0.80470892} 454290 : { SELL 16931.39@0.8079342} 454288 : { SELL 16931.39@0.8079342} 
Sat Dec 06 04:04:10 EST 2014 , 4 , 2 , 2 , 454296 : { BUY 7982.45@0.80470892} 454293 : { BUY 7982.45@0.80470892} 454290 : { SELL 16931.39@0.8079342} 454288 : { SELL 16931.39@0.8079342} 
Sat Dec 06 04:07:11 EST 2014 , 4 , 2 , 2 , 454296 : { BUY 7982.45@0.80470892} 454293 : { BUY 7982.45@0.80470892} 454290 : { SELL 16931.39@0.8079342} 454288 : { SELL 16931.39@0.8079342} 
Sat Dec 06 04:10:12 EST 2014 , 4 , 2 , 2 , 454296 : { BUY 7982.45@0.80470892} 454293 : { BUY 7982.45@0.80470892} 454290 : { SELL 16931.39@0.8079342} 454288 : { SELL 16931.39@0.8079342} 
Sat Dec 06 04:13:13 EST 2014 , 4 , 2 , 2 , 454296 : { BUY 7982.45@0.80470892} 454293 : { BUY 7982.45@0.80470892} 454290 : { SELL 16931.39@0.8079342} 454288 : { SELL 16931.39@0.8079342} 
Sat Dec 06 04:16:14 EST 2014 , 4 , 2 , 2 , 454296 : { BUY 7982.45@0.80470892} 454293 : { BUY 7982.45@0.80470892} 454290 : { SELL 16931.39@0.8079342} 454288 : { SELL 16931.39@0.8079342} 
Sat Dec 06 04:19:15 EST 2014 , 4 , 2 , 2 , 454296 : { BUY 7982.45@0.80470892} 454293 : { BUY 7982.45@0.80470892} 454290 : { SELL 16931.39@0.8079342} 454288 : { SELL 16931.39@0.8079342} 
Sat Dec 06 04:22:16 EST 2014 , 4 , 2 , 2 , 454296 : { BUY 7982.45@0.80470892} 454293 : { BUY 7982.45@0.80470892} 454290 : { SELL 16931.39@0.8079342} 454288 : { SELL 16931.39@0.8079342} 
Sat Dec 06 04:25:17 EST 2014 , 4 , 2 , 2 , 454296 : { BUY 7982.45@0.80470892} 454293 : { BUY 7982.45@0.80470892} 454290 : { SELL 16931.39@0.8079342} 454288 : { SELL 16931.39@0.8079342} 
Sat Dec 06 04:28:18 EST 2014 , 4 , 2 , 2 , 454296 : { BUY 7982.45@0.80470892} 454293 : { BUY 7982.45@0.80470892} 454290 : { SELL 16931.39@0.8079342} 454288 : { SELL 16931.39@0.8079342} 
Sat Dec 06 04:31:19 EST 2014 , 4 , 2 , 2 , 454296 : { BUY 7982.45@0.80470892} 454293 : { BUY 7982.45@0.80470892} 454290 : { SELL 16931.39@0.8079342} 454288 : { SELL 16931.39@0.8079342} 
Sat Dec 06 04:34:20 EST 2014 , 4 , 2 , 2 , 454296 : { BUY 7982.45@0.80470892} 454293 : { BUY 7982.45@0.80470892} 454290 : { SELL 16931.39@0.8079342} 454288 : { SELL 16931.39@0.8079342} 
Sat Dec 06 04:37:21 EST 2014 , 4 , 2 , 2 , 454296 : { BUY 7982.45@0.80470892} 454293 : { BUY 7982.45@0.80470892} 454290 : { SELL 16931.39@0.8079342} 454288 : { SELL 16931.39@0.8079342} 
Sat Dec 06 04:40:22 EST 2014 , 4 , 2 , 2 , 454296 : { BUY 7982.45@0.80470892} 454293 : { BUY 7982.45@0.80470892} 454290 : { SELL 16931.39@0.8079342} 454288 : { SELL 16931.39@0.8079342} 
Sat Dec 06 04:43:23 EST 2014 , 4 , 2 , 2 , 454296 : { BUY 7982.45@0.80470892} 454293 : { BUY 7982.45@0.80470892} 454290 : { SELL 16931.39@0.8079342} 454288 : { SELL 16931.39@0.8079342} 
Sat Dec 06 04:46:24 EST 2014 , 4 , 2 , 2 , 454296 : { BUY 7982.45@0.80470892} 454293 : { BUY 7982.45@0.80470892} 454290 : { SELL 16931.39@0.8079342} 454288 : { SELL 16931.39@0.8079342} 
Sat Dec 06 04:49:25 EST 2014 , 4 , 2 , 2 , 454296 : { BUY 7982.45@0.80470892} 454293 : { BUY 7982.45@0.80470892} 454290 : { SELL 16931.39@0.8079342} 454288 : { SELL 16931.39@0.8079342} 
Sat Dec 06 04:52:26 EST 2014 , 4 , 2 , 2 , 454296 : { BUY 7982.45@0.80470892} 454293 : { BUY 7982.45@0.80470892} 454290 : { SELL 16931.39@0.8079342} 454288 : { SELL 16931.39@0.8079342} 
Sat Dec 06 04:55:27 EST 2014 , 4 , 2 , 2 , 454296 : { BUY 7982.45@0.80470892} 454293 : { BUY 7982.45@0.80470892} 454290 : { SELL 16931.39@0.8079342} 454288 : { SELL 16931.39@0.8079342} 
Sat Dec 06 04:58:28 EST 2014 , 4 , 2 , 2 , 454296 : { BUY 7982.45@0.80470892} 454293 : { BUY 7982.45@0.80470892} 454290 : { SELL 16931.39@0.8079342} 454288 : { SELL 16931.39@0.8079342} 
Sat Dec 06 05:01:29 EST 2014 , 4 , 2 , 2 , 454296 : { BUY 7982.45@0.80470892} 454293 : { BUY 7982.45@0.80470892} 454290 : { SELL 16931.39@0.8079342} 454288 : { SELL 16931.39@0.8079342} 
Sat Dec 06 05:04:30 EST 2014 , 4 , 2 , 2 , 454296 : { BUY 7982.45@0.80470892} 454293 : { BUY 7982.45@0.80470892} 454290 : { SELL 16931.39@0.8079342} 454288 : { SELL 16931.39@0.8079342} 
Sat Dec 06 05:07:31 EST 2014 , 4 , 2 , 2 , 454296 : { BUY 7982.45@0.80470892} 454293 : { BUY 7982.45@0.80470892} 454290 : { SELL 16931.39@0.8079342} 454288 : { SELL 16931.39@0.8079342} 
Sat Dec 06 05:10:32 EST 2014 , 4 , 2 , 2 , 454296 : { BUY 7982.45@0.80470892} 454293 : { BUY 7982.45@0.80470892} 454290 : { SELL 16931.39@0.8079342} 454288 : { SELL 16931.39@0.8079342} 
Sat Dec 06 05:13:33 EST 2014 , 4 , 2 , 2 , 454296 : { BUY 7982.45@0.80470892} 454293 : { BUY 7982.45@0.80470892} 454290 : { SELL 16931.39@0.8079342} 454288 : { SELL 16931.39@0.8079342} 
Sat Dec 06 05:16:34 EST 2014 , 4 , 2 , 2 , 454296 : { BUY 7982.45@0.80470892} 454293 : { BUY 7982.45@0.80470892} 454290 : { SELL 16931.39@0.8079342} 454288 : { SELL 16931.39@0.8079342} 
Sat Dec 06 05:19:35 EST 2014 , 4 , 2 , 2 , 454296 : { BUY 7982.45@0.80470892} 454293 : { BUY 7982.45@0.80470892} 454290 : { SELL 16931.39@0.8079342} 454288 : { SELL 16931.39@0.8079342} 
Sat Dec 06 05:22:36 EST 2014 , 4 , 2 , 2 , 454296 : { BUY 7982.45@0.80470892} 454293 : { BUY 7982.45@0.80470892} 454290 : { SELL 16931.39@0.8079342} 454288 : { SELL 16931.39@0.8079342} 
Sat Dec 06 05:25:37 EST 2014 , 4 , 2 , 2 , 454296 : { BUY 7982.45@0.80470892} 454293 : { BUY 7982.45@0.80470892} 454290 : { SELL 16931.39@0.8079342} 454288 : { SELL 16931.39@0.8079342} 
Sat Dec 06 05:28:38 EST 2014 , 4 , 2 , 2 , 454296 : { BUY 7982.45@0.80470892} 454293 : { BUY 7982.45@0.80470892} 454290 : { SELL 16931.39@0.8079342} 454288 : { SELL 16931.39@0.8079342} 
Sat Dec 06 05:31:40 EST 2014 , 4 , 2 , 2 , 454296 : { BUY 7982.45@0.80470892} 454293 : { BUY 7982.45@0.80470892} 454290 : { SELL 16931.39@0.8079342} 454288 : { SELL 16931.39@0.8079342} 
Sat Dec 06 05:34:40 EST 2014 , 4 , 2 , 2 , 454296 : { BUY 7982.45@0.80470892} 454293 : { BUY 7982.45@0.80470892} 454290 : { SELL 16931.39@0.8079342} 454288 : { SELL 16931.39@0.8079342} 
Sat Dec 06 05:37:41 EST 2014 , 4 , 2 , 2 , 454296 : { BUY 7982.45@0.80470892} 454293 : { BUY 7982.45@0.80470892} 454290 : { SELL 16931.39@0.8079342} 454288 : { SELL 16931.39@0.8079342} 
Sat Dec 06 05:40:42 EST 2014 , 4 , 2 , 2 , 454296 : { BUY 7982.45@0.80470892} 454293 : { BUY 7982.45@0.80470892} 454290 : { SELL 16931.39@0.8079342} 454288 : { SELL 16931.39@0.8079342} 
Sat Dec 06 05:43:43 EST 2014 , 4 , 2 , 2 , 454296 : { BUY 7982.45@0.80470892} 454293 : { BUY 7982.45@0.80470892} 454290 : { SELL 16931.39@0.8079342} 454288 : { SELL 16931.39@0.8079342} 
Sat Dec 06 05:46:44 EST 2014 , 4 , 2 , 2 , 454296 : { BUY 7982.45@0.80470892} 454293 : { BUY 7982.45@0.80470892} 454290 : { SELL 16931.39@0.8079342} 454288 : { SELL 16931.39@0.8079342} 
Sat Dec 06 05:49:45 EST 2014 , 4 , 2 , 2 , 454296 : { BUY 7982.45@0.80470892} 454293 : { BUY 7982.45@0.80470892} 454290 : { SELL 16931.39@0.8079342} 454288 : { SELL 16931.39@0.8079342} 
Sat Dec 06 05:52:46 EST 2014 , 4 , 2 , 2 , 454296 : { BUY 7982.45@0.80470892} 454293 : { BUY 7982.45@0.80470892} 454290 : { SELL 16931.39@0.8079342} 454288 : { SELL 16931.39@0.8079342} 
Sat Dec 06 05:55:47 EST 2014 , 4 , 2 , 2 , 454296 : { BUY 7982.45@0.80470892} 454293 : { BUY 7982.45@0.80470892} 454290 : { SELL 16931.39@0.8079342} 454288 : { SELL 16931.39@0.8079342} 
Sat Dec 06 05:58:48 EST 2014 , 4 , 2 , 2 , 454296 : { BUY 7982.45@0.80470892} 454293 : { BUY 7982.45@0.80470892} 454290 : { SELL 16931.39@0.8079342} 454288 : { SELL 16931.39@0.8079342} 
Sat Dec 06 06:01:49 EST 2014 , 4 , 2 , 2 , 454296 : { BUY 7982.45@0.80470892} 454293 : { BUY 7982.45@0.80470892} 454290 : { SELL 16931.39@0.8079342} 454288 : { SELL 16931.39@0.8079342} 
Sat Dec 06 06:04:50 EST 2014 , 4 , 2 , 2 , 454296 : { BUY 7982.45@0.80470892} 454293 : { BUY 7982.45@0.80470892} 454290 : { SELL 16931.39@0.8079342} 454288 : { SELL 16931.39@0.8079342} 
Sat Dec 06 06:07:51 EST 2014 , 4 , 2 , 2 , 454296 : { BUY 7982.45@0.80470892} 454293 : { BUY 7982.45@0.80470892} 454290 : { SELL 16931.39@0.8079342} 454288 : { SELL 16931.39@0.8079342} 
Sat Dec 06 06:10:52 EST 2014 , 4 , 2 , 2 , 454296 : { BUY 7982.45@0.80470892} 454293 : { BUY 7982.45@0.80470892} 454290 : { SELL 16931.39@0.8079342} 454288 : { SELL 16931.39@0.8079342} 
Sat Dec 06 06:13:53 EST 2014 , 4 , 2 , 2 , 454296 : { BUY 7982.45@0.80470892} 454293 : { BUY 7982.45@0.80470892} 454290 : { SELL 16931.39@0.8079342} 454288 : { SELL 16931.39@0.8079342} 
Sat Dec 06 06:16:54 EST 2014 , 4 , 2 , 2 , 454296 : { BUY 7982.45@0.80470892} 454293 : { BUY 7982.45@0.80470892} 454290 : { SELL 16931.39@0.8079342} 454288 : { SELL 16931.39@0.8079342} 
Sat Dec 06 06:19:55 EST 2014 , 4 , 2 , 2 , 454296 : { BUY 7982.45@0.80470892} 454293 : { BUY 7982.45@0.80470892} 454290 : { SELL 16931.39@0.8079342} 454288 : { SELL 16931.39@0.8079342} 
Sat Dec 06 06:22:56 EST 2014 , 4 , 2 , 2 , 454296 : { BUY 7982.45@0.80470892} 454293 : { BUY 7982.45@0.80470892} 454290 : { SELL 16931.39@0.8079342} 454288 : { SELL 16931.39@0.8079342} 
Sat Dec 06 06:25:57 EST 2014 , 4 , 2 , 2 , 454296 : { BUY 7982.45@0.80470892} 454293 : { BUY 7982.45@0.80470892} 454290 : { SELL 16931.39@0.8079342} 454288 : { SELL 16931.39@0.8079342} 
Sat Dec 06 06:28:58 EST 2014 , 4 , 2 , 2 , 454296 : { BUY 7982.45@0.80470892} 454293 : { BUY 7982.45@0.80470892} 454290 : { SELL 16931.39@0.8079342} 454288 : { SELL 16931.39@0.8079342} 
Sat Dec 06 06:31:59 EST 2014 , 4 , 2 , 2 , 454296 : { BUY 7982.45@0.80470892} 454293 : { BUY 7982.45@0.80470892} 454290 : { SELL 16931.39@0.8079342} 454288 : { SELL 16931.39@0.8079342} 
Sat Dec 06 06:35:00 EST 2014 , 4 , 2 , 2 , 454296 : { BUY 7982.45@0.80470892} 454293 : { BUY 7982.45@0.80470892} 454290 : { SELL 16931.39@0.8079342} 454288 : { SELL 16931.39@0.8079342} 
Sat Dec 06 06:38:01 EST 2014 , 4 , 2 , 2 , 454296 : { BUY 7982.45@0.80470892} 454293 : { BUY 7982.45@0.80470892} 454290 : { SELL 16931.39@0.8079342} 454288 : { SELL 16931.39@0.8079342} 
Sat Dec 06 06:41:02 EST 2014 , 4 , 2 , 2 , 454296 : { BUY 7982.45@0.80470892} 454293 : { BUY 7982.45@0.80470892} 454290 : { SELL 16931.39@0.8079342} 454288 : { SELL 16931.39@0.8079342} 
Sat Dec 06 06:44:03 EST 2014 , 4 , 2 , 2 , 454296 : { BUY 7982.45@0.80470892} 454293 : { BUY 7982.45@0.80470892} 454290 : { SELL 16931.39@0.8079342} 454288 : { SELL 16931.39@0.8079342} 
Sat Dec 06 06:47:04 EST 2014 , 4 , 2 , 2 , 454296 : { BUY 7982.45@0.80470892} 454293 : { BUY 7982.45@0.80470892} 454290 : { SELL 16931.39@0.8079342} 454288 : { SELL 16931.39@0.8079342} 
Sat Dec 06 06:50:05 EST 2014 , 4 , 2 , 2 , 454296 : { BUY 7982.45@0.80470892} 454293 : { BUY 7982.45@0.80470892} 454290 : { SELL 16931.39@0.8079342} 454288 : { SELL 16931.39@0.8079342} 
Sat Dec 06 06:53:06 EST 2014 , 4 , 2 , 2 , 454296 : { BUY 7982.45@0.80470892} 454293 : { BUY 7982.45@0.80470892} 454290 : { SELL 16931.39@0.8079342} 454288 : { SELL 16931.39@0.8079342} 
Sat Dec 06 06:56:07 EST 2014 , 4 , 2 , 2 , 454296 : { BUY 7982.45@0.80470892} 454293 : { BUY 7982.45@0.80470892} 454290 : { SELL 16931.39@0.8079342} 454288 : { SELL 16931.39@0.8079342} 
Sat Dec 06 06:59:08 EST 2014 , 4 , 2 , 2 , 454296 : { BUY 7982.45@0.80470892} 454293 : { BUY 7982.45@0.80470892} 454290 : { SELL 16931.39@0.8079342} 454288 : { SELL 16931.39@0.8079342} 
Sat Dec 06 07:02:09 EST 2014 , 4 , 2 , 2 , 454296 : { BUY 7982.45@0.80470892} 454293 : { BUY 7982.45@0.80470892} 454290 : { SELL 16931.39@0.8079342} 454288 : { SELL 16931.39@0.8079342} 
Sat Dec 06 07:05:10 EST 2014 , 4 , 2 , 2 , 454296 : { BUY 7982.45@0.80470892} 454293 : { BUY 7982.45@0.80470892} 454290 : { SELL 16931.39@0.8079342} 454288 : { SELL 16931.39@0.8079342} 
Sat Dec 06 07:08:11 EST 2014 , 4 , 2 , 2 , 454296 : { BUY 7982.45@0.80470892} 454293 : { BUY 7982.45@0.80470892} 454290 : { SELL 16931.39@0.8079342} 454288 : { SELL 16931.39@0.8079342} 
Sat Dec 06 07:11:12 EST 2014 , 4 , 2 , 2 , 454296 : { BUY 7982.45@0.80470892} 454293 : { BUY 7982.45@0.80470892} 454290 : { SELL 16931.39@0.8079342} 454288 : { SELL 16931.39@0.8079342} 
Sat Dec 06 07:14:13 EST 2014 , 4 , 2 , 2 , 454296 : { BUY 7982.45@0.80470892} 454293 : { BUY 7982.45@0.80470892} 454290 : { SELL 16931.39@0.8079342} 454288 : { SELL 16931.39@0.8079342} 
Sat Dec 06 07:17:14 EST 2014 , 4 , 2 , 2 , 454296 : { BUY 7982.45@0.80470892} 454293 : { BUY 7982.45@0.80470892} 454290 : { SELL 16931.39@0.8079342} 454288 : { SELL 16931.39@0.8079342} 
Sat Dec 06 07:20:15 EST 2014 , 4 , 2 , 2 , 454296 : { BUY 7982.45@0.80470892} 454293 : { BUY 7982.45@0.80470892} 454290 : { SELL 16931.39@0.8079342} 454288 : { SELL 16931.39@0.8079342} 
Sat Dec 06 07:23:16 EST 2014 , 4 , 2 , 2 , 454296 : { BUY 7982.45@0.80470892} 454293 : { BUY 7982.45@0.80470892} 454290 : { SELL 16931.39@0.8079342} 454288 : { SELL 16931.39@0.8079342} 
Sat Dec 06 07:26:17 EST 2014 , 4 , 2 , 2 , 454296 : { BUY 7982.45@0.80470892} 454293 : { BUY 7982.45@0.80470892} 454290 : { SELL 16931.39@0.8079342} 454288 : { SELL 16931.39@0.8079342} 
Sat Dec 06 07:29:18 EST 2014 , 4 , 2 , 2 , 454296 : { BUY 7982.45@0.80470892} 454293 : { BUY 7982.45@0.80470892} 454290 : { SELL 16931.39@0.8079342} 454288 : { SELL 16931.39@0.8079342} 
Sat Dec 06 07:32:19 EST 2014 , 4 , 2 , 2 , 454296 : { BUY 7982.45@0.80470892} 454293 : { BUY 7982.45@0.80470892} 454290 : { SELL 16931.39@0.8079342} 454288 : { SELL 16931.39@0.8079342} 
Sat Dec 06 07:35:20 EST 2014 , 4 , 2 , 2 , 454296 : { BUY 7982.45@0.80470892} 454293 : { BUY 7982.45@0.80470892} 454290 : { SELL 16931.39@0.8079342} 454288 : { SELL 16931.39@0.8079342} 
Sat Dec 06 07:38:21 EST 2014 , 4 , 2 , 2 , 454296 : { BUY 7982.45@0.80470892} 454293 : { BUY 7982.45@0.80470892} 454290 : { SELL 16931.39@0.8079342} 454288 : { SELL 16931.39@0.8079342} 
Sat Dec 06 07:41:22 EST 2014 , 4 , 2 , 2 , 454296 : { BUY 7982.45@0.80470892} 454293 : { BUY 7982.45@0.80470892} 454290 : { SELL 16931.39@0.8079342} 454288 : { SELL 16931.39@0.8079342} 
Sat Dec 06 07:44:23 EST 2014 , 4 , 2 , 2 , 454296 : { BUY 7982.45@0.80470892} 454293 : { BUY 7982.45@0.80470892} 454290 : { SELL 16931.39@0.8079342} 454288 : { SELL 16931.39@0.8079342} 
Sat Dec 06 07:47:24 EST 2014 , 4 , 2 , 2 , 454296 : { BUY 7982.45@0.80470892} 454293 : { BUY 7982.45@0.80470892} 454290 : { SELL 16931.39@0.8079342} 454288 : { SELL 16931.39@0.8079342} 
Sat Dec 06 07:50:25 EST 2014 , 4 , 2 , 2 , 454296 : { BUY 7982.45@0.80470892} 454293 : { BUY 7982.45@0.80470892} 454290 : { SELL 16931.39@0.8079342} 454288 : { SELL 16931.39@0.8079342} 
Sat Dec 06 07:53:26 EST 2014 , 4 , 2 , 2 , 454296 : { BUY 7982.45@0.80470892} 454293 : { BUY 7982.45@0.80470892} 454290 : { SELL 16931.39@0.8079342} 454288 : { SELL 16931.39@0.8079342} 
Sat Dec 06 07:56:27 EST 2014 , 4 , 2 , 2 , 454296 : { BUY 7982.45@0.80470892} 454293 : { BUY 7982.45@0.80470892} 454290 : { SELL 16931.39@0.8079342} 454288 : { SELL 16931.39@0.8079342} 
Sat Dec 06 07:59:28 EST 2014 , 4 , 2 , 2 , 454296 : { BUY 7982.45@0.80470892} 454293 : { BUY 7982.45@0.80470892} 454290 : { SELL 16931.39@0.8079342} 454288 : { SELL 16931.39@0.8079342} 
Sat Dec 06 08:02:29 EST 2014 , 4 , 2 , 2 , 454296 : { BUY 7982.45@0.80470892} 454293 : { BUY 7982.45@0.80470892} 454290 : { SELL 16931.39@0.8079342} 454288 : { SELL 16931.39@0.8079342} 
Sat Dec 06 08:05:30 EST 2014 , 4 , 2 , 2 , 454296 : { BUY 7982.45@0.80470892} 454293 : { BUY 7982.45@0.80470892} 454290 : { SELL 16931.39@0.8079342} 454288 : { SELL 16931.39@0.8079342} 
Sat Dec 06 08:08:31 EST 2014 , 4 , 2 , 2 , 454296 : { BUY 7982.45@0.80470892} 454293 : { BUY 7982.45@0.80470892} 454290 : { SELL 16931.39@0.8079342} 454288 : { SELL 16931.39@0.8079342} 
Sat Dec 06 08:11:32 EST 2014 , 4 , 2 , 2 , 454296 : { BUY 7982.45@0.80470892} 454293 : { BUY 7982.45@0.80470892} 454290 : { SELL 16931.39@0.8079342} 454288 : { SELL 16931.39@0.8079342} 
Sat Dec 06 08:14:33 EST 2014 , 4 , 2 , 2 , 454296 : { BUY 7982.45@0.80470892} 454293 : { BUY 7982.45@0.80470892} 454290 : { SELL 16931.39@0.8079342} 454288 : { SELL 16931.39@0.8079342} 
Sat Dec 06 08:17:34 EST 2014 , 4 , 2 , 2 , 454296 : { BUY 7982.45@0.80470892} 454293 : { BUY 7982.45@0.80470892} 454290 : { SELL 16931.39@0.8079342} 454288 : { SELL 16931.39@0.8079342} 
Sat Dec 06 08:20:35 EST 2014 , 4 , 2 , 2 , 454296 : { BUY 7982.45@0.80470892} 454293 : { BUY 7982.45@0.80470892} 454290 : { SELL 16931.39@0.8079342} 454288 : { SELL 16931.39@0.8079342} 
Sat Dec 06 08:23:36 EST 2014 , 4 , 2 , 2 , 454296 : { BUY 7982.45@0.80470892} 454293 : { BUY 7982.45@0.80470892} 454290 : { SELL 16931.39@0.8079342} 454288 : { SELL 16931.39@0.8079342} 
Sat Dec 06 08:26:37 EST 2014 , 4 , 2 , 2 , 454296 : { BUY 7982.45@0.80470892} 454293 : { BUY 7982.45@0.80470892} 454290 : { SELL 16931.39@0.8079342} 454288 : { SELL 16931.39@0.8079342} 
Sat Dec 06 08:29:38 EST 2014 , 4 , 2 , 2 , 454296 : { BUY 7982.45@0.80470892} 454293 : { BUY 7982.45@0.80470892} 454290 : { SELL 16931.39@0.8079342} 454288 : { SELL 16931.39@0.8079342} 
Sat Dec 06 08:32:39 EST 2014 , 4 , 2 , 2 , 454296 : { BUY 7982.45@0.80470892} 454293 : { BUY 7982.45@0.80470892} 454290 : { SELL 16931.39@0.8079342} 454288 : { SELL 16931.39@0.8079342} 
Sat Dec 06 08:35:40 EST 2014 , 4 , 2 , 2 , 454296 : { BUY 7982.45@0.80470892} 454293 : { BUY 7982.45@0.80470892} 454290 : { SELL 16931.39@0.8079342} 454288 : { SELL 16931.39@0.8079342} 
Sat Dec 06 08:38:41 EST 2014 , 4 , 2 , 2 , 454296 : { BUY 7982.45@0.80470892} 454293 : { BUY 7982.45@0.80470892} 454290 : { SELL 16931.39@0.8079342} 454288 : { SELL 16931.39@0.8079342} 
Sat Dec 06 08:41:42 EST 2014 , 4 , 2 , 2 , 454296 : { BUY 7982.45@0.80470892} 454293 : { BUY 7982.45@0.80470892} 454290 : { SELL 16931.39@0.8079342} 454288 : { SELL 16931.39@0.8079342} 
Sat Dec 06 08:44:43 EST 2014 , 4 , 2 , 2 , 454296 : { BUY 7982.45@0.80470892} 454293 : { BUY 7982.45@0.80470892} 454290 : { SELL 16931.39@0.8079342} 454288 : { SELL 16931.39@0.8079342} 
Sat Dec 06 08:47:44 EST 2014 , 4 , 2 , 2 , 454296 : { BUY 7982.45@0.80470892} 454293 : { BUY 7982.45@0.80470892} 454290 : { SELL 16931.39@0.8079342} 454288 : { SELL 16931.39@0.8079342} 
Sat Dec 06 08:50:45 EST 2014 , 4 , 2 , 2 , 454296 : { BUY 7982.45@0.80470892} 454293 : { BUY 7982.45@0.80470892} 454290 : { SELL 16931.39@0.8079342} 454288 : { SELL 16931.39@0.8079342} 
Sat Dec 06 08:53:46 EST 2014 , 4 , 2 , 2 , 454296 : { BUY 7982.45@0.80470892} 454293 : { BUY 7982.45@0.80470892} 454290 : { SELL 16931.39@0.8079342} 454288 : { SELL 16931.39@0.8079342} 
Sat Dec 06 08:56:47 EST 2014 , 4 , 2 , 2 , 454296 : { BUY 7982.45@0.80470892} 454293 : { BUY 7982.45@0.80470892} 454290 : { SELL 16931.39@0.8079342} 454288 : { SELL 16931.39@0.8079342} 
Sat Dec 06 08:59:48 EST 2014 , 4 , 2 , 2 , 454296 : { BUY 7982.45@0.80470892} 454293 : { BUY 7982.45@0.80470892} 454290 : { SELL 16931.39@0.8079342} 454288 : { SELL 16931.39@0.8079342} 
Sat Dec 06 09:02:49 EST 2014 , 4 , 2 , 2 , 454296 : { BUY 7982.45@0.80470892} 454293 : { BUY 7982.45@0.80470892} 454290 : { SELL 16931.39@0.8079342} 454288 : { SELL 16931.39@0.8079342} 
Sat Dec 06 09:05:50 EST 2014 , 4 , 2 , 2 , 454296 : { BUY 7982.45@0.80470892} 454293 : { BUY 7982.45@0.80470892} 454290 : { SELL 16931.39@0.8079342} 454288 : { SELL 16931.39@0.8079342} 
Sat Dec 06 09:08:51 EST 2014 , 4 , 2 , 2 , 454296 : { BUY 7982.45@0.80470892} 454293 : { BUY 7982.45@0.80470892} 454290 : { SELL 16931.39@0.8079342} 454288 : { SELL 16931.39@0.8079342} 
Sat Dec 06 09:11:52 EST 2014 , 4 , 2 , 2 , 454296 : { BUY 7982.45@0.80470892} 454293 : { BUY 7982.45@0.80470892} 454290 : { SELL 16931.39@0.8079342} 454288 : { SELL 16931.39@0.8079342} 
Sat Dec 06 09:14:53 EST 2014 , 4 , 2 , 2 , 454296 : { BUY 7982.45@0.80470892} 454293 : { BUY 7982.45@0.80470892} 454290 : { SELL 16931.39@0.8079342} 454288 : { SELL 16931.39@0.8079342} 
Sat Dec 06 09:17:54 EST 2014 , 4 , 2 , 2 , 454296 : { BUY 7982.45@0.80470892} 454293 : { BUY 7982.45@0.80470892} 454290 : { SELL 16931.39@0.8079342} 454288 : { SELL 16931.39@0.8079342} 
Sat Dec 06 09:20:55 EST 2014 , 4 , 2 , 2 , 454296 : { BUY 7982.45@0.80470892} 454293 : { BUY 7982.45@0.80470892} 454290 : { SELL 16931.39@0.8079342} 454288 : { SELL 16931.39@0.8079342} 
Sat Dec 06 09:23:56 EST 2014 , 4 , 2 , 2 , 454296 : { BUY 7982.45@0.80470892} 454293 : { BUY 7982.45@0.80470892} 454290 : { SELL 16931.39@0.8079342} 454288 : { SELL 16931.39@0.8079342} 
Sat Dec 06 09:26:57 EST 2014 , 4 , 2 , 2 , 454296 : { BUY 7982.45@0.80470892} 454293 : { BUY 7982.45@0.80470892} 454290 : { SELL 16931.39@0.8079342} 454288 : { SELL 16931.39@0.8079342} 
Sat Dec 06 09:29:58 EST 2014 , 4 , 2 , 2 , 454296 : { BUY 7982.45@0.80470892} 454293 : { BUY 7982.45@0.80470892} 454290 : { SELL 16931.39@0.8079342} 454288 : { SELL 16931.39@0.8079342} 
Sat Dec 06 09:32:59 EST 2014 , 4 , 2 , 2 , 454296 : { BUY 7982.45@0.80470892} 454293 : { BUY 7982.45@0.80470892} 454290 : { SELL 16931.39@0.8079342} 454288 : { SELL 16931.39@0.8079342} 
Sat Dec 06 09:36:00 EST 2014 , 4 , 2 , 2 , 454296 : { BUY 7982.45@0.80470892} 454293 : { BUY 7982.45@0.80470892} 454290 : { SELL 16931.39@0.8079342} 454288 : { SELL 16931.39@0.8079342} 
Sat Dec 06 09:39:01 EST 2014 , 4 , 2 , 2 , 454296 : { BUY 7982.45@0.80470892} 454293 : { BUY 7982.45@0.80470892} 454290 : { SELL 16931.39@0.8079342} 454288 : { SELL 16931.39@0.8079342} 
Sat Dec 06 09:42:02 EST 2014 , 4 , 2 , 2 , 454296 : { BUY 7982.45@0.80470892} 454293 : { BUY 7982.45@0.80470892} 454290 : { SELL 16931.39@0.8079342} 454288 : { SELL 16931.39@0.8079342} 
Sat Dec 06 09:45:03 EST 2014 , 4 , 2 , 2 , 454296 : { BUY 7982.45@0.80470892} 454293 : { BUY 7982.45@0.80470892} 454290 : { SELL 16931.39@0.8079342} 454288 : { SELL 16931.39@0.8079342} 
Sat Dec 06 09:48:04 EST 2014 , 4 , 2 , 2 , 454296 : { BUY 7982.45@0.80470892} 454293 : { BUY 7982.45@0.80470892} 454290 : { SELL 16931.39@0.8079342} 454288 : { SELL 16931.39@0.8079342} 
Sat Dec 06 09:51:05 EST 2014 , 4 , 2 , 2 , 454296 : { BUY 7982.45@0.80470892} 454293 : { BUY 7982.45@0.80470892} 454290 : { SELL 16931.39@0.8079342} 454288 : { SELL 16931.39@0.8079342} 
Sat Dec 06 09:54:06 EST 2014 , 4 , 2 , 2 , 454296 : { BUY 7982.45@0.80470892} 454293 : { BUY 7982.45@0.80470892} 454290 : { SELL 16931.39@0.8079342} 454288 : { SELL 16931.39@0.8079342} 
Sat Dec 06 09:57:07 EST 2014 , 4 , 2 , 2 , 454296 : { BUY 7982.45@0.80470892} 454293 : { BUY 7982.45@0.80470892} 454290 : { SELL 16931.39@0.8079342} 454288 : { SELL 16931.39@0.8079342} 
Sat Dec 06 10:00:08 EST 2014 , 4 , 2 , 2 , 454296 : { BUY 7982.45@0.80470892} 454293 : { BUY 7982.45@0.80470892} 454290 : { SELL 16931.39@0.8079342} 454288 : { SELL 16931.39@0.8079342} 
Sat Dec 06 10:03:09 EST 2014 , 4 , 2 , 2 , 454296 : { BUY 7982.45@0.80470892} 454293 : { BUY 7982.45@0.80470892} 454290 : { SELL 16931.39@0.8079342} 454288 : { SELL 16931.39@0.8079342} 
Sat Dec 06 10:06:10 EST 2014 , 4 , 2 , 2 , 454296 : { BUY 7982.45@0.80470892} 454293 : { BUY 7982.45@0.80470892} 454290 : { SELL 16931.39@0.8079342} 454288 : { SELL 16931.39@0.8079342} 
Sat Dec 06 10:09:11 EST 2014 , 4 , 2 , 2 , 454296 : { BUY 7982.45@0.80470892} 454293 : { BUY 7982.45@0.80470892} 454290 : { SELL 16931.39@0.8079342} 454288 : { SELL 16931.39@0.8079342} 
Sat Dec 06 10:12:12 EST 2014 , 4 , 2 , 2 , 454296 : { BUY 7982.45@0.80470892} 454293 : { BUY 7982.45@0.80470892} 454290 : { SELL 16931.39@0.8079342} 454288 : { SELL 16931.39@0.8079342} 
Sat Dec 06 10:15:13 EST 2014 , 4 , 2 , 2 , 454296 : { BUY 7982.45@0.80470892} 454293 : { BUY 7982.45@0.80470892} 454290 : { SELL 16931.39@0.8079342} 454288 : { SELL 16931.39@0.8079342} 
Sat Dec 06 10:18:14 EST 2014 , 4 , 2 , 2 , 454296 : { BUY 7982.45@0.80470892} 454293 : { BUY 7982.45@0.80470892} 454290 : { SELL 16931.39@0.8079342} 454288 : { SELL 16931.39@0.8079342} 
Sat Dec 06 10:21:15 EST 2014 , 4 , 2 , 2 , 454296 : { BUY 7982.45@0.80470892} 454293 : { BUY 7982.45@0.80470892} 454290 : { SELL 16931.39@0.8079342} 454288 : { SELL 16931.39@0.8079342} 
Sat Dec 06 10:24:16 EST 2014 , 4 , 2 , 2 , 454296 : { BUY 7982.45@0.80470892} 454293 : { BUY 7982.45@0.80470892} 454290 : { SELL 16931.39@0.8079342} 454288 : { SELL 16931.39@0.8079342} 
Sat Dec 06 10:27:17 EST 2014 , 4 , 2 , 2 , 454296 : { BUY 7982.45@0.80470892} 454293 : { BUY 7982.45@0.80470892} 454290 : { SELL 16931.39@0.8079342} 454288 : { SELL 16931.39@0.8079342} 
Sat Dec 06 10:30:18 EST 2014 , 4 , 2 , 2 , 454296 : { BUY 7982.45@0.80470892} 454293 : { BUY 7982.45@0.80470892} 454290 : { SELL 16931.39@0.8079342} 454288 : { SELL 16931.39@0.8079342} 
Sat Dec 06 10:33:20 EST 2014 , 4 , 2 , 2 , 454296 : { BUY 7982.45@0.80470892} 454293 : { BUY 7982.45@0.80470892} 454290 : { SELL 16931.39@0.8079342} 454288 : { SELL 16931.39@0.8079342} 
Sat Dec 06 10:36:20 EST 2014 , 4 , 2 , 2 , 454296 : { BUY 7982.45@0.80470892} 454293 : { BUY 7982.45@0.80470892} 454290 : { SELL 16931.39@0.8079342} 454288 : { SELL 16931.39@0.8079342} 
Sat Dec 06 10:39:21 EST 2014 , 4 , 2 , 2 , 454296 : { BUY 7982.45@0.80470892} 454293 : { BUY 7982.45@0.80470892} 454290 : { SELL 16931.39@0.8079342} 454288 : { SELL 16931.39@0.8079342} 
Sat Dec 06 10:42:22 EST 2014 , 4 , 2 , 2 , 454296 : { BUY 7982.45@0.80470892} 454293 : { BUY 7982.45@0.80470892} 454290 : { SELL 16931.39@0.8079342} 454288 : { SELL 16931.39@0.8079342} 
Sat Dec 06 10:45:23 EST 2014 , 4 , 2 , 2 , 454296 : { BUY 7982.45@0.80470892} 454293 : { BUY 7982.45@0.80470892} 454290 : { SELL 16931.39@0.8079342} 454288 : { SELL 16931.39@0.8079342} 
Sat Dec 06 10:48:24 EST 2014 , 4 , 2 , 2 , 454296 : { BUY 7982.45@0.80470892} 454293 : { BUY 7982.45@0.80470892} 454290 : { SELL 16931.39@0.8079342} 454288 : { SELL 16931.39@0.8079342} 
Sat Dec 06 10:51:25 EST 2014 , 4 , 2 , 2 , 454296 : { BUY 7982.45@0.80470892} 454293 : { BUY 7982.45@0.80470892} 454290 : { SELL 16931.39@0.8079342} 454288 : { SELL 16931.39@0.8079342} 
Sat Dec 06 10:54:26 EST 2014 , 4 , 2 , 2 , 454296 : { BUY 7982.45@0.80470892} 454293 : { BUY 7982.45@0.80470892} 454290 : { SELL 16931.39@0.8079342} 454288 : { SELL 16931.39@0.8079342} 
Sat Dec 06 10:57:27 EST 2014 , 4 , 2 , 2 , 454296 : { BUY 7982.45@0.80470892} 454293 : { BUY 7982.45@0.80470892} 454290 : { SELL 16931.39@0.8079342} 454288 : { SELL 16931.39@0.8079342} 
Sat Dec 06 11:00:28 EST 2014 , 4 , 2 , 2 , 454296 : { BUY 7982.45@0.80470892} 454293 : { BUY 7982.45@0.80470892} 454290 : { SELL 16931.39@0.8079342} 454288 : { SELL 16931.39@0.8079342} 
Sat Dec 06 11:03:29 EST 2014 , 4 , 2 , 2 , 454296 : { BUY 7982.45@0.80470892} 454293 : { BUY 7982.45@0.80470892} 454290 : { SELL 16931.39@0.8079342} 454288 : { SELL 16931.39@0.8079342} 
Sat Dec 06 11:06:30 EST 2014 , 4 , 2 , 2 , 454296 : { BUY 7982.45@0.80470892} 454293 : { BUY 7982.45@0.80470892} 454290 : { SELL 16931.39@0.8079342} 454288 : { SELL 16931.39@0.8079342} 
Sat Dec 06 11:09:31 EST 2014 , 4 , 2 , 2 , 454296 : { BUY 7982.45@0.80470892} 454293 : { BUY 7982.45@0.80470892} 454290 : { SELL 16931.39@0.8079342} 454288 : { SELL 16931.39@0.8079342} 
Sat Dec 06 11:12:32 EST 2014 , 4 , 2 , 2 , 454296 : { BUY 7982.45@0.80470892} 454293 : { BUY 7982.45@0.80470892} 454290 : { SELL 16931.39@0.8079342} 454288 : { SELL 16931.39@0.8079342} 
Sat Dec 06 11:15:33 EST 2014 , 4 , 2 , 2 , 454296 : { BUY 7982.45@0.80470892} 454293 : { BUY 7982.45@0.80470892} 454290 : { SELL 16931.39@0.8079342} 454288 : { SELL 16931.39@0.8079342} 
Sat Dec 06 11:18:34 EST 2014 , 4 , 2 , 2 , 454296 : { BUY 7982.45@0.80470892} 454293 : { BUY 7982.45@0.80470892} 454290 : { SELL 16931.39@0.8079342} 454288 : { SELL 16931.39@0.8079342} 
Sat Dec 06 11:21:35 EST 2014 , 4 , 2 , 2 , 454296 : { BUY 7982.45@0.80470892} 454293 : { BUY 7982.45@0.80470892} 454290 : { SELL 16931.39@0.8079342} 454288 : { SELL 16931.39@0.8079342} 
Sat Dec 06 11:24:37 EST 2014 , 4 , 2 , 2 , 454296 : { BUY 7982.45@0.80470892} 454293 : { BUY 7982.45@0.80470892} 454290 : { SELL 16931.39@0.8079342} 454288 : { SELL 16931.39@0.8079342} 
Sat Dec 06 11:27:37 EST 2014 , 4 , 2 , 2 , 454296 : { BUY 7982.45@0.80470892} 454293 : { BUY 7982.45@0.80470892} 454290 : { SELL 16931.39@0.8079342} 454288 : { SELL 16931.39@0.8079342} 
Sat Dec 06 11:30:38 EST 2014 , 4 , 2 , 2 , 454296 : { BUY 7982.45@0.80470892} 454293 : { BUY 7982.45@0.80470892} 454290 : { SELL 16931.39@0.8079342} 454288 : { SELL 16931.39@0.8079342} 
Sat Dec 06 11:33:39 EST 2014 , 4 , 2 , 2 , 454296 : { BUY 7982.45@0.80470892} 454293 : { BUY 7982.45@0.80470892} 454290 : { SELL 16931.39@0.8079342} 454288 : { SELL 16931.39@0.8079342} 
Sat Dec 06 11:36:40 EST 2014 , 4 , 2 , 2 , 454296 : { BUY 7982.45@0.80470892} 454293 : { BUY 7982.45@0.80470892} 454290 : { SELL 16931.39@0.8079342} 454288 : { SELL 16931.39@0.8079342} 
Sat Dec 06 11:39:41 EST 2014 , 4 , 2 , 2 , 454296 : { BUY 7982.45@0.80470892} 454293 : { BUY 7982.45@0.80470892} 454290 : { SELL 16931.39@0.8079342} 454288 : { SELL 16931.39@0.8079342} 
Sat Dec 06 11:42:42 EST 2014 , 4 , 2 , 2 , 454296 : { BUY 7982.45@0.80470892} 454293 : { BUY 7982.45@0.80470892} 454290 : { SELL 16931.39@0.8079342} 454288 : { SELL 16931.39@0.8079342} 
Sat Dec 06 11:45:43 EST 2014 , 4 , 2 , 2 , 454296 : { BUY 7982.45@0.80470892} 454293 : { BUY 7982.45@0.80470892} 454290 : { SELL 16931.39@0.8079342} 454288 : { SELL 16931.39@0.8079342} 
Sat Dec 06 11:48:44 EST 2014 , 4 , 2 , 2 , 454296 : { BUY 7982.45@0.80470892} 454293 : { BUY 7982.45@0.80470892} 454290 : { SELL 16931.39@0.8079342} 454288 : { SELL 16931.39@0.8079342} 
Sat Dec 06 11:51:45 EST 2014 , 4 , 2 , 2 , 454296 : { BUY 7982.45@0.80470892} 454293 : { BUY 7982.45@0.80470892} 454290 : { SELL 16931.39@0.8079342} 454288 : { SELL 16931.39@0.8079342} 
Sat Dec 06 11:54:46 EST 2014 , 4 , 2 , 2 , 454296 : { BUY 7982.45@0.80470892} 454293 : { BUY 7982.45@0.80470892} 454290 : { SELL 16931.39@0.8079342} 454288 : { SELL 16931.39@0.8079342} 
Sat Dec 06 11:57:47 EST 2014 , 4 , 2 , 2 , 454296 : { BUY 7982.45@0.80470892} 454293 : { BUY 7982.45@0.80470892} 454290 : { SELL 16931.39@0.8079342} 454288 : { SELL 16931.39@0.8079342} 
Sat Dec 06 12:00:48 EST 2014 , 4 , 2 , 2 , 454296 : { BUY 7982.45@0.80470892} 454293 : { BUY 7982.45@0.80470892} 454290 : { SELL 16931.39@0.8079342} 454288 : { SELL 16931.39@0.8079342} 
Sat Dec 06 12:03:49 EST 2014 , 4 , 2 , 2 , 454296 : { BUY 7982.45@0.80470892} 454293 : { BUY 7982.45@0.80470892} 454290 : { SELL 16931.39@0.8079342} 454288 : { SELL 16931.39@0.8079342} 
Sat Dec 06 12:06:50 EST 2014 , 4 , 2 , 2 , 454296 : { BUY 7982.45@0.80470892} 454293 : { BUY 7982.45@0.80470892} 454290 : { SELL 16931.39@0.8079342} 454288 : { SELL 16931.39@0.8079342} 
Sat Dec 06 12:09:51 EST 2014 , 4 , 2 , 2 , 454296 : { BUY 7982.45@0.80470892} 454293 : { BUY 7982.45@0.80470892} 454290 : { SELL 16931.39@0.8079342} 454288 : { SELL 16931.39@0.8079342} 
Sat Dec 06 12:12:52 EST 2014 , 4 , 2 , 2 , 454296 : { BUY 7982.45@0.80470892} 454293 : { BUY 7982.45@0.80470892} 454290 : { SELL 16931.39@0.8079342} 454288 : { SELL 16931.39@0.8079342} 
Sat Dec 06 12:15:53 EST 2014 , 4 , 2 , 2 , 454296 : { BUY 7982.45@0.80470892} 454293 : { BUY 7982.45@0.80470892} 454290 : { SELL 16931.39@0.8079342} 454288 : { SELL 16931.39@0.8079342} 
Sat Dec 06 12:18:54 EST 2014 , 4 , 2 , 2 , 454296 : { BUY 7982.45@0.80470892} 454293 : { BUY 7982.45@0.80470892} 454290 : { SELL 16931.39@0.8079342} 454288 : { SELL 16931.39@0.8079342} 
Sat Dec 06 12:21:55 EST 2014 , 4 , 2 , 2 , 454296 : { BUY 7982.45@0.80470892} 454293 : { BUY 7982.45@0.80470892} 454290 : { SELL 16931.39@0.8079342} 454288 : { SELL 16931.39@0.8079342} 
Sat Dec 06 12:24:56 EST 2014 , 4 , 2 , 2 , 454296 : { BUY 7982.45@0.80470892} 454293 : { BUY 7982.45@0.80470892} 454290 : { SELL 16931.39@0.8079342} 454288 : { SELL 16931.39@0.8079342} 
Sat Dec 06 12:27:57 EST 2014 , 4 , 2 , 2 , 454296 : { BUY 7982.45@0.80470892} 454293 : { BUY 7982.45@0.80470892} 454290 : { SELL 16931.39@0.8079342} 454288 : { SELL 16931.39@0.8079342} 
Sat Dec 06 12:30:58 EST 2014 , 4 , 2 , 2 , 454296 : { BUY 7982.45@0.80470892} 454293 : { BUY 7982.45@0.80470892} 454290 : { SELL 16931.39@0.8079342} 454288 : { SELL 16931.39@0.8079342} 
Sat Dec 06 12:33:59 EST 2014 , 4 , 2 , 2 , 454296 : { BUY 7982.45@0.80470892} 454293 : { BUY 7982.45@0.80470892} 454290 : { SELL 16931.39@0.8079342} 454288 : { SELL 16931.39@0.8079342} 
Sat Dec 06 12:37:00 EST 2014 , 4 , 2 , 2 , 454296 : { BUY 7982.45@0.80470892} 454293 : { BUY 7982.45@0.80470892} 454290 : { SELL 16931.39@0.8079342} 454288 : { SELL 16931.39@0.8079342} 
Sat Dec 06 12:40:01 EST 2014 , 4 , 2 , 2 , 454296 : { BUY 7982.45@0.80470892} 454293 : { BUY 7982.45@0.80470892} 454290 : { SELL 16931.39@0.8079342} 454288 : { SELL 16931.39@0.8079342} 
Sat Dec 06 12:43:02 EST 2014 , 4 , 2 , 2 , 454296 : { BUY 7982.45@0.80470892} 454293 : { BUY 7982.45@0.80470892} 454290 : { SELL 16931.39@0.8079342} 454288 : { SELL 16931.39@0.8079342} 
Sat Dec 06 12:46:03 EST 2014 , 4 , 2 , 2 , 454296 : { BUY 7982.45@0.80470892} 454293 : { BUY 7982.45@0.80470892} 454290 : { SELL 16931.39@0.8079342} 454288 : { SELL 16931.39@0.8079342} 
Sat Dec 06 12:49:04 EST 2014 , 4 , 2 , 2 , 454296 : { BUY 7982.45@0.80470892} 454293 : { BUY 7982.45@0.80470892} 454290 : { SELL 16931.39@0.8079342} 454288 : { SELL 16931.39@0.8079342} 
Sat Dec 06 12:52:05 EST 2014 , 4 , 2 , 2 , 454296 : { BUY 7982.45@0.80470892} 454293 : { BUY 7982.45@0.80470892} 454290 : { SELL 16931.39@0.8079342} 454288 : { SELL 16931.39@0.8079342} 
Sat Dec 06 12:55:06 EST 2014 , 4 , 2 , 2 , 454296 : { BUY 7982.45@0.80470892} 454293 : { BUY 7982.45@0.80470892} 454290 : { SELL 16931.39@0.8079342} 454288 : { SELL 16931.39@0.8079342} 
Sat Dec 06 12:58:07 EST 2014 , 4 , 2 , 2 , 454296 : { BUY 7982.45@0.80470892} 454293 : { BUY 7982.45@0.80470892} 454290 : { SELL 16931.39@0.8079342} 454288 : { SELL 16931.39@0.8079342} 
Sat Dec 06 13:01:08 EST 2014 , 4 , 2 , 2 , 454296 : { BUY 7982.45@0.80470892} 454293 : { BUY 7982.45@0.80470892} 454290 : { SELL 16931.39@0.8079342} 454288 : { SELL 16931.39@0.8079342} 
Sat Dec 06 13:04:09 EST 2014 , 4 , 2 , 2 , 454296 : { BUY 7982.45@0.80470892} 454293 : { BUY 7982.45@0.80470892} 454290 : { SELL 16931.39@0.8079342} 454288 : { SELL 16931.39@0.8079342} 
Sat Dec 06 13:07:10 EST 2014 , 4 , 2 , 2 , 454296 : { BUY 7982.45@0.80470892} 454293 : { BUY 7982.45@0.80470892} 454290 : { SELL 16931.39@0.8079342} 454288 : { SELL 16931.39@0.8079342} 
Sat Dec 06 13:10:11 EST 2014 , 4 , 2 , 2 , 454296 : { BUY 7982.45@0.80470892} 454293 : { BUY 7982.45@0.80470892} 454290 : { SELL 16931.39@0.8079342} 454288 : { SELL 16931.39@0.8079342} 
Sat Dec 06 13:13:12 EST 2014 , 4 , 2 , 2 , 454296 : { BUY 7982.45@0.80470892} 454293 : { BUY 7982.45@0.80470892} 454290 : { SELL 16931.39@0.8079342} 454288 : { SELL 16931.39@0.8079342} 
Sat Dec 06 13:16:13 EST 2014 , 4 , 2 , 2 , 454296 : { BUY 7982.45@0.80470892} 454293 : { BUY 7982.45@0.80470892} 454290 : { SELL 16931.39@0.8079342} 454288 : { SELL 16931.39@0.8079342} 
Sat Dec 06 13:19:14 EST 2014 , 4 , 2 , 2 , 454296 : { BUY 7982.45@0.80470892} 454293 : { BUY 7982.45@0.80470892} 454290 : { SELL 16931.39@0.8079342} 454288 : { SELL 16931.39@0.8079342} 
Sat Dec 06 13:22:15 EST 2014 , 4 , 2 , 2 , 454296 : { BUY 7982.45@0.80470892} 454293 : { BUY 7982.45@0.80470892} 454290 : { SELL 16931.39@0.8079342} 454288 : { SELL 16931.39@0.8079342} 
Sat Dec 06 13:25:16 EST 2014 , 4 , 2 , 2 , 454296 : { BUY 7982.45@0.80470892} 454293 : { BUY 7982.45@0.80470892} 454290 : { SELL 16931.39@0.8079342} 454288 : { SELL 16931.39@0.8079342} 
Sat Dec 06 13:28:17 EST 2014 , 4 , 2 , 2 , 454296 : { BUY 7982.45@0.80470892} 454293 : { BUY 7982.45@0.80470892} 454290 : { SELL 16931.39@0.8079342} 454288 : { SELL 16931.39@0.8079342} 
Sat Dec 06 13:31:18 EST 2014 , 4 , 2 , 2 , 454296 : { BUY 7982.45@0.80470892} 454293 : { BUY 7982.45@0.80470892} 454290 : { SELL 16931.39@0.8079342} 454288 : { SELL 16931.39@0.8079342} 
Sat Dec 06 13:34:19 EST 2014 , 4 , 2 , 2 , 454296 : { BUY 7982.45@0.80470892} 454293 : { BUY 7982.45@0.80470892} 454290 : { SELL 16931.39@0.8079342} 454288 : { SELL 16931.39@0.8079342} 
Sat Dec 06 13:37:20 EST 2014 , 4 , 2 , 2 , 454296 : { BUY 7982.45@0.80470892} 454293 : { BUY 7982.45@0.80470892} 454290 : { SELL 16931.39@0.8079342} 454288 : { SELL 16931.39@0.8079342} 
Sat Dec 06 13:40:21 EST 2014 , 4 , 2 , 2 , 454296 : { BUY 7982.45@0.80470892} 454293 : { BUY 7982.45@0.80470892} 454290 : { SELL 16931.39@0.8079342} 454288 : { SELL 16931.39@0.8079342} 
Sat Dec 06 13:43:22 EST 2014 , 4 , 2 , 2 , 454296 : { BUY 7982.45@0.80470892} 454293 : { BUY 7982.45@0.80470892} 454290 : { SELL 16931.39@0.8079342} 454288 : { SELL 16931.39@0.8079342} 
Sat Dec 06 13:46:23 EST 2014 , 4 , 2 , 2 , 454296 : { BUY 7982.45@0.80470892} 454293 : { BUY 7982.45@0.80470892} 454290 : { SELL 16931.39@0.8079342} 454288 : { SELL 16931.39@0.8079342} 
Sat Dec 06 13:49:24 EST 2014 , 4 , 2 , 2 , 454296 : { BUY 7982.45@0.80470892} 454293 : { BUY 7982.45@0.80470892} 454290 : { SELL 16931.39@0.8079342} 454288 : { SELL 16931.39@0.8079342} 
Sat Dec 06 13:52:25 EST 2014 , 4 , 2 , 2 , 454296 : { BUY 7982.45@0.80470892} 454293 : { BUY 7982.45@0.80470892} 454290 : { SELL 16931.39@0.8079342} 454288 : { SELL 16931.39@0.8079342} 
Sat Dec 06 13:55:26 EST 2014 , 4 , 2 , 2 , 454296 : { BUY 7982.45@0.80470892} 454293 : { BUY 7982.45@0.80470892} 454290 : { SELL 16931.39@0.8079342} 454288 : { SELL 16931.39@0.8079342} 
Sat Dec 06 13:58:27 EST 2014 , 4 , 2 , 2 , 454296 : { BUY 7982.45@0.80470892} 454293 : { BUY 7982.45@0.80470892} 454290 : { SELL 16931.39@0.8079342} 454288 : { SELL 16931.39@0.8079342} 
Sat Dec 06 14:01:28 EST 2014 , 4 , 2 , 2 , 454296 : { BUY 7982.45@0.80470892} 454293 : { BUY 7982.45@0.80470892} 454290 : { SELL 16931.39@0.8079342} 454288 : { SELL 16931.39@0.8079342} 
Sat Dec 06 14:04:29 EST 2014 , 4 , 2 , 2 , 454296 : { BUY 7982.45@0.80470892} 454293 : { BUY 7982.45@0.80470892} 454290 : { SELL 16931.39@0.8079342} 454288 : { SELL 16931.39@0.8079342} 
Sat Dec 06 14:07:30 EST 2014 , 4 , 2 , 2 , 454296 : { BUY 7982.45@0.80470892} 454293 : { BUY 7982.45@0.80470892} 454290 : { SELL 16931.39@0.8079342} 454288 : { SELL 16931.39@0.8079342} 
Sat Dec 06 14:10:31 EST 2014 , 4 , 2 , 2 , 454296 : { BUY 7982.45@0.80470892} 454293 : { BUY 7982.45@0.80470892} 454290 : { SELL 16931.39@0.8079342} 454288 : { SELL 16931.39@0.8079342} 
Sat Dec 06 14:13:32 EST 2014 , 4 , 2 , 2 , 454296 : { BUY 7982.45@0.80470892} 454293 : { BUY 7982.45@0.80470892} 454290 : { SELL 16931.39@0.8079342} 454288 : { SELL 16931.39@0.8079342} 
Sat Dec 06 14:16:33 EST 2014 , 4 , 2 , 2 , 454296 : { BUY 7982.45@0.80470892} 454293 : { BUY 7982.45@0.80470892} 454290 : { SELL 16931.39@0.8079342} 454288 : { SELL 16931.39@0.8079342} 
Sat Dec 06 14:19:34 EST 2014 , 4 , 2 , 2 , 454296 : { BUY 7982.45@0.80470892} 454293 : { BUY 7982.45@0.80470892} 454290 : { SELL 16931.39@0.8079342} 454288 : { SELL 16931.39@0.8079342} 
Sat Dec 06 14:22:35 EST 2014 , 4 , 2 , 2 , 454296 : { BUY 7982.45@0.80470892} 454293 : { BUY 7982.45@0.80470892} 454290 : { SELL 16931.39@0.8079342} 454288 : { SELL 16931.39@0.8079342} 
Sat Dec 06 14:25:36 EST 2014 , 4 , 2 , 2 , 454296 : { BUY 7982.45@0.80470892} 454293 : { BUY 7982.45@0.80470892} 454290 : { SELL 16931.39@0.8079342} 454288 : { SELL 16931.39@0.8079342} 
Sat Dec 06 14:28:37 EST 2014 , 4 , 2 , 2 , 454296 : { BUY 7982.45@0.80470892} 454293 : { BUY 7982.45@0.80470892} 454290 : { SELL 16931.39@0.8079342} 454288 : { SELL 16931.39@0.8079342} 
Sat Dec 06 14:31:38 EST 2014 , 4 , 2 , 2 , 454296 : { BUY 7982.45@0.80470892} 454293 : { BUY 7982.45@0.80470892} 454290 : { SELL 16931.39@0.8079342} 454288 : { SELL 16931.39@0.8079342} 
Sat Dec 06 14:34:39 EST 2014 , 4 , 2 , 2 , 454296 : { BUY 7982.45@0.80470892} 454293 : { BUY 7982.45@0.80470892} 454290 : { SELL 16931.39@0.8079342} 454288 : { SELL 16931.39@0.8079342} 
Sat Dec 06 14:37:40 EST 2014 , 4 , 2 , 2 , 454296 : { BUY 7982.45@0.80470892} 454293 : { BUY 7982.45@0.80470892} 454290 : { SELL 16931.39@0.8079342} 454288 : { SELL 16931.39@0.8079342} 
Sat Dec 06 14:40:41 EST 2014 , 4 , 2 , 2 , 454296 : { BUY 7982.45@0.80470892} 454293 : { BUY 7982.45@0.80470892} 454290 : { SELL 16931.39@0.8079342} 454288 : { SELL 16931.39@0.8079342} 
Sat Dec 06 14:43:42 EST 2014 , 4 , 2 , 2 , 454296 : { BUY 7982.45@0.80470892} 454293 : { BUY 7982.45@0.80470892} 454290 : { SELL 16931.39@0.8079342} 454288 : { SELL 16931.39@0.8079342} 
Sat Dec 06 14:46:43 EST 2014 , 4 , 2 , 2 , 454296 : { BUY 7982.45@0.80470892} 454293 : { BUY 7982.45@0.80470892} 454290 : { SELL 16931.39@0.8079342} 454288 : { SELL 16931.39@0.8079342} 
Sat Dec 06 14:49:44 EST 2014 , 4 , 2 , 2 , 454296 : { BUY 7982.45@0.80470892} 454293 : { BUY 7982.45@0.80470892} 454290 : { SELL 16931.39@0.8079342} 454288 : { SELL 16931.39@0.8079342} 
Sat Dec 06 14:52:45 EST 2014 , 4 , 2 , 2 , 454296 : { BUY 7982.45@0.80470892} 454293 : { BUY 7982.45@0.80470892} 454290 : { SELL 16931.39@0.8079342} 454288 : { SELL 16931.39@0.8079342} 
Sat Dec 06 14:55:46 EST 2014 , 4 , 2 , 2 , 454296 : { BUY 7982.45@0.80470892} 454293 : { BUY 7982.45@0.80470892} 454290 : { SELL 16931.39@0.8079342} 454288 : { SELL 16931.39@0.8079342} 
Sat Dec 06 14:58:47 EST 2014 , 4 , 2 , 2 , 454296 : { BUY 7982.45@0.80470892} 454293 : { BUY 7982.45@0.80470892} 454290 : { SELL 16931.39@0.8079342} 454288 : { SELL 16931.39@0.8079342} 
Sat Dec 06 15:01:48 EST 2014 , 4 , 2 , 2 , 454296 : { BUY 7982.45@0.80470892} 454293 : { BUY 7982.45@0.80470892} 454290 : { SELL 16931.39@0.8079342} 454288 : { SELL 16931.39@0.8079342} 
Sat Dec 06 15:04:49 EST 2014 , 4 , 2 , 2 , 454296 : { BUY 7982.45@0.80470892} 454293 : { BUY 7982.45@0.80470892} 454290 : { SELL 16931.39@0.8079342} 454288 : { SELL 16931.39@0.8079342} 
Sat Dec 06 15:07:50 EST 2014 , 4 , 2 , 2 , 454296 : { BUY 7982.45@0.80470892} 454293 : { BUY 7982.45@0.80470892} 454290 : { SELL 16931.39@0.8079342} 454288 : { SELL 16931.39@0.8079342} 
Sat Dec 06 15:10:51 EST 2014 , 4 , 2 , 2 , 454296 : { BUY 7982.45@0.80470892} 454293 : { BUY 7982.45@0.80470892} 454290 : { SELL 16931.39@0.8079342} 454288 : { SELL 16931.39@0.8079342} 
Sat Dec 06 15:13:52 EST 2014 , 4 , 2 , 2 , 454296 : { BUY 7982.45@0.80470892} 454293 : { BUY 7982.45@0.80470892} 454290 : { SELL 16931.39@0.8079342} 454288 : { SELL 16931.39@0.8079342} 
Sat Dec 06 15:16:53 EST 2014 , 4 , 2 , 2 , 454296 : { BUY 7982.45@0.80470892} 454293 : { BUY 7982.45@0.80470892} 454290 : { SELL 16931.39@0.8079342} 454288 : { SELL 16931.39@0.8079342} 
Sat Dec 06 15:19:54 EST 2014 , 4 , 2 , 2 , 454296 : { BUY 7982.45@0.80470892} 454293 : { BUY 7982.45@0.80470892} 454290 : { SELL 16931.39@0.8079342} 454288 : { SELL 16931.39@0.8079342} 
Sat Dec 06 15:22:55 EST 2014 , 4 , 2 , 2 , 454296 : { BUY 7982.45@0.80470892} 454293 : { BUY 7982.45@0.80470892} 454290 : { SELL 16931.39@0.8079342} 454288 : { SELL 16931.39@0.8079342} 
Sat Dec 06 15:25:56 EST 2014 , 4 , 2 , 2 , 454296 : { BUY 7982.45@0.80470892} 454293 : { BUY 7982.45@0.80470892} 454290 : { SELL 16931.39@0.8079342} 454288 : { SELL 16931.39@0.8079342} 
Sat Dec 06 15:28:57 EST 2014 , 4 , 2 , 2 , 454296 : { BUY 7982.45@0.80470892} 454293 : { BUY 7982.45@0.80470892} 454290 : { SELL 16931.39@0.8079342} 454288 : { SELL 16931.39@0.8079342} 
Sat Dec 06 15:31:58 EST 2014 , 4 , 2 , 2 , 454296 : { BUY 7982.45@0.80470892} 454293 : { BUY 7982.45@0.80470892} 454290 : { SELL 16931.39@0.8079342} 454288 : { SELL 16931.39@0.8079342} 
Sat Dec 06 15:35:00 EST 2014 , 4 , 2 , 2 , 454296 : { BUY 7982.45@0.80470892} 454293 : { BUY 7982.45@0.80470892} 454290 : { SELL 16931.39@0.8079342} 454288 : { SELL 16931.39@0.8079342} 
Sat Dec 06 15:38:00 EST 2014 , 4 , 2 , 2 , 454296 : { BUY 7982.45@0.80470892} 454293 : { BUY 7982.45@0.80470892} 454290 : { SELL 16931.39@0.8079342} 454288 : { SELL 16931.39@0.8079342} 
Sat Dec 06 15:41:01 EST 2014 , 4 , 2 , 2 , 454296 : { BUY 7982.45@0.80470892} 454293 : { BUY 7982.45@0.80470892} 454290 : { SELL 16931.39@0.8079342} 454288 : { SELL 16931.39@0.8079342} 
Sat Dec 06 15:44:02 EST 2014 , 4 , 2 , 2 , 454296 : { BUY 7982.45@0.80470892} 454293 : { BUY 7982.45@0.80470892} 454290 : { SELL 16931.39@0.8079342} 454288 : { SELL 16931.39@0.8079342} 
Sat Dec 06 15:47:03 EST 2014 , 4 , 2 , 2 , 454296 : { BUY 7982.45@0.80470892} 454293 : { BUY 7982.45@0.80470892} 454290 : { SELL 16931.39@0.8079342} 454288 : { SELL 16931.39@0.8079342} 
Sat Dec 06 15:50:04 EST 2014 , 4 , 2 , 2 , 454296 : { BUY 7982.45@0.80470892} 454293 : { BUY 7982.45@0.80470892} 454290 : { SELL 16931.39@0.8079342} 454288 : { SELL 16931.39@0.8079342} 
Sat Dec 06 15:53:05 EST 2014 , 4 , 2 , 2 , 454296 : { BUY 7982.45@0.80470892} 454293 : { BUY 7982.45@0.80470892} 454290 : { SELL 16931.39@0.8079342} 454288 : { SELL 16931.39@0.8079342} 
Sat Dec 06 15:56:06 EST 2014 , 4 , 2 , 2 , 454296 : { BUY 7982.45@0.80470892} 454293 : { BUY 7982.45@0.80470892} 454290 : { SELL 16931.39@0.8079342} 454288 : { SELL 16931.39@0.8079342} 
Sat Dec 06 15:59:07 EST 2014 , 4 , 2 , 2 , 454296 : { BUY 7982.45@0.80470892} 454293 : { BUY 7982.45@0.80470892} 454290 : { SELL 16931.39@0.8079342} 454288 : { SELL 16931.39@0.8079342} 
Sat Dec 06 16:02:08 EST 2014 , 4 , 2 , 2 , 454296 : { BUY 7982.45@0.80470892} 454293 : { BUY 7982.45@0.80470892} 454290 : { SELL 16931.39@0.8079342} 454288 : { SELL 16931.39@0.8079342} 
Sat Dec 06 16:05:09 EST 2014 , 4 , 2 , 2 , 454296 : { BUY 7982.45@0.80470892} 454293 : { BUY 7982.45@0.80470892} 454290 : { SELL 16931.39@0.8079342} 454288 : { SELL 16931.39@0.8079342} 
Sat Dec 06 16:08:10 EST 2014 , 4 , 2 , 2 , 454296 : { BUY 7982.45@0.80470892} 454293 : { BUY 7982.45@0.80470892} 454290 : { SELL 16931.39@0.8079342} 454288 : { SELL 16931.39@0.8079342} 
Sat Dec 06 16:11:11 EST 2014 , 4 , 2 , 2 , 454296 : { BUY 7982.45@0.80470892} 454293 : { BUY 7982.45@0.80470892} 454290 : { SELL 16931.39@0.8079342} 454288 : { SELL 16931.39@0.8079342} 
Sat Dec 06 16:14:12 EST 2014 , 4 , 2 , 2 , 454296 : { BUY 7982.45@0.80470892} 454293 : { BUY 7982.45@0.80470892} 454290 : { SELL 16931.39@0.8079342} 454288 : { SELL 16931.39@0.8079342} 
Sat Dec 06 16:17:13 EST 2014 , 4 , 2 , 2 , 454296 : { BUY 7982.45@0.80470892} 454293 : { BUY 7982.45@0.80470892} 454290 : { SELL 16931.39@0.8079342} 454288 : { SELL 16931.39@0.8079342} 
Sat Dec 06 16:20:14 EST 2014 , 4 , 2 , 2 , 454296 : { BUY 7982.45@0.80470892} 454293 : { BUY 7982.45@0.80470892} 454290 : { SELL 16931.39@0.8079342} 454288 : { SELL 16931.39@0.8079342} 
Sat Dec 06 16:23:15 EST 2014 , 4 , 2 , 2 , 454296 : { BUY 7982.45@0.80470892} 454293 : { BUY 7982.45@0.80470892} 454290 : { SELL 16931.39@0.8079342} 454288 : { SELL 16931.39@0.8079342} 
Sat Dec 06 16:26:16 EST 2014 , 4 , 2 , 2 , 454296 : { BUY 7982.45@0.80470892} 454293 : { BUY 7982.45@0.80470892} 454290 : { SELL 16931.39@0.8079342} 454288 : { SELL 16931.39@0.8079342} 
Sat Dec 06 16:29:17 EST 2014 , 4 , 2 , 2 , 454296 : { BUY 7982.45@0.80470892} 454293 : { BUY 7982.45@0.80470892} 454290 : { SELL 16931.39@0.8079342} 454288 : { SELL 16931.39@0.8079342} 
Sat Dec 06 16:32:18 EST 2014 , 4 , 2 , 2 , 454296 : { BUY 7982.45@0.80470892} 454293 : { BUY 7982.45@0.80470892} 454290 : { SELL 16931.39@0.8079342} 454288 : { SELL 16931.39@0.8079342} 
Sat Dec 06 16:35:19 EST 2014 , 4 , 2 , 2 , 454296 : { BUY 7982.45@0.80470892} 454293 : { BUY 7982.45@0.80470892} 454290 : { SELL 16931.39@0.8079342} 454288 : { SELL 16931.39@0.8079342} 
Sat Dec 06 16:38:20 EST 2014 , 4 , 2 , 2 , 454296 : { BUY 7982.45@0.80470892} 454293 : { BUY 7982.45@0.80470892} 454290 : { SELL 16931.39@0.8079342} 454288 : { SELL 16931.39@0.8079342} 
Sat Dec 06 16:41:21 EST 2014 , 4 , 2 , 2 , 454296 : { BUY 7982.45@0.80470892} 454293 : { BUY 7982.45@0.80470892} 454290 : { SELL 16931.39@0.8079342} 454288 : { SELL 16931.39@0.8079342} 
Sat Dec 06 16:44:22 EST 2014 , 4 , 2 , 2 , 454296 : { BUY 7982.45@0.80470892} 454293 : { BUY 7982.45@0.80470892} 454290 : { SELL 16931.39@0.8079342} 454288 : { SELL 16931.39@0.8079342} 
Sat Dec 06 16:47:23 EST 2014 , 4 , 2 , 2 , 454296 : { BUY 7982.45@0.80470892} 454293 : { BUY 7982.45@0.80470892} 454290 : { SELL 16931.39@0.8079342} 454288 : { SELL 16931.39@0.8079342} 
Sat Dec 06 16:50:24 EST 2014 , 4 , 2 , 2 , 454296 : { BUY 7982.45@0.80470892} 454293 : { BUY 7982.45@0.80470892} 454290 : { SELL 16931.39@0.8079342} 454288 : { SELL 16931.39@0.8079342} 
Sat Dec 06 16:53:25 EST 2014 , 4 , 2 , 2 , 454296 : { BUY 7982.45@0.80470892} 454293 : { BUY 7982.45@0.80470892} 454290 : { SELL 16931.39@0.8079342} 454288 : { SELL 16931.39@0.8079342} 
Sat Dec 06 16:56:26 EST 2014 , 4 , 2 , 2 , 454296 : { BUY 7982.45@0.80470892} 454293 : { BUY 7982.45@0.80470892} 454290 : { SELL 16931.39@0.8079342} 454288 : { SELL 16931.39@0.8079342} 
Sat Dec 06 16:59:27 EST 2014 , 4 , 2 , 2 , 454296 : { BUY 7982.45@0.80470892} 454293 : { BUY 7982.45@0.80470892} 454290 : { SELL 16931.39@0.8079342} 454288 : { SELL 16931.39@0.8079342} 
Sat Dec 06 17:02:28 EST 2014 , 4 , 2 , 2 , 454296 : { BUY 7982.45@0.80470892} 454293 : { BUY 7982.45@0.80470892} 454290 : { SELL 16931.39@0.8079342} 454288 : { SELL 16931.39@0.8079342} 
Sat Dec 06 17:05:29 EST 2014 , 4 , 2 , 2 , 454296 : { BUY 7982.45@0.80470892} 454293 : { BUY 7982.45@0.80470892} 454290 : { SELL 16931.39@0.8079342} 454288 : { SELL 16931.39@0.8079342} 
Sat Dec 06 17:08:30 EST 2014 , 4 , 2 , 2 , 454296 : { BUY 7982.45@0.80470892} 454293 : { BUY 7982.45@0.80470892} 454290 : { SELL 16931.39@0.8079342} 454288 : { SELL 16931.39@0.8079342} 
Sat Dec 06 17:11:31 EST 2014 , 4 , 2 , 2 , 454296 : { BUY 7982.45@0.80470892} 454293 : { BUY 7982.45@0.80470892} 454290 : { SELL 16931.39@0.8079342} 454288 : { SELL 16931.39@0.8079342} 
Sat Dec 06 17:14:32 EST 2014 , 4 , 2 , 2 , 454296 : { BUY 7982.45@0.80470892} 454293 : { BUY 7982.45@0.80470892} 454290 : { SELL 16931.39@0.8079342} 454288 : { SELL 16931.39@0.8079342} 
Sat Dec 06 17:17:33 EST 2014 , 4 , 2 , 2 , 454296 : { BUY 7982.45@0.80470892} 454293 : { BUY 7982.45@0.80470892} 454290 : { SELL 16931.39@0.8079342} 454288 : { SELL 16931.39@0.8079342} 
Sat Dec 06 17:20:34 EST 2014 , 4 , 2 , 2 , 454296 : { BUY 7982.45@0.80470892} 454293 : { BUY 7982.45@0.80470892} 454290 : { SELL 16931.39@0.8079342} 454288 : { SELL 16931.39@0.8079342} 
Sat Dec 06 17:23:35 EST 2014 , 4 , 2 , 2 , 454296 : { BUY 7982.45@0.80470892} 454293 : { BUY 7982.45@0.80470892} 454290 : { SELL 16931.39@0.8079342} 454288 : { SELL 16931.39@0.8079342} 
Sat Dec 06 17:26:36 EST 2014 , 4 , 2 , 2 , 454296 : { BUY 7982.45@0.80470892} 454293 : { BUY 7982.45@0.80470892} 454290 : { SELL 16931.39@0.8079342} 454288 : { SELL 16931.39@0.8079342} 
Sat Dec 06 17:29:37 EST 2014 , 4 , 2 , 2 , 454296 : { BUY 7982.45@0.80470892} 454293 : { BUY 7982.45@0.80470892} 454290 : { SELL 16931.39@0.8079342} 454288 : { SELL 16931.39@0.8079342} 
Sat Dec 06 17:32:38 EST 2014 , 4 , 2 , 2 , 454296 : { BUY 7982.45@0.80470892} 454293 : { BUY 7982.45@0.80470892} 454290 : { SELL 16931.39@0.8079342} 454288 : { SELL 16931.39@0.8079342} 
Sat Dec 06 17:35:39 EST 2014 , 4 , 2 , 2 , 454296 : { BUY 7982.45@0.80470892} 454293 : { BUY 7982.45@0.80470892} 454290 : { SELL 16931.39@0.8079342} 454288 : { SELL 16931.39@0.8079342} 
Sat Dec 06 17:38:40 EST 2014 , 4 , 2 , 2 , 454296 : { BUY 7982.45@0.80470892} 454293 : { BUY 7982.45@0.80470892} 454290 : { SELL 16931.39@0.8079342} 454288 : { SELL 16931.39@0.8079342} 
Sat Dec 06 17:41:41 EST 2014 , 4 , 2 , 2 , 454296 : { BUY 7982.45@0.80470892} 454293 : { BUY 7982.45@0.80470892} 454290 : { SELL 16931.39@0.8079342} 454288 : { SELL 16931.39@0.8079342} 
Sat Dec 06 17:44:42 EST 2014 , 4 , 2 , 2 , 454296 : { BUY 7982.45@0.80470892} 454293 : { BUY 7982.45@0.80470892} 454290 : { SELL 16931.39@0.8079342} 454288 : { SELL 16931.39@0.8079342} 
Sat Dec 06 17:47:44 EST 2014 , 4 , 2 , 2 , 454296 : { BUY 7982.45@0.80470892} 454293 : { BUY 7982.45@0.80470892} 454290 : { SELL 16931.39@0.8079342} 454288 : { SELL 16931.39@0.8079342} 
Sat Dec 06 17:50:44 EST 2014 , 4 , 2 , 2 , 454296 : { BUY 7982.45@0.80470892} 454293 : { BUY 7982.45@0.80470892} 454290 : { SELL 16931.39@0.8079342} 454288 : { SELL 16931.39@0.8079342} 
Sat Dec 06 17:53:45 EST 2014 , 4 , 2 , 2 , 454296 : { BUY 7982.45@0.80470892} 454293 : { BUY 7982.45@0.80470892} 454290 : { SELL 16931.39@0.8079342} 454288 : { SELL 16931.39@0.8079342} 
Sat Dec 06 17:56:46 EST 2014 , 4 , 2 , 2 , 454296 : { BUY 7982.45@0.80470892} 454293 : { BUY 7982.45@0.80470892} 454290 : { SELL 16931.39@0.8079342} 454288 : { SELL 16931.39@0.8079342} 
Sat Dec 06 17:59:47 EST 2014 , 4 , 2 , 2 , 454296 : { BUY 7982.45@0.80470892} 454293 : { BUY 7982.45@0.80470892} 454290 : { SELL 16931.39@0.8079342} 454288 : { SELL 16931.39@0.8079342} 
Sat Dec 06 18:02:48 EST 2014 , 4 , 2 , 2 , 454296 : { BUY 7982.45@0.80470892} 454293 : { BUY 7982.45@0.80470892} 454290 : { SELL 16931.39@0.8079342} 454288 : { SELL 16931.39@0.8079342} 
Sat Dec 06 18:05:49 EST 2014 , 4 , 2 , 2 , 454296 : { BUY 7982.45@0.80470892} 454293 : { BUY 7982.45@0.80470892} 454290 : { SELL 16931.39@0.8079342} 454288 : { SELL 16931.39@0.8079342} 
Sat Dec 06 18:08:50 EST 2014 , 4 , 2 , 2 , 454296 : { BUY 7982.45@0.80470892} 454293 : { BUY 7982.45@0.80470892} 454290 : { SELL 16931.39@0.8079342} 454288 : { SELL 16931.39@0.8079342} 
Sat Dec 06 18:11:51 EST 2014 , 4 , 2 , 2 , 454296 : { BUY 7982.45@0.80470892} 454293 : { BUY 7982.45@0.80470892} 454290 : { SELL 16931.39@0.8079342} 454288 : { SELL 16931.39@0.8079342} 
Sat Dec 06 18:14:52 EST 2014 , 4 , 2 , 2 , 454296 : { BUY 7982.45@0.80470892} 454293 : { BUY 7982.45@0.80470892} 454290 : { SELL 16931.39@0.8079342} 454288 : { SELL 16931.39@0.8079342} 
Sat Dec 06 18:17:53 EST 2014 , 4 , 2 , 2 , 454296 : { BUY 7982.45@0.80470892} 454293 : { BUY 7982.45@0.80470892} 454290 : { SELL 16931.39@0.8079342} 454288 : { SELL 16931.39@0.8079342} 
Sat Dec 06 18:20:54 EST 2014 , 4 , 2 , 2 , 454296 : { BUY 7982.45@0.80470892} 454293 : { BUY 7982.45@0.80470892} 454290 : { SELL 16931.39@0.8079342} 454288 : { SELL 16931.39@0.8079342} 
Sat Dec 06 18:23:55 EST 2014 , 4 , 2 , 2 , 454296 : { BUY 7982.45@0.80470892} 454293 : { BUY 7982.45@0.80470892} 454290 : { SELL 16931.39@0.8079342} 454288 : { SELL 16931.39@0.8079342} 
Sat Dec 06 18:26:56 EST 2014 , 4 , 2 , 2 , 454296 : { BUY 7982.45@0.80470892} 454293 : { BUY 7982.45@0.80470892} 454290 : { SELL 16931.39@0.8079342} 454288 : { SELL 16931.39@0.8079342} 
Sat Dec 06 18:29:57 EST 2014 , 4 , 2 , 2 , 454296 : { BUY 7982.45@0.80470892} 454293 : { BUY 7982.45@0.80470892} 454290 : { SELL 16931.39@0.8079342} 454288 : { SELL 16931.39@0.8079342} 
Sat Dec 06 18:32:58 EST 2014 , 4 , 2 , 2 , 454296 : { BUY 7982.45@0.80470892} 454293 : { BUY 7982.45@0.80470892} 454290 : { SELL 16931.39@0.8079342} 454288 : { SELL 16931.39@0.8079342} 
Sat Dec 06 18:35:59 EST 2014 , 4 , 2 , 2 , 454296 : { BUY 7982.45@0.80470892} 454293 : { BUY 7982.45@0.80470892} 454290 : { SELL 16931.39@0.8079342} 454288 : { SELL 16931.39@0.8079342} 
Sat Dec 06 18:39:00 EST 2014 , 4 , 2 , 2 , 454296 : { BUY 7982.45@0.80470892} 454293 : { BUY 7982.45@0.80470892} 454290 : { SELL 16931.39@0.8079342} 454288 : { SELL 16931.39@0.8079342} 
Sat Dec 06 18:42:01 EST 2014 , 4 , 2 , 2 , 454296 : { BUY 7982.45@0.80470892} 454293 : { BUY 7982.45@0.80470892} 454290 : { SELL 16931.39@0.8079342} 454288 : { SELL 16931.39@0.8079342} 
Sat Dec 06 18:45:02 EST 2014 , 4 , 2 , 2 , 454296 : { BUY 7982.45@0.80470892} 454293 : { BUY 7982.45@0.80470892} 454290 : { SELL 16931.39@0.8079342} 454288 : { SELL 16931.39@0.8079342} 
Sat Dec 06 18:48:03 EST 2014 , 4 , 2 , 2 , 454296 : { BUY 7982.45@0.80470892} 454293 : { BUY 7982.45@0.80470892} 454290 : { SELL 16931.39@0.8079342} 454288 : { SELL 16931.39@0.8079342} 
Sat Dec 06 18:51:04 EST 2014 , 4 , 2 , 2 , 454296 : { BUY 7982.45@0.80470892} 454293 : { BUY 7982.45@0.80470892} 454290 : { SELL 16931.39@0.8079342} 454288 : { SELL 16931.39@0.8079342} 
Sat Dec 06 18:54:05 EST 2014 , 4 , 2 , 2 , 454296 : { BUY 7982.45@0.80470892} 454293 : { BUY 7982.45@0.80470892} 454290 : { SELL 16931.39@0.8079342} 454288 : { SELL 16931.39@0.8079342} 
Sat Dec 06 18:57:06 EST 2014 , 4 , 2 , 2 , 454296 : { BUY 7982.45@0.80470892} 454293 : { BUY 7982.45@0.80470892} 454290 : { SELL 16931.39@0.8079342} 454288 : { SELL 16931.39@0.8079342} 
Sat Dec 06 19:00:07 EST 2014 , 4 , 2 , 2 , 454296 : { BUY 7982.45@0.80470892} 454293 : { BUY 7982.45@0.80470892} 454290 : { SELL 16931.39@0.8079342} 454288 : { SELL 16931.39@0.8079342} 
Sat Dec 06 19:03:08 EST 2014 , 4 , 2 , 2 , 454296 : { BUY 7982.45@0.80470892} 454293 : { BUY 7982.45@0.80470892} 454290 : { SELL 16931.39@0.8079342} 454288 : { SELL 16931.39@0.8079342} 
Sat Dec 06 19:06:09 EST 2014 , 4 , 2 , 2 , 454296 : { BUY 7982.45@0.80470892} 454293 : { BUY 7982.45@0.80470892} 454290 : { SELL 16931.39@0.8079342} 454288 : { SELL 16931.39@0.8079342} 
Sat Dec 06 19:09:10 EST 2014 , 4 , 2 , 2 , 454296 : { BUY 7982.45@0.80470892} 454293 : { BUY 7982.45@0.80470892} 454290 : { SELL 16931.39@0.8079342} 454288 : { SELL 16931.39@0.8079342} 
Sat Dec 06 19:12:11 EST 2014 , 4 , 2 , 2 , 454296 : { BUY 7982.45@0.80470892} 454293 : { BUY 7982.45@0.80470892} 454290 : { SELL 16931.39@0.8079342} 454288 : { SELL 16931.39@0.8079342} 
Sat Dec 06 19:15:12 EST 2014 , 4 , 2 , 2 , 454296 : { BUY 7982.45@0.80470892} 454293 : { BUY 7982.45@0.80470892} 454290 : { SELL 16931.39@0.8079342} 454288 : { SELL 16931.39@0.8079342} 
Sat Dec 06 19:18:13 EST 2014 , 4 , 2 , 2 , 454296 : { BUY 7982.45@0.80470892} 454293 : { BUY 7982.45@0.80470892} 454290 : { SELL 16931.39@0.8079342} 454288 : { SELL 16931.39@0.8079342} 
Sat Dec 06 19:21:14 EST 2014 , 4 , 2 , 2 , 454296 : { BUY 7982.45@0.80470892} 454293 : { BUY 7982.45@0.80470892} 454290 : { SELL 16931.39@0.8079342} 454288 : { SELL 16931.39@0.8079342} 
Sat Dec 06 19:24:15 EST 2014 , 4 , 2 , 2 , 454296 : { BUY 7982.45@0.80470892} 454293 : { BUY 7982.45@0.80470892} 454290 : { SELL 16931.39@0.8079342} 454288 : { SELL 16931.39@0.8079342} 
Sat Dec 06 19:27:16 EST 2014 , 4 , 2 , 2 , 454296 : { BUY 7982.45@0.80470892} 454293 : { BUY 7982.45@0.80470892} 454290 : { SELL 16931.39@0.8079342} 454288 : { SELL 16931.39@0.8079342} 
Sat Dec 06 19:30:17 EST 2014 , 4 , 2 , 2 , 454296 : { BUY 7982.45@0.80470892} 454293 : { BUY 7982.45@0.80470892} 454290 : { SELL 16931.39@0.8079342} 454288 : { SELL 16931.39@0.8079342} 
Sat Dec 06 19:33:18 EST 2014 , 4 , 2 , 2 , 454296 : { BUY 7982.45@0.80470892} 454293 : { BUY 7982.45@0.80470892} 454290 : { SELL 16931.39@0.8079342} 454288 : { SELL 16931.39@0.8079342} 
Sat Dec 06 19:36:19 EST 2014 , 4 , 2 , 2 , 454296 : { BUY 7982.45@0.80470892} 454293 : { BUY 7982.45@0.80470892} 454290 : { SELL 16931.39@0.8079342} 454288 : { SELL 16931.39@0.8079342} 
Sat Dec 06 19:39:20 EST 2014 , 4 , 2 , 2 , 454296 : { BUY 7982.45@0.80470892} 454293 : { BUY 7982.45@0.80470892} 454290 : { SELL 16931.39@0.8079342} 454288 : { SELL 16931.39@0.8079342} 
Sat Dec 06 19:42:21 EST 2014 , 4 , 2 , 2 , 454296 : { BUY 7982.45@0.80470892} 454293 : { BUY 7982.45@0.80470892} 454290 : { SELL 16931.39@0.8079342} 454288 : { SELL 16931.39@0.8079342} 
Sat Dec 06 19:45:22 EST 2014 , 4 , 2 , 2 , 454296 : { BUY 7982.45@0.80470892} 454293 : { BUY 7982.45@0.80470892} 454290 : { SELL 16931.39@0.8079342} 454288 : { SELL 16931.39@0.8079342} 
Sat Dec 06 19:48:23 EST 2014 , 4 , 2 , 2 , 454296 : { BUY 7982.45@0.80470892} 454293 : { BUY 7982.45@0.80470892} 454290 : { SELL 16931.39@0.8079342} 454288 : { SELL 16931.39@0.8079342} 
Sat Dec 06 19:51:24 EST 2014 , 4 , 2 , 2 , 454296 : { BUY 7982.45@0.80470892} 454293 : { BUY 7982.45@0.80470892} 454290 : { SELL 16931.39@0.8079342} 454288 : { SELL 16931.39@0.8079342} 
Sat Dec 06 19:54:25 EST 2014 , 4 , 2 , 2 , 454296 : { BUY 7982.45@0.80470892} 454293 : { BUY 7982.45@0.80470892} 454290 : { SELL 16931.39@0.8079342} 454288 : { SELL 16931.39@0.8079342} 
Sat Dec 06 19:57:26 EST 2014 , 4 , 2 , 2 , 454296 : { BUY 7982.45@0.80470892} 454293 : { BUY 7982.45@0.80470892} 454290 : { SELL 16931.39@0.8079342} 454288 : { SELL 16931.39@0.8079342} 
Sat Dec 06 20:00:27 EST 2014 , 4 , 2 , 2 , 454296 : { BUY 7982.45@0.80470892} 454293 : { BUY 7982.45@0.80470892} 454290 : { SELL 16931.39@0.8079342} 454288 : { SELL 16931.39@0.8079342} 
Sat Dec 06 20:03:28 EST 2014 , 4 , 2 , 2 , 454296 : { BUY 7982.45@0.80470892} 454293 : { BUY 7982.45@0.80470892} 454290 : { SELL 16931.39@0.8079342} 454288 : { SELL 16931.39@0.8079342} 
Sat Dec 06 20:06:29 EST 2014 , 4 , 2 , 2 , 454296 : { BUY 7982.45@0.80470892} 454293 : { BUY 7982.45@0.80470892} 454290 : { SELL 16931.39@0.8079342} 454288 : { SELL 16931.39@0.8079342} 
Sat Dec 06 20:09:30 EST 2014 , 4 , 2 , 2 , 454296 : { BUY 7982.45@0.80470892} 454293 : { BUY 7982.45@0.80470892} 454290 : { SELL 16931.39@0.8079342} 454288 : { SELL 16931.39@0.8079342} 
Sat Dec 06 20:12:31 EST 2014 , 4 , 2 , 2 , 454296 : { BUY 7982.45@0.80470892} 454293 : { BUY 7982.45@0.80470892} 454290 : { SELL 16931.39@0.8079342} 454288 : { SELL 16931.39@0.8079342} 
Sat Dec 06 20:15:32 EST 2014 , 4 , 2 , 2 , 454296 : { BUY 7982.45@0.80470892} 454293 : { BUY 7982.45@0.80470892} 454290 : { SELL 16931.39@0.8079342} 454288 : { SELL 16931.39@0.8079342} 
Sat Dec 06 20:18:33 EST 2014 , 4 , 2 , 2 , 454296 : { BUY 7982.45@0.80470892} 454293 : { BUY 7982.45@0.80470892} 454290 : { SELL 16931.39@0.8079342} 454288 : { SELL 16931.39@0.8079342} 
Sat Dec 06 20:21:34 EST 2014 , 4 , 2 , 2 , 454296 : { BUY 7982.45@0.80470892} 454293 : { BUY 7982.45@0.80470892} 454290 : { SELL 16931.39@0.8079342} 454288 : { SELL 16931.39@0.8079342} 
Sat Dec 06 20:24:35 EST 2014 , 4 , 2 , 2 , 454296 : { BUY 7982.45@0.80470892} 454293 : { BUY 7982.45@0.80470892} 454290 : { SELL 16931.39@0.8079342} 454288 : { SELL 16931.39@0.8079342} 
Sat Dec 06 20:27:36 EST 2014 , 4 , 2 , 2 , 454296 : { BUY 7982.45@0.80470892} 454293 : { BUY 7982.45@0.80470892} 454290 : { SELL 16931.39@0.8079342} 454288 : { SELL 16931.39@0.8079342} 
Sat Dec 06 20:30:37 EST 2014 , 4 , 2 , 2 , 454296 : { BUY 7982.45@0.80470892} 454293 : { BUY 7982.45@0.80470892} 454290 : { SELL 16931.39@0.8079342} 454288 : { SELL 16931.39@0.8079342} 
Sat Dec 06 20:33:38 EST 2014 , 4 , 2 , 2 , 454296 : { BUY 7982.45@0.80470892} 454293 : { BUY 7982.45@0.80470892} 454290 : { SELL 16931.39@0.8079342} 454288 : { SELL 16931.39@0.8079342} 
Sat Dec 06 20:36:40 EST 2014 , 4 , 2 , 2 , 454296 : { BUY 7982.45@0.80470892} 454293 : { BUY 7982.45@0.80470892} 454290 : { SELL 16931.39@0.8079342} 454288 : { SELL 16931.39@0.8079342} 
Sat Dec 06 20:39:40 EST 2014 , 4 , 2 , 2 , 454296 : { BUY 7982.45@0.80470892} 454293 : { BUY 7982.45@0.80470892} 454290 : { SELL 16931.39@0.8079342} 454288 : { SELL 16931.39@0.8079342} 
Sat Dec 06 20:42:41 EST 2014 , 4 , 2 , 2 , 454296 : { BUY 7982.45@0.80470892} 454293 : { BUY 7982.45@0.80470892} 454290 : { SELL 16931.39@0.8079342} 454288 : { SELL 16931.39@0.8079342} 
Sat Dec 06 20:45:42 EST 2014 , 4 , 2 , 2 , 454296 : { BUY 7982.45@0.80470892} 454293 : { BUY 7982.45@0.80470892} 454290 : { SELL 16931.39@0.8079342} 454288 : { SELL 16931.39@0.8079342} 
Sat Dec 06 20:48:43 EST 2014 , 4 , 2 , 2 , 454296 : { BUY 7982.45@0.80470892} 454293 : { BUY 7982.45@0.80470892} 454290 : { SELL 16931.39@0.8079342} 454288 : { SELL 16931.39@0.8079342} 
Sat Dec 06 20:51:44 EST 2014 , 4 , 2 , 2 , 454296 : { BUY 7982.45@0.80470892} 454293 : { BUY 7982.45@0.80470892} 454290 : { SELL 16931.39@0.8079342} 454288 : { SELL 16931.39@0.8079342} 
Sat Dec 06 20:54:45 EST 2014 , 4 , 2 , 2 , 454296 : { BUY 7982.45@0.80470892} 454293 : { BUY 7982.45@0.80470892} 454290 : { SELL 16931.39@0.8079342} 454288 : { SELL 16931.39@0.8079342} 
Sat Dec 06 20:57:46 EST 2014 , 4 , 2 , 2 , 454296 : { BUY 7982.45@0.80470892} 454293 : { BUY 7982.45@0.80470892} 454290 : { SELL 16931.39@0.8079342} 454288 : { SELL 16931.39@0.8079342} 
Sat Dec 06 21:00:47 EST 2014 , 4 , 2 , 2 , 454296 : { BUY 7982.45@0.80470892} 454293 : { BUY 7982.45@0.80470892} 454290 : { SELL 16931.39@0.8079342} 454288 : { SELL 16931.39@0.8079342} 
Sat Dec 06 21:03:48 EST 2014 , 4 , 2 , 2 , 454296 : { BUY 7982.45@0.80470892} 454293 : { BUY 7982.45@0.80470892} 454290 : { SELL 16931.39@0.8079342} 454288 : { SELL 16931.39@0.8079342} 
Sat Dec 06 21:06:49 EST 2014 , 4 , 2 , 2 , 454296 : { BUY 7982.45@0.80470892} 454293 : { BUY 7982.45@0.80470892} 454290 : { SELL 16931.39@0.8079342} 454288 : { SELL 16931.39@0.8079342} 
Sat Dec 06 21:09:50 EST 2014 , 4 , 2 , 2 , 454296 : { BUY 7982.45@0.80470892} 454293 : { BUY 7982.45@0.80470892} 454290 : { SELL 16931.39@0.8079342} 454288 : { SELL 16931.39@0.8079342} 
Sat Dec 06 21:12:51 EST 2014 , 4 , 2 , 2 , 454296 : { BUY 7982.45@0.80470892} 454293 : { BUY 7982.45@0.80470892} 454290 : { SELL 16931.39@0.8079342} 454288 : { SELL 16931.39@0.8079342} 
Sat Dec 06 21:15:52 EST 2014 , 4 , 2 , 2 , 454296 : { BUY 7982.45@0.80470892} 454293 : { BUY 7982.45@0.80470892} 454290 : { SELL 16931.39@0.8079342} 454288 : { SELL 16931.39@0.8079342} 
Sat Dec 06 21:18:53 EST 2014 , 4 , 2 , 2 , 454296 : { BUY 7982.45@0.80470892} 454293 : { BUY 7982.45@0.80470892} 454290 : { SELL 16931.39@0.8079342} 454288 : { SELL 16931.39@0.8079342} 
Sat Dec 06 21:21:54 EST 2014 , 4 , 2 , 2 , 454296 : { BUY 7982.45@0.80470892} 454293 : { BUY 7982.45@0.80470892} 454290 : { SELL 16931.39@0.8079342} 454288 : { SELL 16931.39@0.8079342} 
Sat Dec 06 21:24:55 EST 2014 , 4 , 2 , 2 , 454296 : { BUY 7982.45@0.80470892} 454293 : { BUY 7982.45@0.80470892} 454290 : { SELL 16931.39@0.8079342} 454288 : { SELL 16931.39@0.8079342} 
Sat Dec 06 21:27:56 EST 2014 , 4 , 2 , 2 , 454296 : { BUY 7982.45@0.80470892} 454293 : { BUY 7982.45@0.80470892} 454290 : { SELL 16931.39@0.8079342} 454288 : { SELL 16931.39@0.8079342} 
Sat Dec 06 21:30:57 EST 2014 , 4 , 2 , 2 , 454296 : { BUY 7982.45@0.80470892} 454293 : { BUY 7982.45@0.80470892} 454290 : { SELL 16931.39@0.8079342} 454288 : { SELL 16931.39@0.8079342} 
Sat Dec 06 21:33:58 EST 2014 , 4 , 2 , 2 , 454296 : { BUY 7982.45@0.80470892} 454293 : { BUY 7982.45@0.80470892} 454290 : { SELL 16931.39@0.8079342} 454288 : { SELL 16931.39@0.8079342} 
Sat Dec 06 21:36:59 EST 2014 , 4 , 2 , 2 , 454296 : { BUY 7982.45@0.80470892} 454293 : { BUY 7982.45@0.80470892} 454290 : { SELL 16931.39@0.8079342} 454288 : { SELL 16931.39@0.8079342} 
Sat Dec 06 21:40:00 EST 2014 , 4 , 2 , 2 , 454296 : { BUY 7982.45@0.80470892} 454293 : { BUY 7982.45@0.80470892} 454290 : { SELL 16931.39@0.8079342} 454288 : { SELL 16931.39@0.8079342} 
Sat Dec 06 21:43:01 EST 2014 , 4 , 2 , 2 , 454296 : { BUY 7982.45@0.80470892} 454293 : { BUY 7982.45@0.80470892} 454290 : { SELL 16931.39@0.8079342} 454288 : { SELL 16931.39@0.8079342} 
Sat Dec 06 21:46:02 EST 2014 , 4 , 2 , 2 , 454296 : { BUY 7982.45@0.80470892} 454293 : { BUY 7982.45@0.80470892} 454290 : { SELL 16931.39@0.8079342} 454288 : { SELL 16931.39@0.8079342} 
Sat Dec 06 21:49:03 EST 2014 , 4 , 2 , 2 , 454296 : { BUY 7982.45@0.80470892} 454293 : { BUY 7982.45@0.80470892} 454290 : { SELL 16931.39@0.8079342} 454288 : { SELL 16931.39@0.8079342} 
Sat Dec 06 21:52:04 EST 2014 , 4 , 2 , 2 , 454296 : { BUY 7982.45@0.80470892} 454293 : { BUY 7982.45@0.80470892} 454290 : { SELL 16931.39@0.8079342} 454288 : { SELL 16931.39@0.8079342} 
Sat Dec 06 21:55:05 EST 2014 , 4 , 2 , 2 , 454296 : { BUY 7982.45@0.80470892} 454293 : { BUY 7982.45@0.80470892} 454290 : { SELL 16931.39@0.8079342} 454288 : { SELL 16931.39@0.8079342} 
Sat Dec 06 21:58:06 EST 2014 , 4 , 2 , 2 , 454296 : { BUY 7982.45@0.80470892} 454293 : { BUY 7982.45@0.80470892} 454290 : { SELL 16931.39@0.8079342} 454288 : { SELL 16931.39@0.8079342} 
Sat Dec 06 22:01:07 EST 2014 , 4 , 2 , 2 , 454296 : { BUY 7982.45@0.80470892} 454293 : { BUY 7982.45@0.80470892} 454290 : { SELL 16931.39@0.8079342} 454288 : { SELL 16931.39@0.8079342} 
Sat Dec 06 22:04:08 EST 2014 , 4 , 2 , 2 , 454296 : { BUY 7982.45@0.80470892} 454293 : { BUY 7982.45@0.80470892} 454290 : { SELL 16931.39@0.8079342} 454288 : { SELL 16931.39@0.8079342} 
Sat Dec 06 22:07:09 EST 2014 , 4 , 2 , 2 , 454296 : { BUY 7982.45@0.80470892} 454293 : { BUY 7982.45@0.80470892} 454290 : { SELL 16931.39@0.8079342} 454288 : { SELL 16931.39@0.8079342} 
Sat Dec 06 22:10:10 EST 2014 , 4 , 2 , 2 , 454296 : { BUY 7982.45@0.80470892} 454293 : { BUY 7982.45@0.80470892} 454290 : { SELL 16931.39@0.8079342} 454288 : { SELL 16931.39@0.8079342} 
Sat Dec 06 22:13:11 EST 2014 , 4 , 2 , 2 , 454296 : { BUY 7982.45@0.80470892} 454293 : { BUY 7982.45@0.80470892} 454290 : { SELL 16931.39@0.8079342} 454288 : { SELL 16931.39@0.8079342} 
Sat Dec 06 22:16:12 EST 2014 , 4 , 2 , 2 , 454296 : { BUY 7982.45@0.80470892} 454293 : { BUY 7982.45@0.80470892} 454290 : { SELL 16931.39@0.8079342} 454288 : { SELL 16931.39@0.8079342} 
Sat Dec 06 22:19:13 EST 2014 , 4 , 2 , 2 , 454296 : { BUY 7982.45@0.80470892} 454293 : { BUY 7982.45@0.80470892} 454290 : { SELL 16931.39@0.8079342} 454288 : { SELL 16931.39@0.8079342} 
Sat Dec 06 22:22:14 EST 2014 , 4 , 2 , 2 , 454296 : { BUY 7982.45@0.80470892} 454293 : { BUY 7982.45@0.80470892} 454290 : { SELL 16931.39@0.8079342} 454288 : { SELL 16931.39@0.8079342} 
Sat Dec 06 22:25:15 EST 2014 , 4 , 2 , 2 , 454296 : { BUY 7982.45@0.80470892} 454293 : { BUY 7982.45@0.80470892} 454290 : { SELL 16931.39@0.8079342} 454288 : { SELL 16931.39@0.8079342} 
Sat Dec 06 22:28:16 EST 2014 , 4 , 2 , 2 , 454296 : { BUY 7982.45@0.80470892} 454293 : { BUY 7982.45@0.80470892} 454290 : { SELL 16931.39@0.8079342} 454288 : { SELL 16931.39@0.8079342} 
Sat Dec 06 22:31:17 EST 2014 , 4 , 2 , 2 , 454296 : { BUY 7982.45@0.80470892} 454293 : { BUY 7982.45@0.80470892} 454290 : { SELL 16931.39@0.8079342} 454288 : { SELL 16931.39@0.8079342} 
Sat Dec 06 22:34:18 EST 2014 , 4 , 2 , 2 , 454296 : { BUY 7982.45@0.80470892} 454293 : { BUY 7982.45@0.80470892} 454290 : { SELL 16931.39@0.8079342} 454288 : { SELL 16931.39@0.8079342} 
Sat Dec 06 22:37:19 EST 2014 , 4 , 2 , 2 , 454296 : { BUY 7982.45@0.80470892} 454293 : { BUY 7982.45@0.80470892} 454290 : { SELL 16931.39@0.8079342} 454288 : { SELL 16931.39@0.8079342} 
Sat Dec 06 22:40:20 EST 2014 , 4 , 2 , 2 , 454296 : { BUY 7982.45@0.80470892} 454293 : { BUY 7982.45@0.80470892} 454290 : { SELL 16931.39@0.8079342} 454288 : { SELL 16931.39@0.8079342} 
Sat Dec 06 22:43:21 EST 2014 , 4 , 2 , 2 , 454296 : { BUY 7982.45@0.80470892} 454293 : { BUY 7982.45@0.80470892} 454290 : { SELL 16931.39@0.8079342} 454288 : { SELL 16931.39@0.8079342} 
Sat Dec 06 22:46:22 EST 2014 , 4 , 2 , 2 , 454296 : { BUY 7982.45@0.80470892} 454293 : { BUY 7982.45@0.80470892} 454290 : { SELL 16931.39@0.8079342} 454288 : { SELL 16931.39@0.8079342} 
Sat Dec 06 22:49:23 EST 2014 , 4 , 2 , 2 , 454296 : { BUY 7982.45@0.80470892} 454293 : { BUY 7982.45@0.80470892} 454290 : { SELL 16931.39@0.8079342} 454288 : { SELL 16931.39@0.8079342} 
Sat Dec 06 22:52:24 EST 2014 , 4 , 2 , 2 , 454296 : { BUY 7982.45@0.80470892} 454293 : { BUY 7982.45@0.80470892} 454290 : { SELL 16931.39@0.8079342} 454288 : { SELL 16931.39@0.8079342} 
Sat Dec 06 22:55:25 EST 2014 , 4 , 2 , 2 , 454296 : { BUY 7982.45@0.80470892} 454293 : { BUY 7982.45@0.80470892} 454290 : { SELL 16931.39@0.8079342} 454288 : { SELL 16931.39@0.8079342} 
Sat Dec 06 22:58:26 EST 2014 , 4 , 2 , 2 , 454296 : { BUY 7982.45@0.80470892} 454293 : { BUY 7982.45@0.80470892} 454290 : { SELL 16931.39@0.8079342} 454288 : { SELL 16931.39@0.8079342} 
Sat Dec 06 23:01:27 EST 2014 , 4 , 2 , 2 , 454296 : { BUY 7982.45@0.80470892} 454293 : { BUY 7982.45@0.80470892} 454290 : { SELL 16931.39@0.8079342} 454288 : { SELL 16931.39@0.8079342} 
Sat Dec 06 23:04:28 EST 2014 , 4 , 2 , 2 , 454296 : { BUY 7982.45@0.80470892} 454293 : { BUY 7982.45@0.80470892} 454290 : { SELL 16931.39@0.8079342} 454288 : { SELL 16931.39@0.8079342} 
Sat Dec 06 23:07:29 EST 2014 , 4 , 2 , 2 , 454296 : { BUY 7982.45@0.80470892} 454293 : { BUY 7982.45@0.80470892} 454290 : { SELL 16931.39@0.8079342} 454288 : { SELL 16931.39@0.8079342} 
Sat Dec 06 23:10:30 EST 2014 , 4 , 2 , 2 , 454296 : { BUY 7982.45@0.80470892} 454293 : { BUY 7982.45@0.80470892} 454290 : { SELL 16931.39@0.8079342} 454288 : { SELL 16931.39@0.8079342} 
Sat Dec 06 23:13:31 EST 2014 , 4 , 2 , 2 , 454296 : { BUY 7982.45@0.80470892} 454293 : { BUY 7982.45@0.80470892} 454290 : { SELL 16931.39@0.8079342} 454288 : { SELL 16931.39@0.8079342} 
Sat Dec 06 23:16:32 EST 2014 , 4 , 2 , 2 , 454296 : { BUY 7982.45@0.80470892} 454293 : { BUY 7982.45@0.80470892} 454290 : { SELL 16931.39@0.8079342} 454288 : { SELL 16931.39@0.8079342} 
Sat Dec 06 23:19:33 EST 2014 , 4 , 2 , 2 , 454296 : { BUY 7982.45@0.80470892} 454293 : { BUY 7982.45@0.80470892} 454290 : { SELL 16931.39@0.8079342} 454288 : { SELL 16931.39@0.8079342} 
Sat Dec 06 23:22:34 EST 2014 , 4 , 2 , 2 , 454296 : { BUY 7982.45@0.80470892} 454293 : { BUY 7982.45@0.80470892} 454290 : { SELL 16931.39@0.8079342} 454288 : { SELL 16931.39@0.8079342} 
Sat Dec 06 23:25:35 EST 2014 , 4 , 2 , 2 , 454296 : { BUY 7982.45@0.80470892} 454293 : { BUY 7982.45@0.80470892} 454290 : { SELL 16931.39@0.8079342} 454288 : { SELL 16931.39@0.8079342} 
Sat Dec 06 23:28:36 EST 2014 , 4 , 2 , 2 , 454296 : { BUY 7982.45@0.80470892} 454293 : { BUY 7982.45@0.80470892} 454290 : { SELL 16931.39@0.8079342} 454288 : { SELL 16931.39@0.8079342} 
Sat Dec 06 23:31:37 EST 2014 , 4 , 2 , 2 , 454296 : { BUY 7982.45@0.80470892} 454293 : { BUY 7982.45@0.80470892} 454290 : { SELL 16931.39@0.8079342} 454288 : { SELL 16931.39@0.8079342} 
Sat Dec 06 23:34:38 EST 2014 , 4 , 2 , 2 , 454296 : { BUY 7982.45@0.80470892} 454293 : { BUY 7982.45@0.80470892} 454290 : { SELL 16931.39@0.8079342} 454288 : { SELL 16931.39@0.8079342} 
Sat Dec 06 23:37:39 EST 2014 , 4 , 2 , 2 , 454296 : { BUY 7982.45@0.80470892} 454293 : { BUY 7982.45@0.80470892} 454290 : { SELL 16931.39@0.8079342} 454288 : { SELL 16931.39@0.8079342} 
Sat Dec 06 23:40:40 EST 2014 , 4 , 2 , 2 , 454296 : { BUY 7982.45@0.80470892} 454293 : { BUY 7982.45@0.80470892} 454290 : { SELL 16931.39@0.8079342} 454288 : { SELL 16931.39@0.8079342} 
Sat Dec 06 23:43:41 EST 2014 , 4 , 2 , 2 , 454296 : { BUY 7982.45@0.80470892} 454293 : { BUY 7982.45@0.80470892} 454290 : { SELL 16931.39@0.8079342} 454288 : { SELL 16931.39@0.8079342} 
Sat Dec 06 23:46:42 EST 2014 , 4 , 2 , 2 , 454296 : { BUY 7982.45@0.80470892} 454293 : { BUY 7982.45@0.80470892} 454290 : { SELL 16931.39@0.8079342} 454288 : { SELL 16931.39@0.8079342} 
Sat Dec 06 23:49:43 EST 2014 , 4 , 2 , 2 , 454296 : { BUY 7982.45@0.80470892} 454293 : { BUY 7982.45@0.80470892} 454290 : { SELL 16931.39@0.8079342} 454288 : { SELL 16931.39@0.8079342} 
Sat Dec 06 23:52:44 EST 2014 , 4 , 2 , 2 , 454296 : { BUY 7982.45@0.80470892} 454293 : { BUY 7982.45@0.80470892} 454290 : { SELL 16931.39@0.8079342} 454288 : { SELL 16931.39@0.8079342} 
Sat Dec 06 23:55:45 EST 2014 , 4 , 2 , 2 , 454296 : { BUY 7982.45@0.80470892} 454293 : { BUY 7982.45@0.80470892} 454290 : { SELL 16931.39@0.8079342} 454288 : { SELL 16931.39@0.8079342} 
Sat Dec 06 23:58:46 EST 2014 , 4 , 2 , 2 , 454296 : { BUY 7982.45@0.80470892} 454293 : { BUY 7982.45@0.80470892} 454290 : { SELL 16931.39@0.8079342} 454288 : { SELL 16931.39@0.8079342} 
Sun Dec 07 00:01:47 EST 2014 , 4 , 2 , 2 , 454296 : { BUY 7982.45@0.80470892} 454293 : { BUY 7982.45@0.80470892} 454290 : { SELL 16931.39@0.8079342} 454288 : { SELL 16931.39@0.8079342} 
Sun Dec 07 00:04:48 EST 2014 , 4 , 2 , 2 , 454296 : { BUY 7982.45@0.80470892} 454293 : { BUY 7982.45@0.80470892} 454290 : { SELL 16931.39@0.8079342} 454288 : { SELL 16931.39@0.8079342} 
Sun Dec 07 00:07:49 EST 2014 , 4 , 2 , 2 , 454296 : { BUY 7982.45@0.80470892} 454293 : { BUY 7982.45@0.80470892} 454290 : { SELL 16931.39@0.8079342} 454288 : { SELL 16931.39@0.8079342} 
Sun Dec 07 00:10:50 EST 2014 , 4 , 2 , 2 , 454296 : { BUY 7982.45@0.80470892} 454293 : { BUY 7982.45@0.80470892} 454290 : { SELL 16931.39@0.8079342} 454288 : { SELL 16931.39@0.8079342} 
Sun Dec 07 00:13:51 EST 2014 , 4 , 2 , 2 , 454296 : { BUY 7982.45@0.80470892} 454293 : { BUY 7982.45@0.80470892} 454290 : { SELL 16931.39@0.8079342} 454288 : { SELL 16931.39@0.8079342} 
Sun Dec 07 00:16:52 EST 2014 , 4 , 2 , 2 , 454296 : { BUY 7982.45@0.80470892} 454293 : { BUY 7982.45@0.80470892} 454290 : { SELL 16931.39@0.8079342} 454288 : { SELL 16931.39@0.8079342} 
Sun Dec 07 00:19:53 EST 2014 , 4 , 2 , 2 , 454296 : { BUY 7982.45@0.80470892} 454293 : { BUY 7982.45@0.80470892} 454290 : { SELL 16931.39@0.8079342} 454288 : { SELL 16931.39@0.8079342} 
Sun Dec 07 00:22:54 EST 2014 , 4 , 2 , 2 , 454296 : { BUY 7982.45@0.80470892} 454293 : { BUY 7982.45@0.80470892} 454290 : { SELL 16931.39@0.8079342} 454288 : { SELL 16931.39@0.8079342} 
Sun Dec 07 00:25:55 EST 2014 , 4 , 2 , 2 , 454296 : { BUY 7982.45@0.80470892} 454293 : { BUY 7982.45@0.80470892} 454290 : { SELL 16931.39@0.8079342} 454288 : { SELL 16931.39@0.8079342} 
Sun Dec 07 00:28:56 EST 2014 , 4 , 2 , 2 , 454296 : { BUY 7982.45@0.80470892} 454293 : { BUY 7982.45@0.80470892} 454290 : { SELL 16931.39@0.8079342} 454288 : { SELL 16931.39@0.8079342} 
Sun Dec 07 00:31:57 EST 2014 , 4 , 2 , 2 , 454296 : { BUY 7982.45@0.80470892} 454293 : { BUY 7982.45@0.80470892} 454290 : { SELL 16931.39@0.8079342} 454288 : { SELL 16931.39@0.8079342} 
Sun Dec 07 00:34:58 EST 2014 , 4 , 2 , 2 , 454296 : { BUY 7982.45@0.80470892} 454293 : { BUY 7982.45@0.80470892} 454290 : { SELL 16931.39@0.8079342} 454288 : { SELL 16931.39@0.8079342} 
Sun Dec 07 00:37:59 EST 2014 , 4 , 2 , 2 , 454296 : { BUY 7982.45@0.80470892} 454293 : { BUY 7982.45@0.80470892} 454290 : { SELL 16931.39@0.8079342} 454288 : { SELL 16931.39@0.8079342} 
Sun Dec 07 00:41:00 EST 2014 , 4 , 2 , 2 , 454296 : { BUY 7982.45@0.80470892} 454293 : { BUY 7982.45@0.80470892} 454290 : { SELL 16931.39@0.8079342} 454288 : { SELL 16931.39@0.8079342} 
Sun Dec 07 00:44:01 EST 2014 , 4 , 2 , 2 , 454296 : { BUY 7982.45@0.80470892} 454293 : { BUY 7982.45@0.80470892} 454290 : { SELL 16931.39@0.8079342} 454288 : { SELL 16931.39@0.8079342} 
Sun Dec 07 00:47:02 EST 2014 , 4 , 2 , 2 , 454296 : { BUY 7982.45@0.80470892} 454293 : { BUY 7982.45@0.80470892} 454290 : { SELL 16931.39@0.8079342} 454288 : { SELL 16931.39@0.8079342} 
Sun Dec 07 00:50:03 EST 2014 , 4 , 2 , 2 , 454296 : { BUY 7982.45@0.80470892} 454293 : { BUY 7982.45@0.80470892} 454290 : { SELL 16931.39@0.8079342} 454288 : { SELL 16931.39@0.8079342} 
Sun Dec 07 00:53:04 EST 2014 , 4 , 2 , 2 , 454296 : { BUY 7982.45@0.80470892} 454293 : { BUY 7982.45@0.80470892} 454290 : { SELL 16931.39@0.8079342} 454288 : { SELL 16931.39@0.8079342} 
Sun Dec 07 00:56:05 EST 2014 , 4 , 2 , 2 , 454296 : { BUY 7982.45@0.80470892} 454293 : { BUY 7982.45@0.80470892} 454290 : { SELL 16931.39@0.8079342} 454288 : { SELL 16931.39@0.8079342} 
Sun Dec 07 00:59:06 EST 2014 , 4 , 2 , 2 , 454296 : { BUY 7982.45@0.80470892} 454293 : { BUY 7982.45@0.80470892} 454290 : { SELL 16931.39@0.8079342} 454288 : { SELL 16931.39@0.8079342} 
Sun Dec 07 01:02:07 EST 2014 , 4 , 2 , 2 , 454296 : { BUY 7982.45@0.80470892} 454293 : { BUY 7982.45@0.80470892} 454290 : { SELL 16931.39@0.8079342} 454288 : { SELL 16931.39@0.8079342} 
Sun Dec 07 01:05:08 EST 2014 , 4 , 2 , 2 , 454296 : { BUY 7982.45@0.80470892} 454293 : { BUY 7982.45@0.80470892} 454290 : { SELL 16931.39@0.8079342} 454288 : { SELL 16931.39@0.8079342} 
Sun Dec 07 01:08:09 EST 2014 , 4 , 2 , 2 , 454296 : { BUY 7982.45@0.80470892} 454293 : { BUY 7982.45@0.80470892} 454290 : { SELL 16931.39@0.8079342} 454288 : { SELL 16931.39@0.8079342} 
Sun Dec 07 01:11:10 EST 2014 , 4 , 2 , 2 , 454296 : { BUY 7982.45@0.80470892} 454293 : { BUY 7982.45@0.80470892} 454290 : { SELL 16931.39@0.8079342} 454288 : { SELL 16931.39@0.8079342} 
Sun Dec 07 01:14:11 EST 2014 , 4 , 2 , 2 , 454296 : { BUY 7982.45@0.80470892} 454293 : { BUY 7982.45@0.80470892} 454290 : { SELL 16931.39@0.8079342} 454288 : { SELL 16931.39@0.8079342} 
Sun Dec 07 01:17:12 EST 2014 , 4 , 2 , 2 , 454296 : { BUY 7982.45@0.80470892} 454293 : { BUY 7982.45@0.80470892} 454290 : { SELL 16931.39@0.8079342} 454288 : { SELL 16931.39@0.8079342} 
Sun Dec 07 01:20:13 EST 2014 , 4 , 2 , 2 , 454296 : { BUY 7982.45@0.80470892} 454293 : { BUY 7982.45@0.80470892} 454290 : { SELL 16931.39@0.8079342} 454288 : { SELL 16931.39@0.8079342} 
Sun Dec 07 01:23:14 EST 2014 , 4 , 2 , 2 , 454296 : { BUY 7982.45@0.80470892} 454293 : { BUY 7982.45@0.80470892} 454290 : { SELL 16931.39@0.8079342} 454288 : { SELL 16931.39@0.8079342} 
Sun Dec 07 01:26:15 EST 2014 , 4 , 2 , 2 , 454296 : { BUY 7982.45@0.80470892} 454293 : { BUY 7982.45@0.80470892} 454290 : { SELL 16931.39@0.8079342} 454288 : { SELL 16931.39@0.8079342} 
Sun Dec 07 01:29:16 EST 2014 , 4 , 2 , 2 , 454296 : { BUY 7982.45@0.80470892} 454293 : { BUY 7982.45@0.80470892} 454290 : { SELL 16931.39@0.8079342} 454288 : { SELL 16931.39@0.8079342} 
Sun Dec 07 01:32:17 EST 2014 , 4 , 2 , 2 , 454296 : { BUY 7982.45@0.80470892} 454293 : { BUY 7982.45@0.80470892} 454290 : { SELL 16931.39@0.8079342} 454288 : { SELL 16931.39@0.8079342} 
Sun Dec 07 01:35:18 EST 2014 , 4 , 2 , 2 , 454296 : { BUY 7982.45@0.80470892} 454293 : { BUY 7982.45@0.80470892} 454290 : { SELL 16931.39@0.8079342} 454288 : { SELL 16931.39@0.8079342} 
Sun Dec 07 01:38:20 EST 2014 , 4 , 2 , 2 , 454296 : { BUY 7982.45@0.80470892} 454293 : { BUY 7982.45@0.80470892} 454290 : { SELL 16931.39@0.8079342} 454288 : { SELL 16931.39@0.8079342} 
Sun Dec 07 01:41:20 EST 2014 , 4 , 2 , 2 , 454296 : { BUY 7982.45@0.80470892} 454293 : { BUY 7982.45@0.80470892} 454290 : { SELL 16931.39@0.8079342} 454288 : { SELL 16931.39@0.8079342} 
Sun Dec 07 01:44:21 EST 2014 , 4 , 2 , 2 , 454296 : { BUY 7982.45@0.80470892} 454293 : { BUY 7982.45@0.80470892} 454290 : { SELL 16931.39@0.8079342} 454288 : { SELL 16931.39@0.8079342} 
Sun Dec 07 01:47:22 EST 2014 , 4 , 2 , 2 , 454296 : { BUY 7982.45@0.80470892} 454293 : { BUY 7982.45@0.80470892} 454290 : { SELL 16931.39@0.8079342} 454288 : { SELL 16931.39@0.8079342} 
Sun Dec 07 01:50:23 EST 2014 , 4 , 2 , 2 , 454296 : { BUY 7982.45@0.80470892} 454293 : { BUY 7982.45@0.80470892} 454290 : { SELL 16931.39@0.8079342} 454288 : { SELL 16931.39@0.8079342} 
Sun Dec 07 01:53:24 EST 2014 , 4 , 2 , 2 , 454296 : { BUY 7982.45@0.80470892} 454293 : { BUY 7982.45@0.80470892} 454290 : { SELL 16931.39@0.8079342} 454288 : { SELL 16931.39@0.8079342} 
Sun Dec 07 01:56:25 EST 2014 , 4 , 2 , 2 , 454296 : { BUY 7982.45@0.80470892} 454293 : { BUY 7982.45@0.80470892} 454290 : { SELL 16931.39@0.8079342} 454288 : { SELL 16931.39@0.8079342} 
Sun Dec 07 01:59:26 EST 2014 , 4 , 2 , 2 , 454296 : { BUY 7982.45@0.80470892} 454293 : { BUY 7982.45@0.80470892} 454290 : { SELL 16931.39@0.8079342} 454288 : { SELL 16931.39@0.8079342} 
Sun Dec 07 02:02:27 EST 2014 , 4 , 2 , 2 , 454296 : { BUY 7982.45@0.80470892} 454293 : { BUY 7982.45@0.80470892} 454290 : { SELL 16931.39@0.8079342} 454288 : { SELL 16931.39@0.8079342} 
Sun Dec 07 02:05:28 EST 2014 , 4 , 2 , 2 , 454296 : { BUY 7982.45@0.80470892} 454293 : { BUY 7982.45@0.80470892} 454290 : { SELL 16931.39@0.8079342} 454288 : { SELL 16931.39@0.8079342} 
Sun Dec 07 02:08:29 EST 2014 , 4 , 2 , 2 , 454296 : { BUY 7982.45@0.80470892} 454293 : { BUY 7982.45@0.80470892} 454290 : { SELL 16931.39@0.8079342} 454288 : { SELL 16931.39@0.8079342} 
Sun Dec 07 02:11:30 EST 2014 , 4 , 2 , 2 , 454296 : { BUY 7982.45@0.80470892} 454293 : { BUY 7982.45@0.80470892} 454290 : { SELL 16931.39@0.8079342} 454288 : { SELL 16931.39@0.8079342} 
Sun Dec 07 02:14:31 EST 2014 , 4 , 2 , 2 , 454296 : { BUY 7982.45@0.80470892} 454293 : { BUY 7982.45@0.80470892} 454290 : { SELL 16931.39@0.8079342} 454288 : { SELL 16931.39@0.8079342} 
Sun Dec 07 02:17:32 EST 2014 , 4 , 2 , 2 , 454296 : { BUY 7982.45@0.80470892} 454293 : { BUY 7982.45@0.80470892} 454290 : { SELL 16931.39@0.8079342} 454288 : { SELL 16931.39@0.8079342} 
Sun Dec 07 02:20:33 EST 2014 , 4 , 2 , 2 , 454296 : { BUY 7982.45@0.80470892} 454293 : { BUY 7982.45@0.80470892} 454290 : { SELL 16931.39@0.8079342} 454288 : { SELL 16931.39@0.8079342} 
Sun Dec 07 02:23:34 EST 2014 , 4 , 2 , 2 , 454296 : { BUY 7982.45@0.80470892} 454293 : { BUY 7982.45@0.80470892} 454290 : { SELL 16931.39@0.8079342} 454288 : { SELL 16931.39@0.8079342} 
Sun Dec 07 02:26:35 EST 2014 , 4 , 2 , 2 , 454296 : { BUY 7982.45@0.80470892} 454293 : { BUY 7982.45@0.80470892} 454290 : { SELL 16931.39@0.8079342} 454288 : { SELL 16931.39@0.8079342} 
Sun Dec 07 02:29:36 EST 2014 , 4 , 2 , 2 , 454296 : { BUY 7982.45@0.80470892} 454293 : { BUY 7982.45@0.80470892} 454290 : { SELL 16931.39@0.8079342} 454288 : { SELL 16931.39@0.8079342} 
Sun Dec 07 02:32:37 EST 2014 , 4 , 2 , 2 , 454296 : { BUY 7982.45@0.80470892} 454293 : { BUY 7982.45@0.80470892} 454290 : { SELL 16931.39@0.8079342} 454288 : { SELL 16931.39@0.8079342} 
Sun Dec 07 02:35:38 EST 2014 , 4 , 2 , 2 , 454296 : { BUY 7982.45@0.80470892} 454293 : { BUY 7982.45@0.80470892} 454290 : { SELL 16931.39@0.8079342} 454288 : { SELL 16931.39@0.8079342} 
Sun Dec 07 02:38:39 EST 2014 , 4 , 2 , 2 , 454296 : { BUY 7982.45@0.80470892} 454293 : { BUY 7982.45@0.80470892} 454290 : { SELL 16931.39@0.8079342} 454288 : { SELL 16931.39@0.8079342} 
Sun Dec 07 02:41:40 EST 2014 , 4 , 2 , 2 , 454296 : { BUY 7982.45@0.80470892} 454293 : { BUY 7982.45@0.80470892} 454290 : { SELL 16931.39@0.8079342} 454288 : { SELL 16931.39@0.8079342} 
Sun Dec 07 02:44:41 EST 2014 , 4 , 2 , 2 , 454296 : { BUY 7982.45@0.80470892} 454293 : { BUY 7982.45@0.80470892} 454290 : { SELL 16931.39@0.8079342} 454288 : { SELL 16931.39@0.8079342} 
Sun Dec 07 02:47:42 EST 2014 , 4 , 2 , 2 , 454296 : { BUY 7982.45@0.80470892} 454293 : { BUY 7982.45@0.80470892} 454290 : { SELL 16931.39@0.8079342} 454288 : { SELL 16931.39@0.8079342} 
Sun Dec 07 02:50:43 EST 2014 , 4 , 2 , 2 , 454296 : { BUY 7982.45@0.80470892} 454293 : { BUY 7982.45@0.80470892} 454290 : { SELL 16931.39@0.8079342} 454288 : { SELL 16931.39@0.8079342} 
Sun Dec 07 02:53:44 EST 2014 , 4 , 2 , 2 , 454296 : { BUY 7982.45@0.80470892} 454293 : { BUY 7982.45@0.80470892} 454290 : { SELL 16931.39@0.8079342} 454288 : { SELL 16931.39@0.8079342} 
Sun Dec 07 02:56:45 EST 2014 , 4 , 2 , 2 , 454296 : { BUY 7982.45@0.80470892} 454293 : { BUY 7982.45@0.80470892} 454290 : { SELL 16931.39@0.8079342} 454288 : { SELL 16931.39@0.8079342} 
Sun Dec 07 02:59:46 EST 2014 , 4 , 2 , 2 , 454296 : { BUY 7982.45@0.80470892} 454293 : { BUY 7982.45@0.80470892} 454290 : { SELL 16931.39@0.8079342} 454288 : { SELL 16931.39@0.8079342} 
Sun Dec 07 03:02:47 EST 2014 , 4 , 2 , 2 , 454296 : { BUY 7982.45@0.80470892} 454293 : { BUY 7982.45@0.80470892} 454290 : { SELL 16931.39@0.8079342} 454288 : { SELL 16931.39@0.8079342} 
Sun Dec 07 03:05:48 EST 2014 , 4 , 2 , 2 , 454296 : { BUY 7982.45@0.80470892} 454293 : { BUY 7982.45@0.80470892} 454290 : { SELL 16931.39@0.8079342} 454288 : { SELL 16931.39@0.8079342} 
Sun Dec 07 03:08:49 EST 2014 , 4 , 2 , 2 , 454296 : { BUY 7982.45@0.80470892} 454293 : { BUY 7982.45@0.80470892} 454290 : { SELL 16931.39@0.8079342} 454288 : { SELL 16931.39@0.8079342} 
Sun Dec 07 03:11:50 EST 2014 , 4 , 2 , 2 , 454296 : { BUY 7982.45@0.80470892} 454293 : { BUY 7982.45@0.80470892} 454290 : { SELL 16931.39@0.8079342} 454288 : { SELL 16931.39@0.8079342} 
Sun Dec 07 03:14:51 EST 2014 , 4 , 2 , 2 , 454296 : { BUY 7982.45@0.80470892} 454293 : { BUY 7982.45@0.80470892} 454290 : { SELL 16931.39@0.8079342} 454288 : { SELL 16931.39@0.8079342} 
Sun Dec 07 03:17:52 EST 2014 , 4 , 2 , 2 , 454296 : { BUY 7982.45@0.80470892} 454293 : { BUY 7982.45@0.80470892} 454290 : { SELL 16931.39@0.8079342} 454288 : { SELL 16931.39@0.8079342} 
Sun Dec 07 03:20:53 EST 2014 , 4 , 2 , 2 , 454296 : { BUY 7982.45@0.80470892} 454293 : { BUY 7982.45@0.80470892} 454290 : { SELL 16931.39@0.8079342} 454288 : { SELL 16931.39@0.8079342} 
Sun Dec 07 03:23:54 EST 2014 , 4 , 2 , 2 , 454296 : { BUY 7982.45@0.80470892} 454293 : { BUY 7982.45@0.80470892} 454290 : { SELL 16931.39@0.8079342} 454288 : { SELL 16931.39@0.8079342} 
Sun Dec 07 03:26:55 EST 2014 , 4 , 2 , 2 , 454296 : { BUY 7982.45@0.80470892} 454293 : { BUY 7982.45@0.80470892} 454290 : { SELL 16931.39@0.8079342} 454288 : { SELL 16931.39@0.8079342} 
Sun Dec 07 03:29:56 EST 2014 , 4 , 2 , 2 , 454296 : { BUY 7982.45@0.80470892} 454293 : { BUY 7982.45@0.80470892} 454290 : { SELL 16931.39@0.8079342} 454288 : { SELL 16931.39@0.8079342} 
Sun Dec 07 03:32:57 EST 2014 , 4 , 2 , 2 , 454296 : { BUY 7982.45@0.80470892} 454293 : { BUY 7982.45@0.80470892} 454290 : { SELL 16931.39@0.8079342} 454288 : { SELL 16931.39@0.8079342} 
Sun Dec 07 03:35:58 EST 2014 , 4 , 2 , 2 , 454296 : { BUY 7982.45@0.80470892} 454293 : { BUY 7982.45@0.80470892} 454290 : { SELL 16931.39@0.8079342} 454288 : { SELL 16931.39@0.8079342} 
Sun Dec 07 03:38:59 EST 2014 , 4 , 2 , 2 , 454296 : { BUY 7982.45@0.80470892} 454293 : { BUY 7982.45@0.80470892} 454290 : { SELL 16931.39@0.8079342} 454288 : { SELL 16931.39@0.8079342} 
Sun Dec 07 03:42:00 EST 2014 , 4 , 2 , 2 , 454296 : { BUY 7982.45@0.80470892} 454293 : { BUY 7982.45@0.80470892} 454290 : { SELL 16931.39@0.8079342} 454288 : { SELL 16931.39@0.8079342} 
Sun Dec 07 03:45:01 EST 2014 , 4 , 2 , 2 , 454296 : { BUY 7982.45@0.80470892} 454293 : { BUY 7982.45@0.80470892} 454290 : { SELL 16931.39@0.8079342} 454288 : { SELL 16931.39@0.8079342} 
Sun Dec 07 03:48:02 EST 2014 , 4 , 2 , 2 , 454296 : { BUY 7982.45@0.80470892} 454293 : { BUY 7982.45@0.80470892} 454290 : { SELL 16931.39@0.8079342} 454288 : { SELL 16931.39@0.8079342} 
Sun Dec 07 03:51:03 EST 2014 , 4 , 2 , 2 , 454296 : { BUY 7982.45@0.80470892} 454293 : { BUY 7982.45@0.80470892} 454290 : { SELL 16931.39@0.8079342} 454288 : { SELL 16931.39@0.8079342} 
Sun Dec 07 03:54:04 EST 2014 , 4 , 2 , 2 , 454296 : { BUY 7982.45@0.80470892} 454293 : { BUY 7982.45@0.80470892} 454290 : { SELL 16931.39@0.8079342} 454288 : { SELL 16931.39@0.8079342} 
Sun Dec 07 03:57:05 EST 2014 , 4 , 2 , 2 , 454296 : { BUY 7982.45@0.80470892} 454293 : { BUY 7982.45@0.80470892} 454290 : { SELL 16931.39@0.8079342} 454288 : { SELL 16931.39@0.8079342} 
Sun Dec 07 04:00:06 EST 2014 , 4 , 2 , 2 , 454296 : { BUY 7982.45@0.80470892} 454293 : { BUY 7982.45@0.80470892} 454290 : { SELL 16931.39@0.8079342} 454288 : { SELL 16931.39@0.8079342} 
Sun Dec 07 04:03:07 EST 2014 , 4 , 2 , 2 , 454296 : { BUY 7982.45@0.80470892} 454293 : { BUY 7982.45@0.80470892} 454290 : { SELL 16931.39@0.8079342} 454288 : { SELL 16931.39@0.8079342} 
Sun Dec 07 04:06:08 EST 2014 , 4 , 2 , 2 , 454296 : { BUY 7982.45@0.80470892} 454293 : { BUY 7982.45@0.80470892} 454290 : { SELL 16931.39@0.8079342} 454288 : { SELL 16931.39@0.8079342} 
Sun Dec 07 04:09:09 EST 2014 , 4 , 2 , 2 , 454296 : { BUY 7982.45@0.80470892} 454293 : { BUY 7982.45@0.80470892} 454290 : { SELL 16931.39@0.8079342} 454288 : { SELL 16931.39@0.8079342} 
Sun Dec 07 04:12:10 EST 2014 , 4 , 2 , 2 , 454296 : { BUY 7982.45@0.80470892} 454293 : { BUY 7982.45@0.80470892} 454290 : { SELL 16931.39@0.8079342} 454288 : { SELL 16931.39@0.8079342} 
Sun Dec 07 04:15:11 EST 2014 , 4 , 2 , 2 , 454296 : { BUY 7982.45@0.80470892} 454293 : { BUY 7982.45@0.80470892} 454290 : { SELL 16931.39@0.8079342} 454288 : { SELL 16930.82@0.8079342} 
Sun Dec 07 04:18:12 EST 2014 , 4 , 2 , 2 , 454296 : { BUY 7982.45@0.80470892} 454293 : { BUY 7982.45@0.80470892} 454290 : { SELL 16931.39@0.8079342} 454288 : { SELL 16930.82@0.8079342} 
Sun Dec 07 04:21:13 EST 2014 , 4 , 2 , 2 , 454296 : { BUY 7982.45@0.80470892} 454293 : { BUY 7982.45@0.80470892} 454290 : { SELL 16931.39@0.8079342} 454288 : { SELL 16930.82@0.8079342} 
Sun Dec 07 04:24:14 EST 2014 , 4 , 2 , 2 , 454296 : { BUY 7982.45@0.80470892} 454293 : { BUY 7982.45@0.80470892} 454290 : { SELL 16931.39@0.8079342} 454288 : { SELL 16930.82@0.8079342} 
Sun Dec 07 04:27:15 EST 2014 , 4 , 2 , 2 , 454296 : { BUY 7982.45@0.80470892} 454293 : { BUY 7982.45@0.80470892} 454290 : { SELL 16931.39@0.8079342} 454288 : { SELL 16930.82@0.8079342} 
Sun Dec 07 04:30:16 EST 2014 , 4 , 2 , 2 , 454296 : { BUY 7982.45@0.80470892} 454293 : { BUY 7982.45@0.80470892} 454290 : { SELL 16931.39@0.8079342} 454288 : { SELL 16930.82@0.8079342} 
Sun Dec 07 04:33:17 EST 2014 , 4 , 2 , 2 , 454296 : { BUY 7982.45@0.80470892} 454293 : { BUY 7982.45@0.80470892} 454290 : { SELL 16931.39@0.8079342} 454288 : { SELL 16930.82@0.8079342} 
Sun Dec 07 04:36:18 EST 2014 , 4 , 2 , 2 , 454296 : { BUY 7982.45@0.80470892} 454293 : { BUY 7982.45@0.80470892} 454290 : { SELL 16931.39@0.8079342} 454288 : { SELL 16930.82@0.8079342} 
Sun Dec 07 04:39:19 EST 2014 , 4 , 2 , 2 , 454296 : { BUY 7982.45@0.80470892} 454293 : { BUY 7982.45@0.80470892} 454290 : { SELL 16931.39@0.8079342} 454288 : { SELL 16930.82@0.8079342} 
Sun Dec 07 04:42:20 EST 2014 , 4 , 2 , 2 , 454296 : { BUY 7982.45@0.80470892} 454293 : { BUY 7982.45@0.80470892} 454290 : { SELL 16931.39@0.8079342} 454288 : { SELL 16930.82@0.8079342} 
Sun Dec 07 04:45:21 EST 2014 , 4 , 2 , 2 , 454296 : { BUY 7982.45@0.80470892} 454293 : { BUY 7982.45@0.80470892} 454290 : { SELL 16931.39@0.8079342} 454288 : { SELL 16930.82@0.8079342} 
Sun Dec 07 04:48:22 EST 2014 , 4 , 2 , 2 , 454296 : { BUY 7982.45@0.80470892} 454293 : { BUY 7982.45@0.80470892} 454290 : { SELL 16931.39@0.8079342} 454288 : { SELL 16930.82@0.8079342} 
Sun Dec 07 04:51:24 EST 2014 , 4 , 2 , 2 , 454296 : { BUY 7982.45@0.80470892} 454293 : { BUY 7982.45@0.80470892} 454290 : { SELL 16931.39@0.8079342} 454288 : { SELL 16930.82@0.8079342} 
Sun Dec 07 04:54:24 EST 2014 , 4 , 2 , 2 , 454296 : { BUY 7982.45@0.80470892} 454293 : { BUY 7982.45@0.80470892} 454290 : { SELL 16931.39@0.8079342} 454288 : { SELL 16930.82@0.8079342} 
Sun Dec 07 04:57:25 EST 2014 , 4 , 2 , 2 , 454296 : { BUY 7982.45@0.80470892} 454293 : { BUY 7982.45@0.80470892} 454290 : { SELL 16931.39@0.8079342} 454288 : { SELL 16930.82@0.8079342} 
Sun Dec 07 05:00:26 EST 2014 , 4 , 2 , 2 , 454296 : { BUY 7982.45@0.80470892} 454293 : { BUY 7982.45@0.80470892} 454290 : { SELL 16931.39@0.8079342} 454288 : { SELL 16930.82@0.8079342} 
Sun Dec 07 05:03:27 EST 2014 , 4 , 2 , 2 , 454296 : { BUY 7982.45@0.80470892} 454293 : { BUY 7982.45@0.80470892} 454290 : { SELL 16931.39@0.8079342} 454288 : { SELL 16930.82@0.8079342} 
Sun Dec 07 05:06:29 EST 2014 , 4 , 2 , 2 , 454296 : { BUY 7982.45@0.80470892} 454293 : { BUY 7982.45@0.80470892} 454290 : { SELL 16931.39@0.8079342} 454288 : { SELL 16930.82@0.8079342} 
Sun Dec 07 05:09:30 EST 2014 , 4 , 2 , 2 , 454296 : { BUY 7982.45@0.80470892} 454293 : { BUY 7982.45@0.80470892} 454290 : { SELL 16931.39@0.8079342} 454288 : { SELL 16930.82@0.8079342} 
Sun Dec 07 05:12:30 EST 2014 , 4 , 2 , 2 , 454296 : { BUY 7982.45@0.80470892} 454293 : { BUY 7982.45@0.80470892} 454290 : { SELL 16931.39@0.8079342} 454288 : { SELL 16930.82@0.8079342} 
Sun Dec 07 05:15:31 EST 2014 , 4 , 2 , 2 , 454296 : { BUY 7982.45@0.80470892} 454293 : { BUY 7982.45@0.80470892} 454290 : { SELL 16931.39@0.8079342} 454288 : { SELL 16930.82@0.8079342} 
Sun Dec 07 05:18:33 EST 2014 , 4 , 2 , 2 , 454296 : { BUY 7982.45@0.80470892} 454293 : { BUY 7982.45@0.80470892} 454290 : { SELL 16931.39@0.8079342} 454288 : { SELL 16930.82@0.8079342} 
Sun Dec 07 05:21:33 EST 2014 , 4 , 2 , 2 , 454296 : { BUY 7982.45@0.80470892} 454293 : { BUY 7982.45@0.80470892} 454290 : { SELL 16931.39@0.8079342} 454288 : { SELL 16930.82@0.8079342} 
Sun Dec 07 05:24:34 EST 2014 , 4 , 2 , 2 , 454296 : { BUY 7982.45@0.80470892} 454293 : { BUY 7982.45@0.80470892} 454290 : { SELL 16931.39@0.8079342} 454288 : { SELL 16930.82@0.8079342} 
Sun Dec 07 05:27:35 EST 2014 , 4 , 2 , 2 , 454296 : { BUY 7982.45@0.80470892} 454293 : { BUY 7982.45@0.80470892} 454290 : { SELL 16931.39@0.8079342} 454288 : { SELL 16930.82@0.8079342} 
Sun Dec 07 05:30:36 EST 2014 , 4 , 2 , 2 , 454296 : { BUY 7982.45@0.80470892} 454293 : { BUY 7982.45@0.80470892} 454290 : { SELL 16931.39@0.8079342} 454288 : { SELL 16930.82@0.8079342} 
Sun Dec 07 05:33:37 EST 2014 , 4 , 2 , 2 , 454296 : { BUY 7982.45@0.80470892} 454293 : { BUY 7982.45@0.80470892} 454290 : { SELL 16931.39@0.8079342} 454288 : { SELL 16930.82@0.8079342} 
Sun Dec 07 05:36:38 EST 2014 , 4 , 2 , 2 , 454296 : { BUY 7982.45@0.80470892} 454293 : { BUY 7982.45@0.80470892} 454290 : { SELL 16931.39@0.8079342} 454288 : { SELL 16930.82@0.8079342} 
Sun Dec 07 05:39:39 EST 2014 , 4 , 2 , 2 , 454296 : { BUY 7982.45@0.80470892} 454293 : { BUY 7982.45@0.80470892} 454290 : { SELL 16931.39@0.8079342} 454288 : { SELL 16930.82@0.8079342} 
Sun Dec 07 05:42:40 EST 2014 , 4 , 2 , 2 , 454296 : { BUY 7982.45@0.80470892} 454293 : { BUY 7982.45@0.80470892} 454290 : { SELL 16931.39@0.8079342} 454288 : { SELL 16930.82@0.8079342} 
Sun Dec 07 05:45:41 EST 2014 , 4 , 2 , 2 , 454296 : { BUY 7982.45@0.80470892} 454293 : { BUY 7982.45@0.80470892} 454290 : { SELL 16931.39@0.8079342} 454288 : { SELL 16930.82@0.8079342} 
Sun Dec 07 05:48:42 EST 2014 , 4 , 2 , 2 , 454296 : { BUY 7982.45@0.80470892} 454293 : { BUY 7982.45@0.80470892} 454290 : { SELL 16931.39@0.8079342} 454288 : { SELL 16930.82@0.8079342} 
Sun Dec 07 05:51:43 EST 2014 , 4 , 2 , 2 , 454296 : { BUY 7982.45@0.80470892} 454293 : { BUY 7982.45@0.80470892} 454290 : { SELL 16931.39@0.8079342} 454288 : { SELL 16930.82@0.8079342} 
Sun Dec 07 05:54:44 EST 2014 , 4 , 2 , 2 , 454296 : { BUY 7982.45@0.80470892} 454293 : { BUY 7982.45@0.80470892} 454290 : { SELL 16931.39@0.8079342} 454288 : { SELL 16930.82@0.8079342} 
Sun Dec 07 05:57:45 EST 2014 , 4 , 2 , 2 , 454296 : { BUY 7982.45@0.80470892} 454293 : { BUY 7982.45@0.80470892} 454290 : { SELL 16931.39@0.8079342} 454288 : { SELL 16930.82@0.8079342} 
Sun Dec 07 06:00:46 EST 2014 , 4 , 2 , 2 , 454296 : { BUY 7982.45@0.80470892} 454293 : { BUY 7982.45@0.80470892} 454290 : { SELL 16931.39@0.8079342} 454288 : { SELL 16930.82@0.8079342} 
Sun Dec 07 06:03:47 EST 2014 , 4 , 2 , 2 , 454296 : { BUY 7982.45@0.80470892} 454293 : { BUY 7982.45@0.80470892} 454290 : { SELL 16931.39@0.8079342} 454288 : { SELL 16930.82@0.8079342} 
Sun Dec 07 06:06:48 EST 2014 , 4 , 2 , 2 , 454296 : { BUY 7982.45@0.80470892} 454293 : { BUY 7982.45@0.80470892} 454290 : { SELL 16931.39@0.8079342} 454288 : { SELL 16930.82@0.8079342} 
Sun Dec 07 06:09:49 EST 2014 , 4 , 2 , 2 , 454296 : { BUY 7982.45@0.80470892} 454293 : { BUY 7982.45@0.80470892} 454290 : { SELL 16931.39@0.8079342} 454288 : { SELL 16930.82@0.8079342} 
Sun Dec 07 06:12:50 EST 2014 , 4 , 2 , 2 , 454296 : { BUY 7982.45@0.80470892} 454293 : { BUY 7982.45@0.80470892} 454290 : { SELL 16931.39@0.8079342} 454288 : { SELL 16930.82@0.8079342} 
Sun Dec 07 06:15:51 EST 2014 , 4 , 2 , 2 , 454296 : { BUY 7982.45@0.80470892} 454293 : { BUY 7982.45@0.80470892} 454290 : { SELL 16931.39@0.8079342} 454288 : { SELL 16930.82@0.8079342} 
Sun Dec 07 06:18:52 EST 2014 , 4 , 2 , 2 , 454296 : { BUY 7982.45@0.80470892} 454293 : { BUY 7982.45@0.80470892} 454290 : { SELL 16931.39@0.8079342} 454288 : { SELL 16930.82@0.8079342} 
Sun Dec 07 06:21:53 EST 2014 , 4 , 2 , 2 , 454296 : { BUY 7982.45@0.80470892} 454293 : { BUY 7982.45@0.80470892} 454290 : { SELL 16931.39@0.8079342} 454288 : { SELL 16930.82@0.8079342} 
Sun Dec 07 06:24:54 EST 2014 , 4 , 2 , 2 , 454296 : { BUY 7982.45@0.80470892} 454293 : { BUY 7982.45@0.80470892} 454290 : { SELL 16931.39@0.8079342} 454288 : { SELL 16930.82@0.8079342} 
Sun Dec 07 06:27:55 EST 2014 , 4 , 2 , 2 , 454296 : { BUY 7982.45@0.80470892} 454293 : { BUY 7982.45@0.80470892} 454290 : { SELL 16931.39@0.8079342} 454288 : { SELL 16930.82@0.8079342} 
Sun Dec 07 06:30:56 EST 2014 , 4 , 2 , 2 , 454296 : { BUY 7982.45@0.80470892} 454293 : { BUY 7982.45@0.80470892} 454290 : { SELL 16931.39@0.8079342} 454288 : { SELL 16930.82@0.8079342} 
Sun Dec 07 06:33:57 EST 2014 , 4 , 2 , 2 , 454296 : { BUY 7982.45@0.80470892} 454293 : { BUY 7982.45@0.80470892} 454290 : { SELL 16931.39@0.8079342} 454288 : { SELL 16930.82@0.8079342} 
Sun Dec 07 06:36:58 EST 2014 , 4 , 2 , 2 , 454296 : { BUY 7982.45@0.80470892} 454293 : { BUY 7982.45@0.80470892} 454290 : { SELL 16931.39@0.8079342} 454288 : { SELL 16930.82@0.8079342} 
Sun Dec 07 06:40:00 EST 2014 , 4 , 2 , 2 , 454296 : { BUY 7982.45@0.80470892} 454293 : { BUY 7982.45@0.80470892} 454290 : { SELL 16931.39@0.8079342} 454288 : { SELL 16930.82@0.8079342} 
Sun Dec 07 06:43:00 EST 2014 , 4 , 2 , 2 , 454296 : { BUY 7982.45@0.80470892} 454293 : { BUY 7982.45@0.80470892} 454290 : { SELL 16931.39@0.8079342} 454288 : { SELL 16930.82@0.8079342} 
Sun Dec 07 06:46:02 EST 2014 , 4 , 2 , 2 , 454296 : { BUY 7982.45@0.80470892} 454293 : { BUY 7982.45@0.80470892} 454290 : { SELL 16931.39@0.8079342} 454288 : { SELL 16930.82@0.8079342} 
Sun Dec 07 06:49:02 EST 2014 , 4 , 2 , 2 , 454296 : { BUY 7982.45@0.80470892} 454293 : { BUY 7982.45@0.80470892} 454290 : { SELL 16931.39@0.8079342} 454288 : { SELL 16930.82@0.8079342} 
Sun Dec 07 06:52:03 EST 2014 , 4 , 2 , 2 , 454296 : { BUY 7982.45@0.80470892} 454293 : { BUY 7982.45@0.80470892} 454290 : { SELL 16931.39@0.8079342} 454288 : { SELL 16930.82@0.8079342} 
Sun Dec 07 06:55:04 EST 2014 , 4 , 2 , 2 , 454296 : { BUY 7982.45@0.80470892} 454293 : { BUY 7982.45@0.80470892} 454290 : { SELL 16931.39@0.8079342} 454288 : { SELL 16930.82@0.8079342} 
Sun Dec 07 06:58:06 EST 2014 , 4 , 2 , 2 , 454296 : { BUY 7982.45@0.80470892} 454293 : { BUY 7982.45@0.80470892} 454290 : { SELL 16931.39@0.8079342} 454288 : { SELL 16930.82@0.8079342} 
Sun Dec 07 07:01:06 EST 2014 , 4 , 2 , 2 , 454296 : { BUY 7982.45@0.80470892} 454293 : { BUY 7982.45@0.80470892} 454290 : { SELL 16931.39@0.8079342} 454288 : { SELL 16930.82@0.8079342} 
Sun Dec 07 07:04:07 EST 2014 , 4 , 2 , 2 , 454296 : { BUY 7982.45@0.80470892} 454293 : { BUY 7982.45@0.80470892} 454290 : { SELL 16931.39@0.8079342} 454288 : { SELL 16930.82@0.8079342} 
Sun Dec 07 07:07:08 EST 2014 , 4 , 2 , 2 , 454296 : { BUY 7982.45@0.80470892} 454293 : { BUY 7982.45@0.80470892} 454290 : { SELL 16931.39@0.8079342} 454288 : { SELL 16930.82@0.8079342} 
Sun Dec 07 07:10:09 EST 2014 , 4 , 2 , 2 , 454296 : { BUY 7982.45@0.80470892} 454293 : { BUY 7982.45@0.80470892} 454290 : { SELL 16931.39@0.8079342} 454288 : { SELL 16930.82@0.8079342} 
Sun Dec 07 07:13:10 EST 2014 , 4 , 2 , 2 , 454296 : { BUY 7982.45@0.80470892} 454293 : { BUY 7982.45@0.80470892} 454290 : { SELL 16931.39@0.8079342} 454288 : { SELL 16930.82@0.8079342} 
Sun Dec 07 07:16:11 EST 2014 , 4 , 2 , 2 , 454296 : { BUY 7982.45@0.80470892} 454293 : { BUY 7982.45@0.80470892} 454290 : { SELL 16931.39@0.8079342} 454288 : { SELL 16930.82@0.8079342} 
Sun Dec 07 07:19:12 EST 2014 , 4 , 2 , 2 , 454296 : { BUY 7982.45@0.80470892} 454293 : { BUY 7982.45@0.80470892} 454290 : { SELL 16931.39@0.8079342} 454288 : { SELL 16930.82@0.8079342} 
Sun Dec 07 07:22:13 EST 2014 , 4 , 2 , 2 , 454296 : { BUY 7982.45@0.80470892} 454293 : { BUY 7982.45@0.80470892} 454290 : { SELL 16931.39@0.8079342} 454288 : { SELL 16930.82@0.8079342} 
Sun Dec 07 07:25:14 EST 2014 , 4 , 2 , 2 , 454296 : { BUY 7982.45@0.80470892} 454293 : { BUY 7982.45@0.80470892} 454290 : { SELL 16931.39@0.8079342} 454288 : { SELL 16930.82@0.8079342} 
Sun Dec 07 07:28:15 EST 2014 , 4 , 2 , 2 , 454296 : { BUY 7982.45@0.80470892} 454293 : { BUY 7982.45@0.80470892} 454290 : { SELL 16931.39@0.8079342} 454288 : { SELL 16930.82@0.8079342} 
Sun Dec 07 07:31:16 EST 2014 , 4 , 2 , 2 , 454296 : { BUY 7982.45@0.80470892} 454293 : { BUY 7982.45@0.80470892} 454290 : { SELL 16931.39@0.8079342} 454288 : { SELL 16930.82@0.8079342} 
Sun Dec 07 07:34:17 EST 2014 , 4 , 2 , 2 , 454296 : { BUY 7982.45@0.80470892} 454293 : { BUY 7982.45@0.80470892} 454290 : { SELL 16931.39@0.8079342} 454288 : { SELL 16930.82@0.8079342} 
Sun Dec 07 07:37:18 EST 2014 , 4 , 2 , 2 , 454296 : { BUY 7982.45@0.80470892} 454293 : { BUY 7982.45@0.80470892} 454290 : { SELL 16931.39@0.8079342} 454288 : { SELL 16930.82@0.8079342} 
Sun Dec 07 07:40:19 EST 2014 , 4 , 2 , 2 , 454296 : { BUY 7982.45@0.80470892} 454293 : { BUY 7982.45@0.80470892} 454290 : { SELL 16931.39@0.8079342} 454288 : { SELL 16930.82@0.8079342} 
Sun Dec 07 07:43:20 EST 2014 , 4 , 2 , 2 , 454296 : { BUY 7982.45@0.80470892} 454293 : { BUY 7982.45@0.80470892} 454290 : { SELL 16931.39@0.8079342} 454288 : { SELL 16930.82@0.8079342} 
Sun Dec 07 07:46:21 EST 2014 , 4 , 2 , 2 , 454296 : { BUY 7982.45@0.80470892} 454293 : { BUY 7982.45@0.80470892} 454290 : { SELL 16931.39@0.8079342} 454288 : { SELL 16930.82@0.8079342} 
Sun Dec 07 07:49:22 EST 2014 , 4 , 2 , 2 , 454296 : { BUY 7982.45@0.80470892} 454293 : { BUY 7982.45@0.80470892} 454290 : { SELL 16931.39@0.8079342} 454288 : { SELL 16930.82@0.8079342} 
Sun Dec 07 07:52:24 EST 2014 , 4 , 2 , 2 , 454296 : { BUY 7982.45@0.80470892} 454293 : { BUY 7982.45@0.80470892} 454290 : { SELL 16931.39@0.8079342} 454288 : { SELL 16930.82@0.8079342} 
Sun Dec 07 07:55:24 EST 2014 , 4 , 2 , 2 , 454296 : { BUY 7982.45@0.80470892} 454293 : { BUY 7982.45@0.80470892} 454290 : { SELL 16931.39@0.8079342} 454288 : { SELL 16930.82@0.8079342} 
Sun Dec 07 07:58:25 EST 2014 , 4 , 2 , 2 , 454296 : { BUY 7982.45@0.80470892} 454293 : { BUY 7982.45@0.80470892} 454290 : { SELL 16931.39@0.8079342} 454288 : { SELL 16930.82@0.8079342} 
Sun Dec 07 08:01:26 EST 2014 , 4 , 2 , 2 , 454296 : { BUY 7982.45@0.80470892} 454293 : { BUY 7982.45@0.80470892} 454290 : { SELL 16931.39@0.8079342} 454288 : { SELL 16930.82@0.8079342} 
Sun Dec 07 08:04:27 EST 2014 , 4 , 2 , 2 , 454296 : { BUY 7982.45@0.80470892} 454293 : { BUY 7982.45@0.80470892} 454290 : { SELL 16931.39@0.8079342} 454288 : { SELL 16930.82@0.8079342} 
Sun Dec 07 08:07:28 EST 2014 , 4 , 2 , 2 , 454296 : { BUY 7982.45@0.80470892} 454293 : { BUY 7982.45@0.80470892} 454290 : { SELL 16931.39@0.8079342} 454288 : { SELL 16930.82@0.8079342} 
Sun Dec 07 08:10:29 EST 2014 , 4 , 2 , 2 , 454296 : { BUY 7982.45@0.80470892} 454293 : { BUY 7982.45@0.80470892} 454290 : { SELL 16931.39@0.8079342} 454288 : { SELL 16930.82@0.8079342} 
Sun Dec 07 08:13:30 EST 2014 , 4 , 2 , 2 , 454296 : { BUY 7982.45@0.80470892} 454293 : { BUY 7982.45@0.80470892} 454290 : { SELL 16931.39@0.8079342} 454288 : { SELL 16930.82@0.8079342} 
Sun Dec 07 08:16:31 EST 2014 , 4 , 2 , 2 , 454296 : { BUY 7982.45@0.80470892} 454293 : { BUY 7982.45@0.80470892} 454290 : { SELL 16931.39@0.8079342} 454288 : { SELL 16930.82@0.8079342} 
Sun Dec 07 08:19:32 EST 2014 , 4 , 2 , 2 , 454296 : { BUY 7982.45@0.80470892} 454293 : { BUY 7982.45@0.80470892} 454290 : { SELL 16931.39@0.8079342} 454288 : { SELL 16930.82@0.8079342} 
Sun Dec 07 08:22:33 EST 2014 , 4 , 2 , 2 , 454296 : { BUY 7982.45@0.80470892} 454293 : { BUY 7982.45@0.80470892} 454290 : { SELL 16931.39@0.8079342} 454288 : { SELL 16930.82@0.8079342} 
Sun Dec 07 08:25:34 EST 2014 , 4 , 2 , 2 , 454296 : { BUY 7982.45@0.80470892} 454293 : { BUY 7982.45@0.80470892} 454290 : { SELL 16931.39@0.8079342} 454288 : { SELL 16930.82@0.8079342} 
Sun Dec 07 08:28:35 EST 2014 , 4 , 2 , 2 , 454296 : { BUY 7982.45@0.80470892} 454293 : { BUY 7982.45@0.80470892} 454290 : { SELL 16931.39@0.8079342} 454288 : { SELL 16930.82@0.8079342} 
Sun Dec 07 08:31:37 EST 2014 , 4 , 2 , 2 , 454296 : { BUY 7982.45@0.80470892} 454293 : { BUY 7982.45@0.80470892} 454290 : { SELL 16931.39@0.8079342} 454288 : { SELL 16930.82@0.8079342} 
Sun Dec 07 08:34:37 EST 2014 , 4 , 2 , 2 , 454296 : { BUY 7982.45@0.80470892} 454293 : { BUY 7982.45@0.80470892} 454290 : { SELL 16931.39@0.8079342} 454288 : { SELL 16930.82@0.8079342} 
Sun Dec 07 08:37:38 EST 2014 , 4 , 2 , 2 , 454296 : { BUY 7982.45@0.80470892} 454293 : { BUY 7982.45@0.80470892} 454290 : { SELL 16931.39@0.8079342} 454288 : { SELL 16930.82@0.8079342} 
Sun Dec 07 08:40:39 EST 2014 , 4 , 2 , 2 , 454296 : { BUY 7982.45@0.80470892} 454293 : { BUY 7982.45@0.80470892} 454290 : { SELL 16931.39@0.8079342} 454288 : { SELL 16930.82@0.8079342} 
Sun Dec 07 08:43:40 EST 2014 , 4 , 2 , 2 , 454296 : { BUY 7982.45@0.80470892} 454293 : { BUY 7982.45@0.80470892} 454290 : { SELL 16931.39@0.8079342} 454288 : { SELL 16930.82@0.8079342} 
Sun Dec 07 08:46:41 EST 2014 , 4 , 2 , 2 , 454296 : { BUY 7982.45@0.80470892} 454293 : { BUY 7982.45@0.80470892} 454290 : { SELL 16931.39@0.8079342} 454288 : { SELL 16930.82@0.8079342} 
Sun Dec 07 08:49:42 EST 2014 , 4 , 2 , 2 , 454296 : { BUY 7982.45@0.80470892} 454293 : { BUY 7982.45@0.80470892} 454290 : { SELL 16931.39@0.8079342} 454288 : { SELL 16930.82@0.8079342} 
Sun Dec 07 08:52:43 EST 2014 , 4 , 2 , 2 , 454296 : { BUY 7982.45@0.80470892} 454293 : { BUY 7982.45@0.80470892} 454290 : { SELL 16931.39@0.8079342} 454288 : { SELL 16930.82@0.8079342} 
Sun Dec 07 08:55:44 EST 2014 , 4 , 2 , 2 , 454296 : { BUY 7982.45@0.80470892} 454293 : { BUY 7982.45@0.80470892} 454290 : { SELL 16931.39@0.8079342} 454288 : { SELL 16930.82@0.8079342} 
Sun Dec 07 08:58:46 EST 2014 , 4 , 2 , 2 , 454296 : { BUY 7982.45@0.80470892} 454293 : { BUY 7982.45@0.80470892} 454290 : { SELL 16931.39@0.8079342} 454288 : { SELL 16930.82@0.8079342} 
Sun Dec 07 09:01:46 EST 2014 , 4 , 2 , 2 , 454296 : { BUY 7982.45@0.80470892} 454293 : { BUY 7982.45@0.80470892} 454290 : { SELL 16931.39@0.8079342} 454288 : { SELL 16930.82@0.8079342} 
Sun Dec 07 09:04:47 EST 2014 , 4 , 2 , 2 , 454296 : { BUY 7982.45@0.80470892} 454293 : { BUY 7982.45@0.80470892} 454290 : { SELL 16931.39@0.8079342} 454288 : { SELL 16930.82@0.8079342} 
Sun Dec 07 09:07:48 EST 2014 , 4 , 2 , 2 , 454296 : { BUY 7982.45@0.80470892} 454293 : { BUY 7982.45@0.80470892} 454290 : { SELL 16931.39@0.8079342} 454288 : { SELL 16930.82@0.8079342} 
Sun Dec 07 09:10:49 EST 2014 , 4 , 2 , 2 , 454296 : { BUY 7982.45@0.80470892} 454293 : { BUY 7982.45@0.80470892} 454290 : { SELL 16931.39@0.8079342} 454288 : { SELL 16930.82@0.8079342} 
Sun Dec 07 09:13:50 EST 2014 , 4 , 2 , 2 , 454296 : { BUY 7982.45@0.80470892} 454293 : { BUY 7982.45@0.80470892} 454290 : { SELL 16931.39@0.8079342} 454288 : { SELL 16930.82@0.8079342} 
Sun Dec 07 09:16:51 EST 2014 , 4 , 2 , 2 , 454296 : { BUY 7982.45@0.80470892} 454293 : { BUY 7982.45@0.80470892} 454290 : { SELL 16931.39@0.8079342} 454288 : { SELL 16930.82@0.8079342} 
Sun Dec 07 09:19:52 EST 2014 , 4 , 2 , 2 , 454296 : { BUY 7982.45@0.80470892} 454293 : { BUY 7982.45@0.80470892} 454290 : { SELL 16931.39@0.8079342} 454288 : { SELL 16930.82@0.8079342} 
Sun Dec 07 09:22:53 EST 2014 , 4 , 2 , 2 , 454296 : { BUY 7982.45@0.80470892} 454293 : { BUY 7982.45@0.80470892} 454290 : { SELL 16931.39@0.8079342} 454288 : { SELL 16930.82@0.8079342} 
Sun Dec 07 09:25:54 EST 2014 , 4 , 2 , 2 , 454296 : { BUY 7982.45@0.80470892} 454293 : { BUY 7982.45@0.80470892} 454290 : { SELL 16931.39@0.8079342} 454288 : { SELL 16930.82@0.8079342} 
Sun Dec 07 09:28:55 EST 2014 , 4 , 2 , 2 , 454296 : { BUY 7982.45@0.80470892} 454293 : { BUY 7982.45@0.80470892} 454290 : { SELL 16931.39@0.8079342} 454288 : { SELL 16930.82@0.8079342} 
Sun Dec 07 09:31:56 EST 2014 , 4 , 2 , 2 , 454296 : { BUY 7982.45@0.80470892} 454293 : { BUY 7982.45@0.80470892} 454290 : { SELL 16931.39@0.8079342} 454288 : { SELL 16930.82@0.8079342} 
Sun Dec 07 09:34:57 EST 2014 , 4 , 2 , 2 , 454296 : { BUY 7982.45@0.80470892} 454293 : { BUY 7982.45@0.80470892} 454290 : { SELL 16931.39@0.8079342} 454288 : { SELL 16930.82@0.8079342} 
Sun Dec 07 09:37:58 EST 2014 , 4 , 2 , 2 , 454296 : { BUY 7982.45@0.80470892} 454293 : { BUY 7982.45@0.80470892} 454290 : { SELL 16931.39@0.8079342} 454288 : { SELL 16930.82@0.8079342} 
Sun Dec 07 09:40:59 EST 2014 , 4 , 2 , 2 , 454296 : { BUY 7982.45@0.80470892} 454293 : { BUY 7982.45@0.80470892} 454290 : { SELL 16931.39@0.8079342} 454288 : { SELL 16930.82@0.8079342} 
Sun Dec 07 09:44:00 EST 2014 , 4 , 2 , 2 , 454296 : { BUY 7982.45@0.80470892} 454293 : { BUY 7982.45@0.80470892} 454290 : { SELL 16931.39@0.8079342} 454288 : { SELL 16930.82@0.8079342} 
Sun Dec 07 09:47:01 EST 2014 , 4 , 2 , 2 , 454296 : { BUY 7982.45@0.80470892} 454293 : { BUY 7982.45@0.80470892} 454290 : { SELL 16931.39@0.8079342} 454288 : { SELL 16930.82@0.8079342} 
Sun Dec 07 09:50:03 EST 2014 , 4 , 2 , 2 , 454296 : { BUY 7982.45@0.80470892} 454293 : { BUY 7982.45@0.80470892} 454290 : { SELL 16931.39@0.8079342} 454288 : { SELL 16930.82@0.8079342} 
Sun Dec 07 09:53:04 EST 2014 , 4 , 2 , 2 , 454296 : { BUY 7982.45@0.80470892} 454293 : { BUY 7982.45@0.80470892} 454290 : { SELL 16931.39@0.8079342} 454288 : { SELL 16930.82@0.8079342} 
Sun Dec 07 09:56:04 EST 2014 , 4 , 2 , 2 , 454296 : { BUY 7982.45@0.80470892} 454293 : { BUY 7982.45@0.80470892} 454290 : { SELL 16931.39@0.8079342} 454288 : { SELL 16930.82@0.8079342} 
Sun Dec 07 09:59:05 EST 2014 , 4 , 2 , 2 , 454296 : { BUY 7982.45@0.80470892} 454293 : { BUY 7982.45@0.80470892} 454290 : { SELL 16931.39@0.8079342} 454288 : { SELL 16930.82@0.8079342} 
Sun Dec 07 10:02:07 EST 2014 , 4 , 2 , 2 , 454296 : { BUY 7982.45@0.80470892} 454293 : { BUY 7982.45@0.80470892} 454290 : { SELL 16931.39@0.8079342} 454288 : { SELL 16930.82@0.8079342} 
Sun Dec 07 10:05:07 EST 2014 , 4 , 2 , 2 , 454296 : { BUY 7982.45@0.80470892} 454293 : { BUY 7982.45@0.80470892} 454290 : { SELL 16931.39@0.8079342} 454288 : { SELL 16930.82@0.8079342} 
Sun Dec 07 10:08:08 EST 2014 , 4 , 2 , 2 , 454296 : { BUY 7982.45@0.80470892} 454293 : { BUY 7982.45@0.80470892} 454290 : { SELL 16931.39@0.8079342} 454288 : { SELL 16930.82@0.8079342} 
Sun Dec 07 10:11:09 EST 2014 , 4 , 2 , 2 , 454296 : { BUY 7982.45@0.80470892} 454293 : { BUY 7982.45@0.80470892} 454290 : { SELL 16931.39@0.8079342} 454288 : { SELL 16930.82@0.8079342} 
Sun Dec 07 10:14:10 EST 2014 , 4 , 2 , 2 , 454296 : { BUY 7982.45@0.80470892} 454293 : { BUY 7982.45@0.80470892} 454290 : { SELL 16931.39@0.8079342} 454288 : { SELL 16930.82@0.8079342} 
Sun Dec 07 10:17:11 EST 2014 , 4 , 2 , 2 , 454296 : { BUY 7982.45@0.80470892} 454293 : { BUY 7982.45@0.80470892} 454290 : { SELL 16931.39@0.8079342} 454288 : { SELL 16930.82@0.8079342} 
Sun Dec 07 10:20:12 EST 2014 , 4 , 2 , 2 , 454296 : { BUY 7982.45@0.80470892} 454293 : { BUY 7982.45@0.80470892} 454290 : { SELL 16931.39@0.8079342} 454288 : { SELL 16930.82@0.8079342} 
Sun Dec 07 10:23:13 EST 2014 , 4 , 2 , 2 , 454296 : { BUY 7982.45@0.80470892} 454293 : { BUY 7982.45@0.80470892} 454290 : { SELL 16931.39@0.8079342} 454288 : { SELL 16930.82@0.8079342} 
Sun Dec 07 10:26:14 EST 2014 , 4 , 2 , 2 , 454296 : { BUY 7982.45@0.80470892} 454293 : { BUY 7982.45@0.80470892} 454290 : { SELL 16931.39@0.8079342} 454288 : { SELL 16930.82@0.8079342} 
Sun Dec 07 10:29:15 EST 2014 , 4 , 2 , 2 , 454296 : { BUY 7982.45@0.80470892} 454293 : { BUY 7982.45@0.80470892} 454290 : { SELL 16931.39@0.8079342} 454288 : { SELL 16930.82@0.8079342} 
Sun Dec 07 10:32:16 EST 2014 , 4 , 2 , 2 , 454296 : { BUY 7982.45@0.80470892} 454293 : { BUY 7982.45@0.80470892} 454290 : { SELL 16931.39@0.8079342} 454288 : { SELL 16930.82@0.8079342} 
Sun Dec 07 10:35:17 EST 2014 , 4 , 2 , 2 , 454296 : { BUY 7982.45@0.80470892} 454293 : { BUY 7982.45@0.80470892} 454290 : { SELL 16931.39@0.8079342} 454288 : { SELL 16930.82@0.8079342} 
Sun Dec 07 10:38:18 EST 2014 , 4 , 2 , 2 , 454296 : { BUY 7982.45@0.80470892} 454293 : { BUY 7982.45@0.80470892} 454290 : { SELL 16931.39@0.8079342} 454288 : { SELL 16930.82@0.8079342} 
Sun Dec 07 10:41:19 EST 2014 , 4 , 2 , 2 , 454296 : { BUY 7982.45@0.80470892} 454293 : { BUY 7982.45@0.80470892} 454290 : { SELL 16931.39@0.8079342} 454288 : { SELL 16930.82@0.8079342} 
Sun Dec 07 10:44:20 EST 2014 , 4 , 2 , 2 , 454296 : { BUY 7982.45@0.80470892} 454293 : { BUY 7982.45@0.80470892} 454290 : { SELL 16931.39@0.8079342} 454288 : { SELL 16930.82@0.8079342} 
Sun Dec 07 10:47:21 EST 2014 , 4 , 2 , 2 , 454296 : { BUY 7982.45@0.80470892} 454293 : { BUY 7982.45@0.80470892} 454290 : { SELL 16931.39@0.8079342} 454288 : { SELL 16930.82@0.8079342} 
Sun Dec 07 10:50:22 EST 2014 , 4 , 2 , 2 , 454296 : { BUY 7982.45@0.80470892} 454293 : { BUY 7982.45@0.80470892} 454290 : { SELL 16931.39@0.8079342} 454288 : { SELL 16930.82@0.8079342} 
Sun Dec 07 10:53:23 EST 2014 , 4 , 2 , 2 , 454296 : { BUY 7982.45@0.80470892} 454293 : { BUY 7982.45@0.80470892} 454290 : { SELL 16931.39@0.8079342} 454288 : { SELL 16930.82@0.8079342} 
Sun Dec 07 10:56:24 EST 2014 , 4 , 2 , 2 , 454296 : { BUY 7982.45@0.80470892} 454293 : { BUY 7982.45@0.80470892} 454290 : { SELL 16931.39@0.8079342} 454288 : { SELL 16930.82@0.8079342} 
Sun Dec 07 10:59:25 EST 2014 , 4 , 2 , 2 , 454296 : { BUY 7982.45@0.80470892} 454293 : { BUY 7982.45@0.80470892} 454290 : { SELL 16931.39@0.8079342} 454288 : { SELL 16930.82@0.8079342} 
Sun Dec 07 11:02:26 EST 2014 , 4 , 2 , 2 , 454296 : { BUY 7982.45@0.80470892} 454293 : { BUY 7982.45@0.80470892} 454290 : { SELL 16931.39@0.8079342} 454288 : { SELL 16930.82@0.8079342} 
Sun Dec 07 11:05:27 EST 2014 , 4 , 2 , 2 , 454296 : { BUY 7982.45@0.80470892} 454293 : { BUY 7982.45@0.80470892} 454290 : { SELL 16931.39@0.8079342} 454288 : { SELL 16930.82@0.8079342} 
Sun Dec 07 11:08:28 EST 2014 , 4 , 2 , 2 , 454296 : { BUY 7982.45@0.80470892} 454293 : { BUY 7982.45@0.80470892} 454290 : { SELL 16931.39@0.8079342} 454288 : { SELL 16930.82@0.8079342} 
Sun Dec 07 11:11:29 EST 2014 , 4 , 2 , 2 , 454296 : { BUY 7982.45@0.80470892} 454293 : { BUY 7982.45@0.80470892} 454290 : { SELL 16931.39@0.8079342} 454288 : { SELL 16930.82@0.8079342} 
Sun Dec 07 11:14:30 EST 2014 , 4 , 2 , 2 , 454296 : { BUY 7982.45@0.80470892} 454293 : { BUY 7982.45@0.80470892} 454290 : { SELL 16931.39@0.8079342} 454288 : { SELL 16930.82@0.8079342} 
Sun Dec 07 11:17:31 EST 2014 , 4 , 2 , 2 , 454296 : { BUY 7982.45@0.80470892} 454293 : { BUY 7982.45@0.80470892} 454290 : { SELL 16931.39@0.8079342} 454288 : { SELL 16930.82@0.8079342} 
Sun Dec 07 11:20:32 EST 2014 , 4 , 2 , 2 , 454296 : { BUY 7982.45@0.80470892} 454293 : { BUY 7982.45@0.80470892} 454290 : { SELL 16931.39@0.8079342} 454288 : { SELL 16930.82@0.8079342} 
Sun Dec 07 11:23:33 EST 2014 , 4 , 2 , 2 , 454296 : { BUY 7982.45@0.80470892} 454293 : { BUY 7982.45@0.80470892} 454290 : { SELL 16931.39@0.8079342} 454288 : { SELL 16930.82@0.8079342} 
Sun Dec 07 11:26:34 EST 2014 , 4 , 2 , 2 , 454296 : { BUY 7982.45@0.80470892} 454293 : { BUY 7982.45@0.80470892} 454290 : { SELL 16931.39@0.8079342} 454288 : { SELL 16930.82@0.8079342} 
Sun Dec 07 11:29:35 EST 2014 , 4 , 2 , 2 , 454296 : { BUY 7982.45@0.80470892} 454293 : { BUY 7982.45@0.80470892} 454290 : { SELL 16931.39@0.8079342} 454288 : { SELL 16930.82@0.8079342} 
Sun Dec 07 11:32:36 EST 2014 , 4 , 2 , 2 , 454296 : { BUY 7982.45@0.80470892} 454293 : { BUY 7982.45@0.80470892} 454290 : { SELL 16931.39@0.8079342} 454288 : { SELL 16930.82@0.8079342} 
Sun Dec 07 11:35:37 EST 2014 , 4 , 2 , 2 , 454296 : { BUY 7982.45@0.80470892} 454293 : { BUY 7982.45@0.80470892} 454290 : { SELL 16931.39@0.8079342} 454288 : { SELL 16930.82@0.8079342} 
Sun Dec 07 11:38:38 EST 2014 , 4 , 2 , 2 , 454296 : { BUY 7982.45@0.80470892} 454293 : { BUY 7982.45@0.80470892} 454290 : { SELL 16931.39@0.8079342} 454288 : { SELL 16930.82@0.8079342} 
Sun Dec 07 11:41:40 EST 2014 , 4 , 2 , 2 , 454296 : { BUY 7982.45@0.80470892} 454293 : { BUY 7982.45@0.80470892} 454290 : { SELL 16931.39@0.8079342} 454288 : { SELL 16930.82@0.8079342} 
Sun Dec 07 11:44:40 EST 2014 , 4 , 2 , 2 , 454296 : { BUY 7982.45@0.80470892} 454293 : { BUY 7982.45@0.80470892} 454290 : { SELL 16931.39@0.8079342} 454288 : { SELL 16930.82@0.8079342} 
Sun Dec 07 11:47:41 EST 2014 , 4 , 2 , 2 , 454296 : { BUY 7982.45@0.80470892} 454293 : { BUY 7982.45@0.80470892} 454290 : { SELL 16931.39@0.8079342} 454288 : { SELL 16930.82@0.8079342} 
Sun Dec 07 11:50:42 EST 2014 , 4 , 2 , 2 , 454296 : { BUY 7982.45@0.80470892} 454293 : { BUY 7982.45@0.80470892} 454290 : { SELL 16931.39@0.8079342} 454288 : { SELL 16930.82@0.8079342} 
Sun Dec 07 11:53:43 EST 2014 , 4 , 2 , 2 , 454296 : { BUY 7982.45@0.80470892} 454293 : { BUY 7982.45@0.80470892} 454290 : { SELL 16931.39@0.8079342} 454288 : { SELL 16930.82@0.8079342} 
Sun Dec 07 11:56:44 EST 2014 , 4 , 2 , 2 , 454296 : { BUY 7982.45@0.80470892} 454293 : { BUY 7982.45@0.80470892} 454290 : { SELL 16931.39@0.8079342} 454288 : { SELL 16930.82@0.8079342} 
Sun Dec 07 11:59:45 EST 2014 , 4 , 2 , 2 , 454296 : { BUY 7982.45@0.80470892} 454293 : { BUY 7982.45@0.80470892} 454290 : { SELL 16931.39@0.8079342} 454288 : { SELL 16930.82@0.8079342} 
Sun Dec 07 12:02:46 EST 2014 , 4 , 2 , 2 , 454296 : { BUY 7982.45@0.80470892} 454293 : { BUY 7982.45@0.80470892} 454290 : { SELL 16931.39@0.8079342} 454288 : { SELL 16930.82@0.8079342} 
Sun Dec 07 12:05:47 EST 2014 , 4 , 2 , 2 , 454296 : { BUY 7982.45@0.80470892} 454293 : { BUY 7982.45@0.80470892} 454290 : { SELL 16931.39@0.8079342} 454288 : { SELL 16930.82@0.8079342} 
Sun Dec 07 12:08:48 EST 2014 , 4 , 2 , 2 , 454296 : { BUY 7982.45@0.80470892} 454293 : { BUY 7982.45@0.80470892} 454290 : { SELL 16931.39@0.8079342} 454288 : { SELL 16930.82@0.8079342} 
Sun Dec 07 12:11:49 EST 2014 , 4 , 2 , 2 , 454296 : { BUY 7982.45@0.80470892} 454293 : { BUY 7982.45@0.80470892} 454290 : { SELL 16931.39@0.8079342} 454288 : { SELL 16930.82@0.8079342} 
Sun Dec 07 12:14:50 EST 2014 , 4 , 2 , 2 , 454296 : { BUY 7982.45@0.80470892} 454293 : { BUY 7982.45@0.80470892} 454290 : { SELL 16931.39@0.8079342} 454288 : { SELL 16930.82@0.8079342} 
Sun Dec 07 12:17:51 EST 2014 , 4 , 2 , 2 , 454296 : { BUY 7982.45@0.80470892} 454293 : { BUY 7982.45@0.80470892} 454290 : { SELL 16931.39@0.8079342} 454288 : { SELL 16930.82@0.8079342} 
Sun Dec 07 12:20:52 EST 2014 , 4 , 2 , 2 , 454296 : { BUY 7982.45@0.80470892} 454293 : { BUY 7982.45@0.80470892} 454290 : { SELL 16931.39@0.8079342} 454288 : { SELL 16930.82@0.8079342} 
Sun Dec 07 12:23:53 EST 2014 , 4 , 2 , 2 , 454296 : { BUY 7982.45@0.80470892} 454293 : { BUY 7982.45@0.80470892} 454290 : { SELL 16931.39@0.8079342} 454288 : { SELL 16930.82@0.8079342} 
Sun Dec 07 12:26:54 EST 2014 , 4 , 2 , 2 , 454296 : { BUY 7982.45@0.80470892} 454293 : { BUY 7982.45@0.80470892} 454290 : { SELL 16931.39@0.8079342} 454288 : { SELL 16930.82@0.8079342} 
Sun Dec 07 12:29:55 EST 2014 , 4 , 2 , 2 , 454296 : { BUY 7982.45@0.80470892} 454293 : { BUY 7982.45@0.80470892} 454290 : { SELL 16931.39@0.8079342} 454288 : { SELL 16930.82@0.8079342} 
Sun Dec 07 12:32:56 EST 2014 , 4 , 2 , 2 , 454296 : { BUY 7982.45@0.80470892} 454293 : { BUY 7982.45@0.80470892} 454290 : { SELL 16931.39@0.8079342} 454288 : { SELL 16930.82@0.8079342} 
Sun Dec 07 12:35:57 EST 2014 , 4 , 2 , 2 , 454296 : { BUY 7982.45@0.80470892} 454293 : { BUY 7982.45@0.80470892} 454290 : { SELL 16931.39@0.8079342} 454288 : { SELL 16930.82@0.8079342} 
Sun Dec 07 12:38:58 EST 2014 , 4 , 2 , 2 , 454296 : { BUY 7982.45@0.80470892} 454293 : { BUY 7982.45@0.80470892} 454290 : { SELL 16931.39@0.8079342} 454288 : { SELL 16930.82@0.8079342} 
Sun Dec 07 12:41:59 EST 2014 , 4 , 2 , 2 , 454296 : { BUY 7982.45@0.80470892} 454293 : { BUY 7982.45@0.80470892} 454290 : { SELL 16931.39@0.8079342} 454288 : { SELL 16930.82@0.8079342} 
Sun Dec 07 12:45:00 EST 2014 , 4 , 2 , 2 , 454296 : { BUY 7982.45@0.80470892} 454293 : { BUY 7982.45@0.80470892} 454290 : { SELL 16931.39@0.8079342} 454288 : { SELL 16930.82@0.8079342} 
Sun Dec 07 12:48:01 EST 2014 , 4 , 2 , 2 , 454296 : { BUY 7982.45@0.80470892} 454293 : { BUY 7982.45@0.80470892} 454290 : { SELL 16931.39@0.8079342} 454288 : { SELL 16930.82@0.8079342} 
Sun Dec 07 12:51:02 EST 2014 , 4 , 2 , 2 , 454296 : { BUY 7982.45@0.80470892} 454293 : { BUY 7982.45@0.80470892} 454290 : { SELL 16931.39@0.8079342} 454288 : { SELL 16930.82@0.8079342} 
Sun Dec 07 12:54:04 EST 2014 , 4 , 2 , 2 , 454296 : { BUY 7982.45@0.80470892} 454293 : { BUY 7982.45@0.80470892} 454290 : { SELL 16931.39@0.8079342} 454288 : { SELL 16930.82@0.8079342} 
Sun Dec 07 12:57:04 EST 2014 , 4 , 2 , 2 , 454296 : { BUY 7982.45@0.80470892} 454293 : { BUY 7982.45@0.80470892} 454290 : { SELL 16931.39@0.8079342} 454288 : { SELL 16930.82@0.8079342} 
Sun Dec 07 13:00:05 EST 2014 , 4 , 2 , 2 , 454296 : { BUY 7982.45@0.80470892} 454293 : { BUY 7982.45@0.80470892} 454290 : { SELL 16931.39@0.8079342} 454288 : { SELL 16930.82@0.8079342} 
Sun Dec 07 13:03:06 EST 2014 , 4 , 2 , 2 , 454296 : { BUY 7982.45@0.80470892} 454293 : { BUY 7982.45@0.80470892} 454290 : { SELL 16931.39@0.8079342} 454288 : { SELL 16930.82@0.8079342} 
Sun Dec 07 13:06:07 EST 2014 , 4 , 2 , 2 , 454296 : { BUY 7982.45@0.80470892} 454293 : { BUY 7982.45@0.80470892} 454290 : { SELL 16931.39@0.8079342} 454288 : { SELL 16930.82@0.8079342} 
Sun Dec 07 13:09:08 EST 2014 , 4 , 2 , 2 , 454296 : { BUY 7982.45@0.80470892} 454293 : { BUY 7982.45@0.80470892} 454290 : { SELL 16931.39@0.8079342} 454288 : { SELL 16930.82@0.8079342} 
Sun Dec 07 13:12:09 EST 2014 , 4 , 2 , 2 , 454296 : { BUY 7982.45@0.80470892} 454293 : { BUY 7982.45@0.80470892} 454290 : { SELL 16931.39@0.8079342} 454288 : { SELL 16930.82@0.8079342} 
Sun Dec 07 13:15:10 EST 2014 , 4 , 2 , 2 , 454296 : { BUY 7982.45@0.80470892} 454293 : { BUY 7982.45@0.80470892} 454290 : { SELL 16931.39@0.8079342} 454288 : { SELL 16930.82@0.8079342} 
Sun Dec 07 13:18:11 EST 2014 , 4 , 2 , 2 , 454296 : { BUY 7982.45@0.80470892} 454293 : { BUY 7982.45@0.80470892} 454290 : { SELL 16931.39@0.8079342} 454288 : { SELL 16930.82@0.8079342} 
Sun Dec 07 13:21:12 EST 2014 , 4 , 2 , 2 , 454296 : { BUY 7982.45@0.80470892} 454293 : { BUY 7982.45@0.80470892} 454290 : { SELL 16931.39@0.8079342} 454288 : { SELL 16930.82@0.8079342} 
Sun Dec 07 13:24:13 EST 2014 , 4 , 2 , 2 , 454296 : { BUY 7982.45@0.80470892} 454293 : { BUY 7982.45@0.80470892} 454290 : { SELL 16931.39@0.8079342} 454288 : { SELL 16930.82@0.8079342} 
Sun Dec 07 13:27:14 EST 2014 , 4 , 2 , 2 , 454296 : { BUY 7982.45@0.80470892} 454293 : { BUY 7982.45@0.80470892} 454290 : { SELL 16931.39@0.8079342} 454288 : { SELL 16930.82@0.8079342} 
Sun Dec 07 13:30:15 EST 2014 , 4 , 2 , 2 , 454296 : { BUY 7982.45@0.80470892} 454293 : { BUY 7982.45@0.80470892} 454290 : { SELL 16931.39@0.8079342} 454288 : { SELL 16930.82@0.8079342} 
Sun Dec 07 13:33:16 EST 2014 , 4 , 2 , 2 , 454296 : { BUY 7982.45@0.80470892} 454293 : { BUY 7982.45@0.80470892} 454290 : { SELL 16931.39@0.8079342} 454288 : { SELL 16930.82@0.8079342} 
Sun Dec 07 13:36:18 EST 2014 , 4 , 2 , 2 , 454296 : { BUY 7982.45@0.80470892} 454293 : { BUY 7982.45@0.80470892} 454290 : { SELL 16931.39@0.8079342} 454288 : { SELL 16930.82@0.8079342} 
Sun Dec 07 13:39:18 EST 2014 , 4 , 2 , 2 , 454296 : { BUY 7982.45@0.80470892} 454293 : { BUY 7982.45@0.80470892} 454290 : { SELL 16931.39@0.8079342} 454288 : { SELL 16930.82@0.8079342} 
Sun Dec 07 13:42:19 EST 2014 , 4 , 2 , 2 , 454296 : { BUY 7982.45@0.80470892} 454293 : { BUY 7982.45@0.80470892} 454290 : { SELL 16931.39@0.8079342} 454288 : { SELL 16930.82@0.8079342} 
Sun Dec 07 13:45:20 EST 2014 , 4 , 2 , 2 , 454296 : { BUY 7982.45@0.80470892} 454293 : { BUY 7982.45@0.80470892} 454290 : { SELL 16931.39@0.8079342} 454288 : { SELL 16930.82@0.8079342} 
Sun Dec 07 13:48:21 EST 2014 , 4 , 2 , 2 , 454296 : { BUY 7982.45@0.80470892} 454293 : { BUY 7982.45@0.80470892} 454290 : { SELL 16931.39@0.8079342} 454288 : { SELL 16930.82@0.8079342} 
Sun Dec 07 13:51:22 EST 2014 , 4 , 2 , 2 , 454296 : { BUY 7982.45@0.80470892} 454293 : { BUY 7982.45@0.80470892} 454290 : { SELL 16931.39@0.8079342} 454288 : { SELL 16930.82@0.8079342} 
Sun Dec 07 13:54:23 EST 2014 , 4 , 2 , 2 , 454296 : { BUY 7982.45@0.80470892} 454293 : { BUY 7982.45@0.80470892} 454290 : { SELL 16931.39@0.8079342} 454288 : { SELL 16930.82@0.8079342} 
Sun Dec 07 13:57:24 EST 2014 , 4 , 2 , 2 , 454296 : { BUY 7982.45@0.80470892} 454293 : { BUY 7982.45@0.80470892} 454290 : { SELL 16931.39@0.8079342} 454288 : { SELL 16930.82@0.8079342} 
Sun Dec 07 14:00:25 EST 2014 , 4 , 2 , 2 , 454296 : { BUY 7982.45@0.80470892} 454293 : { BUY 7982.45@0.80470892} 454290 : { SELL 16931.39@0.8079342} 454288 : { SELL 16930.82@0.8079342} 
Sun Dec 07 14:03:26 EST 2014 , 4 , 2 , 2 , 454296 : { BUY 7982.45@0.80470892} 454293 : { BUY 7982.45@0.80470892} 454290 : { SELL 16931.39@0.8079342} 454288 : { SELL 16930.82@0.8079342} 
Sun Dec 07 14:06:27 EST 2014 , 4 , 2 , 2 , 454296 : { BUY 7982.45@0.80470892} 454293 : { BUY 7982.45@0.80470892} 454290 : { SELL 16931.39@0.8079342} 454288 : { SELL 16930.82@0.8079342} 
Sun Dec 07 14:09:28 EST 2014 , 4 , 2 , 2 , 454296 : { BUY 7982.45@0.80470892} 454293 : { BUY 7982.45@0.80470892} 454290 : { SELL 16931.39@0.8079342} 454288 : { SELL 16930.82@0.8079342} 
Sun Dec 07 14:12:29 EST 2014 , 4 , 2 , 2 , 454296 : { BUY 7982.45@0.80470892} 454293 : { BUY 7982.45@0.80470892} 454290 : { SELL 16931.39@0.8079342} 454288 : { SELL 16930.82@0.8079342} 
Sun Dec 07 14:15:30 EST 2014 , 4 , 2 , 2 , 454296 : { BUY 7982.45@0.80470892} 454293 : { BUY 7982.45@0.80470892} 454290 : { SELL 16931.39@0.8079342} 454288 : { SELL 16930.82@0.8079342} 
Sun Dec 07 14:18:31 EST 2014 , 4 , 2 , 2 , 454296 : { BUY 7982.45@0.80470892} 454293 : { BUY 7982.45@0.80470892} 454290 : { SELL 16931.39@0.8079342} 454288 : { SELL 16930.82@0.8079342} 
Sun Dec 07 14:21:32 EST 2014 , 4 , 2 , 2 , 454296 : { BUY 7982.45@0.80470892} 454293 : { BUY 7982.45@0.80470892} 454290 : { SELL 16931.39@0.8079342} 454288 : { SELL 16930.82@0.8079342} 
Sun Dec 07 14:24:33 EST 2014 , 4 , 2 , 2 , 454296 : { BUY 7982.45@0.80470892} 454293 : { BUY 7982.45@0.80470892} 454290 : { SELL 16931.39@0.8079342} 454288 : { SELL 16930.82@0.8079342} 
Sun Dec 07 14:27:34 EST 2014 , 4 , 2 , 2 , 454296 : { BUY 7982.45@0.80470892} 454293 : { BUY 7982.45@0.80470892} 454290 : { SELL 16931.39@0.8079342} 454288 : { SELL 16930.82@0.8079342} 
Sun Dec 07 14:30:35 EST 2014 , 4 , 2 , 2 , 454296 : { BUY 7982.45@0.80470892} 454293 : { BUY 7982.45@0.80470892} 454290 : { SELL 16931.39@0.8079342} 454288 : { SELL 16930.82@0.8079342} 
Sun Dec 07 14:33:36 EST 2014 , 4 , 2 , 2 , 454296 : { BUY 7982.45@0.80470892} 454293 : { BUY 7982.45@0.80470892} 454290 : { SELL 16931.39@0.8079342} 454288 : { SELL 16930.82@0.8079342} 
Sun Dec 07 14:36:37 EST 2014 , 4 , 2 , 2 , 454296 : { BUY 7982.45@0.80470892} 454293 : { BUY 7982.45@0.80470892} 454290 : { SELL 16931.39@0.8079342} 454288 : { SELL 16930.82@0.8079342} 
Sun Dec 07 14:39:38 EST 2014 , 4 , 2 , 2 , 454296 : { BUY 7982.45@0.80470892} 454293 : { BUY 7982.45@0.80470892} 454290 : { SELL 16931.39@0.8079342} 454288 : { SELL 16930.82@0.8079342} 
Sun Dec 07 14:42:39 EST 2014 , 4 , 2 , 2 , 454296 : { BUY 7982.45@0.80470892} 454293 : { BUY 7982.45@0.80470892} 454290 : { SELL 16931.39@0.8079342} 454288 : { SELL 16930.82@0.8079342} 
Sun Dec 07 14:45:40 EST 2014 , 4 , 2 , 2 , 454296 : { BUY 7982.45@0.80470892} 454293 : { BUY 7982.45@0.80470892} 454290 : { SELL 16931.39@0.8079342} 454288 : { SELL 16930.82@0.8079342} 
Sun Dec 07 14:48:41 EST 2014 , 4 , 2 , 2 , 454296 : { BUY 7982.45@0.80470892} 454293 : { BUY 7982.45@0.80470892} 454290 : { SELL 16931.39@0.8079342} 454288 : { SELL 16930.82@0.8079342} 
Sun Dec 07 14:51:42 EST 2014 , 4 , 2 , 2 , 454296 : { BUY 7982.45@0.80470892} 454293 : { BUY 7982.45@0.80470892} 454290 : { SELL 16931.39@0.8079342} 454288 : { SELL 16930.82@0.8079342} 
Sun Dec 07 14:54:43 EST 2014 , 4 , 2 , 2 , 454296 : { BUY 7982.45@0.80470892} 454293 : { BUY 7982.45@0.80470892} 454290 : { SELL 16931.39@0.8079342} 454288 : { SELL 16930.82@0.8079342} 
Sun Dec 07 14:57:44 EST 2014 , 4 , 2 , 2 , 454296 : { BUY 7982.45@0.80470892} 454293 : { BUY 7982.45@0.80470892} 454290 : { SELL 16931.39@0.8079342} 454288 : { SELL 16930.82@0.8079342} 
Sun Dec 07 15:00:46 EST 2014 , 4 , 2 , 2 , 454296 : { BUY 7982.45@0.80470892} 454293 : { BUY 7982.45@0.80470892} 454290 : { SELL 16931.39@0.8079342} 454288 : { SELL 16930.82@0.8079342} 
Sun Dec 07 15:03:46 EST 2014 , 4 , 2 , 2 , 454296 : { BUY 7982.45@0.80470892} 454293 : { BUY 7982.45@0.80470892} 454290 : { SELL 16931.39@0.8079342} 454288 : { SELL 16930.82@0.8079342} 
Sun Dec 07 15:06:47 EST 2014 , 4 , 2 , 2 , 454296 : { BUY 7982.45@0.80470892} 454293 : { BUY 7982.45@0.80470892} 454290 : { SELL 16931.39@0.8079342} 454288 : { SELL 16930.82@0.8079342} 
Sun Dec 07 15:09:48 EST 2014 , 4 , 2 , 2 , 454296 : { BUY 7982.45@0.80470892} 454293 : { BUY 7982.45@0.80470892} 454290 : { SELL 16931.39@0.8079342} 454288 : { SELL 16930.82@0.8079342} 
Sun Dec 07 15:12:49 EST 2014 , 4 , 2 , 2 , 454296 : { BUY 7982.45@0.80470892} 454293 : { BUY 7982.45@0.80470892} 454290 : { SELL 16931.39@0.8079342} 454288 : { SELL 16930.82@0.8079342} 
Sun Dec 07 15:15:50 EST 2014 , 4 , 2 , 2 , 454296 : { BUY 7982.45@0.80470892} 454293 : { BUY 7982.45@0.80470892} 454290 : { SELL 16931.39@0.8079342} 454288 : { SELL 16930.82@0.8079342} 
Sun Dec 07 15:18:52 EST 2014 , 4 , 2 , 2 , 454296 : { BUY 7982.45@0.80470892} 454293 : { BUY 7982.45@0.80470892} 454290 : { SELL 16931.39@0.8079342} 454288 : { SELL 16930.82@0.8079342} 
Sun Dec 07 15:21:52 EST 2014 , 4 , 2 , 2 , 454296 : { BUY 7982.45@0.80470892} 454293 : { BUY 7982.45@0.80470892} 454290 : { SELL 16931.39@0.8079342} 454288 : { SELL 16930.82@0.8079342} 
Sun Dec 07 15:24:53 EST 2014 , 4 , 2 , 2 , 454296 : { BUY 7982.45@0.80470892} 454293 : { BUY 7982.45@0.80470892} 454290 : { SELL 16931.39@0.8079342} 454288 : { SELL 16930.82@0.8079342} 
Sun Dec 07 15:27:55 EST 2014 , 4 , 2 , 2 , 454296 : { BUY 7982.45@0.80470892} 454293 : { BUY 7982.45@0.80470892} 454290 : { SELL 16931.39@0.8079342} 454288 : { SELL 16930.82@0.8079342} 
Sun Dec 07 15:30:55 EST 2014 , 4 , 2 , 2 , 454296 : { BUY 7982.45@0.80470892} 454293 : { BUY 7982.45@0.80470892} 454290 : { SELL 16931.39@0.8079342} 454288 : { SELL 16930.82@0.8079342} 
Sun Dec 07 15:33:56 EST 2014 , 4 , 2 , 2 , 454296 : { BUY 7982.45@0.80470892} 454293 : { BUY 7982.45@0.80470892} 454290 : { SELL 16931.39@0.8079342} 454288 : { SELL 16930.82@0.8079342} 
Sun Dec 07 15:36:57 EST 2014 , 4 , 2 , 2 , 454296 : { BUY 7982.45@0.80470892} 454293 : { BUY 7982.45@0.80470892} 454290 : { SELL 16931.39@0.8079342} 454288 : { SELL 16930.82@0.8079342} 
Sun Dec 07 15:39:58 EST 2014 , 4 , 2 , 2 , 454296 : { BUY 7982.45@0.80470892} 454293 : { BUY 7982.45@0.80470892} 454290 : { SELL 16931.39@0.8079342} 454288 : { SELL 16930.82@0.8079342} 
Sun Dec 07 15:42:59 EST 2014 , 4 , 2 , 2 , 454296 : { BUY 7982.45@0.80470892} 454293 : { BUY 7982.45@0.80470892} 454290 : { SELL 16931.39@0.8079342} 454288 : { SELL 16930.82@0.8079342} 
Sun Dec 07 15:46:00 EST 2014 , 4 , 2 , 2 , 454296 : { BUY 7982.45@0.80470892} 454293 : { BUY 7982.45@0.80470892} 454290 : { SELL 16931.39@0.8079342} 454288 : { SELL 16930.82@0.8079342} 
Sun Dec 07 15:49:01 EST 2014 , 4 , 2 , 2 , 454296 : { BUY 7982.45@0.80470892} 454293 : { BUY 7982.45@0.80470892} 454290 : { SELL 16931.39@0.8079342} 454288 : { SELL 16930.82@0.8079342} 
Sun Dec 07 15:52:02 EST 2014 , 4 , 2 , 2 , 454296 : { BUY 7982.45@0.80470892} 454293 : { BUY 7982.45@0.80470892} 454290 : { SELL 16931.39@0.8079342} 454288 : { SELL 16930.82@0.8079342} 
Sun Dec 07 15:55:04 EST 2014 , 4 , 2 , 2 , 454296 : { BUY 7982.45@0.80470892} 454293 : { BUY 7982.45@0.80470892} 454290 : { SELL 16931.39@0.8079342} 454288 : { SELL 16930.82@0.8079342} 
Sun Dec 07 15:58:04 EST 2014 , 4 , 2 , 2 , 454296 : { BUY 7982.45@0.80470892} 454293 : { BUY 7982.45@0.80470892} 454290 : { SELL 16931.39@0.8079342} 454288 : { SELL 16930.82@0.8079342} 
Sun Dec 07 16:01:05 EST 2014 , 4 , 2 , 2 , 454296 : { BUY 7982.45@0.80470892} 454293 : { BUY 7982.45@0.80470892} 454290 : { SELL 16931.39@0.8079342} 454288 : { SELL 16930.82@0.8079342} 
Sun Dec 07 16:04:06 EST 2014 , 4 , 2 , 2 , 454296 : { BUY 7982.45@0.80470892} 454293 : { BUY 7982.45@0.80470892} 454290 : { SELL 16931.39@0.8079342} 454288 : { SELL 16930.82@0.8079342} 
Sun Dec 07 16:07:07 EST 2014 , 4 , 2 , 2 , 454296 : { BUY 7982.45@0.80470892} 454293 : { BUY 7982.45@0.80470892} 454290 : { SELL 16931.39@0.8079342} 454288 : { SELL 16930.82@0.8079342} 
Sun Dec 07 16:10:08 EST 2014 , 4 , 2 , 2 , 454296 : { BUY 7982.45@0.80470892} 454293 : { BUY 7982.45@0.80470892} 454290 : { SELL 16931.39@0.8079342} 454288 : { SELL 16930.82@0.8079342} 
Sun Dec 07 16:13:09 EST 2014 , 4 , 2 , 2 , 454296 : { BUY 7982.45@0.80470892} 454293 : { BUY 7982.45@0.80470892} 454290 : { SELL 16931.39@0.8079342} 454288 : { SELL 16930.82@0.8079342} 
Sun Dec 07 16:16:11 EST 2014 , 4 , 2 , 2 , 454296 : { BUY 7982.45@0.80470892} 454293 : { BUY 7982.45@0.80470892} 454290 : { SELL 16931.39@0.8079342} 454288 : { SELL 16930.82@0.8079342} 
Sun Dec 07 16:19:11 EST 2014 , 4 , 2 , 2 , 454296 : { BUY 7982.45@0.80470892} 454293 : { BUY 7982.45@0.80470892} 454290 : { SELL 16931.39@0.8079342} 454288 : { SELL 16930.82@0.8079342} 
Sun Dec 07 16:22:12 EST 2014 , 4 , 2 , 2 , 454296 : { BUY 7982.45@0.80470892} 454293 : { BUY 7982.45@0.80470892} 454290 : { SELL 16931.39@0.8079342} 454288 : { SELL 16930.82@0.8079342} 
Sun Dec 07 16:25:13 EST 2014 , 4 , 2 , 2 , 454296 : { BUY 7982.45@0.80470892} 454293 : { BUY 7982.45@0.80470892} 454290 : { SELL 16931.39@0.8079342} 454288 : { SELL 16930.82@0.8079342} 
Sun Dec 07 16:28:14 EST 2014 , 4 , 2 , 2 , 454296 : { BUY 7982.45@0.80470892} 454293 : { BUY 7982.45@0.80470892} 454290 : { SELL 16931.39@0.8079342} 454288 : { SELL 16930.82@0.8079342} 
Sun Dec 07 16:31:15 EST 2014 , 4 , 2 , 2 , 454296 : { BUY 7982.45@0.80470892} 454293 : { BUY 7982.45@0.80470892} 454290 : { SELL 16931.39@0.8079342} 454288 : { SELL 16930.82@0.8079342} 
Sun Dec 07 16:34:16 EST 2014 , 4 , 2 , 2 , 454296 : { BUY 7982.45@0.80470892} 454293 : { BUY 7982.45@0.80470892} 454290 : { SELL 16931.39@0.8079342} 454288 : { SELL 16930.82@0.8079342} 
Sun Dec 07 16:37:17 EST 2014 , 4 , 2 , 2 , 454296 : { BUY 7982.45@0.80470892} 454293 : { BUY 7982.45@0.80470892} 454290 : { SELL 16931.39@0.8079342} 454288 : { SELL 16930.82@0.8079342} 
Sun Dec 07 16:40:18 EST 2014 , 4 , 2 , 2 , 454296 : { BUY 7982.45@0.80470892} 454293 : { BUY 7982.45@0.80470892} 454290 : { SELL 16931.39@0.8079342} 454288 : { SELL 16930.82@0.8079342} 
Sun Dec 07 16:43:20 EST 2014 , 4 , 2 , 2 , 454296 : { BUY 7982.45@0.80470892} 454293 : { BUY 7982.45@0.80470892} 454290 : { SELL 16931.39@0.8079342} 454288 : { SELL 16930.82@0.8079342} 
Sun Dec 07 16:46:20 EST 2014 , 4 , 2 , 2 , 454296 : { BUY 7982.45@0.80470892} 454293 : { BUY 7982.45@0.80470892} 454290 : { SELL 16931.39@0.8079342} 454288 : { SELL 16930.82@0.8079342} 
Sun Dec 07 16:49:21 EST 2014 , 4 , 2 , 2 , 454296 : { BUY 7982.45@0.80470892} 454293 : { BUY 7982.45@0.80470892} 454290 : { SELL 16931.39@0.8079342} 454288 : { SELL 16930.82@0.8079342} 
Sun Dec 07 16:52:22 EST 2014 , 4 , 2 , 2 , 454296 : { BUY 7982.45@0.80470892} 454293 : { BUY 7982.45@0.80470892} 454290 : { SELL 16931.39@0.8079342} 454288 : { SELL 16930.82@0.8079342} 
Sun Dec 07 16:55:23 EST 2014 , 4 , 2 , 2 , 454296 : { BUY 7982.45@0.80470892} 454293 : { BUY 7982.45@0.80470892} 454290 : { SELL 16931.39@0.8079342} 454288 : { SELL 16930.82@0.8079342} 
Sun Dec 07 16:58:25 EST 2014 , 4 , 2 , 2 , 454296 : { BUY 7982.45@0.80470892} 454293 : { BUY 7982.45@0.80470892} 454290 : { SELL 16931.39@0.8079342} 454288 : { SELL 16930.82@0.8079342} 
Sun Dec 07 17:01:25 EST 2014 , 4 , 2 , 2 , 454296 : { BUY 7982.45@0.80470892} 454293 : { BUY 7982.45@0.80470892} 454290 : { SELL 16931.39@0.8079342} 454288 : { SELL 16930.82@0.8079342} 
Sun Dec 07 17:04:26 EST 2014 , 4 , 2 , 2 , 454296 : { BUY 7982.45@0.80470892} 454293 : { BUY 7982.45@0.80470892} 454290 : { SELL 16931.39@0.8079342} 454288 : { SELL 16930.82@0.8079342} 
Sun Dec 07 17:07:28 EST 2014 , 4 , 2 , 2 , 454296 : { BUY 7982.45@0.80470892} 454293 : { BUY 7982.45@0.80470892} 454290 : { SELL 16931.39@0.8079342} 454288 : { SELL 16930.82@0.8079342} 
Sun Dec 07 17:10:28 EST 2014 , 4 , 2 , 2 , 454296 : { BUY 7982.45@0.80470892} 454293 : { BUY 7982.45@0.80470892} 454290 : { SELL 16931.39@0.8079342} 454288 : { SELL 16930.82@0.8079342} 
Sun Dec 07 17:13:29 EST 2014 , 4 , 2 , 2 , 454296 : { BUY 7982.45@0.80470892} 454293 : { BUY 7982.45@0.80470892} 454290 : { SELL 16931.39@0.8079342} 454288 : { SELL 16930.82@0.8079342} 
Sun Dec 07 17:16:30 EST 2014 , 4 , 2 , 2 , 454296 : { BUY 7982.45@0.80470892} 454293 : { BUY 7982.45@0.80470892} 454290 : { SELL 16931.39@0.8079342} 454288 : { SELL 16930.82@0.8079342} 
Sun Dec 07 17:19:31 EST 2014 , 4 , 2 , 2 , 454296 : { BUY 7982.45@0.80470892} 454293 : { BUY 7982.45@0.80470892} 454290 : { SELL 16931.39@0.8079342} 454288 : { SELL 16930.82@0.8079342} 
Sun Dec 07 17:22:32 EST 2014 , 4 , 2 , 2 , 454296 : { BUY 7982.45@0.80470892} 454293 : { BUY 7982.45@0.80470892} 454290 : { SELL 16931.39@0.8079342} 454288 : { SELL 16930.82@0.8079342} 
Sun Dec 07 17:25:33 EST 2014 , 4 , 2 , 2 , 454296 : { BUY 7982.45@0.80470892} 454293 : { BUY 7982.45@0.80470892} 454290 : { SELL 16931.39@0.8079342} 454288 : { SELL 16930.82@0.8079342} 
Sun Dec 07 17:28:34 EST 2014 , 4 , 2 , 2 , 454296 : { BUY 7982.45@0.80470892} 454293 : { BUY 7982.45@0.80470892} 454290 : { SELL 16931.39@0.8079342} 454288 : { SELL 16930.82@0.8079342} 
Sun Dec 07 17:31:35 EST 2014 , 4 , 2 , 2 , 454296 : { BUY 7982.45@0.80470892} 454293 : { BUY 7982.45@0.80470892} 454290 : { SELL 16931.39@0.8079342} 454288 : { SELL 16930.82@0.8079342} 
Sun Dec 07 17:34:36 EST 2014 , 4 , 2 , 2 , 454296 : { BUY 7982.45@0.80470892} 454293 : { BUY 7982.45@0.80470892} 454290 : { SELL 16931.39@0.8079342} 454288 : { SELL 16930.82@0.8079342} 
Sun Dec 07 17:37:37 EST 2014 , 4 , 2 , 2 , 454296 : { BUY 7982.45@0.80470892} 454293 : { BUY 7982.45@0.80470892} 454290 : { SELL 16931.39@0.8079342} 454288 : { SELL 16930.82@0.8079342} 
Sun Dec 07 17:40:38 EST 2014 , 4 , 2 , 2 , 454296 : { BUY 7982.45@0.80470892} 454293 : { BUY 7982.45@0.80470892} 454290 : { SELL 16931.39@0.8079342} 454288 : { SELL 16930.82@0.8079342} 
Sun Dec 07 17:43:39 EST 2014 , 4 , 2 , 2 , 454296 : { BUY 7982.45@0.80470892} 454293 : { BUY 7982.45@0.80470892} 454290 : { SELL 16931.39@0.8079342} 454288 : { SELL 16930.82@0.8079342} 
Sun Dec 07 17:46:41 EST 2014 , 4 , 2 , 2 , 454296 : { BUY 7982.45@0.80470892} 454293 : { BUY 7982.45@0.80470892} 454290 : { SELL 16931.39@0.8079342} 454288 : { SELL 16930.82@0.8079342} 
Sun Dec 07 17:49:41 EST 2014 , 4 , 2 , 2 , 454296 : { BUY 7982.45@0.80470892} 454293 : { BUY 7982.45@0.80470892} 454290 : { SELL 16931.39@0.8079342} 454288 : { SELL 16930.82@0.8079342} 
Sun Dec 07 17:52:42 EST 2014 , 4 , 2 , 2 , 454296 : { BUY 7982.45@0.80470892} 454293 : { BUY 7982.45@0.80470892} 454290 : { SELL 16931.39@0.8079342} 454288 : { SELL 16930.82@0.8079342} 
Sun Dec 07 17:55:43 EST 2014 , 4 , 2 , 2 , 454296 : { BUY 7982.45@0.80470892} 454293 : { BUY 7982.45@0.80470892} 454290 : { SELL 16931.39@0.8079342} 454288 : { SELL 16930.82@0.8079342} 
Sun Dec 07 17:58:44 EST 2014 , 4 , 2 , 2 , 454296 : { BUY 7982.45@0.80470892} 454293 : { BUY 7982.45@0.80470892} 454290 : { SELL 16931.39@0.8079342} 454288 : { SELL 16930.82@0.8079342} 
Sun Dec 07 18:01:45 EST 2014 , 4 , 2 , 2 , 454296 : { BUY 7982.45@0.80470892} 454293 : { BUY 7982.45@0.80470892} 454290 : { SELL 16931.39@0.8079342} 454288 : { SELL 16930.82@0.8079342} 
Sun Dec 07 18:04:46 EST 2014 , 4 , 2 , 2 , 454296 : { BUY 7982.45@0.80470892} 454293 : { BUY 7982.45@0.80470892} 454290 : { SELL 16931.39@0.8079342} 454288 : { SELL 16930.82@0.8079342} 
Sun Dec 07 18:07:47 EST 2014 , 4 , 2 , 2 , 454296 : { BUY 7982.45@0.80470892} 454293 : { BUY 7982.45@0.80470892} 454290 : { SELL 16931.39@0.8079342} 454288 : { SELL 16930.82@0.8079342} 
Sun Dec 07 18:10:48 EST 2014 , 4 , 2 , 2 , 454296 : { BUY 7982.45@0.80470892} 454293 : { BUY 7982.45@0.80470892} 454290 : { SELL 16931.39@0.8079342} 454288 : { SELL 16930.82@0.8079342} 
Sun Dec 07 18:13:49 EST 2014 , 4 , 2 , 2 , 454296 : { BUY 7982.45@0.80470892} 454293 : { BUY 7982.45@0.80470892} 454290 : { SELL 16931.39@0.8079342} 454288 : { SELL 16930.82@0.8079342} 
Sun Dec 07 18:16:50 EST 2014 , 4 , 2 , 2 , 454296 : { BUY 7982.45@0.80470892} 454293 : { BUY 7982.45@0.80470892} 454290 : { SELL 16931.39@0.8079342} 454288 : { SELL 16930.82@0.8079342} 
Sun Dec 07 18:19:51 EST 2014 , 4 , 2 , 2 , 454296 : { BUY 7982.45@0.80470892} 454293 : { BUY 7982.45@0.80470892} 454290 : { SELL 16931.39@0.8079342} 454288 : { SELL 16930.82@0.8079342} 
Sun Dec 07 18:22:52 EST 2014 , 4 , 2 , 2 , 454296 : { BUY 7982.45@0.80470892} 454293 : { BUY 7982.45@0.80470892} 454290 : { SELL 16931.39@0.8079342} 454288 : { SELL 16930.82@0.8079342} 
Sun Dec 07 18:25:53 EST 2014 , 4 , 2 , 2 , 454296 : { BUY 7982.45@0.80470892} 454293 : { BUY 7982.45@0.80470892} 454290 : { SELL 16931.39@0.8079342} 454288 : { SELL 16930.82@0.8079342} 
Sun Dec 07 18:28:54 EST 2014 , 4 , 2 , 2 , 454296 : { BUY 7982.45@0.80470892} 454293 : { BUY 7982.45@0.80470892} 454290 : { SELL 16931.39@0.8079342} 454288 : { SELL 16930.82@0.8079342} 
Sun Dec 07 18:31:55 EST 2014 , 4 , 2 , 2 , 454296 : { BUY 7982.45@0.80470892} 454293 : { BUY 7982.45@0.80470892} 454290 : { SELL 16931.39@0.8079342} 454288 : { SELL 16930.82@0.8079342} 
Sun Dec 07 18:34:56 EST 2014 , 4 , 2 , 2 , 454296 : { BUY 7982.45@0.80470892} 454293 : { BUY 7982.45@0.80470892} 454290 : { SELL 16931.39@0.8079342} 454288 : { SELL 16930.82@0.8079342} 
Sun Dec 07 18:37:57 EST 2014 , 4 , 2 , 2 , 454296 : { BUY 7982.45@0.80470892} 454293 : { BUY 7982.45@0.80470892} 454290 : { SELL 16931.39@0.8079342} 454288 : { SELL 16930.82@0.8079342} 
Sun Dec 07 18:40:58 EST 2014 , 4 , 2 , 2 , 454296 : { BUY 7982.45@0.80470892} 454293 : { BUY 7982.45@0.80470892} 454290 : { SELL 16931.39@0.8079342} 454288 : { SELL 16930.82@0.8079342} 
Sun Dec 07 18:43:59 EST 2014 , 4 , 2 , 2 , 454296 : { BUY 7982.45@0.80470892} 454293 : { BUY 7982.45@0.80470892} 454290 : { SELL 16931.39@0.8079342} 454288 : { SELL 16930.82@0.8079342} 
Sun Dec 07 18:47:00 EST 2014 , 4 , 2 , 2 , 454296 : { BUY 7982.45@0.80470892} 454293 : { BUY 7982.45@0.80470892} 454290 : { SELL 16931.39@0.8079342} 454288 : { SELL 16930.82@0.8079342} 
Sun Dec 07 18:50:01 EST 2014 , 4 , 2 , 2 , 454296 : { BUY 7982.45@0.80470892} 454293 : { BUY 7982.45@0.80470892} 454290 : { SELL 16931.39@0.8079342} 454288 : { SELL 16930.82@0.8079342} 
Sun Dec 07 18:53:02 EST 2014 , 4 , 2 , 2 , 454296 : { BUY 7982.45@0.80470892} 454293 : { BUY 7982.45@0.80470892} 454290 : { SELL 16931.39@0.8079342} 454288 : { SELL 16930.82@0.8079342} 
Sun Dec 07 18:56:03 EST 2014 , 4 , 2 , 2 , 454296 : { BUY 7982.45@0.80470892} 454293 : { BUY 7982.45@0.80470892} 454290 : { SELL 16931.39@0.8079342} 454288 : { SELL 16930.82@0.8079342} 
Sun Dec 07 18:59:04 EST 2014 , 4 , 2 , 2 , 454296 : { BUY 7982.45@0.80470892} 454293 : { BUY 7982.45@0.80470892} 454290 : { SELL 16931.39@0.8079342} 454288 : { SELL 16930.82@0.8079342} 
Sun Dec 07 19:02:05 EST 2014 , 4 , 2 , 2 , 454296 : { BUY 7982.45@0.80470892} 454293 : { BUY 7982.45@0.80470892} 454290 : { SELL 16931.39@0.8079342} 454288 : { SELL 16930.82@0.8079342} 
Sun Dec 07 19:05:06 EST 2014 , 4 , 2 , 2 , 454296 : { BUY 7982.45@0.80470892} 454293 : { BUY 7982.45@0.80470892} 454290 : { SELL 16931.39@0.8079342} 454288 : { SELL 16930.82@0.8079342} 
Sun Dec 07 19:08:07 EST 2014 , 4 , 2 , 2 , 454296 : { BUY 7982.45@0.80470892} 454293 : { BUY 7982.45@0.80470892} 454290 : { SELL 16931.39@0.8079342} 454288 : { SELL 16930.82@0.8079342} 
Sun Dec 07 19:11:08 EST 2014 , 4 , 2 , 2 , 454296 : { BUY 7982.45@0.80470892} 454293 : { BUY 7982.45@0.80470892} 454290 : { SELL 16931.39@0.8079342} 454288 : { SELL 16930.82@0.8079342} 
Sun Dec 07 19:14:09 EST 2014 , 4 , 2 , 2 , 454296 : { BUY 7982.45@0.80470892} 454293 : { BUY 7982.45@0.80470892} 454290 : { SELL 16931.39@0.8079342} 454288 : { SELL 16930.82@0.8079342} 
Sun Dec 07 19:17:10 EST 2014 , 4 , 2 , 2 , 454296 : { BUY 7982.45@0.80470892} 454293 : { BUY 7982.45@0.80470892} 454290 : { SELL 16931.39@0.8079342} 454288 : { SELL 16930.82@0.8079342} 
Sun Dec 07 19:20:11 EST 2014 , 4 , 2 , 2 , 454296 : { BUY 7982.45@0.80470892} 454293 : { BUY 7982.45@0.80470892} 454290 : { SELL 16931.39@0.8079342} 454288 : { SELL 16930.82@0.8079342} 
Sun Dec 07 19:23:12 EST 2014 , 4 , 2 , 2 , 454296 : { BUY 7982.45@0.80470892} 454293 : { BUY 7982.45@0.80470892} 454290 : { SELL 16931.39@0.8079342} 454288 : { SELL 16930.82@0.8079342} 
Sun Dec 07 19:26:13 EST 2014 , 4 , 2 , 2 , 454296 : { BUY 7982.45@0.80470892} 454293 : { BUY 7982.45@0.80470892} 454290 : { SELL 16931.39@0.8079342} 454288 : { SELL 16930.82@0.8079342} 
Sun Dec 07 19:29:14 EST 2014 , 4 , 2 , 2 , 454296 : { BUY 7982.45@0.80470892} 454293 : { BUY 7982.45@0.80470892} 454290 : { SELL 16931.39@0.8079342} 454288 : { SELL 16930.82@0.8079342} 
Sun Dec 07 19:32:16 EST 2014 , 4 , 2 , 2 , 454296 : { BUY 7982.45@0.80470892} 454293 : { BUY 7982.45@0.80470892} 454290 : { SELL 16931.39@0.8079342} 454288 : { SELL 16930.82@0.8079342} 
Sun Dec 07 19:35:16 EST 2014 , 4 , 2 , 2 , 454296 : { BUY 7982.45@0.80470892} 454293 : { BUY 7982.45@0.80470892} 454290 : { SELL 16931.39@0.8079342} 454288 : { SELL 16930.82@0.8079342} 
Sun Dec 07 19:38:17 EST 2014 , 4 , 2 , 2 , 454296 : { BUY 7982.45@0.80470892} 454293 : { BUY 7982.45@0.80470892} 454290 : { SELL 16931.39@0.8079342} 454288 : { SELL 16930.82@0.8079342} 
Sun Dec 07 19:41:19 EST 2014 , 4 , 2 , 2 , 454296 : { BUY 7982.45@0.80470892} 454293 : { BUY 7982.45@0.80470892} 454290 : { SELL 16931.39@0.8079342} 454288 : { SELL 16930.82@0.8079342} 
Sun Dec 07 19:44:19 EST 2014 , 4 , 2 , 2 , 454296 : { BUY 7982.45@0.80470892} 454293 : { BUY 7982.45@0.80470892} 454290 : { SELL 16931.39@0.8079342} 454288 : { SELL 16930.82@0.8079342} 
Sun Dec 07 19:47:20 EST 2014 , 4 , 2 , 2 , 454296 : { BUY 7982.45@0.80470892} 454293 : { BUY 7982.45@0.80470892} 454290 : { SELL 16931.39@0.8079342} 454288 : { SELL 16930.82@0.8079342} 
Sun Dec 07 19:50:21 EST 2014 , 4 , 2 , 2 , 454296 : { BUY 7982.45@0.80470892} 454293 : { BUY 7982.45@0.80470892} 454290 : { SELL 16931.39@0.8079342} 454288 : { SELL 16930.82@0.8079342} 
Sun Dec 07 19:53:22 EST 2014 , 4 , 2 , 2 , 454296 : { BUY 7982.45@0.80470892} 454293 : { BUY 7982.45@0.80470892} 454290 : { SELL 16931.39@0.8079342} 454288 : { SELL 16930.82@0.8079342} 
Sun Dec 07 19:56:23 EST 2014 , 4 , 2 , 2 , 454296 : { BUY 7982.45@0.80470892} 454293 : { BUY 7982.45@0.80470892} 454290 : { SELL 16931.39@0.8079342} 454288 : { SELL 16930.82@0.8079342} 
Sun Dec 07 19:59:24 EST 2014 , 4 , 2 , 2 , 454296 : { BUY 7982.45@0.80470892} 454293 : { BUY 7982.45@0.80470892} 454290 : { SELL 16931.39@0.8079342} 454288 : { SELL 16930.82@0.8079342} 
Sun Dec 07 20:02:25 EST 2014 , 4 , 2 , 2 , 454296 : { BUY 7982.45@0.80470892} 454293 : { BUY 7982.45@0.80470892} 454290 : { SELL 16931.39@0.8079342} 454288 : { SELL 16930.82@0.8079342} 
Sun Dec 07 20:05:26 EST 2014 , 4 , 2 , 2 , 454296 : { BUY 7982.45@0.80470892} 454293 : { BUY 7982.45@0.80470892} 454290 : { SELL 16931.39@0.8079342} 454288 : { SELL 16930.82@0.8079342} 
Sun Dec 07 20:08:28 EST 2014 , 4 , 2 , 2 , 454296 : { BUY 7982.45@0.80470892} 454293 : { BUY 7982.45@0.80470892} 454290 : { SELL 16931.39@0.8079342} 454288 : { SELL 16930.82@0.8079342} 
Sun Dec 07 20:11:28 EST 2014 , 4 , 2 , 2 , 454296 : { BUY 7982.45@0.80470892} 454293 : { BUY 7982.45@0.80470892} 454290 : { SELL 16931.39@0.8079342} 454288 : { SELL 16930.82@0.8079342} 
Sun Dec 07 20:14:29 EST 2014 , 4 , 2 , 2 , 454296 : { BUY 7982.45@0.80470892} 454293 : { BUY 7982.45@0.80470892} 454290 : { SELL 16931.39@0.8079342} 454288 : { SELL 16930.82@0.8079342} 
Sun Dec 07 20:17:30 EST 2014 , 4 , 2 , 2 , 454296 : { BUY 7982.45@0.80470892} 454293 : { BUY 7982.45@0.80470892} 454290 : { SELL 16931.39@0.8079342} 454288 : { SELL 16930.82@0.8079342} 
Sun Dec 07 20:20:31 EST 2014 , 4 , 2 , 2 , 454296 : { BUY 7982.45@0.80470892} 454293 : { BUY 7982.45@0.80470892} 454290 : { SELL 16931.39@0.8079342} 454288 : { SELL 16930.82@0.8079342} 
Sun Dec 07 20:23:33 EST 2014 , 4 , 2 , 2 , 454296 : { BUY 7982.45@0.80470892} 454293 : { BUY 7982.45@0.80470892} 454290 : { SELL 16931.39@0.8079342} 454288 : { SELL 16930.82@0.8079342} 
Sun Dec 07 20:26:34 EST 2014 , 4 , 2 , 2 , 454296 : { BUY 7982.45@0.80470892} 454293 : { BUY 7982.45@0.80470892} 454290 : { SELL 16931.39@0.8079342} 454288 : { SELL 16930.82@0.8079342} 
Sun Dec 07 20:29:34 EST 2014 , 4 , 2 , 2 , 454296 : { BUY 7982.45@0.80470892} 454293 : { BUY 7982.45@0.80470892} 454290 : { SELL 16931.39@0.8079342} 454288 : { SELL 16930.82@0.8079342} 
Sun Dec 07 20:32:35 EST 2014 , 4 , 2 , 2 , 454296 : { BUY 7982.45@0.80470892} 454293 : { BUY 7982.45@0.80470892} 454290 : { SELL 16931.39@0.8079342} 454288 : { SELL 16930.82@0.8079342} 
Sun Dec 07 20:35:36 EST 2014 , 4 , 2 , 2 , 454296 : { BUY 7982.45@0.80470892} 454293 : { BUY 7982.45@0.80470892} 454290 : { SELL 16931.39@0.8079342} 454288 : { SELL 16930.82@0.8079342} 
Sun Dec 07 20:38:37 EST 2014 , 4 , 2 , 2 , 454296 : { BUY 7982.45@0.80470892} 454293 : { BUY 7982.45@0.80470892} 454290 : { SELL 16931.39@0.8079342} 454288 : { SELL 16930.82@0.8079342} 
Sun Dec 07 20:41:38 EST 2014 , 4 , 2 , 2 , 454296 : { BUY 7982.45@0.80470892} 454293 : { BUY 7982.45@0.80470892} 454290 : { SELL 16931.39@0.8079342} 454288 : { SELL 16930.82@0.8079342} 
Sun Dec 07 20:44:39 EST 2014 , 4 , 2 , 2 , 454296 : { BUY 7982.45@0.80470892} 454293 : { BUY 7982.45@0.80470892} 454290 : { SELL 16931.39@0.8079342} 454288 : { SELL 16930.82@0.8079342} 
Sun Dec 07 20:47:40 EST 2014 , 4 , 2 , 2 , 454296 : { BUY 7982.45@0.80470892} 454293 : { BUY 7982.45@0.80470892} 454290 : { SELL 16931.39@0.8079342} 454288 : { SELL 16930.82@0.8079342} 
Sun Dec 07 20:50:42 EST 2014 , 4 , 2 , 2 , 454296 : { BUY 7982.45@0.80470892} 454293 : { BUY 7982.45@0.80470892} 454290 : { SELL 16931.39@0.8079342} 454288 : { SELL 16930.82@0.8079342} 
Sun Dec 07 20:53:42 EST 2014 , 4 , 2 , 2 , 454296 : { BUY 7982.45@0.80470892} 454293 : { BUY 7982.45@0.80470892} 454290 : { SELL 16931.39@0.8079342} 454288 : { SELL 16930.82@0.8079342} 
Sun Dec 07 20:56:43 EST 2014 , 4 , 2 , 2 , 454296 : { BUY 7982.45@0.80470892} 454293 : { BUY 7982.45@0.80470892} 454290 : { SELL 16931.39@0.8079342} 454288 : { SELL 16930.82@0.8079342} 
Sun Dec 07 20:59:44 EST 2014 , 4 , 2 , 2 , 454296 : { BUY 7982.45@0.80470892} 454293 : { BUY 7982.45@0.80470892} 454290 : { SELL 16931.39@0.8079342} 454288 : { SELL 16930.82@0.8079342} 
Sun Dec 07 21:02:45 EST 2014 , 4 , 2 , 2 , 454296 : { BUY 7982.45@0.80470892} 454293 : { BUY 7982.45@0.80470892} 454290 : { SELL 16931.39@0.8079342} 454288 : { SELL 16930.82@0.8079342} 
Sun Dec 07 21:05:46 EST 2014 , 4 , 2 , 2 , 454296 : { BUY 7982.45@0.80470892} 454293 : { BUY 7982.45@0.80470892} 454290 : { SELL 16931.39@0.8079342} 454288 : { SELL 16930.82@0.8079342} 
Sun Dec 07 21:08:47 EST 2014 , 4 , 2 , 2 , 454296 : { BUY 7982.45@0.80470892} 454293 : { BUY 7982.45@0.80470892} 454290 : { SELL 16931.39@0.8079342} 454288 : { SELL 16930.82@0.8079342} 
Sun Dec 07 21:11:48 EST 2014 , 4 , 2 , 2 , 454296 : { BUY 7982.45@0.80470892} 454293 : { BUY 7982.45@0.80470892} 454290 : { SELL 16931.39@0.8079342} 454288 : { SELL 16930.82@0.8079342} 
Sun Dec 07 21:14:49 EST 2014 , 4 , 2 , 2 , 454296 : { BUY 7982.45@0.80470892} 454293 : { BUY 7982.45@0.80470892} 454290 : { SELL 16931.39@0.8079342} 454288 : { SELL 16930.82@0.8079342} 
Sun Dec 07 21:17:50 EST 2014 , 4 , 2 , 2 , 454296 : { BUY 7982.45@0.80470892} 454293 : { BUY 7982.45@0.80470892} 454290 : { SELL 16931.39@0.8079342} 454288 : { SELL 16930.82@0.8079342} 
Sun Dec 07 21:20:51 EST 2014 , 4 , 2 , 2 , 454296 : { BUY 7982.45@0.80470892} 454293 : { BUY 7982.45@0.80470892} 454290 : { SELL 16931.39@0.8079342} 454288 : { SELL 16930.82@0.8079342} 
Sun Dec 07 21:23:52 EST 2014 , 4 , 2 , 2 , 454296 : { BUY 7982.45@0.80470892} 454293 : { BUY 7982.45@0.80470892} 454290 : { SELL 16931.39@0.8079342} 454288 : { SELL 16930.82@0.8079342} 
Sun Dec 07 21:26:53 EST 2014 , 4 , 2 , 2 , 454296 : { BUY 7982.45@0.80470892} 454293 : { BUY 7982.45@0.80470892} 454290 : { SELL 16931.39@0.8079342} 454288 : { SELL 16930.82@0.8079342} 
Sun Dec 07 21:29:54 EST 2014 , 4 , 2 , 2 , 454296 : { BUY 7982.45@0.80470892} 454293 : { BUY 7982.45@0.80470892} 454290 : { SELL 16931.39@0.8079342} 454288 : { SELL 16930.82@0.8079342} 
Sun Dec 07 21:32:55 EST 2014 , 4 , 2 , 2 , 454296 : { BUY 7982.45@0.80470892} 454293 : { BUY 7982.45@0.80470892} 454290 : { SELL 16931.39@0.8079342} 454288 : { SELL 16930.82@0.8079342} 
Sun Dec 07 21:35:56 EST 2014 , 4 , 2 , 2 , 454296 : { BUY 7982.45@0.80470892} 454293 : { BUY 7982.45@0.80470892} 454290 : { SELL 16931.39@0.8079342} 454288 : { SELL 16930.82@0.8079342} 
Sun Dec 07 21:38:57 EST 2014 , 4 , 2 , 2 , 454296 : { BUY 7982.45@0.80470892} 454293 : { BUY 7982.45@0.80470892} 454290 : { SELL 16931.39@0.8079342} 454288 : { SELL 16930.82@0.8079342} 
Sun Dec 07 21:41:58 EST 2014 , 4 , 2 , 2 , 454296 : { BUY 7982.45@0.80470892} 454293 : { BUY 7982.45@0.80470892} 454290 : { SELL 16931.39@0.8079342} 454288 : { SELL 16930.82@0.8079342} 
Sun Dec 07 21:45:00 EST 2014 , 4 , 2 , 2 , 454296 : { BUY 7982.45@0.80470892} 454293 : { BUY 7982.45@0.80470892} 454290 : { SELL 16931.39@0.8079342} 454288 : { SELL 16930.82@0.8079342} 
Sun Dec 07 21:48:00 EST 2014 , 4 , 2 , 2 , 454296 : { BUY 7982.45@0.80470892} 454293 : { BUY 7982.45@0.80470892} 454290 : { SELL 16931.39@0.8079342} 454288 : { SELL 16930.82@0.8079342} 
Sun Dec 07 21:51:01 EST 2014 , 4 , 2 , 2 , 454296 : { BUY 7982.45@0.80470892} 454293 : { BUY 7982.45@0.80470892} 454290 : { SELL 16931.39@0.8079342} 454288 : { SELL 16930.82@0.8079342} 
Sun Dec 07 21:54:02 EST 2014 , 4 , 2 , 2 , 454296 : { BUY 7982.45@0.80470892} 454293 : { BUY 7982.45@0.80470892} 454290 : { SELL 16931.39@0.8079342} 454288 : { SELL 16930.82@0.8079342} 
Sun Dec 07 21:57:04 EST 2014 , 4 , 2 , 2 , 454296 : { BUY 7982.45@0.80470892} 454293 : { BUY 7982.45@0.80470892} 454290 : { SELL 16931.39@0.8079342} 454288 : { SELL 16930.82@0.8079342} 
Sun Dec 07 22:00:04 EST 2014 , 4 , 2 , 2 , 454296 : { BUY 7982.45@0.80470892} 454293 : { BUY 7982.45@0.80470892} 454290 : { SELL 16931.39@0.8079342} 454288 : { SELL 16930.82@0.8079342} 
Sun Dec 07 22:03:05 EST 2014 , 4 , 2 , 2 , 454296 : { BUY 7982.45@0.80470892} 454293 : { BUY 7982.45@0.80470892} 454290 : { SELL 16931.39@0.8079342} 454288 : { SELL 16930.82@0.8079342} 
Sun Dec 07 22:06:06 EST 2014 , 4 , 2 , 2 , 454296 : { BUY 7982.45@0.80470892} 454293 : { BUY 7982.45@0.80470892} 454290 : { SELL 16931.39@0.8079342} 454288 : { SELL 16930.82@0.8079342} 
Sun Dec 07 22:09:07 EST 2014 , 4 , 2 , 2 , 454296 : { BUY 7982.45@0.80470892} 454293 : { BUY 7982.45@0.80470892} 454290 : { SELL 16931.39@0.8079342} 454288 : { SELL 16930.82@0.8079342} 
Sun Dec 07 22:12:08 EST 2014 , 4 , 2 , 2 , 454296 : { BUY 7982.45@0.80470892} 454293 : { BUY 7982.45@0.80470892} 454290 : { SELL 16931.39@0.8079342} 454288 : { SELL 16930.82@0.8079342} 
Sun Dec 07 22:15:09 EST 2014 , 4 , 2 , 2 , 454296 : { BUY 7982.45@0.80470892} 454293 : { BUY 7982.45@0.80470892} 454290 : { SELL 16931.39@0.8079342} 454288 : { SELL 16930.82@0.8079342} 
Sun Dec 07 22:18:10 EST 2014 , 4 , 2 , 2 , 454296 : { BUY 7982.45@0.80470892} 454293 : { BUY 7982.45@0.80470892} 454290 : { SELL 16931.39@0.8079342} 454288 : { SELL 16930.82@0.8079342} 
Sun Dec 07 22:21:12 EST 2014 , 4 , 2 , 2 , 454296 : { BUY 7982.45@0.80470892} 454293 : { BUY 7982.45@0.80470892} 454290 : { SELL 16931.39@0.8079342} 454288 : { SELL 16930.82@0.8079342} 
Sun Dec 07 22:24:13 EST 2014 , 4 , 2 , 2 , 454296 : { BUY 7982.45@0.80470892} 454293 : { BUY 7982.45@0.80470892} 454290 : { SELL 16931.39@0.8079342} 454288 : { SELL 16930.82@0.8079342} 
Sun Dec 07 22:27:13 EST 2014 , 4 , 2 , 2 , 454296 : { BUY 7982.45@0.80470892} 454293 : { BUY 7982.45@0.80470892} 454290 : { SELL 16931.39@0.8079342} 454288 : { SELL 16930.82@0.8079342} 
Sun Dec 07 22:30:15 EST 2014 , 4 , 2 , 2 , 454296 : { BUY 7982.45@0.80470892} 454293 : { BUY 7982.45@0.80470892} 454290 : { SELL 16931.39@0.8079342} 454288 : { SELL 16930.82@0.8079342} 
Sun Dec 07 22:33:15 EST 2014 , 4 , 2 , 2 , 454296 : { BUY 7982.45@0.80470892} 454293 : { BUY 7982.45@0.80470892} 454290 : { SELL 16931.39@0.8079342} 454288 : { SELL 16930.82@0.8079342} 
Sun Dec 07 22:36:16 EST 2014 , 4 , 2 , 2 , 454296 : { BUY 7982.45@0.80470892} 454293 : { BUY 7982.45@0.80470892} 454290 : { SELL 16931.39@0.8079342} 454288 : { SELL 16930.82@0.8079342} 
Sun Dec 07 22:39:17 EST 2014 , 4 , 2 , 2 , 454296 : { BUY 7982.45@0.80470892} 454293 : { BUY 7982.45@0.80470892} 454290 : { SELL 16931.39@0.8079342} 454288 : { SELL 16930.82@0.8079342} 
Sun Dec 07 22:42:19 EST 2014 , 4 , 2 , 2 , 454296 : { BUY 7982.45@0.80470892} 454293 : { BUY 7982.45@0.80470892} 454290 : { SELL 16931.39@0.8079342} 454288 : { SELL 16930.82@0.8079342} 
Sun Dec 07 22:45:19 EST 2014 , 4 , 2 , 2 , 454296 : { BUY 7982.45@0.80470892} 454293 : { BUY 7982.45@0.80470892} 454290 : { SELL 16931.39@0.8079342} 454288 : { SELL 16930.82@0.8079342} 
Sun Dec 07 22:48:21 EST 2014 , 4 , 2 , 2 , 454296 : { BUY 7982.45@0.80470892} 454293 : { BUY 7982.45@0.80470892} 454290 : { SELL 16931.39@0.8079342} 454288 : { SELL 16930.82@0.8079342} 
Sun Dec 07 22:51:22 EST 2014 , 4 , 2 , 2 , 454296 : { BUY 7982.45@0.80470892} 454293 : { BUY 7982.45@0.80470892} 454290 : { SELL 16931.39@0.8079342} 454288 : { SELL 16930.82@0.8079342} 
Sun Dec 07 22:54:22 EST 2014 , 4 , 2 , 2 , 454296 : { BUY 7982.45@0.80470892} 454293 : { BUY 7982.45@0.80470892} 454290 : { SELL 16931.39@0.8079342} 454288 : { SELL 16930.82@0.8079342} 
Sun Dec 07 22:57:24 EST 2014 , 4 , 2 , 2 , 454296 : { BUY 7982.45@0.80470892} 454293 : { BUY 7982.45@0.80470892} 454290 : { SELL 16931.39@0.8079342} 454288 : { SELL 16930.82@0.8079342} 
Sun Dec 07 23:00:25 EST 2014 , 4 , 2 , 2 , 454296 : { BUY 7982.45@0.80470892} 454293 : { BUY 7982.45@0.80470892} 454290 : { SELL 16931.39@0.8079342} 454288 : { SELL 16930.82@0.8079342} 
Sun Dec 07 23:03:26 EST 2014 , 4 , 2 , 2 , 454296 : { BUY 7982.45@0.80470892} 454293 : { BUY 7982.45@0.80470892} 454290 : { SELL 16931.39@0.8079342} 454288 : { SELL 16930.82@0.8079342} 
Sun Dec 07 23:06:26 EST 2014 , 4 , 2 , 2 , 454296 : { BUY 7982.45@0.80470892} 454293 : { BUY 7982.45@0.80470892} 454290 : { SELL 16931.39@0.8079342} 454288 : { SELL 16930.82@0.8079342} 
Sun Dec 07 23:09:28 EST 2014 , 4 , 2 , 2 , 454296 : { BUY 7982.45@0.80470892} 454293 : { BUY 7982.45@0.80470892} 454290 : { SELL 16931.39@0.8079342} 454288 : { SELL 16930.82@0.8079342} 
Sun Dec 07 23:12:28 EST 2014 , 4 , 2 , 2 , 454296 : { BUY 7982.45@0.80470892} 454293 : { BUY 7982.45@0.80470892} 454290 : { SELL 16931.39@0.8079342} 454288 : { SELL 16930.82@0.8079342} 
Sun Dec 07 23:15:30 EST 2014 , 4 , 2 , 2 , 454296 : { BUY 7982.45@0.80470892} 454293 : { BUY 7982.45@0.80470892} 454290 : { SELL 16931.39@0.8079342} 454288 : { SELL 16930.82@0.8079342} 
Sun Dec 07 23:18:30 EST 2014 , 4 , 2 , 2 , 454296 : { BUY 7982.45@0.80470892} 454293 : { BUY 7982.45@0.80470892} 454290 : { SELL 16931.39@0.8079342} 454288 : { SELL 16930.82@0.8079342} 
Sun Dec 07 23:21:32 EST 2014 , 4 , 2 , 2 , 454296 : { BUY 7982.45@0.80470892} 454293 : { BUY 7982.45@0.80470892} 454290 : { SELL 16931.39@0.8079342} 454288 : { SELL 16930.82@0.8079342} 
Sun Dec 07 23:24:33 EST 2014 , 4 , 2 , 2 , 454296 : { BUY 7982.45@0.80470892} 454293 : { BUY 7982.45@0.80470892} 454290 : { SELL 16931.39@0.8079342} 454288 : { SELL 16930.82@0.8079342} 
Sun Dec 07 23:27:34 EST 2014 , 4 , 2 , 2 , 454296 : { BUY 7982.45@0.80470892} 454293 : { BUY 7982.45@0.80470892} 454290 : { SELL 16931.39@0.8079342} 454288 : { SELL 16930.82@0.8079342} 
Sun Dec 07 23:30:34 EST 2014 , 4 , 2 , 2 , 454296 : { BUY 7982.45@0.80470892} 454293 : { BUY 7982.45@0.80470892} 454290 : { SELL 16931.39@0.8079342} 454288 : { SELL 16930.82@0.8079342} 
Sun Dec 07 23:33:36 EST 2014 , 4 , 2 , 2 , 454296 : { BUY 7982.45@0.80470892} 454293 : { BUY 7982.45@0.80470892} 454290 : { SELL 16931.39@0.8079342} 454288 : { SELL 16930.82@0.8079342} 
Sun Dec 07 23:36:36 EST 2014 , 4 , 2 , 2 , 454296 : { BUY 7982.45@0.80470892} 454293 : { BUY 7982.45@0.80470892} 454290 : { SELL 16931.39@0.8079342} 454288 : { SELL 16930.82@0.8079342} 
Sun Dec 07 23:39:38 EST 2014 , 4 , 2 , 2 , 454296 : { BUY 7982.45@0.80470892} 454293 : { BUY 7982.45@0.80470892} 454290 : { SELL 16931.39@0.8079342} 454288 : { SELL 16930.82@0.8079342} 
Sun Dec 07 23:42:38 EST 2014 , 4 , 2 , 2 , 454296 : { BUY 7982.45@0.80470892} 454293 : { BUY 7982.45@0.80470892} 454290 : { SELL 16931.39@0.8079342} 454288 : { SELL 16930.82@0.8079342} 
Sun Dec 07 23:45:40 EST 2014 , 4 , 2 , 2 , 454296 : { BUY 7982.45@0.80470892} 454293 : { BUY 7982.45@0.80470892} 454290 : { SELL 16931.39@0.8079342} 454288 : { SELL 16930.82@0.8079342} 
Sun Dec 07 23:48:41 EST 2014 , 4 , 2 , 2 , 454296 : { BUY 7982.45@0.80470892} 454293 : { BUY 7982.45@0.80470892} 454290 : { SELL 16931.39@0.8079342} 454288 : { SELL 16930.82@0.8079342} 
Sun Dec 07 23:51:42 EST 2014 , 4 , 2 , 2 , 454296 : { BUY 7982.45@0.80470892} 454293 : { BUY 7982.45@0.80470892} 454290 : { SELL 16931.39@0.8079342} 454288 : { SELL 16930.82@0.8079342} 
Sun Dec 07 23:54:42 EST 2014 , 4 , 2 , 2 , 454296 : { BUY 7982.45@0.80470892} 454293 : { BUY 7982.45@0.80470892} 454290 : { SELL 16931.39@0.8079342} 454288 : { SELL 16930.82@0.8079342} 
Sun Dec 07 23:57:43 EST 2014 , 4 , 2 , 2 , 454296 : { BUY 7982.45@0.80470892} 454293 : { BUY 7982.45@0.80470892} 454290 : { SELL 16931.39@0.8079342} 454288 : { SELL 16930.82@0.8079342} 
Mon Dec 08 00:00:44 EST 2014 , 4 , 2 , 2 , 454296 : { BUY 7982.45@0.80470892} 454293 : { BUY 7982.45@0.80470892} 454290 : { SELL 16931.39@0.8079342} 454288 : { SELL 16930.82@0.8079342} 
Mon Dec 08 00:03:46 EST 2014 , 4 , 2 , 2 , 454296 : { BUY 7982.45@0.80470892} 454293 : { BUY 7982.45@0.80470892} 454290 : { SELL 16931.39@0.8079342} 454288 : { SELL 16930.82@0.8079342} 
Mon Dec 08 00:06:47 EST 2014 , 4 , 2 , 2 , 454296 : { BUY 7982.45@0.80470892} 454293 : { BUY 7982.45@0.80470892} 454290 : { SELL 16931.39@0.8079342} 454288 : { SELL 16930.82@0.8079342} 
Mon Dec 08 00:09:47 EST 2014 , 4 , 2 , 2 , 454296 : { BUY 7982.45@0.80470892} 454293 : { BUY 7982.45@0.80470892} 454290 : { SELL 16931.39@0.8079342} 454288 : { SELL 16930.82@0.8079342} 
Mon Dec 08 00:12:48 EST 2014 , 4 , 2 , 2 , 454296 : { BUY 7982.45@0.80470892} 454293 : { BUY 7982.45@0.80470892} 454290 : { SELL 16931.39@0.8079342} 454288 : { SELL 16930.82@0.8079342} 
Mon Dec 08 00:15:49 EST 2014 , 4 , 2 , 2 , 454296 : { BUY 7982.45@0.80470892} 454293 : { BUY 7982.45@0.80470892} 454290 : { SELL 16931.39@0.8079342} 454288 : { SELL 16930.82@0.8079342} 
Mon Dec 08 00:18:50 EST 2014 , 4 , 2 , 2 , 454296 : { BUY 7982.45@0.80470892} 454293 : { BUY 7982.45@0.80470892} 454290 : { SELL 16931.39@0.8079342} 454288 : { SELL 16930.82@0.8079342} 
Mon Dec 08 00:21:51 EST 2014 , 4 , 2 , 2 , 454296 : { BUY 7982.45@0.80470892} 454293 : { BUY 7982.45@0.80470892} 454290 : { SELL 16931.39@0.8079342} 454288 : { SELL 16930.82@0.8079342} 
Mon Dec 08 00:24:52 EST 2014 , 4 , 2 , 2 , 454296 : { BUY 7982.45@0.80470892} 454293 : { BUY 7982.45@0.80470892} 454290 : { SELL 16931.39@0.8079342} 454288 : { SELL 16930.82@0.8079342} 
Mon Dec 08 00:27:53 EST 2014 , 4 , 2 , 2 , 454296 : { BUY 7982.45@0.80470892} 454293 : { BUY 7982.45@0.80470892} 454290 : { SELL 16931.39@0.8079342} 454288 : { SELL 16930.82@0.8079342} 
Mon Dec 08 00:30:55 EST 2014 , 4 , 2 , 2 , 454296 : { BUY 7982.45@0.80470892} 454293 : { BUY 7982.45@0.80470892} 454290 : { SELL 16931.39@0.8079342} 454288 : { SELL 16930.82@0.8079342} 
Mon Dec 08 00:33:55 EST 2014 , 4 , 2 , 2 , 454296 : { BUY 7982.45@0.80470892} 454293 : { BUY 7982.45@0.80470892} 454290 : { SELL 16931.39@0.8079342} 454288 : { SELL 16930.82@0.8079342} 
Mon Dec 08 00:36:56 EST 2014 , 4 , 2 , 2 , 454296 : { BUY 7982.45@0.80470892} 454293 : { BUY 7982.45@0.80470892} 454290 : { SELL 16931.39@0.8079342} 454288 : { SELL 16930.82@0.8079342} 
Mon Dec 08 00:39:57 EST 2014 , 4 , 2 , 2 , 454296 : { BUY 7982.45@0.80470892} 454293 : { BUY 7982.45@0.80470892} 454290 : { SELL 16931.39@0.8079342} 454288 : { SELL 16930.82@0.8079342} 
Mon Dec 08 00:42:58 EST 2014 , 4 , 2 , 2 , 454296 : { BUY 7982.45@0.80470892} 454293 : { BUY 7982.45@0.80470892} 454290 : { SELL 16931.39@0.8079342} 454288 : { SELL 16930.82@0.8079342} 
Mon Dec 08 00:45:59 EST 2014 , 4 , 2 , 2 , 454296 : { BUY 7982.45@0.80470892} 454293 : { BUY 7982.45@0.80470892} 454290 : { SELL 16931.39@0.8079342} 454288 : { SELL 16930.82@0.8079342} 
Mon Dec 08 00:49:01 EST 2014 , 4 , 2 , 2 , 454296 : { BUY 7982.45@0.80470892} 454293 : { BUY 7982.45@0.80470892} 454290 : { SELL 16931.39@0.8079342} 454288 : { SELL 16930.82@0.8079342} 
Mon Dec 08 00:52:02 EST 2014 , 4 , 2 , 2 , 454296 : { BUY 7982.45@0.80470892} 454293 : { BUY 7982.45@0.80470892} 454290 : { SELL 16931.39@0.8079342} 454288 : { SELL 16930.82@0.8079342} 
Mon Dec 08 00:55:02 EST 2014 , 4 , 2 , 2 , 454296 : { BUY 7982.45@0.80470892} 454293 : { BUY 7982.45@0.80470892} 454290 : { SELL 16931.39@0.8079342} 454288 : { SELL 16930.82@0.8079342} 
Mon Dec 08 00:58:04 EST 2014 , 4 , 2 , 2 , 454296 : { BUY 7982.45@0.80470892} 454293 : { BUY 7982.45@0.80470892} 454290 : { SELL 16931.39@0.8079342} 454288 : { SELL 16930.82@0.8079342} 
Mon Dec 08 01:01:05 EST 2014 , 4 , 2 , 2 , 454296 : { BUY 7982.45@0.80470892} 454293 : { BUY 7982.45@0.80470892} 454290 : { SELL 16931.39@0.8079342} 454288 : { SELL 16930.82@0.8079342} 
Mon Dec 08 01:04:06 EST 2014 , 4 , 2 , 2 , 454296 : { BUY 7982.45@0.80470892} 454293 : { BUY 7982.45@0.80470892} 454290 : { SELL 16931.39@0.8079342} 454288 : { SELL 16930.82@0.8079342} 
Mon Dec 08 01:07:07 EST 2014 , 4 , 2 , 2 , 454296 : { BUY 7982.45@0.80470892} 454293 : { BUY 7982.45@0.80470892} 454290 : { SELL 16931.39@0.8079342} 454288 : { SELL 16930.82@0.8079342} 
Mon Dec 08 01:10:07 EST 2014 , 4 , 2 , 2 , 454296 : { BUY 7982.45@0.80470892} 454293 : { BUY 7982.45@0.80470892} 454290 : { SELL 16931.39@0.8079342} 454288 : { SELL 16930.82@0.8079342} 
Mon Dec 08 01:13:09 EST 2014 , 4 , 2 , 2 , 454296 : { BUY 7982.45@0.80470892} 454293 : { BUY 7982.45@0.80470892} 454290 : { SELL 16931.39@0.8079342} 454288 : { SELL 16930.82@0.8079342} 
Mon Dec 08 01:16:10 EST 2014 , 4 , 2 , 2 , 454296 : { BUY 7982.45@0.80470892} 454293 : { BUY 7982.45@0.80470892} 454290 : { SELL 16931.39@0.8079342} 454288 : { SELL 16930.82@0.8079342} 
Mon Dec 08 01:19:11 EST 2014 , 4 , 2 , 2 , 454296 : { BUY 7982.45@0.80470892} 454293 : { BUY 7982.45@0.80470892} 454290 : { SELL 16931.39@0.8079342} 454288 : { SELL 16930.82@0.8079342} 
Mon Dec 08 01:22:12 EST 2014 , 4 , 2 , 2 , 454296 : { BUY 7982.45@0.80470892} 454293 : { BUY 7982.45@0.80470892} 454290 : { SELL 16931.39@0.8079342} 454288 : { SELL 16930.82@0.8079342} 
Mon Dec 08 01:25:12 EST 2014 , 4 , 2 , 2 , 454296 : { BUY 7982.45@0.80470892} 454293 : { BUY 7982.45@0.80470892} 454290 : { SELL 16931.39@0.8079342} 454288 : { SELL 16930.82@0.8079342} 
Mon Dec 08 01:28:14 EST 2014 , 4 , 2 , 2 , 454296 : { BUY 7982.45@0.80470892} 454293 : { BUY 7982.45@0.80470892} 454290 : { SELL 16931.39@0.8079342} 454288 : { SELL 16930.82@0.8079342} 
Mon Dec 08 01:31:15 EST 2014 , 4 , 2 , 2 , 454296 : { BUY 7982.45@0.80470892} 454293 : { BUY 7982.45@0.80470892} 454290 : { SELL 16931.39@0.8079342} 454288 : { SELL 16930.82@0.8079342} 
Mon Dec 08 01:34:16 EST 2014 , 4 , 2 , 2 , 454296 : { BUY 7982.45@0.80470892} 454293 : { BUY 7982.45@0.80470892} 454290 : { SELL 16931.39@0.8079342} 454288 : { SELL 16930.82@0.8079342} 
Mon Dec 08 01:37:16 EST 2014 , 4 , 2 , 2 , 454296 : { BUY 7982.45@0.80470892} 454293 : { BUY 7982.45@0.80470892} 454290 : { SELL 16931.39@0.8079342} 454288 : { SELL 16930.82@0.8079342} 
Mon Dec 08 01:40:18 EST 2014 , 4 , 2 , 2 , 454296 : { BUY 7982.45@0.80470892} 454293 : { BUY 7982.45@0.80470892} 454290 : { SELL 16931.39@0.8079342} 454288 : { SELL 16930.82@0.8079342} 
Mon Dec 08 01:43:19 EST 2014 , 4 , 2 , 2 , 454296 : { BUY 7982.45@0.80470892} 454293 : { BUY 7982.45@0.80470892} 454290 : { SELL 16931.39@0.8079342} 454288 : { SELL 16930.82@0.8079342} 
Mon Dec 08 01:46:20 EST 2014 , 4 , 2 , 2 , 454296 : { BUY 7982.45@0.80470892} 454293 : { BUY 7982.45@0.80470892} 454290 : { SELL 16931.39@0.8079342} 454288 : { SELL 16930.82@0.8079342} 
Mon Dec 08 01:49:21 EST 2014 , 4 , 2 , 2 , 454296 : { BUY 7982.45@0.80470892} 454293 : { BUY 7982.45@0.80470892} 454290 : { SELL 16931.39@0.8079342} 454288 : { SELL 16930.82@0.8079342} 
Mon Dec 08 01:52:21 EST 2014 , 4 , 2 , 2 , 454296 : { BUY 7982.45@0.80470892} 454293 : { BUY 7982.45@0.80470892} 454290 : { SELL 16931.39@0.8079342} 454288 : { SELL 16930.82@0.8079342} 
Mon Dec 08 01:55:23 EST 2014 , 4 , 2 , 2 , 454296 : { BUY 7982.45@0.80470892} 454293 : { BUY 7982.45@0.80470892} 454290 : { SELL 16931.39@0.8079342} 454288 : { SELL 16930.82@0.8079342} 
Mon Dec 08 01:58:24 EST 2014 , 4 , 2 , 2 , 454296 : { BUY 7982.45@0.80470892} 454293 : { BUY 7982.45@0.80470892} 454290 : { SELL 16931.39@0.8079342} 454288 : { SELL 16930.82@0.8079342} 
Mon Dec 08 02:01:25 EST 2014 , 4 , 2 , 2 , 454296 : { BUY 7982.45@0.80470892} 454293 : { BUY 7982.45@0.80470892} 454290 : { SELL 16931.39@0.8079342} 454288 : { SELL 16930.82@0.8079342} 
Mon Dec 08 02:04:26 EST 2014 , 4 , 2 , 2 , 454296 : { BUY 7982.45@0.80470892} 454293 : { BUY 7982.45@0.80470892} 454290 : { SELL 16931.39@0.8079342} 454288 : { SELL 16930.82@0.8079342} 
Mon Dec 08 02:07:26 EST 2014 , 4 , 2 , 2 , 454296 : { BUY 7982.45@0.80470892} 454293 : { BUY 7982.45@0.80470892} 454290 : { SELL 16931.39@0.8079342} 454288 : { SELL 16930.82@0.8079342} 
Mon Dec 08 02:10:27 EST 2014 , 4 , 2 , 2 , 454296 : { BUY 7982.45@0.80470892} 454293 : { BUY 7982.45@0.80470892} 454290 : { SELL 16931.39@0.8079342} 454288 : { SELL 16930.82@0.8079342} 
Mon Dec 08 02:13:29 EST 2014 , 4 , 2 , 2 , 454296 : { BUY 7982.45@0.80470892} 454293 : { BUY 7982.45@0.80470892} 454290 : { SELL 16931.39@0.8079342} 454288 : { SELL 16930.82@0.8079342} 
Mon Dec 08 02:16:30 EST 2014 , 4 , 2 , 2 , 454296 : { BUY 7982.45@0.80470892} 454293 : { BUY 7982.45@0.80470892} 454290 : { SELL 16931.39@0.8079342} 454288 : { SELL 16930.82@0.8079342} 
Mon Dec 08 02:19:31 EST 2014 , 4 , 2 , 2 , 454296 : { BUY 7982.45@0.80470892} 454293 : { BUY 7982.45@0.80470892} 454290 : { SELL 16931.39@0.8079342} 454288 : { SELL 16930.82@0.8079342} 
Mon Dec 08 02:22:31 EST 2014 , 4 , 2 , 2 , 454296 : { BUY 7982.45@0.80470892} 454293 : { BUY 7982.45@0.80470892} 454290 : { SELL 16931.39@0.8079342} 454288 : { SELL 16930.82@0.8079342} 
Mon Dec 08 02:25:33 EST 2014 , 4 , 2 , 2 , 454296 : { BUY 7982.45@0.80470892} 454293 : { BUY 7982.45@0.80470892} 454290 : { SELL 16931.39@0.8079342} 454288 : { SELL 16930.82@0.8079342} 
Mon Dec 08 02:28:34 EST 2014 , 4 , 2 , 2 , 454296 : { BUY 7982.45@0.80470892} 454293 : { BUY 7982.45@0.80470892} 454290 : { SELL 16931.39@0.8079342} 454288 : { SELL 16930.82@0.8079342} 
Mon Dec 08 02:31:35 EST 2014 , 4 , 2 , 2 , 454296 : { BUY 7982.45@0.80470892} 454293 : { BUY 7982.45@0.80470892} 454290 : { SELL 16931.39@0.8079342} 454288 : { SELL 16930.82@0.8079342} 
Mon Dec 08 02:34:36 EST 2014 , 4 , 2 , 2 , 454296 : { BUY 7982.45@0.80470892} 454293 : { BUY 7982.45@0.80470892} 454290 : { SELL 16931.39@0.8079342} 454288 : { SELL 16930.82@0.8079342} 
Mon Dec 08 02:37:37 EST 2014 , 4 , 2 , 2 , 454296 : { BUY 7982.45@0.80470892} 454293 : { BUY 7982.45@0.80470892} 454290 : { SELL 16931.39@0.8079342} 454288 : { SELL 16930.82@0.8079342} 
Mon Dec 08 02:40:38 EST 2014 , 4 , 2 , 2 , 454296 : { BUY 7982.45@0.80470892} 454293 : { BUY 7982.45@0.80470892} 454290 : { SELL 16931.39@0.8079342} 454288 : { SELL 16930.82@0.8079342} 
Mon Dec 08 02:43:38 EST 2014 , 4 , 2 , 2 , 454296 : { BUY 7982.45@0.80470892} 454293 : { BUY 7982.45@0.80470892} 454290 : { SELL 16931.39@0.8079342} 454288 : { SELL 16930.82@0.8079342} 
Mon Dec 08 02:46:40 EST 2014 , 4 , 2 , 2 , 454296 : { BUY 7982.45@0.80470892} 454293 : { BUY 7982.45@0.80470892} 454290 : { SELL 16931.39@0.8079342} 454288 : { SELL 16930.82@0.8079342} 
Mon Dec 08 02:49:41 EST 2014 , 4 , 2 , 2 , 454296 : { BUY 7982.45@0.80470892} 454293 : { BUY 7982.45@0.80470892} 454290 : { SELL 16931.39@0.8079342} 454288 : { SELL 16930.82@0.8079342} 
Mon Dec 08 02:52:41 EST 2014 , 4 , 2 , 2 , 454296 : { BUY 7982.45@0.80470892} 454293 : { BUY 7982.45@0.80470892} 454290 : { SELL 16931.39@0.8079342} 454288 : { SELL 16930.82@0.8079342} 
Mon Dec 08 02:55:42 EST 2014 , 4 , 2 , 2 , 454296 : { BUY 7982.45@0.80470892} 454293 : { BUY 7982.45@0.80470892} 454290 : { SELL 16931.39@0.8079342} 454288 : { SELL 16930.82@0.8079342} 
Mon Dec 08 02:58:43 EST 2014 , 4 , 2 , 2 , 454296 : { BUY 7982.45@0.80470892} 454293 : { BUY 7982.45@0.80470892} 454290 : { SELL 16931.39@0.8079342} 454288 : { SELL 16930.82@0.8079342} 
Mon Dec 08 03:01:44 EST 2014 , 4 , 2 , 2 , 454296 : { BUY 7982.45@0.80470892} 454293 : { BUY 7982.45@0.80470892} 454290 : { SELL 16931.39@0.8079342} 454288 : { SELL 16930.82@0.8079342} 
Mon Dec 08 03:04:46 EST 2014 , 4 , 2 , 2 , 454296 : { BUY 7982.45@0.80470892} 454293 : { BUY 7982.45@0.80470892} 454290 : { SELL 16931.39@0.8079342} 454288 : { SELL 16930.82@0.8079342} 
Mon Dec 08 03:07:46 EST 2014 , 4 , 2 , 2 , 454296 : { BUY 7982.45@0.80470892} 454293 : { BUY 7982.45@0.80470892} 454290 : { SELL 16931.39@0.8079342} 454288 : { SELL 16930.82@0.8079342} 
Mon Dec 08 03:10:48 EST 2014 , 4 , 2 , 2 , 454296 : { BUY 7982.45@0.80470892} 454293 : { BUY 7982.45@0.80470892} 454290 : { SELL 16931.39@0.8079342} 454288 : { SELL 16930.82@0.8079342} 
Mon Dec 08 03:13:49 EST 2014 , 4 , 2 , 2 , 454296 : { BUY 7982.45@0.80470892} 454293 : { BUY 7982.45@0.80470892} 454290 : { SELL 16931.39@0.8079342} 454288 : { SELL 16930.82@0.8079342} 
Mon Dec 08 03:16:50 EST 2014 , 4 , 2 , 2 , 454296 : { BUY 7982.45@0.80470892} 454293 : { BUY 7982.45@0.80470892} 454290 : { SELL 16931.39@0.8079342} 454288 : { SELL 16930.82@0.8079342} 
Mon Dec 08 03:19:51 EST 2014 , 4 , 2 , 2 , 454296 : { BUY 7982.45@0.80470892} 454293 : { BUY 7982.45@0.80470892} 454290 : { SELL 16931.39@0.8079342} 454288 : { SELL 16930.82@0.8079342} 
Mon Dec 08 03:22:52 EST 2014 , 4 , 2 , 2 , 454296 : { BUY 7982.45@0.80470892} 454293 : { BUY 7982.45@0.80470892} 454290 : { SELL 16931.39@0.8079342} 454288 : { SELL 16930.82@0.8079342} 
Mon Dec 08 03:25:53 EST 2014 , 4 , 2 , 2 , 454296 : { BUY 7982.45@0.80470892} 454293 : { BUY 7982.45@0.80470892} 454290 : { SELL 16931.39@0.8079342} 454288 : { SELL 16930.82@0.8079342} 
Mon Dec 08 03:28:54 EST 2014 , 4 , 2 , 2 , 454296 : { BUY 7982.45@0.80470892} 454293 : { BUY 7982.45@0.80470892} 454290 : { SELL 16931.39@0.8079342} 454288 : { SELL 16930.82@0.8079342} 
Mon Dec 08 03:31:55 EST 2014 , 4 , 2 , 2 , 454296 : { BUY 7982.45@0.80470892} 454293 : { BUY 7982.45@0.80470892} 454290 : { SELL 16931.39@0.8079342} 454288 : { SELL 16930.82@0.8079342} 
Mon Dec 08 03:34:56 EST 2014 , 4 , 2 , 2 , 454296 : { BUY 7982.45@0.80470892} 454293 : { BUY 7982.45@0.80470892} 454290 : { SELL 16931.39@0.8079342} 454288 : { SELL 16930.82@0.8079342} 
Mon Dec 08 03:37:57 EST 2014 , 4 , 2 , 2 , 454296 : { BUY 7982.45@0.80470892} 454293 : { BUY 7982.45@0.80470892} 454290 : { SELL 16931.39@0.8079342} 454288 : { SELL 16930.82@0.8079342} 
Mon Dec 08 03:40:58 EST 2014 , 4 , 2 , 2 , 454296 : { BUY 7982.45@0.80470892} 454293 : { BUY 7982.45@0.80470892} 454290 : { SELL 16931.39@0.8079342} 454288 : { SELL 16930.82@0.8079342} 
Mon Dec 08 03:43:59 EST 2014 , 4 , 2 , 2 , 454296 : { BUY 7982.45@0.80470892} 454293 : { BUY 7982.45@0.80470892} 454290 : { SELL 16931.39@0.8079342} 454288 : { SELL 16930.82@0.8079342} 
Mon Dec 08 03:47:00 EST 2014 , 4 , 2 , 2 , 454296 : { BUY 7982.45@0.80470892} 454293 : { BUY 7982.45@0.80470892} 454290 : { SELL 16931.39@0.8079342} 454288 : { SELL 16930.82@0.8079342} 
Mon Dec 08 03:50:01 EST 2014 , 4 , 2 , 2 , 454296 : { BUY 7982.45@0.80470892} 454293 : { BUY 7982.45@0.80470892} 454290 : { SELL 16931.39@0.8079342} 454288 : { SELL 16930.82@0.8079342} 
Mon Dec 08 03:53:02 EST 2014 , 4 , 2 , 2 , 454296 : { BUY 7982.45@0.80470892} 454293 : { BUY 7982.45@0.80470892} 454290 : { SELL 16931.39@0.8079342} 454288 : { SELL 16930.82@0.8079342} 
Mon Dec 08 03:56:03 EST 2014 , 4 , 2 , 2 , 454296 : { BUY 7982.45@0.80470892} 454293 : { BUY 7982.45@0.80470892} 454290 : { SELL 16931.39@0.8079342} 454288 : { SELL 16930.82@0.8079342} 
Mon Dec 08 03:59:03 EST 2014 , 4 , 2 , 2 , 454296 : { BUY 7982.45@0.80470892} 454293 : { BUY 7982.45@0.80470892} 454290 : { SELL 16931.39@0.8079342} 454288 : { SELL 16930.82@0.8079342} 
Mon Dec 08 04:02:05 EST 2014 , 4 , 2 , 2 , 454296 : { BUY 7982.45@0.80470892} 454293 : { BUY 7982.45@0.80470892} 454290 : { SELL 16931.39@0.8079342} 454288 : { SELL 16930.82@0.8079342} 
Mon Dec 08 04:05:06 EST 2014 , 4 , 2 , 2 , 454296 : { BUY 7982.45@0.80470892} 454293 : { BUY 7982.45@0.80470892} 454290 : { SELL 16931.39@0.8079342} 454288 : { SELL 16930.82@0.8079342} 
Mon Dec 08 04:08:07 EST 2014 , 4 , 2 , 2 , 454296 : { BUY 7982.45@0.80470892} 454293 : { BUY 7982.45@0.80470892} 454290 : { SELL 16931.39@0.8079342} 454288 : { SELL 16930.82@0.8079342} 
Mon Dec 08 04:11:08 EST 2014 , 4 , 2 , 2 , 454296 : { BUY 7982.45@0.80470892} 454293 : { BUY 7982.45@0.80470892} 454290 : { SELL 16931.39@0.8079342} 454288 : { SELL 16930.82@0.8079342} 
Mon Dec 08 04:14:09 EST 2014 , 4 , 2 , 2 , 454296 : { BUY 7982.45@0.80470892} 454293 : { BUY 7982.45@0.80470892} 454290 : { SELL 16931.39@0.8079342} 454288 : { SELL 16930.82@0.8079342} 
Mon Dec 08 04:17:10 EST 2014 , 4 , 2 , 2 , 454296 : { BUY 7982.45@0.80470892} 454293 : { BUY 7982.45@0.80470892} 454290 : { SELL 16931.39@0.8079342} 454288 : { SELL 16930.82@0.8079342} 
Mon Dec 08 04:20:11 EST 2014 , 4 , 2 , 2 , 454296 : { BUY 7982.45@0.80470892} 454293 : { BUY 7982.45@0.80470892} 454290 : { SELL 16931.39@0.8079342} 454288 : { SELL 16930.82@0.8079342} 
Mon Dec 08 04:23:12 EST 2014 , 4 , 2 , 2 , 454296 : { BUY 7982.45@0.80470892} 454293 : { BUY 7982.45@0.80470892} 454290 : { SELL 16931.39@0.8079342} 454288 : { SELL 16930.82@0.8079342} 
Mon Dec 08 04:26:13 EST 2014 , 4 , 2 , 2 , 454296 : { BUY 7982.45@0.80470892} 454293 : { BUY 7982.45@0.80470892} 454290 : { SELL 16931.39@0.8079342} 454288 : { SELL 16930.82@0.8079342} 
Mon Dec 08 04:29:14 EST 2014 , 4 , 2 , 2 , 454296 : { BUY 7982.45@0.80470892} 454293 : { BUY 7982.45@0.80470892} 454290 : { SELL 16931.39@0.8079342} 454288 : { SELL 16930.82@0.8079342} 
Mon Dec 08 04:32:15 EST 2014 , 4 , 2 , 2 , 454296 : { BUY 7982.45@0.80470892} 454293 : { BUY 7982.45@0.80470892} 454290 : { SELL 16931.39@0.8079342} 454288 : { SELL 16930.82@0.8079342} 
Mon Dec 08 04:35:16 EST 2014 , 4 , 2 , 2 , 454296 : { BUY 7982.45@0.80470892} 454293 : { BUY 7982.45@0.80470892} 454290 : { SELL 16931.39@0.8079342} 454288 : { SELL 16930.82@0.8079342} 
Mon Dec 08 04:38:17 EST 2014 , 4 , 2 , 2 , 454296 : { BUY 7982.45@0.80470892} 454293 : { BUY 7982.45@0.80470892} 454290 : { SELL 16931.39@0.8079342} 454288 : { SELL 16930.82@0.8079342} 
Mon Dec 08 04:41:18 EST 2014 , 4 , 2 , 2 , 454296 : { BUY 7982.45@0.80470892} 454293 : { BUY 7982.45@0.80470892} 454290 : { SELL 16931.39@0.8079342} 454288 : { SELL 16930.82@0.8079342} 
Mon Dec 08 04:44:19 EST 2014 , 4 , 2 , 2 , 454296 : { BUY 7982.45@0.80470892} 454293 : { BUY 7982.45@0.80470892} 454290 : { SELL 16931.39@0.8079342} 454288 : { SELL 16930.82@0.8079342} 
Mon Dec 08 04:47:20 EST 2014 , 4 , 2 , 2 , 454296 : { BUY 7982.45@0.80470892} 454293 : { BUY 7982.45@0.80470892} 454290 : { SELL 16931.39@0.8079342} 454288 : { SELL 16930.82@0.8079342} 
Mon Dec 08 04:50:21 EST 2014 , 4 , 2 , 2 , 454296 : { BUY 7982.45@0.80470892} 454293 : { BUY 7982.45@0.80470892} 454290 : { SELL 16931.39@0.8079342} 454288 : { SELL 16930.82@0.8079342} 
Mon Dec 08 04:53:22 EST 2014 , 4 , 2 , 2 , 454296 : { BUY 7982.45@0.80470892} 454293 : { BUY 7982.45@0.80470892} 454290 : { SELL 16931.39@0.8079342} 454288 : { SELL 16930.82@0.8079342} 
Mon Dec 08 04:56:23 EST 2014 , 4 , 2 , 2 , 454296 : { BUY 7982.45@0.80470892} 454293 : { BUY 7982.45@0.80470892} 454290 : { SELL 16931.39@0.8079342} 454288 : { SELL 16930.82@0.8079342} 
Mon Dec 08 04:59:24 EST 2014 , 4 , 2 , 2 , 454296 : { BUY 7982.45@0.80470892} 454293 : { BUY 7982.45@0.80470892} 454290 : { SELL 16931.39@0.8079342} 454288 : { SELL 16930.82@0.8079342} 
Mon Dec 08 05:02:25 EST 2014 , 4 , 2 , 2 , 454296 : { BUY 7982.45@0.80470892} 454293 : { BUY 7982.45@0.80470892} 454290 : { SELL 16931.39@0.8079342} 454288 : { SELL 16930.82@0.8079342} 
Mon Dec 08 05:05:26 EST 2014 , 4 , 2 , 2 , 454296 : { BUY 7982.45@0.80470892} 454293 : { BUY 7982.45@0.80470892} 454290 : { SELL 16931.39@0.8079342} 454288 : { SELL 16930.82@0.8079342} 
Mon Dec 08 05:08:27 EST 2014 , 4 , 2 , 2 , 454296 : { BUY 7982.45@0.80470892} 454293 : { BUY 7982.45@0.80470892} 454290 : { SELL 16931.39@0.8079342} 454288 : { SELL 16930.82@0.8079342} 
Mon Dec 08 05:11:28 EST 2014 , 4 , 2 , 2 , 454296 : { BUY 7982.45@0.80470892} 454293 : { BUY 7982.45@0.80470892} 454290 : { SELL 16931.39@0.8079342} 454288 : { SELL 16930.82@0.8079342} 
Mon Dec 08 05:14:29 EST 2014 , 4 , 2 , 2 , 454296 : { BUY 7982.45@0.80470892} 454293 : { BUY 7982.45@0.80470892} 454290 : { SELL 16931.39@0.8079342} 454288 : { SELL 16930.82@0.8079342} 
Mon Dec 08 05:17:30 EST 2014 , 4 , 2 , 2 , 454296 : { BUY 7982.45@0.80470892} 454293 : { BUY 7982.45@0.80470892} 454290 : { SELL 16931.39@0.8079342} 454288 : { SELL 16930.82@0.8079342} 
Mon Dec 08 05:20:31 EST 2014 , 4 , 2 , 2 , 454296 : { BUY 7982.45@0.80470892} 454293 : { BUY 7982.45@0.80470892} 454290 : { SELL 16931.39@0.8079342} 454288 : { SELL 16930.82@0.8079342} 
Mon Dec 08 05:23:32 EST 2014 , 4 , 2 , 2 , 454296 : { BUY 7982.45@0.80470892} 454293 : { BUY 7982.45@0.80470892} 454290 : { SELL 16931.39@0.8079342} 454288 : { SELL 16930.82@0.8079342} 
Mon Dec 08 05:26:33 EST 2014 , 4 , 2 , 2 , 454296 : { BUY 7982.45@0.80470892} 454293 : { BUY 7982.45@0.80470892} 454290 : { SELL 16931.39@0.8079342} 454288 : { SELL 16930.82@0.8079342} 
Mon Dec 08 05:29:34 EST 2014 , 4 , 2 , 2 , 454296 : { BUY 7982.45@0.80470892} 454293 : { BUY 7982.45@0.80470892} 454290 : { SELL 16931.39@0.8079342} 454288 : { SELL 16930.82@0.8079342} 
Mon Dec 08 05:32:35 EST 2014 , 4 , 2 , 2 , 454296 : { BUY 7982.45@0.80470892} 454293 : { BUY 7982.45@0.80470892} 454290 : { SELL 16931.39@0.8079342} 454288 : { SELL 16930.82@0.8079342} 
Mon Dec 08 05:35:36 EST 2014 , 4 , 2 , 2 , 454296 : { BUY 7982.45@0.80470892} 454293 : { BUY 7982.45@0.80470892} 454290 : { SELL 16931.39@0.8079342} 454288 : { SELL 16930.82@0.8079342} 
Mon Dec 08 05:38:37 EST 2014 , 4 , 2 , 2 , 454296 : { BUY 7982.45@0.80470892} 454293 : { BUY 7982.45@0.80470892} 454290 : { SELL 16931.39@0.8079342} 454288 : { SELL 16930.82@0.8079342} 
Mon Dec 08 05:41:38 EST 2014 , 4 , 2 , 2 , 454296 : { BUY 7982.45@0.80470892} 454293 : { BUY 7982.45@0.80470892} 454290 : { SELL 16931.39@0.8079342} 454288 : { SELL 16930.82@0.8079342} 
Mon Dec 08 05:44:39 EST 2014 , 4 , 2 , 2 , 454296 : { BUY 7982.45@0.80470892} 454293 : { BUY 7982.45@0.80470892} 454290 : { SELL 16931.39@0.8079342} 454288 : { SELL 16930.82@0.8079342} 
Mon Dec 08 05:47:40 EST 2014 , 4 , 2 , 2 , 454296 : { BUY 7982.45@0.80470892} 454293 : { BUY 7982.45@0.80470892} 454290 : { SELL 16931.39@0.8079342} 454288 : { SELL 16930.82@0.8079342} 
Mon Dec 08 05:50:41 EST 2014 , 4 , 2 , 2 , 454296 : { BUY 7982.45@0.80470892} 454293 : { BUY 7982.45@0.80470892} 454290 : { SELL 16931.39@0.8079342} 454288 : { SELL 16930.82@0.8079342} 
Mon Dec 08 05:53:42 EST 2014 , 4 , 2 , 2 , 454296 : { BUY 7982.45@0.80470892} 454293 : { BUY 7982.45@0.80470892} 454290 : { SELL 16931.39@0.8079342} 454288 : { SELL 16930.82@0.8079342} 
Mon Dec 08 05:56:43 EST 2014 , 4 , 2 , 2 , 454296 : { BUY 7982.45@0.80470892} 454293 : { BUY 7982.45@0.80470892} 454290 : { SELL 16931.39@0.8079342} 454288 : { SELL 16930.82@0.8079342} 
Mon Dec 08 05:59:44 EST 2014 , 4 , 2 , 2 , 454296 : { BUY 7982.45@0.80470892} 454293 : { BUY 7982.45@0.80470892} 454290 : { SELL 16931.39@0.8079342} 454288 : { SELL 16930.82@0.8079342} 
Mon Dec 08 06:02:45 EST 2014 , 4 , 2 , 2 , 454296 : { BUY 7982.45@0.80470892} 454293 : { BUY 7982.45@0.80470892} 454290 : { SELL 16931.39@0.8079342} 454288 : { SELL 16930.82@0.8079342} 
Mon Dec 08 06:05:46 EST 2014 , 4 , 2 , 2 , 454296 : { BUY 7982.45@0.80470892} 454293 : { BUY 7982.45@0.80470892} 454290 : { SELL 16931.39@0.8079342} 454288 : { SELL 16930.82@0.8079342} 
Mon Dec 08 06:08:47 EST 2014 , 4 , 2 , 2 , 454296 : { BUY 7982.45@0.80470892} 454293 : { BUY 7982.45@0.80470892} 454290 : { SELL 16931.39@0.8079342} 454288 : { SELL 16930.82@0.8079342} 
Mon Dec 08 06:11:48 EST 2014 , 4 , 2 , 2 , 454296 : { BUY 7982.45@0.80470892} 454293 : { BUY 7982.45@0.80470892} 454290 : { SELL 16931.39@0.8079342} 454288 : { SELL 16930.82@0.8079342} 
Mon Dec 08 06:14:49 EST 2014 , 4 , 2 , 2 , 454296 : { BUY 7982.45@0.80470892} 454293 : { BUY 7982.45@0.80470892} 454290 : { SELL 16931.39@0.8079342} 454288 : { SELL 16930.82@0.8079342} 
Mon Dec 08 06:17:50 EST 2014 , 4 , 2 , 2 , 454296 : { BUY 7982.45@0.80470892} 454293 : { BUY 7982.45@0.80470892} 454290 : { SELL 16931.39@0.8079342} 454288 : { SELL 16930.82@0.8079342} 
Mon Dec 08 06:20:51 EST 2014 , 4 , 2 , 2 , 454296 : { BUY 7982.45@0.80470892} 454293 : { BUY 7982.45@0.80470892} 454290 : { SELL 16931.39@0.8079342} 454288 : { SELL 16930.82@0.8079342} 
Mon Dec 08 06:23:52 EST 2014 , 4 , 2 , 2 , 454296 : { BUY 7982.45@0.80470892} 454293 : { BUY 7982.45@0.80470892} 454290 : { SELL 16931.39@0.8079342} 454288 : { SELL 16930.82@0.8079342} 
Mon Dec 08 06:26:53 EST 2014 , 4 , 2 , 2 , 454296 : { BUY 7982.45@0.80470892} 454293 : { BUY 7982.45@0.80470892} 454290 : { SELL 16931.39@0.8079342} 454288 : { SELL 16930.82@0.8079342} 
Mon Dec 08 06:29:54 EST 2014 , 4 , 2 , 2 , 454296 : { BUY 7982.45@0.80470892} 454293 : { BUY 7982.45@0.80470892} 454290 : { SELL 16931.39@0.8079342} 454288 : { SELL 16930.82@0.8079342} 
Mon Dec 08 06:32:55 EST 2014 , 4 , 2 , 2 , 454296 : { BUY 7982.45@0.80470892} 454293 : { BUY 7982.45@0.80470892} 454290 : { SELL 16931.39@0.8079342} 454288 : { SELL 16930.82@0.8079342} 
Mon Dec 08 06:35:56 EST 2014 , 4 , 2 , 2 , 454296 : { BUY 7982.45@0.80470892} 454293 : { BUY 7982.45@0.80470892} 454290 : { SELL 16931.39@0.8079342} 454288 : { SELL 16930.82@0.8079342} 
Mon Dec 08 06:38:57 EST 2014 , 4 , 2 , 2 , 454296 : { BUY 7982.45@0.80470892} 454293 : { BUY 7982.45@0.80470892} 454290 : { SELL 16931.39@0.8079342} 454288 : { SELL 16930.82@0.8079342} 
Mon Dec 08 06:41:58 EST 2014 , 4 , 2 , 2 , 454296 : { BUY 7982.45@0.80470892} 454293 : { BUY 7982.45@0.80470892} 454290 : { SELL 16931.39@0.8079342} 454288 : { SELL 16930.82@0.8079342} 
Mon Dec 08 06:44:59 EST 2014 , 4 , 2 , 2 , 454296 : { BUY 7982.45@0.80470892} 454293 : { BUY 7982.45@0.80470892} 454290 : { SELL 16931.39@0.8079342} 454288 : { SELL 16930.82@0.8079342} 
Mon Dec 08 06:48:00 EST 2014 , 4 , 2 , 2 , 454296 : { BUY 7982.45@0.80470892} 454293 : { BUY 7982.45@0.80470892} 454290 : { SELL 16931.39@0.8079342} 454288 : { SELL 16930.82@0.8079342} 
Mon Dec 08 06:51:01 EST 2014 , 4 , 2 , 2 , 454296 : { BUY 7982.45@0.80470892} 454293 : { BUY 7982.45@0.80470892} 454290 : { SELL 16931.39@0.8079342} 454288 : { SELL 16930.82@0.8079342} 
Mon Dec 08 06:54:02 EST 2014 , 4 , 2 , 2 , 454296 : { BUY 7982.45@0.80470892} 454293 : { BUY 7982.45@0.80470892} 454290 : { SELL 16931.39@0.8079342} 454288 : { SELL 16930.82@0.8079342} 
Mon Dec 08 06:57:03 EST 2014 , 4 , 2 , 2 , 454296 : { BUY 7982.45@0.80470892} 454293 : { BUY 7982.45@0.80470892} 454290 : { SELL 16931.39@0.8079342} 454288 : { SELL 16930.82@0.8079342} 
Mon Dec 08 07:00:04 EST 2014 , 4 , 2 , 2 , 454296 : { BUY 7982.45@0.80470892} 454293 : { BUY 7982.45@0.80470892} 454290 : { SELL 16931.39@0.8079342} 454288 : { SELL 16930.82@0.8079342} 
Mon Dec 08 07:03:05 EST 2014 , 4 , 2 , 2 , 454296 : { BUY 7982.45@0.80470892} 454293 : { BUY 7982.45@0.80470892} 454290 : { SELL 16931.39@0.8079342} 454288 : { SELL 16930.82@0.8079342} 
Mon Dec 08 07:06:06 EST 2014 , 4 , 2 , 2 , 454296 : { BUY 7982.45@0.80470892} 454293 : { BUY 7982.45@0.80470892} 454290 : { SELL 16931.39@0.8079342} 454288 : { SELL 16930.82@0.8079342} 
Mon Dec 08 07:09:07 EST 2014 , 4 , 2 , 2 , 454296 : { BUY 7982.45@0.80470892} 454293 : { BUY 7982.45@0.80470892} 454290 : { SELL 16931.39@0.8079342} 454288 : { SELL 16930.82@0.8079342} 
Mon Dec 08 07:12:08 EST 2014 , 4 , 2 , 2 , 454296 : { BUY 7982.45@0.80470892} 454293 : { BUY 7982.45@0.80470892} 454290 : { SELL 16931.39@0.8079342} 454288 : { SELL 16930.82@0.8079342} 
Mon Dec 08 07:15:09 EST 2014 , 4 , 2 , 2 , 454296 : { BUY 7982.45@0.80470892} 454293 : { BUY 7982.45@0.80470892} 454290 : { SELL 16931.39@0.8079342} 454288 : { SELL 16930.82@0.8079342} 
Mon Dec 08 07:18:10 EST 2014 , 4 , 2 , 2 , 454296 : { BUY 7982.45@0.80470892} 454293 : { BUY 7982.45@0.80470892} 454290 : { SELL 16931.39@0.8079342} 454288 : { SELL 16930.82@0.8079342} 
Mon Dec 08 07:21:11 EST 2014 , 4 , 2 , 2 , 454296 : { BUY 7982.45@0.80470892} 454293 : { BUY 7982.45@0.80470892} 454290 : { SELL 16931.39@0.8079342} 454288 : { SELL 16930.82@0.8079342} 
Mon Dec 08 07:24:12 EST 2014 , 4 , 2 , 2 , 454296 : { BUY 7982.45@0.80470892} 454293 : { BUY 7982.45@0.80470892} 454290 : { SELL 16931.39@0.8079342} 454288 : { SELL 16930.82@0.8079342} 
Mon Dec 08 07:27:13 EST 2014 , 4 , 2 , 2 , 454296 : { BUY 7982.45@0.80470892} 454293 : { BUY 7982.45@0.80470892} 454290 : { SELL 16931.39@0.8079342} 454288 : { SELL 16930.82@0.8079342} 
Mon Dec 08 07:30:14 EST 2014 , 4 , 2 , 2 , 454296 : { BUY 7982.45@0.80470892} 454293 : { BUY 7982.45@0.80470892} 454290 : { SELL 16931.39@0.8079342} 454288 : { SELL 16930.82@0.8079342} 
Mon Dec 08 07:33:15 EST 2014 , 4 , 2 , 2 , 454296 : { BUY 7982.45@0.80470892} 454293 : { BUY 7982.45@0.80470892} 454290 : { SELL 16931.39@0.8079342} 454288 : { SELL 16930.82@0.8079342} 
Mon Dec 08 07:36:16 EST 2014 , 4 , 2 , 2 , 454296 : { BUY 7982.45@0.80470892} 454293 : { BUY 7982.45@0.80470892} 454290 : { SELL 16931.39@0.8079342} 454288 : { SELL 16930.82@0.8079342} 
Mon Dec 08 07:39:17 EST 2014 , 4 , 2 , 2 , 454296 : { BUY 7982.45@0.80470892} 454293 : { BUY 7982.45@0.80470892} 454290 : { SELL 16931.39@0.8079342} 454288 : { SELL 16930.82@0.8079342} 
Mon Dec 08 07:42:18 EST 2014 , 4 , 2 , 2 , 454296 : { BUY 7982.45@0.80470892} 454293 : { BUY 7982.45@0.80470892} 454290 : { SELL 16931.39@0.8079342} 454288 : { SELL 16930.82@0.8079342} 
Mon Dec 08 07:45:19 EST 2014 , 4 , 2 , 2 , 454296 : { BUY 7982.45@0.80470892} 454293 : { BUY 7982.45@0.80470892} 454290 : { SELL 16931.39@0.8079342} 454288 : { SELL 16930.82@0.8079342} 
Mon Dec 08 07:48:20 EST 2014 , 4 , 2 , 2 , 454296 : { BUY 7982.45@0.80470892} 454293 : { BUY 7982.45@0.80470892} 454290 : { SELL 16931.39@0.8079342} 454288 : { SELL 16930.82@0.8079342} 
Mon Dec 08 07:51:21 EST 2014 , 4 , 2 , 2 , 454296 : { BUY 7982.45@0.80470892} 454293 : { BUY 7982.45@0.80470892} 454290 : { SELL 16931.39@0.8079342} 454288 : { SELL 16930.82@0.8079342} 
Mon Dec 08 07:54:22 EST 2014 , 4 , 2 , 2 , 454296 : { BUY 7982.45@0.80470892} 454293 : { BUY 7982.45@0.80470892} 454290 : { SELL 16931.39@0.8079342} 454288 : { SELL 16930.82@0.8079342} 
Mon Dec 08 07:57:23 EST 2014 , 4 , 2 , 2 , 454296 : { BUY 7982.45@0.80470892} 454293 : { BUY 7982.45@0.80470892} 454290 : { SELL 16931.39@0.8079342} 454288 : { SELL 16930.82@0.8079342} 
Mon Dec 08 08:00:24 EST 2014 , 4 , 2 , 2 , 454296 : { BUY 7982.45@0.80470892} 454293 : { BUY 7982.45@0.80470892} 454290 : { SELL 16931.39@0.8079342} 454288 : { SELL 16930.82@0.8079342} 
Mon Dec 08 08:03:25 EST 2014 , 4 , 2 , 2 , 454296 : { BUY 7982.45@0.80470892} 454293 : { BUY 7982.45@0.80470892} 454290 : { SELL 16931.39@0.8079342} 454288 : { SELL 16930.82@0.8079342} 
Mon Dec 08 08:06:26 EST 2014 , 4 , 2 , 2 , 454296 : { BUY 7982.45@0.80470892} 454293 : { BUY 7982.45@0.80470892} 454290 : { SELL 16931.39@0.8079342} 454288 : { SELL 16930.82@0.8079342} 
Mon Dec 08 08:09:27 EST 2014 , 4 , 2 , 2 , 454296 : { BUY 7982.45@0.80470892} 454293 : { BUY 7982.45@0.80470892} 454290 : { SELL 16931.39@0.8079342} 454288 : { SELL 16930.82@0.8079342} 
Mon Dec 08 08:12:28 EST 2014 , 4 , 2 , 2 , 454296 : { BUY 7982.45@0.80470892} 454293 : { BUY 7982.45@0.80470892} 454290 : { SELL 16931.39@0.8079342} 454288 : { SELL 16930.82@0.8079342} 
Mon Dec 08 08:15:29 EST 2014 , 4 , 2 , 2 , 454296 : { BUY 7982.45@0.80470892} 454293 : { BUY 7982.45@0.80470892} 454290 : { SELL 16931.39@0.8079342} 454288 : { SELL 16930.82@0.8079342} 
Mon Dec 08 08:18:30 EST 2014 , 4 , 2 , 2 , 454296 : { BUY 7982.45@0.80470892} 454293 : { BUY 7982.45@0.80470892} 454290 : { SELL 16931.39@0.8079342} 454288 : { SELL 16930.82@0.8079342} 
Mon Dec 08 08:21:31 EST 2014 , 4 , 2 , 2 , 454296 : { BUY 7982.45@0.80470892} 454293 : { BUY 7982.45@0.80470892} 454290 : { SELL 16931.39@0.8079342} 454288 : { SELL 16930.82@0.8079342} 
Mon Dec 08 08:24:32 EST 2014 , 4 , 2 , 2 , 454296 : { BUY 7982.45@0.80470892} 454293 : { BUY 7982.45@0.80470892} 454290 : { SELL 16931.39@0.8079342} 454288 : { SELL 16930.82@0.8079342} 
Mon Dec 08 08:27:33 EST 2014 , 4 , 2 , 2 , 454296 : { BUY 7982.45@0.80470892} 454293 : { BUY 7982.45@0.80470892} 454290 : { SELL 16931.39@0.8079342} 454288 : { SELL 16930.82@0.8079342} 
Mon Dec 08 08:30:34 EST 2014 , 4 , 2 , 2 , 454296 : { BUY 7982.45@0.80470892} 454293 : { BUY 7982.45@0.80470892} 454290 : { SELL 16931.39@0.8079342} 454288 : { SELL 16930.82@0.8079342} 
Mon Dec 08 08:33:35 EST 2014 , 4 , 2 , 2 , 454296 : { BUY 7982.45@0.80470892} 454293 : { BUY 7982.45@0.80470892} 454290 : { SELL 16931.39@0.8079342} 454288 : { SELL 16930.82@0.8079342} 
Mon Dec 08 08:36:36 EST 2014 , 4 , 2 , 2 , 454296 : { BUY 7982.45@0.80470892} 454293 : { BUY 7982.45@0.80470892} 454290 : { SELL 16931.39@0.8079342} 454288 : { SELL 16930.82@0.8079342} 
Mon Dec 08 08:39:37 EST 2014 , 4 , 2 , 2 , 454296 : { BUY 7982.45@0.80470892} 454293 : { BUY 7982.45@0.80470892} 454290 : { SELL 16931.39@0.8079342} 454288 : { SELL 16930.82@0.8079342} 
Mon Dec 08 08:42:38 EST 2014 , 4 , 2 , 2 , 454296 : { BUY 7982.45@0.80470892} 454293 : { BUY 7982.45@0.80470892} 454290 : { SELL 16931.39@0.8079342} 454288 : { SELL 16930.82@0.8079342} 
Mon Dec 08 08:45:39 EST 2014 , 4 , 2 , 2 , 454296 : { BUY 7982.45@0.80470892} 454293 : { BUY 7982.45@0.80470892} 454290 : { SELL 16931.39@0.8079342} 454288 : { SELL 16930.82@0.8079342} 
Mon Dec 08 08:48:40 EST 2014 , 4 , 2 , 2 , 454296 : { BUY 7982.45@0.80470892} 454293 : { BUY 7982.45@0.80470892} 454290 : { SELL 16931.39@0.8079342} 454288 : { SELL 16930.82@0.8079342} 
Mon Dec 08 08:51:41 EST 2014 , 4 , 2 , 2 , 454296 : { BUY 7982.45@0.80470892} 454293 : { BUY 7982.45@0.80470892} 454290 : { SELL 16931.39@0.8079342} 454288 : { SELL 16930.82@0.8079342} 
Mon Dec 08 08:54:42 EST 2014 , 4 , 2 , 2 , 454296 : { BUY 7982.45@0.80470892} 454293 : { BUY 7982.45@0.80470892} 454290 : { SELL 16931.39@0.8079342} 454288 : { SELL 16930.82@0.8079342} 
Mon Dec 08 08:57:43 EST 2014 , 4 , 2 , 2 , 454296 : { BUY 7982.45@0.80470892} 454293 : { BUY 7982.45@0.80470892} 454290 : { SELL 16931.39@0.8079342} 454288 : { SELL 16930.82@0.8079342} 
Mon Dec 08 09:00:44 EST 2014 , 4 , 2 , 2 , 454296 : { BUY 7982.45@0.80470892} 454293 : { BUY 7982.45@0.80470892} 454290 : { SELL 16931.39@0.8079342} 454288 : { SELL 16930.82@0.8079342} 
Mon Dec 08 09:03:45 EST 2014 , 4 , 2 , 2 , 454296 : { BUY 7982.45@0.80470892} 454293 : { BUY 7982.45@0.80470892} 454290 : { SELL 16931.39@0.8079342} 454288 : { SELL 16930.82@0.8079342} 
Mon Dec 08 09:06:46 EST 2014 , 4 , 2 , 2 , 454296 : { BUY 7982.45@0.80470892} 454293 : { BUY 7982.45@0.80470892} 454290 : { SELL 16931.39@0.8079342} 454288 : { SELL 16930.82@0.8079342} 
Mon Dec 08 09:09:47 EST 2014 , 4 , 2 , 2 , 454296 : { BUY 7982.45@0.80470892} 454293 : { BUY 7982.45@0.80470892} 454290 : { SELL 16931.39@0.8079342} 454288 : { SELL 16930.82@0.8079342} 
Mon Dec 08 09:12:48 EST 2014 , 4 , 2 , 2 , 454296 : { BUY 7982.45@0.80470892} 454293 : { BUY 7982.45@0.80470892} 454290 : { SELL 16931.39@0.8079342} 454288 : { SELL 16930.82@0.8079342} 
Mon Dec 08 09:15:49 EST 2014 , 4 , 2 , 2 , 454296 : { BUY 7982.45@0.80470892} 454293 : { BUY 7982.45@0.80470892} 454290 : { SELL 16931.39@0.8079342} 454288 : { SELL 16930.82@0.8079342} 
Mon Dec 08 09:18:50 EST 2014 , 4 , 2 , 2 , 454296 : { BUY 7982.45@0.80470892} 454293 : { BUY 7982.45@0.80470892} 454290 : { SELL 16931.39@0.8079342} 454288 : { SELL 16930.82@0.8079342} 
Mon Dec 08 09:21:51 EST 2014 , 4 , 2 , 2 , 454296 : { BUY 7982.45@0.80470892} 454293 : { BUY 7982.45@0.80470892} 454290 : { SELL 16931.39@0.8079342} 454288 : { SELL 16930.82@0.8079342} 
Mon Dec 08 09:24:52 EST 2014 , 4 , 2 , 2 , 454296 : { BUY 7982.45@0.80470892} 454293 : { BUY 7982.45@0.80470892} 454290 : { SELL 16931.39@0.8079342} 454288 : { SELL 16930.82@0.8079342} 
Mon Dec 08 09:27:53 EST 2014 , 4 , 2 , 2 , 454296 : { BUY 7982.45@0.80470892} 454293 : { BUY 7982.45@0.80470892} 454290 : { SELL 16931.39@0.8079342} 454288 : { SELL 16930.82@0.8079342} 
Mon Dec 08 09:30:54 EST 2014 , 4 , 2 , 2 , 454296 : { BUY 7982.45@0.80470892} 454293 : { BUY 7982.45@0.80470892} 454290 : { SELL 16931.39@0.8079342} 454288 : { SELL 16930.82@0.8079342} 
Mon Dec 08 09:33:55 EST 2014 , 4 , 2 , 2 , 454296 : { BUY 7982.45@0.80470892} 454293 : { BUY 7982.45@0.80470892} 454290 : { SELL 16931.39@0.8079342} 454288 : { SELL 16930.82@0.8079342} 
Mon Dec 08 09:36:56 EST 2014 , 4 , 2 , 2 , 454296 : { BUY 7982.45@0.80470892} 454293 : { BUY 7982.45@0.80470892} 454290 : { SELL 16931.39@0.8079342} 454288 : { SELL 16930.82@0.8079342} 
Mon Dec 08 09:39:57 EST 2014 , 4 , 2 , 2 , 454296 : { BUY 7982.45@0.80470892} 454293 : { BUY 7982.45@0.80470892} 454290 : { SELL 16931.39@0.8079342} 454288 : { SELL 16930.82@0.8079342} 
Mon Dec 08 09:42:58 EST 2014 , 4 , 2 , 2 , 454296 : { BUY 7982.45@0.80470892} 454293 : { BUY 7982.45@0.80470892} 454290 : { SELL 16931.39@0.8079342} 454288 : { SELL 16930.82@0.8079342} 
Mon Dec 08 09:45:59 EST 2014 , 4 , 2 , 2 , 454296 : { BUY 7982.45@0.80470892} 454293 : { BUY 7982.45@0.80470892} 454290 : { SELL 16931.39@0.8079342} 454288 : { SELL 16930.82@0.8079342} 
Mon Dec 08 09:49:00 EST 2014 , 4 , 2 , 2 , 454296 : { BUY 7982.45@0.80470892} 454293 : { BUY 7982.45@0.80470892} 454290 : { SELL 16931.39@0.8079342} 454288 : { SELL 16930.82@0.8079342} 
Mon Dec 08 09:52:01 EST 2014 , 4 , 2 , 2 , 454296 : { BUY 7982.45@0.80470892} 454293 : { BUY 7982.45@0.80470892} 454290 : { SELL 16931.39@0.8079342} 454288 : { SELL 16930.82@0.8079342} 
Mon Dec 08 09:55:02 EST 2014 , 4 , 2 , 2 , 454296 : { BUY 7982.45@0.80470892} 454293 : { BUY 7982.45@0.80470892} 454290 : { SELL 16931.39@0.8079342} 454288 : { SELL 16930.82@0.8079342} 
Mon Dec 08 09:58:03 EST 2014 , 4 , 2 , 2 , 454296 : { BUY 7982.45@0.80470892} 454293 : { BUY 7982.45@0.80470892} 454290 : { SELL 16931.39@0.8079342} 454288 : { SELL 16930.82@0.8079342} 
Mon Dec 08 10:01:04 EST 2014 , 4 , 2 , 2 , 454296 : { BUY 7982.45@0.80470892} 454293 : { BUY 7982.45@0.80470892} 454290 : { SELL 16931.39@0.8079342} 454288 : { SELL 16930.82@0.8079342} 
Mon Dec 08 10:04:05 EST 2014 , 4 , 2 , 2 , 454296 : { BUY 7982.45@0.80470892} 454293 : { BUY 7982.45@0.80470892} 454290 : { SELL 16931.39@0.8079342} 454288 : { SELL 16930.82@0.8079342} 
Mon Dec 08 10:07:06 EST 2014 , 4 , 2 , 2 , 454296 : { BUY 7982.45@0.80470892} 454293 : { BUY 7982.45@0.80470892} 454290 : { SELL 16931.39@0.8079342} 454288 : { SELL 16930.82@0.8079342} 
Mon Dec 08 10:10:07 EST 2014 , 4 , 2 , 2 , 454296 : { BUY 7982.45@0.80470892} 454293 : { BUY 7982.45@0.80470892} 454290 : { SELL 16931.39@0.8079342} 454288 : { SELL 16930.82@0.8079342} 
Mon Dec 08 10:13:08 EST 2014 , 4 , 2 , 2 , 454296 : { BUY 7982.45@0.80470892} 454293 : { BUY 7982.45@0.80470892} 454290 : { SELL 16931.39@0.8079342} 454288 : { SELL 16930.82@0.8079342} 
Mon Dec 08 10:16:09 EST 2014 , 4 , 2 , 2 , 454296 : { BUY 7982.45@0.80470892} 454293 : { BUY 7982.45@0.80470892} 454290 : { SELL 16931.39@0.8079342} 454288 : { SELL 16930.82@0.8079342} 
Mon Dec 08 10:19:10 EST 2014 , 4 , 2 , 2 , 454296 : { BUY 7982.45@0.80470892} 454293 : { BUY 7982.45@0.80470892} 454290 : { SELL 16931.39@0.8079342} 454288 : { SELL 16930.82@0.8079342} 
Mon Dec 08 10:22:11 EST 2014 , 4 , 2 , 2 , 454296 : { BUY 7982.45@0.80470892} 454293 : { BUY 7982.45@0.80470892} 454290 : { SELL 16931.39@0.8079342} 454288 : { SELL 16930.82@0.8079342} 
Mon Dec 08 10:25:12 EST 2014 , 4 , 2 , 2 , 454296 : { BUY 7982.45@0.80470892} 454293 : { BUY 7982.45@0.80470892} 454290 : { SELL 16931.39@0.8079342} 454288 : { SELL 16930.82@0.8079342} 
Mon Dec 08 10:28:13 EST 2014 , 4 , 2 , 2 , 454296 : { BUY 7982.45@0.80470892} 454293 : { BUY 7982.45@0.80470892} 454290 : { SELL 16931.39@0.8079342} 454288 : { SELL 16930.82@0.8079342} 
Mon Dec 08 10:31:14 EST 2014 , 4 , 2 , 2 , 454296 : { BUY 7982.45@0.80470892} 454293 : { BUY 7982.45@0.80470892} 454290 : { SELL 16931.39@0.8079342} 454288 : { SELL 16930.82@0.8079342} 
Mon Dec 08 10:34:15 EST 2014 , 4 , 2 , 2 , 454296 : { BUY 7982.45@0.80470892} 454293 : { BUY 7982.45@0.80470892} 454290 : { SELL 16931.39@0.8079342} 454288 : { SELL 16930.82@0.8079342} 
Mon Dec 08 10:37:16 EST 2014 , 4 , 2 , 2 , 454296 : { BUY 7982.45@0.80470892} 454293 : { BUY 7982.45@0.80470892} 454290 : { SELL 16931.39@0.8079342} 454288 : { SELL 16930.82@0.8079342} 
Mon Dec 08 10:40:17 EST 2014 , 4 , 2 , 2 , 454296 : { BUY 7982.45@0.80470892} 454293 : { BUY 7982.45@0.80470892} 454290 : { SELL 16931.39@0.8079342} 454288 : { SELL 16930.82@0.8079342} 
Mon Dec 08 10:43:18 EST 2014 , 4 , 2 , 2 , 454296 : { BUY 7982.45@0.80470892} 454293 : { BUY 7982.45@0.80470892} 454290 : { SELL 16931.39@0.8079342} 454288 : { SELL 16930.82@0.8079342} 
Mon Dec 08 10:46:19 EST 2014 , 4 , 2 , 2 , 454296 : { BUY 7982.45@0.80470892} 454293 : { BUY 7982.45@0.80470892} 454290 : { SELL 16931.39@0.8079342} 454288 : { SELL 16930.82@0.8079342} 
Mon Dec 08 10:49:20 EST 2014 , 4 , 2 , 2 , 454296 : { BUY 7982.45@0.80470892} 454293 : { BUY 7982.45@0.80470892} 454290 : { SELL 16931.39@0.8079342} 454288 : { SELL 16930.82@0.8079342} 
Mon Dec 08 10:52:21 EST 2014 , 4 , 2 , 2 , 454296 : { BUY 7982.45@0.80470892} 454293 : { BUY 7982.45@0.80470892} 454290 : { SELL 16931.39@0.8079342} 454288 : { SELL 16930.82@0.8079342} 
Mon Dec 08 10:55:22 EST 2014 , 4 , 2 , 2 , 454296 : { BUY 7982.45@0.80470892} 454293 : { BUY 7982.45@0.80470892} 454290 : { SELL 16931.39@0.8079342} 454288 : { SELL 16930.82@0.8079342} 
Mon Dec 08 10:58:23 EST 2014 , 4 , 2 , 2 , 454296 : { BUY 7982.45@0.80470892} 454293 : { BUY 7982.45@0.80470892} 454290 : { SELL 16931.39@0.8079342} 454288 : { SELL 16930.82@0.8079342} 
Mon Dec 08 11:01:24 EST 2014 , 4 , 2 , 2 , 454296 : { BUY 7982.45@0.80470892} 454293 : { BUY 7982.45@0.80470892} 454290 : { SELL 16931.39@0.8079342} 454288 : { SELL 16930.82@0.8079342} 
Mon Dec 08 11:04:25 EST 2014 , 4 , 2 , 2 , 454296 : { BUY 7982.45@0.80470892} 454293 : { BUY 7982.45@0.80470892} 454290 : { SELL 16931.39@0.8079342} 454288 : { SELL 16930.82@0.8079342} 
Mon Dec 08 11:07:26 EST 2014 , 4 , 2 , 2 , 454296 : { BUY 7982.45@0.80470892} 454293 : { BUY 7982.45@0.80470892} 454290 : { SELL 16931.39@0.8079342} 454288 : { SELL 16930.82@0.8079342} 
Mon Dec 08 11:10:27 EST 2014 , 4 , 2 , 2 , 454296 : { BUY 7982.45@0.80470892} 454293 : { BUY 7982.45@0.80470892} 454290 : { SELL 16931.39@0.8079342} 454288 : { SELL 16930.82@0.8079342} 
Mon Dec 08 11:13:28 EST 2014 , 4 , 2 , 2 , 454296 : { BUY 7982.45@0.80470892} 454293 : { BUY 7982.45@0.80470892} 454290 : { SELL 16931.39@0.8079342} 454288 : { SELL 16930.82@0.8079342} 
Mon Dec 08 11:16:29 EST 2014 , 4 , 2 , 2 , 454296 : { BUY 7982.45@0.80470892} 454293 : { BUY 7982.45@0.80470892} 454290 : { SELL 16931.39@0.8079342} 454288 : { SELL 16930.82@0.8079342} 
Mon Dec 08 11:19:30 EST 2014 , 4 , 2 , 2 , 454296 : { BUY 7982.45@0.80470892} 454293 : { BUY 7982.45@0.80470892} 454290 : { SELL 16931.39@0.8079342} 454288 : { SELL 16930.82@0.8079342} 
Mon Dec 08 11:22:31 EST 2014 , 4 , 2 , 2 , 454296 : { BUY 7982.45@0.80470892} 454293 : { BUY 7982.45@0.80470892} 454290 : { SELL 16931.39@0.8079342} 454288 : { SELL 16930.82@0.8079342} 
Mon Dec 08 11:25:32 EST 2014 , 4 , 2 , 2 , 454296 : { BUY 7982.45@0.80470892} 454293 : { BUY 7982.45@0.80470892} 454290 : { SELL 16931.39@0.8079342} 454288 : { SELL 16930.82@0.8079342} 
Mon Dec 08 11:28:33 EST 2014 , 4 , 2 , 2 , 454296 : { BUY 7982.45@0.80470892} 454293 : { BUY 7982.45@0.80470892} 454290 : { SELL 16931.39@0.8079342} 454288 : { SELL 16930.82@0.8079342} 
Mon Dec 08 11:31:34 EST 2014 , 4 , 2 , 2 , 454296 : { BUY 7982.45@0.80470892} 454293 : { BUY 7982.45@0.80470892} 454290 : { SELL 16931.39@0.8079342} 454288 : { SELL 16930.82@0.8079342} 
Mon Dec 08 11:34:35 EST 2014 , 4 , 2 , 2 , 454296 : { BUY 7982.45@0.80470892} 454293 : { BUY 7982.45@0.80470892} 454290 : { SELL 16931.39@0.8079342} 454288 : { SELL 16930.82@0.8079342} 
Mon Dec 08 11:37:36 EST 2014 , 4 , 2 , 2 , 454296 : { BUY 7982.45@0.80470892} 454293 : { BUY 7982.45@0.80470892} 454290 : { SELL 16931.39@0.8079342} 454288 : { SELL 16930.82@0.8079342} 
Mon Dec 08 11:40:37 EST 2014 , 4 , 2 , 2 , 454296 : { BUY 7982.45@0.80470892} 454293 : { BUY 7982.45@0.80470892} 454290 : { SELL 16931.39@0.8079342} 454288 : { SELL 16930.82@0.8079342} 
Mon Dec 08 11:43:38 EST 2014 , 4 , 2 , 2 , 454296 : { BUY 7982.45@0.80470892} 454293 : { BUY 7982.45@0.80470892} 454290 : { SELL 16931.39@0.8079342} 454288 : { SELL 16930.82@0.8079342} 
Mon Dec 08 11:46:39 EST 2014 , 4 , 2 , 2 , 454296 : { BUY 7982.45@0.80470892} 454293 : { BUY 7982.45@0.80470892} 454290 : { SELL 16931.39@0.8079342} 454288 : { SELL 16930.82@0.8079342} 
Mon Dec 08 11:49:40 EST 2014 , 4 , 2 , 2 , 454296 : { BUY 7982.45@0.80470892} 454293 : { BUY 7982.45@0.80470892} 454290 : { SELL 16931.39@0.8079342} 454288 : { SELL 16930.82@0.8079342} 
Mon Dec 08 11:52:41 EST 2014 , 4 , 2 , 2 , 454296 : { BUY 7982.45@0.80470892} 454293 : { BUY 7982.45@0.80470892} 454290 : { SELL 16931.39@0.8079342} 454288 : { SELL 16930.82@0.8079342} 
Mon Dec 08 11:55:42 EST 2014 , 4 , 2 , 2 , 454296 : { BUY 7982.45@0.80470892} 454293 : { BUY 7982.45@0.80470892} 454290 : { SELL 16931.39@0.8079342} 454288 : { SELL 16930.82@0.8079342} 
Mon Dec 08 11:58:43 EST 2014 , 4 , 2 , 2 , 454296 : { BUY 7982.45@0.80470892} 454293 : { BUY 7982.45@0.80470892} 454290 : { SELL 16931.39@0.8079342} 454288 : { SELL 16930.82@0.8079342} 
Mon Dec 08 12:01:44 EST 2014 , 4 , 2 , 2 , 454296 : { BUY 7982.45@0.80470892} 454293 : { BUY 7982.45@0.80470892} 454290 : { SELL 16931.39@0.8079342} 454288 : { SELL 16930.82@0.8079342} 
Mon Dec 08 12:04:45 EST 2014 , 4 , 2 , 2 , 454296 : { BUY 7982.45@0.80470892} 454293 : { BUY 7982.45@0.80470892} 454290 : { SELL 16931.39@0.8079342} 454288 : { SELL 16930.82@0.8079342} 
Mon Dec 08 12:07:46 EST 2014 , 4 , 2 , 2 , 454296 : { BUY 7982.45@0.80470892} 454293 : { BUY 7982.45@0.80470892} 454290 : { SELL 16931.39@0.8079342} 454288 : { SELL 16930.82@0.8079342} 
Mon Dec 08 12:10:47 EST 2014 , 4 , 2 , 2 , 454296 : { BUY 7982.45@0.80470892} 454293 : { BUY 7982.45@0.80470892} 454290 : { SELL 16931.39@0.8079342} 454288 : { SELL 16930.82@0.8079342} 
Mon Dec 08 12:13:48 EST 2014 , 4 , 2 , 2 , 454296 : { BUY 7982.45@0.80470892} 454293 : { BUY 7982.45@0.80470892} 454290 : { SELL 16931.39@0.8079342} 454288 : { SELL 16930.82@0.8079342} 
Mon Dec 08 12:16:49 EST 2014 , 4 , 2 , 2 , 454296 : { BUY 7982.45@0.80470892} 454293 : { BUY 7982.45@0.80470892} 454290 : { SELL 16931.39@0.8079342} 454288 : { SELL 16930.82@0.8079342} 
Mon Dec 08 12:19:50 EST 2014 , 4 , 2 , 2 , 454296 : { BUY 7982.45@0.80470892} 454293 : { BUY 7982.45@0.80470892} 454290 : { SELL 16931.39@0.8079342} 454288 : { SELL 16930.82@0.8079342} 
Mon Dec 08 12:22:51 EST 2014 , 4 , 2 , 2 , 454296 : { BUY 7982.45@0.80470892} 454293 : { BUY 7982.45@0.80470892} 454290 : { SELL 16931.39@0.8079342} 454288 : { SELL 16930.82@0.8079342} 
Mon Dec 08 12:25:52 EST 2014 , 4 , 2 , 2 , 454296 : { BUY 7982.45@0.80470892} 454293 : { BUY 7982.45@0.80470892} 454290 : { SELL 16931.39@0.8079342} 454288 : { SELL 16930.82@0.8079342} 
Mon Dec 08 12:28:53 EST 2014 , 4 , 2 , 2 , 454296 : { BUY 7982.45@0.80470892} 454293 : { BUY 7982.45@0.80470892} 454290 : { SELL 16931.39@0.8079342} 454288 : { SELL 16930.82@0.8079342} 
Mon Dec 08 12:31:54 EST 2014 , 4 , 2 , 2 , 454296 : { BUY 7982.45@0.80470892} 454293 : { BUY 7982.45@0.80470892} 454290 : { SELL 16931.39@0.8079342} 454288 : { SELL 16930.82@0.8079342} 
Mon Dec 08 12:34:55 EST 2014 , 4 , 2 , 2 , 454296 : { BUY 7982.45@0.80470892} 454293 : { BUY 7982.45@0.80470892} 454290 : { SELL 16931.39@0.8079342} 454288 : { SELL 16930.82@0.8079342} 
Mon Dec 08 12:37:56 EST 2014 , 4 , 2 , 2 , 454296 : { BUY 7982.45@0.80470892} 454293 : { BUY 7982.45@0.80470892} 454290 : { SELL 16931.39@0.8079342} 454288 : { SELL 16930.82@0.8079342} 
Mon Dec 08 12:40:57 EST 2014 , 4 , 2 , 2 , 454296 : { BUY 7982.45@0.80470892} 454293 : { BUY 7982.45@0.80470892} 454290 : { SELL 16931.39@0.8079342} 454288 : { SELL 16930.82@0.8079342} 
Mon Dec 08 12:43:58 EST 2014 , 4 , 2 , 2 , 454296 : { BUY 7982.45@0.80470892} 454293 : { BUY 7982.45@0.80470892} 454290 : { SELL 16931.39@0.8079342} 454288 : { SELL 16930.82@0.8079342} 
Mon Dec 08 12:46:59 EST 2014 , 4 , 2 , 2 , 454296 : { BUY 7982.45@0.80470892} 454293 : { BUY 7982.45@0.80470892} 454290 : { SELL 16931.39@0.8079342} 454288 : { SELL 16930.82@0.8079342} 
Mon Dec 08 12:50:00 EST 2014 , 4 , 2 , 2 , 454296 : { BUY 7982.45@0.80470892} 454293 : { BUY 7982.45@0.80470892} 454290 : { SELL 16931.39@0.8079342} 454288 : { SELL 16930.82@0.8079342} 
Mon Dec 08 12:53:01 EST 2014 , 4 , 2 , 2 , 454296 : { BUY 7982.45@0.80470892} 454293 : { BUY 7982.45@0.80470892} 454290 : { SELL 16931.39@0.8079342} 454288 : { SELL 16930.82@0.8079342} 
Mon Dec 08 12:56:02 EST 2014 , 4 , 2 , 2 , 454296 : { BUY 7982.45@0.80470892} 454293 : { BUY 7982.45@0.80470892} 454290 : { SELL 16931.39@0.8079342} 454288 : { SELL 16930.82@0.8079342} 
Mon Dec 08 12:59:03 EST 2014 , 4 , 2 , 2 , 454296 : { BUY 7982.45@0.80470892} 454293 : { BUY 7982.45@0.80470892} 454290 : { SELL 16931.39@0.8079342} 454288 : { SELL 16930.82@0.8079342} 
Mon Dec 08 13:02:04 EST 2014 , 4 , 2 , 2 , 454296 : { BUY 7982.45@0.80470892} 454293 : { BUY 7982.45@0.80470892} 454290 : { SELL 16931.39@0.8079342} 454288 : { SELL 16930.82@0.8079342} 
Mon Dec 08 13:05:05 EST 2014 , 4 , 2 , 2 , 454296 : { BUY 7982.45@0.80470892} 454293 : { BUY 7982.45@0.80470892} 454290 : { SELL 16931.39@0.8079342} 454288 : { SELL 16930.82@0.8079342} 
Mon Dec 08 13:08:06 EST 2014 , 4 , 2 , 2 , 454296 : { BUY 7982.45@0.80470892} 454293 : { BUY 7982.45@0.80470892} 454290 : { SELL 16931.39@0.8079342} 454288 : { SELL 16930.82@0.8079342} 
Mon Dec 08 13:11:07 EST 2014 , 4 , 2 , 2 , 454296 : { BUY 7982.45@0.80470892} 454293 : { BUY 7982.45@0.80470892} 454290 : { SELL 16931.39@0.8079342} 454288 : { SELL 16930.82@0.8079342} 
Mon Dec 08 13:14:08 EST 2014 , 4 , 2 , 2 , 454296 : { BUY 7982.45@0.80470892} 454293 : { BUY 7982.45@0.80470892} 454290 : { SELL 16931.39@0.8079342} 454288 : { SELL 16930.82@0.8079342} 
Mon Dec 08 13:17:09 EST 2014 , 4 , 2 , 2 , 454296 : { BUY 7982.45@0.80470892} 454293 : { BUY 7982.45@0.80470892} 454290 : { SELL 16931.39@0.8079342} 454288 : { SELL 16930.82@0.8079342} 
Mon Dec 08 13:20:10 EST 2014 , 4 , 2 , 2 , 454296 : { BUY 7982.45@0.80470892} 454293 : { BUY 7982.45@0.80470892} 454290 : { SELL 16931.39@0.8079342} 454288 : { SELL 16930.82@0.8079342} 
Mon Dec 08 13:23:11 EST 2014 , 4 , 2 , 2 , 454296 : { BUY 7982.45@0.80470892} 454293 : { BUY 7982.45@0.80470892} 454290 : { SELL 16931.39@0.8079342} 454288 : { SELL 16930.82@0.8079342} 
Mon Dec 08 13:26:12 EST 2014 , 4 , 2 , 2 , 454296 : { BUY 7982.45@0.80470892} 454293 : { BUY 7982.45@0.80470892} 454290 : { SELL 16931.39@0.8079342} 454288 : { SELL 16930.82@0.8079342} 
Mon Dec 08 13:29:13 EST 2014 , 4 , 2 , 2 , 454296 : { BUY 7982.45@0.80470892} 454293 : { BUY 7982.45@0.80470892} 454290 : { SELL 16931.39@0.8079342} 454288 : { SELL 16930.82@0.8079342} 
Mon Dec 08 13:32:14 EST 2014 , 4 , 2 , 2 , 454296 : { BUY 7982.45@0.80470892} 454293 : { BUY 7982.45@0.80470892} 454290 : { SELL 16931.39@0.8079342} 454288 : { SELL 16930.82@0.8079342} 
Mon Dec 08 13:35:15 EST 2014 , 4 , 2 , 2 , 454296 : { BUY 7982.45@0.80470892} 454293 : { BUY 7982.45@0.80470892} 454290 : { SELL 16931.39@0.8079342} 454288 : { SELL 16930.82@0.8079342} 
Mon Dec 08 13:38:16 EST 2014 , 4 , 2 , 2 , 454296 : { BUY 7982.45@0.80470892} 454293 : { BUY 7982.45@0.80470892} 454290 : { SELL 16931.39@0.8079342} 454288 : { SELL 16930.82@0.8079342} 
Mon Dec 08 13:41:17 EST 2014 , 4 , 2 , 2 , 454296 : { BUY 7982.45@0.80470892} 454293 : { BUY 7982.45@0.80470892} 454290 : { SELL 16931.39@0.8079342} 454288 : { SELL 16930.82@0.8079342} 
Mon Dec 08 13:44:18 EST 2014 , 4 , 2 , 2 , 454296 : { BUY 7982.45@0.80470892} 454293 : { BUY 7982.45@0.80470892} 454290 : { SELL 16931.39@0.8079342} 454288 : { SELL 16930.82@0.8079342} 
Mon Dec 08 13:47:19 EST 2014 , 4 , 2 , 2 , 454296 : { BUY 7982.45@0.80470892} 454293 : { BUY 7982.45@0.80470892} 454290 : { SELL 16931.39@0.8079342} 454288 : { SELL 16930.82@0.8079342} 
Mon Dec 08 13:50:20 EST 2014 , 4 , 2 , 2 , 454296 : { BUY 7982.45@0.80470892} 454293 : { BUY 7982.45@0.80470892} 454290 : { SELL 16931.39@0.8079342} 454288 : { SELL 16930.82@0.8079342} 
Mon Dec 08 13:53:21 EST 2014 , 4 , 2 , 2 , 454296 : { BUY 7982.45@0.80470892} 454293 : { BUY 7982.45@0.80470892} 454290 : { SELL 16931.39@0.8079342} 454288 : { SELL 16930.82@0.8079342} 
Mon Dec 08 13:56:22 EST 2014 , 4 , 2 , 2 , 454296 : { BUY 7982.45@0.80470892} 454293 : { BUY 7982.45@0.80470892} 454290 : { SELL 16931.39@0.8079342} 454288 : { SELL 16930.82@0.8079342} 
Mon Dec 08 13:59:23 EST 2014 , 4 , 2 , 2 , 454296 : { BUY 7982.45@0.80470892} 454293 : { BUY 7982.45@0.80470892} 454290 : { SELL 16931.39@0.8079342} 454288 : { SELL 16930.82@0.8079342} 
Mon Dec 08 14:02:24 EST 2014 , 4 , 2 , 2 , 454296 : { BUY 7982.45@0.80470892} 454293 : { BUY 7982.45@0.80470892} 454290 : { SELL 16931.39@0.8079342} 454288 : { SELL 16930.82@0.8079342} 
Mon Dec 08 14:05:25 EST 2014 , 4 , 2 , 2 , 454296 : { BUY 7982.45@0.80470892} 454293 : { BUY 7982.45@0.80470892} 454290 : { SELL 16931.39@0.8079342} 454288 : { SELL 16930.82@0.8079342} 
Mon Dec 08 14:08:26 EST 2014 , 4 , 2 , 2 , 454296 : { BUY 7982.45@0.80470892} 454293 : { BUY 7982.45@0.80470892} 454290 : { SELL 16931.39@0.8079342} 454288 : { SELL 16930.82@0.8079342} 
Mon Dec 08 14:11:27 EST 2014 , 4 , 2 , 2 , 454296 : { BUY 7982.45@0.80470892} 454293 : { BUY 7982.45@0.80470892} 454290 : { SELL 16931.39@0.8079342} 454288 : { SELL 16930.82@0.8079342} 
Mon Dec 08 14:14:28 EST 2014 , 4 , 2 , 2 , 454296 : { BUY 7982.45@0.80470892} 454293 : { BUY 7982.45@0.80470892} 454290 : { SELL 16931.39@0.8079342} 454288 : { SELL 16930.82@0.8079342} 
Mon Dec 08 14:17:29 EST 2014 , 4 , 2 , 2 , 454296 : { BUY 7982.45@0.80470892} 454293 : { BUY 7982.45@0.80470892} 454290 : { SELL 16931.39@0.8079342} 454288 : { SELL 16930.82@0.8079342} 
Mon Dec 08 14:20:30 EST 2014 , 4 , 2 , 2 , 454296 : { BUY 7982.45@0.80470892} 454293 : { BUY 7982.45@0.80470892} 454290 : { SELL 16931.39@0.8079342} 454288 : { SELL 16930.82@0.8079342} 
Mon Dec 08 14:23:31 EST 2014 , 4 , 2 , 2 , 454296 : { BUY 7982.45@0.80470892} 454293 : { BUY 7982.45@0.80470892} 454290 : { SELL 16931.39@0.8079342} 454288 : { SELL 16930.82@0.8079342} 
Mon Dec 08 14:26:32 EST 2014 , 4 , 2 , 2 , 454296 : { BUY 7982.45@0.80470892} 454293 : { BUY 7982.45@0.80470892} 454290 : { SELL 16931.39@0.8079342} 454288 : { SELL 16930.82@0.8079342} 
Mon Dec 08 14:29:33 EST 2014 , 4 , 2 , 2 , 454296 : { BUY 7982.45@0.80470892} 454293 : { BUY 7982.45@0.80470892} 454290 : { SELL 16931.39@0.8079342} 454288 : { SELL 16930.82@0.8079342} 
Mon Dec 08 14:32:34 EST 2014 , 4 , 2 , 2 , 454296 : { BUY 7982.45@0.80470892} 454293 : { BUY 7982.45@0.80470892} 454290 : { SELL 16931.39@0.8079342} 454288 : { SELL 16930.82@0.8079342} 
Mon Dec 08 14:35:35 EST 2014 , 4 , 2 , 2 , 454296 : { BUY 7982.45@0.80470892} 454293 : { BUY 7982.45@0.80470892} 454290 : { SELL 16931.39@0.8079342} 454288 : { SELL 16930.82@0.8079342} 
Mon Dec 08 14:38:36 EST 2014 , 4 , 2 , 2 , 454296 : { BUY 7982.45@0.80470892} 454293 : { BUY 7982.45@0.80470892} 454290 : { SELL 16931.39@0.8079342} 454288 : { SELL 16930.82@0.8079342} 
Mon Dec 08 14:41:37 EST 2014 , 4 , 2 , 2 , 454296 : { BUY 7982.45@0.80470892} 454293 : { BUY 7982.45@0.80470892} 454290 : { SELL 16931.39@0.8079342} 454288 : { SELL 16930.82@0.8079342} 
Mon Dec 08 14:44:38 EST 2014 , 4 , 2 , 2 , 454296 : { BUY 7982.45@0.80470892} 454293 : { BUY 7982.45@0.80470892} 454290 : { SELL 16931.39@0.8079342} 454288 : { SELL 16930.82@0.8079342} 
Mon Dec 08 14:47:39 EST 2014 , 4 , 2 , 2 , 454296 : { BUY 7982.45@0.80470892} 454293 : { BUY 7982.45@0.80470892} 454290 : { SELL 16931.39@0.8079342} 454288 : { SELL 16930.82@0.8079342} 
Mon Dec 08 14:50:40 EST 2014 , 4 , 2 , 2 , 454296 : { BUY 7982.45@0.80470892} 454293 : { BUY 7982.45@0.80470892} 454290 : { SELL 16931.39@0.8079342} 454288 : { SELL 16930.82@0.8079342} 
Mon Dec 08 14:53:41 EST 2014 , 4 , 2 , 2 , 454296 : { BUY 7982.45@0.80470892} 454293 : { BUY 7982.45@0.80470892} 454290 : { SELL 16931.39@0.8079342} 454288 : { SELL 16930.82@0.8079342} 
Mon Dec 08 14:56:42 EST 2014 , 4 , 2 , 2 , 454296 : { BUY 7982.45@0.80470892} 454293 : { BUY 7982.45@0.80470892} 454290 : { SELL 16931.39@0.8079342} 454288 : { SELL 16930.82@0.8079342} 
Mon Dec 08 14:59:43 EST 2014 , 4 , 2 , 2 , 454296 : { BUY 7982.45@0.80470892} 454293 : { BUY 7982.45@0.80470892} 454290 : { SELL 16931.39@0.8079342} 454288 : { SELL 16930.82@0.8079342} 
Mon Dec 08 15:02:44 EST 2014 , 4 , 2 , 2 , 454296 : { BUY 7982.45@0.80470892} 454293 : { BUY 7982.45@0.80470892} 454290 : { SELL 16931.39@0.8079342} 454288 : { SELL 16930.82@0.8079342} 
Mon Dec 08 15:05:45 EST 2014 , 4 , 2 , 2 , 454296 : { BUY 7982.45@0.80470892} 454293 : { BUY 7982.45@0.80470892} 454290 : { SELL 16931.39@0.8079342} 454288 : { SELL 16930.82@0.8079342} 
Mon Dec 08 15:08:46 EST 2014 , 4 , 2 , 2 , 454296 : { BUY 7982.45@0.80470892} 454293 : { BUY 7982.45@0.80470892} 454290 : { SELL 16931.39@0.8079342} 454288 : { SELL 16930.82@0.8079342} 
Mon Dec 08 15:11:47 EST 2014 , 4 , 2 , 2 , 454296 : { BUY 7982.45@0.80470892} 454293 : { BUY 7982.45@0.80470892} 454290 : { SELL 16931.39@0.8079342} 454288 : { SELL 16930.82@0.8079342} 
Mon Dec 08 15:14:48 EST 2014 , 4 , 2 , 2 , 454296 : { BUY 7982.45@0.80470892} 454293 : { BUY 7982.45@0.80470892} 454290 : { SELL 16931.39@0.8079342} 454288 : { SELL 16930.82@0.8079342} 
Mon Dec 08 15:17:49 EST 2014 , 4 , 2 , 2 , 454296 : { BUY 7982.45@0.80470892} 454293 : { BUY 7982.45@0.80470892} 454290 : { SELL 16931.39@0.8079342} 454288 : { SELL 16930.82@0.8079342} 
Mon Dec 08 15:20:50 EST 2014 , 4 , 2 , 2 , 454296 : { BUY 7982.45@0.80470892} 454293 : { BUY 7982.45@0.80470892} 454290 : { SELL 16931.39@0.8079342} 454288 : { SELL 16930.82@0.8079342} 
Mon Dec 08 15:23:51 EST 2014 , 4 , 2 , 2 , 454296 : { BUY 7982.45@0.80470892} 454293 : { BUY 7982.45@0.80470892} 454290 : { SELL 16931.39@0.8079342} 454288 : { SELL 16930.82@0.8079342} 
Mon Dec 08 15:26:52 EST 2014 , 4 , 2 , 2 , 454296 : { BUY 7982.45@0.80470892} 454293 : { BUY 7982.45@0.80470892} 454290 : { SELL 16931.39@0.8079342} 454288 : { SELL 16930.82@0.8079342} 
Mon Dec 08 15:29:53 EST 2014 , 4 , 2 , 2 , 454296 : { BUY 7982.45@0.80470892} 454293 : { BUY 7982.45@0.80470892} 454290 : { SELL 16931.39@0.8079342} 454288 : { SELL 16930.82@0.8079342} 
Mon Dec 08 15:32:54 EST 2014 , 4 , 2 , 2 , 454296 : { BUY 7982.45@0.80470892} 454293 : { BUY 7982.45@0.80470892} 454290 : { SELL 16931.39@0.8079342} 454288 : { SELL 16930.82@0.8079342} 
Mon Dec 08 15:35:55 EST 2014 , 4 , 2 , 2 , 454296 : { BUY 7982.45@0.80470892} 454293 : { BUY 7982.45@0.80470892} 454290 : { SELL 16931.39@0.8079342} 454288 : { SELL 16930.82@0.8079342} 
Mon Dec 08 15:38:56 EST 2014 , 4 , 2 , 2 , 454296 : { BUY 7982.45@0.80470892} 454293 : { BUY 7982.45@0.80470892} 454290 : { SELL 16931.39@0.8079342} 454288 : { SELL 16930.82@0.8079342} 
Mon Dec 08 15:41:57 EST 2014 , 4 , 2 , 2 , 454296 : { BUY 7982.45@0.80470892} 454293 : { BUY 7982.45@0.80470892} 454290 : { SELL 16931.39@0.8079342} 454288 : { SELL 16930.82@0.8079342} 
Mon Dec 08 15:44:58 EST 2014 , 4 , 2 , 2 , 454296 : { BUY 7982.45@0.80470892} 454293 : { BUY 7982.45@0.80470892} 454290 : { SELL 16931.39@0.8079342} 454288 : { SELL 16930.82@0.8079342} 
Mon Dec 08 15:47:59 EST 2014 , 4 , 2 , 2 , 454296 : { BUY 7982.45@0.80470892} 454293 : { BUY 7982.45@0.80470892} 454290 : { SELL 16931.39@0.8079342} 454288 : { SELL 16930.82@0.8079342} 
Mon Dec 08 15:51:00 EST 2014 , 4 , 2 , 2 , 454296 : { BUY 7982.45@0.80470892} 454293 : { BUY 7982.45@0.80470892} 454290 : { SELL 16931.39@0.8079342} 454288 : { SELL 16930.82@0.8079342} 
Mon Dec 08 15:54:01 EST 2014 , 4 , 2 , 2 , 454296 : { BUY 7982.45@0.80470892} 454293 : { BUY 7982.45@0.80470892} 454290 : { SELL 16931.39@0.8079342} 454288 : { SELL 16930.82@0.8079342} 
Mon Dec 08 15:57:02 EST 2014 , 4 , 2 , 2 , 454296 : { BUY 7982.45@0.80470892} 454293 : { BUY 7982.45@0.80470892} 454290 : { SELL 16931.39@0.8079342} 454288 : { SELL 16930.82@0.8079342} 
Mon Dec 08 16:00:03 EST 2014 , 4 , 2 , 2 , 454296 : { BUY 7982.45@0.80470892} 454293 : { BUY 7982.45@0.80470892} 454290 : { SELL 16931.39@0.8079342} 454288 : { SELL 16930.82@0.8079342} 
Mon Dec 08 16:03:04 EST 2014 , 4 , 2 , 2 , 454296 : { BUY 7982.45@0.80470892} 454293 : { BUY 7982.45@0.80470892} 454290 : { SELL 16931.39@0.8079342} 454288 : { SELL 16930.82@0.8079342} 
Mon Dec 08 16:06:05 EST 2014 , 4 , 2 , 2 , 454296 : { BUY 7982.45@0.80470892} 454293 : { BUY 7982.45@0.80470892} 454290 : { SELL 16931.39@0.8079342} 454288 : { SELL 16930.82@0.8079342} 
Mon Dec 08 16:09:06 EST 2014 , 4 , 2 , 2 , 454296 : { BUY 7982.45@0.80470892} 454293 : { BUY 7982.45@0.80470892} 454290 : { SELL 16931.39@0.8079342} 454288 : { SELL 16930.82@0.8079342} 
Mon Dec 08 16:12:07 EST 2014 , 4 , 2 , 2 , 454296 : { BUY 7982.45@0.80470892} 454293 : { BUY 7982.45@0.80470892} 454290 : { SELL 16931.39@0.8079342} 454288 : { SELL 16930.82@0.8079342} 
Mon Dec 08 16:15:08 EST 2014 , 4 , 2 , 2 , 454296 : { BUY 7982.45@0.80470892} 454293 : { BUY 7982.45@0.80470892} 454290 : { SELL 16931.39@0.8079342} 454288 : { SELL 16930.82@0.8079342} 
Mon Dec 08 16:18:09 EST 2014 , 4 , 2 , 2 , 454296 : { BUY 7982.45@0.80470892} 454293 : { BUY 7982.45@0.80470892} 454290 : { SELL 16931.39@0.8079342} 454288 : { SELL 16930.82@0.8079342} 
Mon Dec 08 16:21:10 EST 2014 , 4 , 2 , 2 , 454296 : { BUY 7982.45@0.80470892} 454293 : { BUY 7982.45@0.80470892} 454290 : { SELL 16931.39@0.8079342} 454288 : { SELL 16930.82@0.8079342} 
Mon Dec 08 16:24:11 EST 2014 , 4 , 2 , 2 , 454296 : { BUY 7982.45@0.80470892} 454293 : { BUY 7982.45@0.80470892} 454290 : { SELL 16931.39@0.8079342} 454288 : { SELL 16930.82@0.8079342} 
Mon Dec 08 16:27:12 EST 2014 , 4 , 2 , 2 , 454296 : { BUY 7982.45@0.80470892} 454293 : { BUY 7982.45@0.80470892} 454290 : { SELL 16931.39@0.8079342} 454288 : { SELL 16930.82@0.8079342} 
Mon Dec 08 16:30:13 EST 2014 , 4 , 2 , 2 , 454296 : { BUY 7982.45@0.80470892} 454293 : { BUY 7982.45@0.80470892} 454290 : { SELL 16931.39@0.8079342} 454288 : { SELL 16930.82@0.8079342} 
Mon Dec 08 16:33:14 EST 2014 , 4 , 2 , 2 , 454296 : { BUY 7982.45@0.80470892} 454293 : { BUY 7982.45@0.80470892} 454290 : { SELL 16931.39@0.8079342} 454288 : { SELL 16930.82@0.8079342} 
Mon Dec 08 16:36:15 EST 2014 , 4 , 2 , 2 , 454296 : { BUY 7982.45@0.80470892} 454293 : { BUY 7982.45@0.80470892} 454290 : { SELL 16931.39@0.8079342} 454288 : { SELL 16930.82@0.8079342} 
Mon Dec 08 16:39:16 EST 2014 , 4 , 2 , 2 , 454296 : { BUY 7982.45@0.80470892} 454293 : { BUY 7982.45@0.80470892} 454290 : { SELL 16931.39@0.8079342} 454288 : { SELL 16930.82@0.8079342} 
Mon Dec 08 16:42:17 EST 2014 , 4 , 2 , 2 , 454296 : { BUY 7982.45@0.80470892} 454293 : { BUY 7982.45@0.80470892} 454290 : { SELL 16931.39@0.8079342} 454288 : { SELL 16930.82@0.8079342} 
Mon Dec 08 16:45:18 EST 2014 , 4 , 2 , 2 , 454296 : { BUY 7982.45@0.80470892} 454293 : { BUY 7982.45@0.80470892} 454290 : { SELL 16931.39@0.8079342} 454288 : { SELL 16930.82@0.8079342} 
Mon Dec 08 16:48:19 EST 2014 , 4 , 2 , 2 , 454296 : { BUY 7982.45@0.80470892} 454293 : { BUY 7982.45@0.80470892} 454290 : { SELL 16931.39@0.8079342} 454288 : { SELL 16930.82@0.8079342} 
Mon Dec 08 16:51:20 EST 2014 , 4 , 2 , 2 , 454296 : { BUY 7982.45@0.80470892} 454293 : { BUY 7982.45@0.80470892} 454290 : { SELL 16931.39@0.8079342} 454288 : { SELL 16930.82@0.8079342} 
Mon Dec 08 16:54:21 EST 2014 , 4 , 2 , 2 , 454296 : { BUY 7982.45@0.80470892} 454293 : { BUY 7982.45@0.80470892} 454290 : { SELL 16931.39@0.8079342} 454288 : { SELL 16930.82@0.8079342} 
Mon Dec 08 16:57:22 EST 2014 , 4 , 2 , 2 , 454296 : { BUY 7982.45@0.80470892} 454293 : { BUY 7982.45@0.80470892} 454290 : { SELL 16931.39@0.8079342} 454288 : { SELL 16930.82@0.8079342} 
Mon Dec 08 17:00:23 EST 2014 , 4 , 2 , 2 , 454296 : { BUY 7982.45@0.80470892} 454293 : { BUY 7982.45@0.80470892} 454290 : { SELL 16931.39@0.8079342} 454288 : { SELL 16930.82@0.8079342} 
Mon Dec 08 17:03:24 EST 2014 , 4 , 2 , 2 , 454296 : { BUY 7982.45@0.80470892} 454293 : { BUY 7982.45@0.80470892} 454290 : { SELL 16931.39@0.8079342} 454288 : { SELL 16930.82@0.8079342} 
Mon Dec 08 17:06:25 EST 2014 , 4 , 2 , 2 , 454296 : { BUY 7982.45@0.80470892} 454293 : { BUY 7982.45@0.80470892} 454290 : { SELL 16931.39@0.8079342} 454288 : { SELL 16930.82@0.8079342} 
Mon Dec 08 17:09:26 EST 2014 , 4 , 2 , 2 , 454296 : { BUY 7982.45@0.80470892} 454293 : { BUY 7982.45@0.80470892} 454290 : { SELL 16931.39@0.8079342} 454288 : { SELL 16930.82@0.8079342} 
Mon Dec 08 17:12:27 EST 2014 , 4 , 2 , 2 , 454296 : { BUY 7982.45@0.80470892} 454293 : { BUY 7982.45@0.80470892} 454290 : { SELL 16931.39@0.8079342} 454288 : { SELL 16930.82@0.8079342} 
Mon Dec 08 17:15:28 EST 2014 , 4 , 2 , 2 , 454296 : { BUY 7982.45@0.80470892} 454293 : { BUY 7982.45@0.80470892} 454290 : { SELL 16931.39@0.8079342} 454288 : { SELL 16930.82@0.8079342} 
Mon Dec 08 17:18:29 EST 2014 , 4 , 2 , 2 , 454296 : { BUY 7982.45@0.80470892} 454293 : { BUY 7982.45@0.80470892} 454290 : { SELL 16931.39@0.8079342} 454288 : { SELL 16930.82@0.8079342} 
Mon Dec 08 17:21:30 EST 2014 , 4 , 2 , 2 , 454296 : { BUY 7982.45@0.80470892} 454293 : { BUY 7982.45@0.80470892} 454290 : { SELL 16931.39@0.8079342} 454288 : { SELL 16930.82@0.8079342} 
Mon Dec 08 17:24:31 EST 2014 , 4 , 2 , 2 , 454296 : { BUY 7982.45@0.80470892} 454293 : { BUY 7982.45@0.80470892} 454290 : { SELL 16931.39@0.8079342} 454288 : { SELL 16930.82@0.8079342} 
Mon Dec 08 17:27:32 EST 2014 , 4 , 2 , 2 , 454296 : { BUY 7982.45@0.80470892} 454293 : { BUY 7982.45@0.80470892} 454290 : { SELL 16931.39@0.8079342} 454288 : { SELL 16930.82@0.8079342} 
Mon Dec 08 17:30:33 EST 2014 , 4 , 2 , 2 , 454296 : { BUY 7982.45@0.80470892} 454293 : { BUY 7982.45@0.80470892} 454290 : { SELL 16931.39@0.8079342} 454288 : { SELL 16930.82@0.8079342} 
Mon Dec 08 17:33:34 EST 2014 , 4 , 2 , 2 , 454296 : { BUY 7982.45@0.80470892} 454293 : { BUY 7982.45@0.80470892} 454290 : { SELL 16931.39@0.8079342} 454288 : { SELL 16930.82@0.8079342} 
Mon Dec 08 17:36:35 EST 2014 , 4 , 2 , 2 , 454296 : { BUY 7982.45@0.80470892} 454293 : { BUY 7982.45@0.80470892} 454290 : { SELL 16931.39@0.8079342} 454288 : { SELL 16930.82@0.8079342} 
Mon Dec 08 17:39:36 EST 2014 , 4 , 2 , 2 , 454296 : { BUY 7982.45@0.80470892} 454293 : { BUY 7982.45@0.80470892} 454290 : { SELL 16931.39@0.8079342} 454288 : { SELL 16930.82@0.8079342} 
Mon Dec 08 17:42:37 EST 2014 , 4 , 2 , 2 , 454296 : { BUY 7982.45@0.80470892} 454293 : { BUY 7982.45@0.80470892} 454290 : { SELL 16931.39@0.8079342} 454288 : { SELL 16930.82@0.8079342} 
Mon Dec 08 17:45:38 EST 2014 , 4 , 2 , 2 , 454296 : { BUY 7982.45@0.80470892} 454293 : { BUY 7982.45@0.80470892} 454290 : { SELL 16931.39@0.8079342} 454288 : { SELL 16930.82@0.8079342} 
Mon Dec 08 17:48:39 EST 2014 , 4 , 2 , 2 , 454296 : { BUY 7982.45@0.80470892} 454293 : { BUY 7982.45@0.80470892} 454290 : { SELL 16931.39@0.8079342} 454288 : { SELL 16930.82@0.8079342} 
Mon Dec 08 17:51:40 EST 2014 , 4 , 2 , 2 , 454296 : { BUY 7982.45@0.80470892} 454293 : { BUY 7982.45@0.80470892} 454290 : { SELL 16931.39@0.8079342} 454288 : { SELL 16930.82@0.8079342} 
Mon Dec 08 17:54:41 EST 2014 , 4 , 2 , 2 , 454296 : { BUY 7982.45@0.80470892} 454293 : { BUY 7982.45@0.80470892} 454290 : { SELL 16931.39@0.8079342} 454288 : { SELL 16930.82@0.8079342} 
Mon Dec 08 17:57:42 EST 2014 , 4 , 2 , 2 , 454296 : { BUY 7982.45@0.80470892} 454293 : { BUY 7982.45@0.80470892} 454290 : { SELL 16931.39@0.8079342} 454288 : { SELL 16930.82@0.8079342} 
Mon Dec 08 18:00:43 EST 2014 , 4 , 2 , 2 , 454296 : { BUY 7982.45@0.80470892} 454293 : { BUY 7982.45@0.80470892} 454290 : { SELL 16931.39@0.8079342} 454288 : { SELL 16930.82@0.8079342} 
Mon Dec 08 18:03:44 EST 2014 , 4 , 2 , 2 , 454296 : { BUY 7982.45@0.80470892} 454293 : { BUY 7982.45@0.80470892} 454290 : { SELL 16931.39@0.8079342} 454288 : { SELL 16930.82@0.8079342} 
Mon Dec 08 18:06:45 EST 2014 , 4 , 2 , 2 , 454296 : { BUY 7982.45@0.80470892} 454293 : { BUY 7982.45@0.80470892} 454290 : { SELL 16931.39@0.8079342} 454288 : { SELL 16930.82@0.8079342} 
Mon Dec 08 18:09:46 EST 2014 , 4 , 2 , 2 , 454296 : { BUY 7982.45@0.80470892} 454293 : { BUY 7982.45@0.80470892} 454290 : { SELL 16931.39@0.8079342} 454288 : { SELL 16930.82@0.8079342} 
Mon Dec 08 18:12:47 EST 2014 , 4 , 2 , 2 , 454296 : { BUY 7982.45@0.80470892} 454293 : { BUY 7982.45@0.80470892} 454290 : { SELL 16931.39@0.8079342} 454288 : { SELL 16930.82@0.8079342} 
Mon Dec 08 18:15:48 EST 2014 , 4 , 2 , 2 , 454296 : { BUY 7982.45@0.80470892} 454293 : { BUY 7982.45@0.80470892} 454290 : { SELL 16931.39@0.8079342} 454288 : { SELL 16930.82@0.8079342} 
Mon Dec 08 18:18:49 EST 2014 , 4 , 2 , 2 , 454296 : { BUY 7982.45@0.80470892} 454293 : { BUY 7982.45@0.80470892} 454290 : { SELL 16931.39@0.8079342} 454288 : { SELL 16930.82@0.8079342} 
Mon Dec 08 18:21:50 EST 2014 , 4 , 2 , 2 , 454296 : { BUY 7982.45@0.80470892} 454293 : { BUY 7982.45@0.80470892} 454290 : { SELL 16931.39@0.8079342} 454288 : { SELL 16930.82@0.8079342} 
Mon Dec 08 18:24:51 EST 2014 , 4 , 2 , 2 , 454296 : { BUY 7982.45@0.80470892} 454293 : { BUY 7982.45@0.80470892} 454290 : { SELL 16931.39@0.8079342} 454288 : { SELL 16930.82@0.8079342} 
Mon Dec 08 18:27:52 EST 2014 , 4 , 2 , 2 , 454296 : { BUY 7982.45@0.80470892} 454293 : { BUY 7982.45@0.80470892} 454290 : { SELL 16931.39@0.8079342} 454288 : { SELL 16930.82@0.8079342} 
Mon Dec 08 18:30:53 EST 2014 , 4 , 2 , 2 , 454296 : { BUY 7982.45@0.80470892} 454293 : { BUY 7982.45@0.80470892} 454290 : { SELL 16931.39@0.8079342} 454288 : { SELL 16930.82@0.8079342} 
Mon Dec 08 18:33:54 EST 2014 , 4 , 2 , 2 , 454296 : { BUY 7982.45@0.80470892} 454293 : { BUY 7982.45@0.80470892} 454290 : { SELL 16931.39@0.8079342} 454288 : { SELL 16930.82@0.8079342} 
Mon Dec 08 18:36:55 EST 2014 , 4 , 2 , 2 , 454296 : { BUY 7982.45@0.80470892} 454293 : { BUY 7982.45@0.80470892} 454290 : { SELL 16931.39@0.8079342} 454288 : { SELL 16930.82@0.8079342} 
Mon Dec 08 18:39:56 EST 2014 , 4 , 2 , 2 , 454296 : { BUY 7982.45@0.80470892} 454293 : { BUY 7982.45@0.80470892} 454290 : { SELL 16931.39@0.8079342} 454288 : { SELL 16930.82@0.8079342} 
Mon Dec 08 18:42:57 EST 2014 , 4 , 2 , 2 , 454296 : { BUY 7982.45@0.80470892} 454293 : { BUY 7982.45@0.80470892} 454290 : { SELL 16931.39@0.8079342} 454288 : { SELL 16930.82@0.8079342} 
Mon Dec 08 18:45:58 EST 2014 , 4 , 2 , 2 , 454296 : { BUY 7982.45@0.80470892} 454293 : { BUY 7982.45@0.80470892} 454290 : { SELL 16931.39@0.8079342} 454288 : { SELL 16930.82@0.8079342} 
Mon Dec 08 18:48:59 EST 2014 , 4 , 2 , 2 , 454296 : { BUY 7982.45@0.80470892} 454293 : { BUY 7982.45@0.80470892} 454290 : { SELL 16931.39@0.8079342} 454288 : { SELL 16930.82@0.8079342} 
Mon Dec 08 18:52:00 EST 2014 , 4 , 2 , 2 , 454296 : { BUY 7982.45@0.80470892} 454293 : { BUY 7982.45@0.80470892} 454290 : { SELL 16931.39@0.8079342} 454288 : { SELL 16930.82@0.8079342} 
Mon Dec 08 18:55:01 EST 2014 , 4 , 2 , 2 , 454296 : { BUY 7982.45@0.80470892} 454293 : { BUY 7982.45@0.80470892} 454290 : { SELL 16931.39@0.8079342} 454288 : { SELL 16930.82@0.8079342} 
Mon Dec 08 18:58:02 EST 2014 , 4 , 2 , 2 , 454296 : { BUY 7982.45@0.80470892} 454293 : { BUY 7982.45@0.80470892} 454290 : { SELL 16931.39@0.8079342} 454288 : { SELL 16930.82@0.8079342} 
Mon Dec 08 19:01:03 EST 2014 , 4 , 2 , 2 , 454296 : { BUY 7982.45@0.80470892} 454293 : { BUY 7982.45@0.80470892} 454290 : { SELL 16931.39@0.8079342} 454288 : { SELL 16930.82@0.8079342} 
Mon Dec 08 19:04:04 EST 2014 , 4 , 2 , 2 , 454296 : { BUY 7982.45@0.80470892} 454293 : { BUY 7982.45@0.80470892} 454290 : { SELL 16931.39@0.8079342} 454288 : { SELL 16930.82@0.8079342} 
Mon Dec 08 19:07:05 EST 2014 , 4 , 2 , 2 , 454296 : { BUY 7982.45@0.80470892} 454293 : { BUY 7982.45@0.80470892} 454290 : { SELL 16931.39@0.8079342} 454288 : { SELL 16930.82@0.8079342} 
Mon Dec 08 19:10:06 EST 2014 , 4 , 2 , 2 , 454296 : { BUY 7982.45@0.80470892} 454293 : { BUY 7982.45@0.80470892} 454290 : { SELL 16931.39@0.8079342} 454288 : { SELL 16930.82@0.8079342} 
Mon Dec 08 19:13:07 EST 2014 , 4 , 2 , 2 , 454296 : { BUY 7982.45@0.80470892} 454293 : { BUY 7982.45@0.80470892} 454290 : { SELL 16931.39@0.8079342} 454288 : { SELL 16930.82@0.8079342} 
Mon Dec 08 19:16:08 EST 2014 , 4 , 2 , 2 , 454296 : { BUY 7982.45@0.80470892} 454293 : { BUY 7982.45@0.80470892} 454290 : { SELL 16931.39@0.8079342} 454288 : { SELL 16930.82@0.8079342} 
Mon Dec 08 19:19:09 EST 2014 , 4 , 2 , 2 , 454296 : { BUY 7982.45@0.80470892} 454293 : { BUY 7982.45@0.80470892} 454290 : { SELL 16931.39@0.8079342} 454288 : { SELL 16930.82@0.8079342} 
Mon Dec 08 19:22:10 EST 2014 , 4 , 2 , 2 , 454296 : { BUY 7982.45@0.80470892} 454293 : { BUY 7982.45@0.80470892} 454290 : { SELL 16931.39@0.8079342} 454288 : { SELL 16930.82@0.8079342} 
Mon Dec 08 19:25:11 EST 2014 , 4 , 2 , 2 , 454296 : { BUY 7982.45@0.80470892} 454293 : { BUY 7982.45@0.80470892} 454290 : { SELL 16931.39@0.8079342} 454288 : { SELL 16930.82@0.8079342} 
Mon Dec 08 19:28:12 EST 2014 , 4 , 2 , 2 , 454296 : { BUY 7982.45@0.80470892} 454293 : { BUY 7982.45@0.80470892} 454290 : { SELL 16931.39@0.8079342} 454288 : { SELL 16930.82@0.8079342} 
Mon Dec 08 19:31:13 EST 2014 , 4 , 2 , 2 , 454296 : { BUY 7982.45@0.80470892} 454293 : { BUY 7982.45@0.80470892} 454290 : { SELL 16931.39@0.8079342} 454288 : { SELL 16930.82@0.8079342} 
Mon Dec 08 19:34:14 EST 2014 , 4 , 2 , 2 , 454296 : { BUY 7982.45@0.80470892} 454293 : { BUY 7982.45@0.80470892} 454290 : { SELL 16931.39@0.8079342} 454288 : { SELL 16930.82@0.8079342} 
Mon Dec 08 19:37:15 EST 2014 , 4 , 2 , 2 , 454296 : { BUY 7982.45@0.80470892} 454293 : { BUY 7982.45@0.80470892} 454290 : { SELL 16931.39@0.8079342} 454288 : { SELL 16930.82@0.8079342} 
Mon Dec 08 19:40:16 EST 2014 , 4 , 2 , 2 , 454296 : { BUY 7982.45@0.80470892} 454293 : { BUY 7982.45@0.80470892} 454290 : { SELL 16931.39@0.8079342} 454288 : { SELL 16930.82@0.8079342} 
Mon Dec 08 19:43:17 EST 2014 , 4 , 2 , 2 , 454296 : { BUY 7982.45@0.80470892} 454293 : { BUY 7982.45@0.80470892} 454290 : { SELL 16931.39@0.8079342} 454288 : { SELL 16930.82@0.8079342} 
Mon Dec 08 19:46:18 EST 2014 , 4 , 2 , 2 , 454296 : { BUY 7982.45@0.80470892} 454293 : { BUY 7982.45@0.80470892} 454290 : { SELL 16931.39@0.8079342} 454288 : { SELL 16930.82@0.8079342} 
Mon Dec 08 19:49:19 EST 2014 , 4 , 2 , 2 , 454296 : { BUY 7982.45@0.80470892} 454293 : { BUY 7982.45@0.80470892} 454290 : { SELL 16931.39@0.8079342} 454288 : { SELL 16930.82@0.8079342} 
Mon Dec 08 19:52:20 EST 2014 , 4 , 2 , 2 , 454296 : { BUY 7982.45@0.80470892} 454293 : { BUY 7982.45@0.80470892} 454290 : { SELL 16931.39@0.8079342} 454288 : { SELL 16930.82@0.8079342} 
Mon Dec 08 19:55:21 EST 2014 , 4 , 2 , 2 , 454296 : { BUY 7982.45@0.80470892} 454293 : { BUY 7982.45@0.80470892} 454290 : { SELL 16931.39@0.8079342} 454288 : { SELL 16930.82@0.8079342} 
Mon Dec 08 19:58:22 EST 2014 , 4 , 2 , 2 , 454296 : { BUY 7982.45@0.80470892} 454293 : { BUY 7982.45@0.80470892} 454290 : { SELL 16931.39@0.8079342} 454288 : { SELL 16930.82@0.8079342} 
Mon Dec 08 20:01:23 EST 2014 , 4 , 2 , 2 , 454296 : { BUY 7982.45@0.80470892} 454293 : { BUY 7982.45@0.80470892} 454290 : { SELL 16931.39@0.8079342} 454288 : { SELL 16930.82@0.8079342} 
Mon Dec 08 20:04:24 EST 2014 , 4 , 2 , 2 , 454296 : { BUY 7982.45@0.80470892} 454293 : { BUY 7982.45@0.80470892} 454290 : { SELL 16931.39@0.8079342} 454288 : { SELL 16930.82@0.8079342} 
Mon Dec 08 20:07:25 EST 2014 , 4 , 2 , 2 , 454296 : { BUY 7982.45@0.80470892} 454293 : { BUY 7982.45@0.80470892} 454290 : { SELL 16931.39@0.8079342} 454288 : { SELL 16930.82@0.8079342} 
Mon Dec 08 20:10:26 EST 2014 , 4 , 2 , 2 , 454296 : { BUY 7982.45@0.80470892} 454293 : { BUY 7982.45@0.80470892} 454290 : { SELL 16931.39@0.8079342} 454288 : { SELL 16930.82@0.8079342} 
Mon Dec 08 20:13:27 EST 2014 , 4 , 2 , 2 , 454296 : { BUY 7982.45@0.80470892} 454293 : { BUY 7982.45@0.80470892} 454290 : { SELL 16931.39@0.8079342} 454288 : { SELL 16930.82@0.8079342} 
Mon Dec 08 20:16:28 EST 2014 , 4 , 2 , 2 , 454296 : { BUY 7982.45@0.80470892} 454293 : { BUY 7982.45@0.80470892} 454290 : { SELL 16931.39@0.8079342} 454288 : { SELL 16930.82@0.8079342} 
Mon Dec 08 20:19:29 EST 2014 , 4 , 2 , 2 , 454296 : { BUY 7982.45@0.80470892} 454293 : { BUY 7982.45@0.80470892} 454290 : { SELL 16931.39@0.8079342} 454288 : { SELL 16930.82@0.8079342} 
Mon Dec 08 20:22:30 EST 2014 , 4 , 2 , 2 , 454296 : { BUY 7982.45@0.80470892} 454293 : { BUY 7982.45@0.80470892} 454290 : { SELL 16931.39@0.8079342} 454288 : { SELL 16930.82@0.8079342} 
Mon Dec 08 20:25:31 EST 2014 , 4 , 2 , 2 , 454296 : { BUY 7982.45@0.80470892} 454293 : { BUY 7982.45@0.80470892} 454290 : { SELL 16931.39@0.8079342} 454288 : { SELL 16930.82@0.8079342} 
Mon Dec 08 20:28:32 EST 2014 , 4 , 2 , 2 , 454296 : { BUY 7982.45@0.80470892} 454293 : { BUY 7982.45@0.80470892} 454290 : { SELL 16931.39@0.8079342} 454288 : { SELL 16930.82@0.8079342} 
Mon Dec 08 20:31:33 EST 2014 , 4 , 2 , 2 , 454296 : { BUY 7982.45@0.80470892} 454293 : { BUY 7982.45@0.80470892} 454290 : { SELL 16931.39@0.8079342} 454288 : { SELL 16930.82@0.8079342} 
Mon Dec 08 20:34:34 EST 2014 , 4 , 2 , 2 , 454296 : { BUY 7982.45@0.80470892} 454293 : { BUY 7982.45@0.80470892} 454290 : { SELL 16931.39@0.8079342} 454288 : { SELL 16930.82@0.8079342} 
Mon Dec 08 20:37:35 EST 2014 , 4 , 2 , 2 , 454296 : { BUY 7982.45@0.80470892} 454293 : { BUY 7982.45@0.80470892} 454290 : { SELL 16931.39@0.8079342} 454288 : { SELL 16930.82@0.8079342} 
Mon Dec 08 20:40:36 EST 2014 , 4 , 2 , 2 , 454296 : { BUY 7982.45@0.80470892} 454293 : { BUY 7982.45@0.80470892} 454290 : { SELL 16931.39@0.8079342} 454288 : { SELL 16930.82@0.8079342} 
Mon Dec 08 20:43:37 EST 2014 , 4 , 2 , 2 , 454296 : { BUY 7982.45@0.80470892} 454293 : { BUY 7982.45@0.80470892} 454290 : { SELL 16931.39@0.8079342} 454288 : { SELL 16930.82@0.8079342} 
Mon Dec 08 20:46:38 EST 2014 , 4 , 2 , 2 , 454296 : { BUY 7982.45@0.80470892} 454293 : { BUY 7982.45@0.80470892} 454290 : { SELL 16931.39@0.8079342} 454288 : { SELL 16930.82@0.8079342} 
Mon Dec 08 20:49:39 EST 2014 , 4 , 2 , 2 , 454296 : { BUY 7982.45@0.80470892} 454293 : { BUY 7982.45@0.80470892} 454290 : { SELL 16931.39@0.8079342} 454288 : { SELL 16930.82@0.8079342} 
Mon Dec 08 20:52:40 EST 2014 , 4 , 2 , 2 , 454296 : { BUY 7982.45@0.80470892} 454293 : { BUY 7982.45@0.80470892} 454290 : { SELL 16931.39@0.8079342} 454288 : { SELL 16930.82@0.8079342} 
Mon Dec 08 20:55:41 EST 2014 , 4 , 2 , 2 , 454296 : { BUY 7982.45@0.80470892} 454293 : { BUY 7982.45@0.80470892} 454290 : { SELL 16931.39@0.8079342} 454288 : { SELL 16930.82@0.8079342} 
Mon Dec 08 20:58:42 EST 2014 , 4 , 2 , 2 , 454296 : { BUY 7982.45@0.80470892} 454293 : { BUY 7982.45@0.80470892} 454290 : { SELL 16931.39@0.8079342} 454288 : { SELL 16930.82@0.8079342} 
Mon Dec 08 21:01:43 EST 2014 , 4 , 2 , 2 , 454296 : { BUY 7982.45@0.80470892} 454293 : { BUY 7982.45@0.80470892} 454290 : { SELL 16931.39@0.8079342} 454288 : { SELL 16930.82@0.8079342} 
Mon Dec 08 21:04:44 EST 2014 , 4 , 2 , 2 , 454296 : { BUY 7982.45@0.80470892} 454293 : { BUY 7982.45@0.80470892} 454290 : { SELL 16931.39@0.8079342} 454288 : { SELL 16930.82@0.8079342} 
Mon Dec 08 21:07:45 EST 2014 , 4 , 2 , 2 , 454296 : { BUY 7982.45@0.80470892} 454293 : { BUY 7982.45@0.80470892} 454290 : { SELL 16931.39@0.8079342} 454288 : { SELL 16930.82@0.8079342} 
Mon Dec 08 21:10:46 EST 2014 , 4 , 2 , 2 , 454296 : { BUY 7982.45@0.80470892} 454293 : { BUY 7982.45@0.80470892} 454290 : { SELL 16931.39@0.8079342} 454288 : { SELL 16930.82@0.8079342} 
Mon Dec 08 21:13:47 EST 2014 , 4 , 2 , 2 , 454296 : { BUY 7982.45@0.80470892} 454293 : { BUY 7982.45@0.80470892} 454290 : { SELL 16931.39@0.8079342} 454288 : { SELL 16930.82@0.8079342} 
Mon Dec 08 21:16:48 EST 2014 , 4 , 2 , 2 , 454296 : { BUY 7982.45@0.80470892} 454293 : { BUY 7982.45@0.80470892} 454290 : { SELL 16931.39@0.8079342} 454288 : { SELL 16930.82@0.8079342} 
Mon Dec 08 21:19:49 EST 2014 , 4 , 2 , 2 , 454296 : { BUY 7982.45@0.80470892} 454293 : { BUY 7982.45@0.80470892} 454290 : { SELL 16931.39@0.8079342} 454288 : { SELL 16930.82@0.8079342} 
Mon Dec 08 21:22:50 EST 2014 , 4 , 2 , 2 , 454296 : { BUY 7982.45@0.80470892} 454293 : { BUY 7982.45@0.80470892} 454290 : { SELL 16931.39@0.8079342} 454288 : { SELL 16930.82@0.8079342} 
Mon Dec 08 21:25:51 EST 2014 , 4 , 2 , 2 , 454296 : { BUY 7982.45@0.80470892} 454293 : { BUY 7982.45@0.80470892} 454290 : { SELL 16931.39@0.8079342} 454288 : { SELL 16930.82@0.8079342} 
Mon Dec 08 21:28:52 EST 2014 , 4 , 2 , 2 , 454296 : { BUY 7982.45@0.80470892} 454293 : { BUY 7982.45@0.80470892} 454290 : { SELL 16931.39@0.8079342} 454288 : { SELL 16930.82@0.8079342} 
Mon Dec 08 21:31:53 EST 2014 , 4 , 2 , 2 , 454296 : { BUY 7982.45@0.80470892} 454293 : { BUY 7982.45@0.80470892} 454290 : { SELL 16931.39@0.8079342} 454288 : { SELL 16930.82@0.8079342} 
Mon Dec 08 21:34:54 EST 2014 , 4 , 2 , 2 , 454296 : { BUY 7982.45@0.80470892} 454293 : { BUY 7982.45@0.80470892} 454290 : { SELL 16931.39@0.8079342} 454288 : { SELL 16930.82@0.8079342} 
Mon Dec 08 21:37:55 EST 2014 , 4 , 2 , 2 , 454296 : { BUY 7982.45@0.80470892} 454293 : { BUY 7982.45@0.80470892} 454290 : { SELL 16931.39@0.8079342} 454288 : { SELL 16930.82@0.8079342} 
Mon Dec 08 21:40:56 EST 2014 , 4 , 2 , 2 , 454296 : { BUY 7982.45@0.80470892} 454293 : { BUY 7982.45@0.80470892} 454290 : { SELL 16931.39@0.8079342} 454288 : { SELL 16930.82@0.8079342} 
Mon Dec 08 21:43:57 EST 2014 , 4 , 2 , 2 , 454296 : { BUY 7982.45@0.80470892} 454293 : { BUY 7982.45@0.80470892} 454290 : { SELL 16931.39@0.8079342} 454288 : { SELL 16930.82@0.8079342} 
Mon Dec 08 21:46:58 EST 2014 , 4 , 2 , 2 , 454296 : { BUY 7982.45@0.80470892} 454293 : { BUY 7982.45@0.80470892} 454290 : { SELL 16931.39@0.8079342} 454288 : { SELL 16930.82@0.8079342} 
Mon Dec 08 21:50:00 EST 2014 , 4 , 2 , 2 , 454296 : { BUY 7982.45@0.80470892} 454293 : { BUY 7982.45@0.80470892} 454290 : { SELL 16931.39@0.8079342} 454288 : { SELL 16930.82@0.8079342} 
Mon Dec 08 21:53:00 EST 2014 , 4 , 2 , 2 , 454296 : { BUY 7982.45@0.80470892} 454293 : { BUY 7982.45@0.80470892} 454290 : { SELL 16931.39@0.8079342} 454288 : { SELL 16930.82@0.8079342} 
Mon Dec 08 21:56:01 EST 2014 , 4 , 2 , 2 , 454296 : { BUY 7982.45@0.80470892} 454293 : { BUY 7982.45@0.80470892} 454290 : { SELL 16931.39@0.8079342} 454288 : { SELL 16930.82@0.8079342} 
Mon Dec 08 21:59:02 EST 2014 , 4 , 2 , 2 , 454296 : { BUY 7982.45@0.80470892} 454293 : { BUY 7982.45@0.80470892} 454290 : { SELL 16931.39@0.8079342} 454288 : { SELL 16930.82@0.8079342} 
Mon Dec 08 22:02:03 EST 2014 , 4 , 2 , 2 , 454296 : { BUY 7982.45@0.80470892} 454293 : { BUY 7982.45@0.80470892} 454290 : { SELL 16931.39@0.8079342} 454288 : { SELL 16930.82@0.8079342} 
Mon Dec 08 22:05:04 EST 2014 , 4 , 2 , 2 , 454296 : { BUY 7982.45@0.80470892} 454293 : { BUY 7982.45@0.80470892} 454290 : { SELL 16931.39@0.8079342} 454288 : { SELL 16930.82@0.8079342} 
Mon Dec 08 22:08:05 EST 2014 , 4 , 2 , 2 , 454296 : { BUY 7982.45@0.80470892} 454293 : { BUY 7982.45@0.80470892} 454290 : { SELL 16931.39@0.8079342} 454288 : { SELL 16930.82@0.8079342} 
Mon Dec 08 22:11:06 EST 2014 , 4 , 2 , 2 , 454296 : { BUY 7982.45@0.80470892} 454293 : { BUY 7982.45@0.80470892} 454290 : { SELL 16931.39@0.8079342} 454288 : { SELL 16930.82@0.8079342} 
Mon Dec 08 22:14:07 EST 2014 , 4 , 2 , 2 , 454296 : { BUY 7982.45@0.80470892} 454293 : { BUY 7982.45@0.80470892} 454290 : { SELL 16931.39@0.8079342} 454288 : { SELL 16930.82@0.8079342} 
Mon Dec 08 22:17:08 EST 2014 , 4 , 2 , 2 , 454296 : { BUY 7982.45@0.80470892} 454293 : { BUY 7982.45@0.80470892} 454290 : { SELL 16931.39@0.8079342} 454288 : { SELL 16930.82@0.8079342} 
Mon Dec 08 22:20:09 EST 2014 , 4 , 2 , 2 , 454296 : { BUY 7982.45@0.80470892} 454293 : { BUY 7982.45@0.80470892} 454290 : { SELL 16931.39@0.8079342} 454288 : { SELL 16930.82@0.8079342} 
Mon Dec 08 22:23:10 EST 2014 , 4 , 2 , 2 , 454296 : { BUY 7982.45@0.80470892} 454293 : { BUY 7982.45@0.80470892} 454290 : { SELL 16931.39@0.8079342} 454288 : { SELL 16930.82@0.8079342} 
Mon Dec 08 22:26:11 EST 2014 , 4 , 2 , 2 , 454296 : { BUY 7982.45@0.80470892} 454293 : { BUY 7982.45@0.80470892} 454290 : { SELL 16931.39@0.8079342} 454288 : { SELL 16930.82@0.8079342} 
Mon Dec 08 22:29:12 EST 2014 , 4 , 2 , 2 , 454296 : { BUY 7982.45@0.80470892} 454293 : { BUY 7982.45@0.80470892} 454290 : { SELL 16931.39@0.8079342} 454288 : { SELL 16930.82@0.8079342} 
Mon Dec 08 22:32:13 EST 2014 , 4 , 2 , 2 , 454296 : { BUY 7982.45@0.80470892} 454293 : { BUY 7982.45@0.80470892} 454290 : { SELL 16931.39@0.8079342} 454288 : { SELL 16930.82@0.8079342} 
Mon Dec 08 22:35:14 EST 2014 , 4 , 2 , 2 , 454296 : { BUY 7982.45@0.80470892} 454293 : { BUY 7982.45@0.80470892} 454290 : { SELL 16931.39@0.8079342} 454288 : { SELL 16930.82@0.8079342} 
Mon Dec 08 22:38:15 EST 2014 , 4 , 2 , 2 , 454296 : { BUY 7982.45@0.80470892} 454293 : { BUY 7982.45@0.80470892} 454290 : { SELL 16931.39@0.8079342} 454288 : { SELL 16930.82@0.8079342} 
Mon Dec 08 22:41:16 EST 2014 , 4 , 2 , 2 , 454296 : { BUY 7982.45@0.80470892} 454293 : { BUY 7982.45@0.80470892} 454290 : { SELL 16931.39@0.8079342} 454288 : { SELL 16930.82@0.8079342} 
Mon Dec 08 22:44:17 EST 2014 , 4 , 2 , 2 , 454296 : { BUY 7982.45@0.80470892} 454293 : { BUY 7982.45@0.80470892} 454290 : { SELL 16931.39@0.8079342} 454288 : { SELL 16930.82@0.8079342} 
Mon Dec 08 22:47:18 EST 2014 , 4 , 2 , 2 , 454296 : { BUY 7982.45@0.80470892} 454293 : { BUY 7982.45@0.80470892} 454290 : { SELL 16931.39@0.8079342} 454288 : { SELL 16930.82@0.8079342} 
Mon Dec 08 22:50:19 EST 2014 , 4 , 2 , 2 , 454296 : { BUY 7982.45@0.80470892} 454293 : { BUY 7982.45@0.80470892} 454290 : { SELL 16931.39@0.8079342} 454288 : { SELL 16930.82@0.8079342} 
Mon Dec 08 22:53:20 EST 2014 , 4 , 2 , 2 , 454296 : { BUY 7982.45@0.80470892} 454293 : { BUY 7982.45@0.80470892} 454290 : { SELL 16931.39@0.8079342} 454288 : { SELL 16930.82@0.8079342} 
Mon Dec 08 22:56:21 EST 2014 , 4 , 2 , 2 , 454296 : { BUY 7982.45@0.80470892} 454293 : { BUY 7982.45@0.80470892} 454290 : { SELL 16931.39@0.8079342} 454288 : { SELL 16930.82@0.8079342} 
Mon Dec 08 22:59:22 EST 2014 , 4 , 2 , 2 , 454296 : { BUY 7982.45@0.80470892} 454293 : { BUY 7982.45@0.80470892} 454290 : { SELL 16931.39@0.8079342} 454288 : { SELL 16930.82@0.8079342} 
Mon Dec 08 23:02:23 EST 2014 , 4 , 2 , 2 , 454296 : { BUY 7982.45@0.80470892} 454293 : { BUY 7982.45@0.80470892} 454290 : { SELL 16931.39@0.8079342} 454288 : { SELL 16930.82@0.8079342} 
Mon Dec 08 23:05:24 EST 2014 , 4 , 2 , 2 , 454296 : { BUY 7982.45@0.80470892} 454293 : { BUY 7982.45@0.80470892} 454290 : { SELL 16931.39@0.8079342} 454288 : { SELL 16930.82@0.8079342} 
Mon Dec 08 23:08:25 EST 2014 , 4 , 2 , 2 , 454296 : { BUY 7982.45@0.80470892} 454293 : { BUY 7982.45@0.80470892} 454290 : { SELL 16931.39@0.8079342} 454288 : { SELL 16930.82@0.8079342} 
Mon Dec 08 23:11:26 EST 2014 , 4 , 2 , 2 , 454296 : { BUY 7982.45@0.80470892} 454293 : { BUY 7982.45@0.80470892} 454290 : { SELL 16931.39@0.8079342} 454288 : { SELL 16930.82@0.8079342} 
Mon Dec 08 23:14:27 EST 2014 , 4 , 2 , 2 , 454296 : { BUY 7982.45@0.80470892} 454293 : { BUY 7982.45@0.80470892} 454290 : { SELL 16931.39@0.8079342} 454288 : { SELL 16930.82@0.8079342} 
Mon Dec 08 23:17:28 EST 2014 , 4 , 2 , 2 , 454296 : { BUY 7982.45@0.80470892} 454293 : { BUY 7982.45@0.80470892} 454290 : { SELL 16931.39@0.8079342} 454288 : { SELL 16930.82@0.8079342} 
Mon Dec 08 23:20:29 EST 2014 , 4 , 2 , 2 , 454296 : { BUY 7982.45@0.80470892} 454293 : { BUY 7982.45@0.80470892} 454290 : { SELL 16931.39@0.8079342} 454288 : { SELL 16930.82@0.8079342} 
Mon Dec 08 23:23:30 EST 2014 , 4 , 2 , 2 , 454296 : { BUY 7982.45@0.80470892} 454293 : { BUY 7982.45@0.80470892} 454290 : { SELL 16931.39@0.8079342} 454288 : { SELL 16930.82@0.8079342} 
Mon Dec 08 23:26:31 EST 2014 , 4 , 2 , 2 , 454296 : { BUY 7982.45@0.80470892} 454293 : { BUY 7982.45@0.80470892} 454290 : { SELL 16931.39@0.8079342} 454288 : { SELL 16930.82@0.8079342} 
Mon Dec 08 23:29:32 EST 2014 , 4 , 2 , 2 , 454296 : { BUY 7982.45@0.80470892} 454293 : { BUY 7982.45@0.80470892} 454290 : { SELL 16931.39@0.8079342} 454288 : { SELL 16930.82@0.8079342} 
Mon Dec 08 23:32:33 EST 2014 , 4 , 2 , 2 , 454296 : { BUY 7982.45@0.80470892} 454293 : { BUY 7982.45@0.80470892} 454290 : { SELL 16931.39@0.8079342} 454288 : { SELL 16930.82@0.8079342} 
Mon Dec 08 23:35:34 EST 2014 , 4 , 2 , 2 , 454296 : { BUY 7982.45@0.80470892} 454293 : { BUY 7982.45@0.80470892} 454290 : { SELL 16931.39@0.8079342} 454288 : { SELL 16930.82@0.8079342} 
Mon Dec 08 23:38:35 EST 2014 , 4 , 2 , 2 , 454296 : { BUY 7982.45@0.80470892} 454293 : { BUY 7982.45@0.80470892} 454290 : { SELL 16931.39@0.8079342} 454288 : { SELL 16930.82@0.8079342} 
Mon Dec 08 23:41:36 EST 2014 , 4 , 2 , 2 , 454296 : { BUY 7982.45@0.80470892} 454293 : { BUY 7982.45@0.80470892} 454290 : { SELL 16931.39@0.8079342} 454288 : { SELL 16930.82@0.8079342} 
Mon Dec 08 23:44:37 EST 2014 , 4 , 2 , 2 , 454296 : { BUY 7982.45@0.80470892} 454293 : { BUY 7982.45@0.80470892} 454290 : { SELL 16931.39@0.8079342} 454288 : { SELL 16930.82@0.8079342} 
Mon Dec 08 23:47:38 EST 2014 , 4 , 2 , 2 , 454296 : { BUY 7982.45@0.80470892} 454293 : { BUY 7982.45@0.80470892} 454290 : { SELL 16931.39@0.8079342} 454288 : { SELL 16930.82@0.8079342} 
Mon Dec 08 23:50:39 EST 2014 , 4 , 2 , 2 , 454296 : { BUY 7982.45@0.80470892} 454293 : { BUY 7982.45@0.80470892} 454290 : { SELL 16931.39@0.8079342} 454288 : { SELL 16930.82@0.8079342} 
Mon Dec 08 23:53:40 EST 2014 , 4 , 2 , 2 , 454296 : { BUY 7982.45@0.80470892} 454293 : { BUY 7982.45@0.80470892} 454290 : { SELL 16931.39@0.8079342} 454288 : { SELL 16930.82@0.8079342} 
Mon Dec 08 23:56:41 EST 2014 , 4 , 2 , 2 , 454296 : { BUY 7982.45@0.80470892} 454293 : { BUY 7982.45@0.80470892} 454290 : { SELL 16931.39@0.8079342} 454288 : { SELL 16930.82@0.8079342} 
Mon Dec 08 23:59:42 EST 2014 , 4 , 2 , 2 , 454296 : { BUY 7982.45@0.80470892} 454293 : { BUY 7982.45@0.80470892} 454290 : { SELL 16931.39@0.8079342} 454288 : { SELL 16930.82@0.8079342} 
Tue Dec 09 00:02:43 EST 2014 , 4 , 2 , 2 , 454296 : { BUY 7982.45@0.80470892} 454293 : { BUY 7982.45@0.80470892} 454290 : { SELL 16931.39@0.8079342} 454288 : { SELL 16930.82@0.8079342} 
Tue Dec 09 00:05:44 EST 2014 , 4 , 2 , 2 , 454296 : { BUY 7982.45@0.80470892} 454293 : { BUY 7982.45@0.80470892} 454290 : { SELL 16931.39@0.8079342} 454288 : { SELL 16930.82@0.8079342} 
Tue Dec 09 00:08:45 EST 2014 , 4 , 2 , 2 , 454296 : { BUY 7982.45@0.80470892} 454293 : { BUY 7982.45@0.80470892} 454290 : { SELL 16931.39@0.8079342} 454288 : { SELL 16930.82@0.8079342} 
Tue Dec 09 00:11:46 EST 2014 , 4 , 2 , 2 , 454296 : { BUY 7982.45@0.80470892} 454293 : { BUY 7982.45@0.80470892} 454290 : { SELL 16931.39@0.8079342} 454288 : { SELL 16930.82@0.8079342} 
Tue Dec 09 00:14:47 EST 2014 , 4 , 2 , 2 , 454296 : { BUY 7982.45@0.80470892} 454293 : { BUY 7982.45@0.80470892} 454290 : { SELL 16931.39@0.8079342} 454288 : { SELL 16930.82@0.8079342} 
Tue Dec 09 00:17:48 EST 2014 , 4 , 2 , 2 , 454296 : { BUY 7982.45@0.80470892} 454293 : { BUY 7982.45@0.80470892} 454290 : { SELL 16931.39@0.8079342} 454288 : { SELL 16930.82@0.8079342} 
Tue Dec 09 00:20:49 EST 2014 , 4 , 2 , 2 , 454296 : { BUY 7982.45@0.80470892} 454293 : { BUY 7982.45@0.80470892} 454290 : { SELL 16931.39@0.8079342} 454288 : { SELL 16930.82@0.8079342} 
Tue Dec 09 00:23:50 EST 2014 , 4 , 2 , 2 , 454296 : { BUY 7982.45@0.80470892} 454293 : { BUY 7982.45@0.80470892} 454290 : { SELL 16931.39@0.8079342} 454288 : { SELL 16930.82@0.8079342} 
Tue Dec 09 00:26:51 EST 2014 , 4 , 2 , 2 , 454296 : { BUY 7982.45@0.80470892} 454293 : { BUY 7982.45@0.80470892} 454290 : { SELL 16931.39@0.8079342} 454288 : { SELL 16930.82@0.8079342} 
Tue Dec 09 00:29:52 EST 2014 , 4 , 2 , 2 , 454296 : { BUY 7982.45@0.80470892} 454293 : { BUY 7982.45@0.80470892} 454290 : { SELL 16931.39@0.8079342} 454288 : { SELL 16930.82@0.8079342} 
Tue Dec 09 00:32:53 EST 2014 , 4 , 2 , 2 , 454296 : { BUY 7982.45@0.80470892} 454293 : { BUY 7982.45@0.80470892} 454290 : { SELL 16931.39@0.8079342} 454288 : { SELL 16930.82@0.8079342} 
Tue Dec 09 00:35:54 EST 2014 , 4 , 2 , 2 , 454296 : { BUY 7982.45@0.80470892} 454293 : { BUY 7982.45@0.80470892} 454290 : { SELL 16931.39@0.8079342} 454288 : { SELL 16930.82@0.8079342} 
Tue Dec 09 00:38:55 EST 2014 , 4 , 2 , 2 , 454296 : { BUY 7982.45@0.80470892} 454293 : { BUY 7982.45@0.80470892} 454290 : { SELL 16931.39@0.8079342} 454288 : { SELL 16930.82@0.8079342} 
Tue Dec 09 00:41:56 EST 2014 , 4 , 2 , 2 , 454296 : { BUY 7982.45@0.80470892} 454293 : { BUY 7982.45@0.80470892} 454290 : { SELL 16931.39@0.8079342} 454288 : { SELL 16930.82@0.8079342} 
Tue Dec 09 00:44:57 EST 2014 , 4 , 2 , 2 , 454296 : { BUY 7982.45@0.80470892} 454293 : { BUY 7982.45@0.80470892} 454290 : { SELL 16931.39@0.8079342} 454288 : { SELL 16930.82@0.8079342} 
Tue Dec 09 00:47:58 EST 2014 , 4 , 2 , 2 , 454296 : { BUY 7982.45@0.80470892} 454293 : { BUY 7982.45@0.80470892} 454290 : { SELL 16931.39@0.8079342} 454288 : { SELL 16930.82@0.8079342} 
Tue Dec 09 00:50:59 EST 2014 , 4 , 2 , 2 , 454296 : { BUY 7982.45@0.80470892} 454293 : { BUY 7982.45@0.80470892} 454290 : { SELL 16931.39@0.8079342} 454288 : { SELL 16930.82@0.8079342} 
Tue Dec 09 00:54:00 EST 2014 , 4 , 2 , 2 , 454296 : { BUY 7982.45@0.80470892} 454293 : { BUY 7982.45@0.80470892} 454290 : { SELL 16931.39@0.8079342} 454288 : { SELL 16930.82@0.8079342} 
Tue Dec 09 00:57:01 EST 2014 , 4 , 2 , 2 , 454296 : { BUY 7982.45@0.80470892} 454293 : { BUY 7982.45@0.80470892} 454290 : { SELL 16931.39@0.8079342} 454288 : { SELL 16930.82@0.8079342} 
Tue Dec 09 01:00:02 EST 2014 , 4 , 2 , 2 , 454296 : { BUY 7982.45@0.80470892} 454293 : { BUY 7982.45@0.80470892} 454290 : { SELL 16931.39@0.8079342} 454288 : { SELL 16930.82@0.8079342} 
Tue Dec 09 01:03:03 EST 2014 , 4 , 2 , 2 , 454296 : { BUY 7982.45@0.80470892} 454293 : { BUY 7982.45@0.80470892} 454290 : { SELL 16931.39@0.8079342} 454288 : { SELL 16930.82@0.8079342} 
Tue Dec 09 01:06:04 EST 2014 , 4 , 2 , 2 , 454296 : { BUY 7982.45@0.80470892} 454293 : { BUY 7982.45@0.80470892} 454290 : { SELL 16931.39@0.8079342} 454288 : { SELL 16930.82@0.8079342} 
Tue Dec 09 01:09:05 EST 2014 , 4 , 2 , 2 , 454296 : { BUY 7982.45@0.80470892} 454293 : { BUY 7982.45@0.80470892} 454290 : { SELL 16931.39@0.8079342} 454288 : { SELL 16930.82@0.8079342} 
Tue Dec 09 01:12:06 EST 2014 , 4 , 2 , 2 , 454296 : { BUY 7982.45@0.80470892} 454293 : { BUY 7982.45@0.80470892} 454290 : { SELL 16931.39@0.8079342} 454288 : { SELL 16930.82@0.8079342} 
Tue Dec 09 01:15:07 EST 2014 , 4 , 2 , 2 , 454296 : { BUY 7982.45@0.80470892} 454293 : { BUY 7982.45@0.80470892} 454290 : { SELL 16931.39@0.8079342} 454288 : { SELL 16930.82@0.8079342} 
Tue Dec 09 01:18:08 EST 2014 , 4 , 2 , 2 , 454296 : { BUY 7982.45@0.80470892} 454293 : { BUY 7982.45@0.80470892} 454290 : { SELL 16931.39@0.8079342} 454288 : { SELL 16930.82@0.8079342} 
Tue Dec 09 01:21:09 EST 2014 , 4 , 2 , 2 , 454296 : { BUY 7982.45@0.80470892} 454293 : { BUY 7982.45@0.80470892} 454290 : { SELL 16931.39@0.8079342} 454288 : { SELL 16930.82@0.8079342} 
Tue Dec 09 01:24:10 EST 2014 , 4 , 2 , 2 , 454296 : { BUY 7982.45@0.80470892} 454293 : { BUY 7982.45@0.80470892} 454290 : { SELL 16931.39@0.8079342} 454288 : { SELL 16930.82@0.8079342} 
Tue Dec 09 01:27:11 EST 2014 , 4 , 2 , 2 , 454296 : { BUY 7982.45@0.80470892} 454293 : { BUY 7982.45@0.80470892} 454290 : { SELL 16931.39@0.8079342} 454288 : { SELL 16930.82@0.8079342} 
Tue Dec 09 01:30:12 EST 2014 , 4 , 2 , 2 , 454296 : { BUY 7982.45@0.80470892} 454293 : { BUY 7982.45@0.80470892} 454290 : { SELL 16931.39@0.8079342} 454288 : { SELL 16930.82@0.8079342} 
Tue Dec 09 01:33:13 EST 2014 , 4 , 2 , 2 , 454296 : { BUY 7982.45@0.80470892} 454293 : { BUY 7982.45@0.80470892} 454290 : { SELL 16931.39@0.8079342} 454288 : { SELL 16930.82@0.8079342} 
Tue Dec 09 01:36:14 EST 2014 , 4 , 2 , 2 , 454296 : { BUY 7982.45@0.80470892} 454293 : { BUY 7982.45@0.80470892} 454290 : { SELL 16931.39@0.8079342} 454288 : { SELL 16930.82@0.8079342} 
Tue Dec 09 01:39:15 EST 2014 , 4 , 2 , 2 , 454296 : { BUY 7982.45@0.80470892} 454293 : { BUY 7982.45@0.80470892} 454290 : { SELL 16931.39@0.8079342} 454288 : { SELL 16930.82@0.8079342} 
Tue Dec 09 01:42:16 EST 2014 , 4 , 2 , 2 , 454296 : { BUY 7982.45@0.80470892} 454293 : { BUY 7982.45@0.80470892} 454290 : { SELL 16931.39@0.8079342} 454288 : { SELL 16930.82@0.8079342} 
Tue Dec 09 01:45:17 EST 2014 , 4 , 2 , 2 , 454296 : { BUY 7982.45@0.80470892} 454293 : { BUY 7982.45@0.80470892} 454290 : { SELL 16931.39@0.8079342} 454288 : { SELL 16930.82@0.8079342} 
Tue Dec 09 01:48:18 EST 2014 , 4 , 2 , 2 , 454296 : { BUY 7982.45@0.80470892} 454293 : { BUY 7982.45@0.80470892} 454290 : { SELL 16931.39@0.8079342} 454288 : { SELL 16930.82@0.8079342} 
Tue Dec 09 01:51:19 EST 2014 , 4 , 2 , 2 , 454296 : { BUY 7982.45@0.80470892} 454293 : { BUY 7982.45@0.80470892} 454290 : { SELL 16931.39@0.8079342} 454288 : { SELL 16930.82@0.8079342} 
Tue Dec 09 01:54:20 EST 2014 , 4 , 2 , 2 , 454296 : { BUY 7982.45@0.80470892} 454293 : { BUY 7982.45@0.80470892} 454290 : { SELL 16931.39@0.8079342} 454288 : { SELL 16930.82@0.8079342} 
Tue Dec 09 01:57:21 EST 2014 , 4 , 2 , 2 , 454296 : { BUY 7982.45@0.80470892} 454293 : { BUY 7982.45@0.80470892} 454290 : { SELL 16931.39@0.8079342} 454288 : { SELL 16930.82@0.8079342} 
Tue Dec 09 02:00:22 EST 2014 , 4 , 2 , 2 , 454296 : { BUY 7982.45@0.80470892} 454293 : { BUY 7982.45@0.80470892} 454290 : { SELL 16931.39@0.8079342} 454288 : { SELL 16930.82@0.8079342} 
Tue Dec 09 02:03:23 EST 2014 , 4 , 2 , 2 , 454296 : { BUY 7982.45@0.80470892} 454293 : { BUY 7982.45@0.80470892} 454290 : { SELL 16931.39@0.8079342} 454288 : { SELL 16930.82@0.8079342} 
Tue Dec 09 02:06:24 EST 2014 , 4 , 2 , 2 , 454296 : { BUY 7982.45@0.80470892} 454293 : { BUY 7982.45@0.80470892} 454290 : { SELL 16931.39@0.8079342} 454288 : { SELL 16930.82@0.8079342} 
Tue Dec 09 02:09:25 EST 2014 , 4 , 2 , 2 , 454296 : { BUY 7982.45@0.80470892} 454293 : { BUY 7982.45@0.80470892} 454290 : { SELL 16931.39@0.8079342} 454288 : { SELL 16930.82@0.8079342} 
Tue Dec 09 02:12:26 EST 2014 , 4 , 2 , 2 , 454296 : { BUY 7982.45@0.80470892} 454293 : { BUY 7982.45@0.80470892} 454290 : { SELL 16931.39@0.8079342} 454288 : { SELL 16930.82@0.8079342} 
Tue Dec 09 02:15:27 EST 2014 , 4 , 2 , 2 , 454296 : { BUY 7982.45@0.80470892} 454293 : { BUY 7982.45@0.80470892} 454290 : { SELL 16931.39@0.8079342} 454288 : { SELL 16930.82@0.8079342} 
Tue Dec 09 02:18:28 EST 2014 , 4 , 2 , 2 , 454296 : { BUY 7982.45@0.80470892} 454293 : { BUY 7982.45@0.80470892} 454290 : { SELL 16931.39@0.8079342} 454288 : { SELL 16930.82@0.8079342} 
Tue Dec 09 02:21:29 EST 2014 , 4 , 2 , 2 , 454296 : { BUY 7982.45@0.80470892} 454293 : { BUY 7982.45@0.80470892} 454290 : { SELL 16931.39@0.8079342} 454288 : { SELL 16930.82@0.8079342} 
Tue Dec 09 02:24:30 EST 2014 , 4 , 2 , 2 , 454296 : { BUY 7982.45@0.80470892} 454293 : { BUY 7982.45@0.80470892} 454290 : { SELL 16931.39@0.8079342} 454288 : { SELL 16930.82@0.8079342} 
Tue Dec 09 02:27:31 EST 2014 , 4 , 2 , 2 , 454296 : { BUY 7982.45@0.80470892} 454293 : { BUY 7982.45@0.80470892} 454290 : { SELL 16931.39@0.8079342} 454288 : { SELL 16930.82@0.8079342} 
Tue Dec 09 02:30:32 EST 2014 , 4 , 2 , 2 , 454296 : { BUY 7982.45@0.80470892} 454293 : { BUY 7982.45@0.80470892} 454290 : { SELL 16931.39@0.8079342} 454288 : { SELL 16930.82@0.8079342} 
Tue Dec 09 02:33:33 EST 2014 , 4 , 2 , 2 , 454296 : { BUY 7982.45@0.80470892} 454293 : { BUY 7982.45@0.80470892} 454290 : { SELL 16931.39@0.8079342} 454288 : { SELL 16930.82@0.8079342} 
Tue Dec 09 02:36:34 EST 2014 , 4 , 2 , 2 , 454296 : { BUY 7982.45@0.80470892} 454293 : { BUY 7982.45@0.80470892} 454290 : { SELL 16931.39@0.8079342} 454288 : { SELL 16930.82@0.8079342} 
Tue Dec 09 02:39:35 EST 2014 , 4 , 2 , 2 , 454296 : { BUY 7982.45@0.80470892} 454293 : { BUY 7982.45@0.80470892} 454290 : { SELL 16931.39@0.8079342} 454288 : { SELL 16930.82@0.8079342} 
Tue Dec 09 02:42:36 EST 2014 , 4 , 2 , 2 , 454296 : { BUY 7982.45@0.80470892} 454293 : { BUY 7982.45@0.80470892} 454290 : { SELL 16931.39@0.8079342} 454288 : { SELL 16930.82@0.8079342} 
Tue Dec 09 02:45:37 EST 2014 , 4 , 2 , 2 , 454296 : { BUY 7982.45@0.80470892} 454293 : { BUY 7982.45@0.80470892} 454290 : { SELL 16931.39@0.8079342} 454288 : { SELL 16930.82@0.8079342} 
Tue Dec 09 02:48:38 EST 2014 , 4 , 2 , 2 , 454296 : { BUY 7982.45@0.80470892} 454293 : { BUY 7982.45@0.80470892} 454290 : { SELL 16931.39@0.8079342} 454288 : { SELL 16930.82@0.8079342} 
Tue Dec 09 02:51:40 EST 2014 , 4 , 2 , 2 , 454296 : { BUY 7982.45@0.80470892} 454293 : { BUY 7982.45@0.80470892} 454290 : { SELL 16931.39@0.8079342} 454288 : { SELL 16930.82@0.8079342} 
Tue Dec 09 02:54:40 EST 2014 , 4 , 2 , 2 , 454296 : { BUY 7982.45@0.80470892} 454293 : { BUY 7982.45@0.80470892} 454290 : { SELL 16931.39@0.8079342} 454288 : { SELL 16930.82@0.8079342} 
Tue Dec 09 02:57:41 EST 2014 , 4 , 2 , 2 , 454296 : { BUY 7982.45@0.80470892} 454293 : { BUY 7982.45@0.80470892} 454290 : { SELL 16931.39@0.8079342} 454288 : { SELL 16930.82@0.8079342} 
Tue Dec 09 03:00:42 EST 2014 , 4 , 2 , 2 , 454296 : { BUY 7982.45@0.80470892} 454293 : { BUY 7982.45@0.80470892} 454290 : { SELL 16931.39@0.8079342} 454288 : { SELL 16930.82@0.8079342} 
Tue Dec 09 03:03:43 EST 2014 , 4 , 2 , 2 , 454296 : { BUY 7982.45@0.80470892} 454293 : { BUY 7982.45@0.80470892} 454290 : { SELL 16931.39@0.8079342} 454288 : { SELL 16930.82@0.8079342} 
Tue Dec 09 03:06:44 EST 2014 , 4 , 2 , 2 , 454296 : { BUY 7982.45@0.80470892} 454293 : { BUY 7982.45@0.80470892} 454290 : { SELL 16931.39@0.8079342} 454288 : { SELL 16930.82@0.8079342} 
Tue Dec 09 03:09:45 EST 2014 , 4 , 2 , 2 , 454296 : { BUY 7982.45@0.80470892} 454293 : { BUY 7982.45@0.80470892} 454290 : { SELL 16931.39@0.8079342} 454288 : { SELL 16930.82@0.8079342} 
Tue Dec 09 03:12:46 EST 2014 , 4 , 2 , 2 , 454296 : { BUY 7982.45@0.80470892} 454293 : { BUY 7982.45@0.80470892} 454290 : { SELL 16931.39@0.8079342} 454288 : { SELL 16930.82@0.8079342} 
Tue Dec 09 03:15:47 EST 2014 , 4 , 2 , 2 , 454296 : { BUY 7982.45@0.80470892} 454293 : { BUY 7982.45@0.80470892} 454290 : { SELL 16931.39@0.8079342} 454288 : { SELL 16930.82@0.8079342} 
Tue Dec 09 03:18:48 EST 2014 , 4 , 2 , 2 , 454296 : { BUY 7982.45@0.80470892} 454293 : { BUY 7982.45@0.80470892} 454290 : { SELL 16931.39@0.8079342} 454288 : { SELL 16930.82@0.8079342} 
Tue Dec 09 03:21:49 EST 2014 , 4 , 2 , 2 , 454296 : { BUY 7982.45@0.80470892} 454293 : { BUY 7982.45@0.80470892} 454290 : { SELL 16931.39@0.8079342} 454288 : { SELL 16930.82@0.8079342} 
Tue Dec 09 03:24:50 EST 2014 , 4 , 2 , 2 , 454296 : { BUY 7982.45@0.80470892} 454293 : { BUY 7982.45@0.80470892} 454290 : { SELL 16931.39@0.8079342} 454288 : { SELL 16930.82@0.8079342} 
Tue Dec 09 03:27:51 EST 2014 , 4 , 2 , 2 , 454296 : { BUY 7982.45@0.80470892} 454293 : { BUY 7982.45@0.80470892} 454290 : { SELL 16931.39@0.8079342} 454288 : { SELL 16930.82@0.8079342} 
Tue Dec 09 03:30:52 EST 2014 , 4 , 2 , 2 , 454296 : { BUY 7982.45@0.80470892} 454293 : { BUY 7982.45@0.80470892} 454290 : { SELL 16931.39@0.8079342} 454288 : { SELL 16930.82@0.8079342} 
Tue Dec 09 03:33:53 EST 2014 , 4 , 2 , 2 , 454296 : { BUY 7982.45@0.80470892} 454293 : { BUY 7982.45@0.80470892} 454290 : { SELL 16931.39@0.8079342} 454288 : { SELL 16930.82@0.8079342} 
Tue Dec 09 03:36:54 EST 2014 , 4 , 2 , 2 , 454296 : { BUY 7982.45@0.80470892} 454293 : { BUY 7982.45@0.80470892} 454290 : { SELL 16931.39@0.8079342} 454288 : { SELL 16930.82@0.8079342} 
Tue Dec 09 03:39:55 EST 2014 , 4 , 2 , 2 , 454296 : { BUY 7982.45@0.80470892} 454293 : { BUY 7982.45@0.80470892} 454290 : { SELL 16931.39@0.8079342} 454288 : { SELL 16930.82@0.8079342} 
Tue Dec 09 03:42:56 EST 2014 , 4 , 2 , 2 , 454296 : { BUY 7982.45@0.80470892} 454293 : { BUY 7982.45@0.80470892} 454290 : { SELL 16931.39@0.8079342} 454288 : { SELL 16930.82@0.8079342} 
Tue Dec 09 03:45:57 EST 2014 , 4 , 2 , 2 , 454296 : { BUY 7982.45@0.80470892} 454293 : { BUY 7982.45@0.80470892} 454290 : { SELL 16931.39@0.8079342} 454288 : { SELL 16930.82@0.8079342} 
Tue Dec 09 03:48:58 EST 2014 , 4 , 2 , 2 , 454296 : { BUY 7982.45@0.80470892} 454293 : { BUY 7982.45@0.80470892} 454290 : { SELL 16931.39@0.8079342} 454288 : { SELL 16930.82@0.8079342} 
Tue Dec 09 03:51:59 EST 2014 , 4 , 2 , 2 , 454296 : { BUY 7982.45@0.80470892} 454293 : { BUY 7982.45@0.80470892} 454290 : { SELL 16931.39@0.8079342} 454288 : { SELL 16930.82@0.8079342} 
Tue Dec 09 03:55:00 EST 2014 , 4 , 2 , 2 , 454296 : { BUY 7982.45@0.80470892} 454293 : { BUY 7982.45@0.80470892} 454290 : { SELL 16931.39@0.8079342} 454288 : { SELL 16930.82@0.8079342} 
Tue Dec 09 03:58:01 EST 2014 , 4 , 2 , 2 , 454296 : { BUY 7982.45@0.80470892} 454293 : { BUY 7982.45@0.80470892} 454290 : { SELL 16931.39@0.8079342} 454288 : { SELL 16930.82@0.8079342} 
Tue Dec 09 04:01:02 EST 2014 , 4 , 2 , 2 , 454296 : { BUY 7982.45@0.80470892} 454293 : { BUY 7982.45@0.80470892} 454290 : { SELL 16931.39@0.8079342} 454288 : { SELL 16930.82@0.8079342} 
Tue Dec 09 04:04:03 EST 2014 , 4 , 2 , 2 , 454296 : { BUY 7982.45@0.80470892} 454293 : { BUY 7982.45@0.80470892} 454290 : { SELL 16931.39@0.8079342} 454288 : { SELL 16930.82@0.8079342} 
Tue Dec 09 04:07:04 EST 2014 , 4 , 2 , 2 , 454296 : { BUY 7982.45@0.80470892} 454293 : { BUY 7982.45@0.80470892} 454290 : { SELL 16931.39@0.8079342} 454288 : { SELL 16930.82@0.8079342} 
Tue Dec 09 04:10:05 EST 2014 , 4 , 2 , 2 , 454296 : { BUY 7982.45@0.80470892} 454293 : { BUY 7982.45@0.80470892} 454290 : { SELL 16931.39@0.8079342} 454288 : { SELL 16930.82@0.8079342} 
Tue Dec 09 04:13:06 EST 2014 , 4 , 2 , 2 , 454296 : { BUY 7982.45@0.80470892} 454293 : { BUY 7982.45@0.80470892} 454290 : { SELL 16931.39@0.8079342} 454288 : { SELL 16930.82@0.8079342} 
Tue Dec 09 04:16:07 EST 2014 , 4 , 2 , 2 , 454296 : { BUY 7982.45@0.80470892} 454293 : { BUY 7982.45@0.80470892} 454290 : { SELL 16931.39@0.8079342} 454288 : { SELL 16930.82@0.8079342} 
Tue Dec 09 04:19:08 EST 2014 , 4 , 2 , 2 , 454296 : { BUY 7982.45@0.80470892} 454293 : { BUY 7982.45@0.80470892} 454290 : { SELL 16931.39@0.8079342} 454288 : { SELL 16930.82@0.8079342} 
Tue Dec 09 04:22:09 EST 2014 , 4 , 2 , 2 , 454296 : { BUY 7982.45@0.80470892} 454293 : { BUY 7982.45@0.80470892} 454290 : { SELL 16931.39@0.8079342} 454288 : { SELL 16930.82@0.8079342} 
Tue Dec 09 04:25:10 EST 2014 , 4 , 2 , 2 , 454296 : { BUY 7982.45@0.80470892} 454293 : { BUY 7982.45@0.80470892} 454290 : { SELL 16931.39@0.8079342} 454288 : { SELL 16930.82@0.8079342} 
Tue Dec 09 04:28:11 EST 2014 , 4 , 2 , 2 , 454296 : { BUY 7982.45@0.80470892} 454293 : { BUY 7982.45@0.80470892} 454290 : { SELL 16931.39@0.8079342} 454288 : { SELL 16930.82@0.8079342} 
Tue Dec 09 04:31:12 EST 2014 , 4 , 2 , 2 , 454296 : { BUY 7982.45@0.80470892} 454293 : { BUY 7982.45@0.80470892} 454290 : { SELL 16931.39@0.8079342} 454288 : { SELL 16930.82@0.8079342} 
Tue Dec 09 04:34:13 EST 2014 , 4 , 2 , 2 , 454296 : { BUY 7982.45@0.80470892} 454293 : { BUY 7982.45@0.80470892} 454290 : { SELL 16931.39@0.8079342} 454288 : { SELL 16930.82@0.8079342} 
Tue Dec 09 04:37:14 EST 2014 , 4 , 2 , 2 , 454296 : { BUY 7982.45@0.80470892} 454293 : { BUY 7982.45@0.80470892} 454290 : { SELL 16931.39@0.8079342} 454288 : { SELL 16930.82@0.8079342} 
Tue Dec 09 04:40:15 EST 2014 , 4 , 2 , 2 , 454296 : { BUY 7982.45@0.80470892} 454293 : { BUY 7982.45@0.80470892} 454290 : { SELL 16931.39@0.8079342} 454288 : { SELL 16930.82@0.8079342} 
Tue Dec 09 04:43:16 EST 2014 , 4 , 2 , 2 , 454296 : { BUY 7982.45@0.80470892} 454293 : { BUY 7982.45@0.80470892} 454290 : { SELL 16931.39@0.8079342} 454288 : { SELL 16930.82@0.8079342} 
Tue Dec 09 04:46:17 EST 2014 , 4 , 2 , 2 , 454296 : { BUY 7982.45@0.80470892} 454293 : { BUY 7982.45@0.80470892} 454290 : { SELL 16931.39@0.8079342} 454288 : { SELL 16930.82@0.8079342} 
Tue Dec 09 04:49:18 EST 2014 , 4 , 2 , 2 , 454296 : { BUY 7982.45@0.80470892} 454293 : { BUY 7982.45@0.80470892} 454290 : { SELL 16931.39@0.8079342} 454288 : { SELL 16930.82@0.8079342} 
Tue Dec 09 04:52:19 EST 2014 , 4 , 2 , 2 , 454296 : { BUY 7982.45@0.80470892} 454293 : { BUY 7982.45@0.80470892} 454290 : { SELL 16931.39@0.8079342} 454288 : { SELL 16930.82@0.8079342} 
Tue Dec 09 04:55:20 EST 2014 , 4 , 2 , 2 , 454296 : { BUY 7982.45@0.80470892} 454293 : { BUY 7982.45@0.80470892} 454290 : { SELL 16931.39@0.8079342} 454288 : { SELL 16930.82@0.8079342} 
Tue Dec 09 04:58:21 EST 2014 , 4 , 2 , 2 , 454296 : { BUY 7982.45@0.80470892} 454293 : { BUY 7982.45@0.80470892} 454290 : { SELL 16931.39@0.8079342} 454288 : { SELL 16930.82@0.8079342} 
Tue Dec 09 05:01:22 EST 2014 , 4 , 2 , 2 , 454296 : { BUY 7982.45@0.80470892} 454293 : { BUY 7982.45@0.80470892} 454290 : { SELL 16931.39@0.8079342} 454288 : { SELL 16930.82@0.8079342} 
Tue Dec 09 05:04:23 EST 2014 , 4 , 2 , 2 , 454296 : { BUY 7982.45@0.80470892} 454293 : { BUY 7982.45@0.80470892} 454290 : { SELL 16931.39@0.8079342} 454288 : { SELL 16930.82@0.8079342} 
Tue Dec 09 05:07:24 EST 2014 , 4 , 2 , 2 , 454296 : { BUY 7982.45@0.80470892} 454293 : { BUY 7982.45@0.80470892} 454290 : { SELL 16931.39@0.8079342} 454288 : { SELL 16930.82@0.8079342} 
Tue Dec 09 05:10:25 EST 2014 , 4 , 2 , 2 , 454296 : { BUY 7982.45@0.80470892} 454293 : { BUY 7982.45@0.80470892} 454290 : { SELL 16931.39@0.8079342} 454288 : { SELL 16930.82@0.8079342} 
Tue Dec 09 05:13:26 EST 2014 , 4 , 2 , 2 , 454296 : { BUY 7982.45@0.80470892} 454293 : { BUY 7982.45@0.80470892} 454290 : { SELL 16931.39@0.8079342} 454288 : { SELL 16930.82@0.8079342} 
Tue Dec 09 05:16:27 EST 2014 , 4 , 2 , 2 , 454296 : { BUY 7982.45@0.80470892} 454293 : { BUY 7982.45@0.80470892} 454290 : { SELL 16931.39@0.8079342} 454288 : { SELL 16930.82@0.8079342} 
Tue Dec 09 05:19:28 EST 2014 , 4 , 2 , 2 , 454296 : { BUY 7982.45@0.80470892} 454293 : { BUY 7982.45@0.80470892} 454290 : { SELL 16931.39@0.8079342} 454288 : { SELL 16930.82@0.8079342} 
Tue Dec 09 05:22:29 EST 2014 , 4 , 2 , 2 , 454296 : { BUY 7982.45@0.80470892} 454293 : { BUY 7982.45@0.80470892} 454290 : { SELL 16931.39@0.8079342} 454288 : { SELL 16930.82@0.8079342} 
Tue Dec 09 05:25:30 EST 2014 , 4 , 2 , 2 , 454296 : { BUY 7982.45@0.80470892} 454293 : { BUY 7982.45@0.80470892} 454290 : { SELL 16931.39@0.8079342} 454288 : { SELL 16930.82@0.8079342} 
Tue Dec 09 05:28:31 EST 2014 , 4 , 2 , 2 , 454296 : { BUY 7982.45@0.80470892} 454293 : { BUY 7982.45@0.80470892} 454290 : { SELL 16931.39@0.8079342} 454288 : { SELL 16930.82@0.8079342} 
Tue Dec 09 05:31:32 EST 2014 , 4 , 2 , 2 , 454296 : { BUY 7982.45@0.80470892} 454293 : { BUY 7982.45@0.80470892} 454290 : { SELL 16931.39@0.8079342} 454288 : { SELL 16930.82@0.8079342} 
Tue Dec 09 05:34:33 EST 2014 , 4 , 2 , 2 , 454296 : { BUY 7982.45@0.80470892} 454293 : { BUY 7982.45@0.80470892} 454290 : { SELL 16931.39@0.8079342} 454288 : { SELL 16930.82@0.8079342} 
Tue Dec 09 05:37:34 EST 2014 , 4 , 2 , 2 , 454296 : { BUY 7982.45@0.80470892} 454293 : { BUY 7982.45@0.80470892} 454290 : { SELL 16931.39@0.8079342} 454288 : { SELL 16930.82@0.8079342} 
Tue Dec 09 05:40:35 EST 2014 , 4 , 2 , 2 , 454296 : { BUY 7982.45@0.80470892} 454293 : { BUY 7982.45@0.80470892} 454290 : { SELL 16931.39@0.8079342} 454288 : { SELL 16930.82@0.8079342} 
Tue Dec 09 05:43:36 EST 2014 , 4 , 2 , 2 , 454296 : { BUY 7982.45@0.80470892} 454293 : { BUY 7982.45@0.80470892} 454290 : { SELL 16931.39@0.8079342} 454288 : { SELL 16930.82@0.8079342} 
Tue Dec 09 05:46:37 EST 2014 , 4 , 2 , 2 , 454296 : { BUY 7982.45@0.80470892} 454293 : { BUY 7982.45@0.80470892} 454290 : { SELL 16931.39@0.8079342} 454288 : { SELL 16930.82@0.8079342} 
Tue Dec 09 05:49:38 EST 2014 , 4 , 2 , 2 , 454296 : { BUY 7982.45@0.80470892} 454293 : { BUY 7982.45@0.80470892} 454290 : { SELL 16931.39@0.8079342} 454288 : { SELL 16930.82@0.8079342} 
Tue Dec 09 05:52:39 EST 2014 , 4 , 2 , 2 , 454296 : { BUY 7982.45@0.80470892} 454293 : { BUY 7982.45@0.80470892} 454290 : { SELL 16931.39@0.8079342} 454288 : { SELL 16930.82@0.8079342} 
Tue Dec 09 05:55:40 EST 2014 , 4 , 2 , 2 , 454296 : { BUY 7982.45@0.80470892} 454293 : { BUY 7982.45@0.80470892} 454290 : { SELL 16931.39@0.8079342} 454288 : { SELL 16930.82@0.8079342} 
Tue Dec 09 05:58:41 EST 2014 , 4 , 2 , 2 , 454296 : { BUY 7982.45@0.80470892} 454293 : { BUY 7982.45@0.80470892} 454290 : { SELL 16931.39@0.8079342} 454288 : { SELL 16930.82@0.8079342} 
Tue Dec 09 06:01:42 EST 2014 , 4 , 2 , 2 , 454296 : { BUY 7982.45@0.80470892} 454293 : { BUY 7982.45@0.80470892} 454290 : { SELL 16931.39@0.8079342} 454288 : { SELL 16930.82@0.8079342} 
Tue Dec 09 06:04:43 EST 2014 , 4 , 2 , 2 , 454296 : { BUY 7982.45@0.80470892} 454293 : { BUY 7982.45@0.80470892} 454290 : { SELL 16931.39@0.8079342} 454288 : { SELL 16930.82@0.8079342} 
Tue Dec 09 06:07:44 EST 2014 , 4 , 2 , 2 , 454296 : { BUY 7982.45@0.80470892} 454293 : { BUY 7982.45@0.80470892} 454290 : { SELL 16931.39@0.8079342} 454288 : { SELL 16930.82@0.8079342} 
Tue Dec 09 06:10:45 EST 2014 , 4 , 2 , 2 , 454296 : { BUY 7982.45@0.80470892} 454293 : { BUY 7982.45@0.80470892} 454290 : { SELL 16931.39@0.8079342} 454288 : { SELL 16930.82@0.8079342} 
Tue Dec 09 06:13:46 EST 2014 , 4 , 2 , 2 , 454296 : { BUY 7982.45@0.80470892} 454293 : { BUY 7982.45@0.80470892} 454290 : { SELL 16931.39@0.8079342} 454288 : { SELL 16930.82@0.8079342} 
Tue Dec 09 06:16:47 EST 2014 , 4 , 2 , 2 , 454296 : { BUY 7982.45@0.80470892} 454293 : { BUY 7982.45@0.80470892} 454290 : { SELL 16931.39@0.8079342} 454288 : { SELL 16930.82@0.8079342} 
Tue Dec 09 06:19:48 EST 2014 , 4 , 2 , 2 , 454296 : { BUY 7982.45@0.80470892} 454293 : { BUY 7982.45@0.80470892} 454290 : { SELL 16931.39@0.8079342} 454288 : { SELL 16930.82@0.8079342} 
Tue Dec 09 06:22:49 EST 2014 , 4 , 2 , 2 , 454296 : { BUY 7982.45@0.80470892} 454293 : { BUY 7982.45@0.80470892} 454290 : { SELL 16931.39@0.8079342} 454288 : { SELL 16930.82@0.8079342} 
Tue Dec 09 06:25:50 EST 2014 , 4 , 2 , 2 , 454296 : { BUY 7982.45@0.80470892} 454293 : { BUY 7982.45@0.80470892} 454290 : { SELL 16931.39@0.8079342} 454288 : { SELL 16930.82@0.8079342} 
Tue Dec 09 06:28:51 EST 2014 , 4 , 2 , 2 , 454296 : { BUY 7982.45@0.80470892} 454293 : { BUY 7982.45@0.80470892} 454290 : { SELL 16931.39@0.8079342} 454288 : { SELL 16930.82@0.8079342} 
Tue Dec 09 06:31:52 EST 2014 , 4 , 2 , 2 , 454296 : { BUY 7982.45@0.80470892} 454293 : { BUY 7982.45@0.80470892} 454290 : { SELL 16931.39@0.8079342} 454288 : { SELL 16930.82@0.8079342} 
Tue Dec 09 06:34:53 EST 2014 , 4 , 2 , 2 , 454296 : { BUY 7982.45@0.80470892} 454293 : { BUY 7982.45@0.80470892} 454290 : { SELL 16931.39@0.8079342} 454288 : { SELL 16930.82@0.8079342} 
Tue Dec 09 06:37:54 EST 2014 , 4 , 2 , 2 , 454296 : { BUY 7982.45@0.80470892} 454293 : { BUY 7982.45@0.80470892} 454290 : { SELL 16931.39@0.8079342} 454288 : { SELL 16930.82@0.8079342} 
Tue Dec 09 06:40:55 EST 2014 , 4 , 2 , 2 , 454296 : { BUY 7982.45@0.80470892} 454293 : { BUY 7982.45@0.80470892} 454290 : { SELL 16931.39@0.8079342} 454288 : { SELL 16930.82@0.8079342} 
Tue Dec 09 06:43:56 EST 2014 , 4 , 2 , 2 , 454296 : { BUY 7982.45@0.80470892} 454293 : { BUY 7982.45@0.80470892} 454290 : { SELL 16931.39@0.8079342} 454288 : { SELL 16930.82@0.8079342} 
Tue Dec 09 06:46:57 EST 2014 , 4 , 2 , 2 , 454296 : { BUY 7982.45@0.80470892} 454293 : { BUY 7982.45@0.80470892} 454290 : { SELL 16931.39@0.8079342} 454288 : { SELL 16930.82@0.8079342} 
Tue Dec 09 06:49:58 EST 2014 , 4 , 2 , 2 , 454296 : { BUY 7982.45@0.80470892} 454293 : { BUY 7982.45@0.80470892} 454290 : { SELL 16931.39@0.8079342} 454288 : { SELL 16930.82@0.8079342} 
Tue Dec 09 06:52:59 EST 2014 , 4 , 2 , 2 , 454296 : { BUY 7982.45@0.80470892} 454293 : { BUY 7982.45@0.80470892} 454290 : { SELL 16931.39@0.8079342} 454288 : { SELL 16930.82@0.8079342} 
Tue Dec 09 06:56:00 EST 2014 , 4 , 2 , 2 , 454296 : { BUY 7982.45@0.80470892} 454293 : { BUY 7982.45@0.80470892} 454290 : { SELL 16931.39@0.8079342} 454288 : { SELL 16930.82@0.8079342} 
Tue Dec 09 06:59:01 EST 2014 , 4 , 2 , 2 , 454296 : { BUY 7982.45@0.80470892} 454293 : { BUY 7982.45@0.80470892} 454290 : { SELL 16931.39@0.8079342} 454288 : { SELL 16930.82@0.8079342} 
Tue Dec 09 07:02:02 EST 2014 , 4 , 2 , 2 , 454296 : { BUY 7982.45@0.80470892} 454293 : { BUY 7982.45@0.80470892} 454290 : { SELL 16931.39@0.8079342} 454288 : { SELL 16930.82@0.8079342} 
Tue Dec 09 07:05:03 EST 2014 , 4 , 2 , 2 , 454296 : { BUY 7982.45@0.80470892} 454293 : { BUY 7982.45@0.80470892} 454290 : { SELL 16931.39@0.8079342} 454288 : { SELL 16930.82@0.8079342} 
Tue Dec 09 07:08:04 EST 2014 , 4 , 2 , 2 , 454296 : { BUY 7982.45@0.80470892} 454293 : { BUY 7982.45@0.80470892} 454290 : { SELL 16931.39@0.8079342} 454288 : { SELL 16930.82@0.8079342} 
Tue Dec 09 07:11:05 EST 2014 , 4 , 2 , 2 , 454296 : { BUY 7982.45@0.80470892} 454293 : { BUY 7982.45@0.80470892} 454290 : { SELL 16931.39@0.8079342} 454288 : { SELL 16930.82@0.8079342} 
Tue Dec 09 07:14:06 EST 2014 , 4 , 2 , 2 , 454296 : { BUY 7982.45@0.80470892} 454293 : { BUY 7982.45@0.80470892} 454290 : { SELL 16931.39@0.8079342} 454288 : { SELL 16930.82@0.8079342} 
Tue Dec 09 07:17:07 EST 2014 , 4 , 2 , 2 , 454296 : { BUY 7982.45@0.80470892} 454293 : { BUY 7982.45@0.80470892} 454290 : { SELL 16931.39@0.8079342} 454288 : { SELL 16930.82@0.8079342} 
Tue Dec 09 07:20:08 EST 2014 , 4 , 2 , 2 , 454296 : { BUY 7982.45@0.80470892} 454293 : { BUY 7982.45@0.80470892} 454290 : { SELL 16931.39@0.8079342} 454288 : { SELL 16930.82@0.8079342} 
Tue Dec 09 07:23:09 EST 2014 , 4 , 2 , 2 , 454296 : { BUY 7982.45@0.80470892} 454293 : { BUY 7982.45@0.80470892} 454290 : { SELL 16931.39@0.8079342} 454288 : { SELL 16930.82@0.8079342} 
Tue Dec 09 07:26:10 EST 2014 , 4 , 2 , 2 , 454296 : { BUY 7982.45@0.80470892} 454293 : { BUY 7982.45@0.80470892} 454290 : { SELL 16931.39@0.8079342} 454288 : { SELL 16930.82@0.8079342} 
Tue Dec 09 07:29:11 EST 2014 , 4 , 2 , 2 , 454296 : { BUY 7982.45@0.80470892} 454293 : { BUY 7982.45@0.80470892} 454290 : { SELL 16931.39@0.8079342} 454288 : { SELL 16930.82@0.8079342} 
Tue Dec 09 07:32:12 EST 2014 , 4 , 2 , 2 , 454296 : { BUY 7982.45@0.80470892} 454293 : { BUY 7982.45@0.80470892} 454290 : { SELL 16931.39@0.8079342} 454288 : { SELL 16930.82@0.8079342} 
Tue Dec 09 07:35:13 EST 2014 , 4 , 2 , 2 , 454296 : { BUY 7982.45@0.80470892} 454293 : { BUY 7982.45@0.80470892} 454290 : { SELL 16931.39@0.8079342} 454288 : { SELL 16930.82@0.8079342} 
Tue Dec 09 07:38:14 EST 2014 , 4 , 2 , 2 , 454296 : { BUY 7982.45@0.80470892} 454293 : { BUY 7982.45@0.80470892} 454290 : { SELL 16931.39@0.8079342} 454288 : { SELL 16930.82@0.8079342} 
Tue Dec 09 07:41:15 EST 2014 , 4 , 2 , 2 , 454296 : { BUY 7982.45@0.80470892} 454293 : { BUY 7982.45@0.80470892} 454290 : { SELL 16931.39@0.8079342} 454288 : { SELL 16930.82@0.8079342} 
Tue Dec 09 07:44:16 EST 2014 , 4 , 2 , 2 , 454296 : { BUY 7982.45@0.80470892} 454293 : { BUY 7982.45@0.80470892} 454290 : { SELL 16931.39@0.8079342} 454288 : { SELL 16930.82@0.8079342} 
Tue Dec 09 07:47:17 EST 2014 , 4 , 2 , 2 , 454296 : { BUY 7982.45@0.80470892} 454293 : { BUY 7982.45@0.80470892} 454290 : { SELL 16931.39@0.8079342} 454288 : { SELL 16930.82@0.8079342} 
Tue Dec 09 07:50:18 EST 2014 , 4 , 2 , 2 , 454296 : { BUY 7982.45@0.80470892} 454293 : { BUY 7982.45@0.80470892} 454290 : { SELL 16931.39@0.8079342} 454288 : { SELL 16930.82@0.8079342} 
Tue Dec 09 07:53:20 EST 2014 , 4 , 2 , 2 , 454296 : { BUY 7982.45@0.80470892} 454293 : { BUY 7982.45@0.80470892} 454290 : { SELL 16931.39@0.8079342} 454288 : { SELL 16930.82@0.8079342} 
Tue Dec 09 07:56:20 EST 2014 , 4 , 2 , 2 , 454296 : { BUY 7982.45@0.80470892} 454293 : { BUY 7982.45@0.80470892} 454290 : { SELL 16931.39@0.8079342} 454288 : { SELL 16930.82@0.8079342} 
Tue Dec 09 07:59:21 EST 2014 , 4 , 2 , 2 , 454296 : { BUY 7982.45@0.80470892} 454293 : { BUY 7982.45@0.80470892} 454290 : { SELL 16931.39@0.8079342} 454288 : { SELL 16930.82@0.8079342} 
Tue Dec 09 08:02:22 EST 2014 , 4 , 2 , 2 , 454296 : { BUY 7982.45@0.80470892} 454293 : { BUY 7982.45@0.80470892} 454290 : { SELL 16931.39@0.8079342} 454288 : { SELL 16930.82@0.8079342} 
Tue Dec 09 08:05:23 EST 2014 , 4 , 2 , 2 , 454296 : { BUY 7982.45@0.80470892} 454293 : { BUY 7982.45@0.80470892} 454290 : { SELL 16931.39@0.8079342} 454288 : { SELL 16930.82@0.8079342} 
Tue Dec 09 08:08:24 EST 2014 , 4 , 2 , 2 , 454296 : { BUY 7982.45@0.80470892} 454293 : { BUY 7982.45@0.80470892} 454290 : { SELL 16931.39@0.8079342} 454288 : { SELL 16930.82@0.8079342} 
Tue Dec 09 08:11:25 EST 2014 , 4 , 2 , 2 , 454296 : { BUY 7982.45@0.80470892} 454293 : { BUY 7982.45@0.80470892} 454290 : { SELL 16931.39@0.8079342} 454288 : { SELL 16930.82@0.8079342} 
Tue Dec 09 08:14:26 EST 2014 , 4 , 2 , 2 , 454296 : { BUY 7982.45@0.80470892} 454293 : { BUY 7982.45@0.80470892} 454290 : { SELL 16931.39@0.8079342} 454288 : { SELL 16930.82@0.8079342} 
